"{'gestureId': '3', 'fps': 27.122536498488504}"
1.1717813777067931e-06,0.2620583474636078,0.27737554907798767,0.0002860628883354366,0.02820919267833233,0.020507829263806343,4.647472451324575e-06,8.73051249072887e-08,2.0628938557365473e-07,0.13388276100158691,0.06030163913965225,0.1361718624830246,0.11507806181907654,0.09177936613559723,0.026004791259765625,0.06315463036298752,0.1882319301366806,0.06604412943124771,0.0689743310213089,0.1385941505432129,0.1413765698671341,0.0066407667472958565,0.011289362795650959,1.4348447621159721e-05,0.00012719114602077752,0.0005157329724170268,9.950176172424108e-05,7.12995242793113e-05,0.008306880481541157,0.02668316662311554,0.0006078079459257424,0.0005606985068880022,0.0002161953889299184,0.001027753227390349,5.40973742317874e-05,3.3538886782480404e-05,0.09732428193092346,0.08931435644626617,0.01237652637064457,0.00257848366163671,0.004394142888486385,0.0004087814886588603,0.23624207079410553,0.0752672627568245,0.011661208234727383,0.01921917125582695,0.002396027557551861,0.004130130168050528,0.000667352054733783,0.0014180722646415234,1.2928594514960423e-06,3.43624975585044e-07
1.2526045338745462e-06,0.2511870563030243,0.26277968287467957,0.00032928577275015414,0.03017183393239975,0.022138694301247597,5.886793587706052e-06,1.0252328053184101e-07,2.2473881244877703e-07,0.1298150271177292,0.05971185863018036,0.1332036554813385,0.11232183873653412,0.07253170013427734,0.0272913109511137,0.08099046349525452,0.18941961228847504,0.06562726199626923,0.0691213607788086,0.14553870260715485,0.1532735675573349,0.006928342394530773,0.011298264376819134,1.9032004274777137e-05,0.00011684044147841632,0.0005235736025497317,9.879654680844396e-05,6.892417150083929e-05,0.009232179261744022,0.03208676725625992,0.0007001914782449603,0.0006031779921613634,0.00020024953118991107,0.0009186420938931406,6.939678132766858e-05,4.289358184905723e-05,0.13135315477848053,0.1141553595662117,0.0079503133893013,0.0025557545013725758,0.004738637711852789,0.0004430199333000928,0.19337062537670135,0.06581000238656998,0.019267478957772255,0.03103577345609665,0.0035099703818559647,0.004462953191250563,0.000660689256619662,0.0014342949725687504,1.3106754295222345e-06,4.1597266431381286e-07
1.0448252396599855e-06,0.2509763240814209,0.2647530436515808,0.0003471051750238985,0.030487317591905594,0.021613240242004395,5.197047812544042e-06,8.826570052633542e-08,2.0412709034189902e-07,0.1316032111644745,0.05767514556646347,0.14152762293815613,0.11929122358560562,0.07487038522958755,0.0243416428565979,0.08087369799613953,0.20717735588550568,0.060715075582265854,0.06337111443281174,0.13815352320671082,0.13739755749702454,0.006819306407123804,0.011444618925452232,1.7001029846142046e-05,0.00011377848568372428,0.0005000893725082278,0.00011314372386550531,6.0831029259134084e-05,0.009496812708675861,0.03876041620969772,0.0004725036269519478,0.00039349193684756756,0.00019516378233674914,0.0008789493003860116,6.570586992893368e-05,3.959442983614281e-05,0.11508697271347046,0.10069722682237625,0.010197007097303867,0.0032193183433264494,0.004484472796320915,0.0004824787029065192,0.19751909375190735,0.059723369777202606,0.012946253642439842,0.020993435755372047,0.002460507210344076,0.003007738385349512,0.0005550440400838852,0.001211252179928124,1.3306923847267171e-06,3.559699734978494e-07
1.2732452887576073e-06,0.24803122878074646,0.2802952826023102,0.0003288954612798989,0.031909119337797165,0.019148239865899086,5.618124760076171e-06,9.99565372694633e-08,2.384014692324854e-07,0.12810637056827545,0.05610935762524605,0.12588635087013245,0.1043897345662117,0.06231989338994026,0.026880279183387756,0.0933547094464302,0.19720551371574402,0.06735799461603165,0.07149871438741684,0.13581036031246185,0.1410055160522461,0.007176270708441734,0.011469559744000435,1.767364483384881e-05,9.231509466189891e-05,0.00047362083569169044,0.0001246795291081071,5.127745316713117e-05,0.01145839411765337,0.034542813897132874,0.0006569658289663494,0.0005853198235854506,0.0001792375260265544,0.0009204394882544875,6.847221811767668e-05,4.377509685582481e-05,0.1313452422618866,0.10490348190069199,0.008441882207989693,0.00281647895462811,0.005038006696850061,0.0004401564656291157,0.2450622171163559,0.07202491909265518,0.015441715717315674,0.024225180968642235,0.0027381903491914272,0.0039143795147538185,0.000711155473254621,0.0015019000275060534,1.4858554777674726e-06,4.1281347762378573e-07
1.1102989674327546e-06,0.26649418473243713,0.31407344341278076,0.00037244026316329837,0.029033908620476723,0.015380830504000187,5.458537088998128e-06,9.226676667140055e-08,1.805176310654133e-07,0.1424134075641632,0.07587440311908722,0.12984217703342438,0.10677327960729599,0.04639966040849686,0.03602961450815201,0.11314921826124191,0.15704400837421417,0.06511523574590683,0.07068038731813431,0.12339955568313599,0.17723925411701202,0.006051760166883469,0.008882887661457062,1.805151259759441e-05,8.869027806213126e-05,0.0004822623741347343,0.00012839755800087005,5.1970997446915135e-05,0.008228907361626625,0.04211258888244629,0.0006707269931212068,0.0005136071122251451,0.00017079866665881127,0.0006691607995890081,7.659479888388887e-05,4.269158307579346e-05,0.12035170197486877,0.11086165904998779,0.007846414111554623,0.00387286813929677,0.00472756614908576,0.00045642032637260854,0.2203597128391266,0.06545346230268478,0.015137835405766964,0.024727603420615196,0.0031658150255680084,0.0026751297991722822,0.0006281446549110115,0.0016166337300091982,1.3336104984773556e-06,3.664163727989944e-07
1.409327069268329e-06,0.2519562542438507,0.27887627482414246,0.0002598005230538547,0.03291729837656021,0.021184740588068962,5.514901204151101e-06,8.963328212985289e-08,2.652916180068132e-07,0.11926572024822235,0.060157109051942825,0.14164744317531586,0.11821674555540085,0.046186670660972595,0.04222066327929497,0.11102990061044693,0.13948467373847961,0.061775561422109604,0.06687843799591064,0.12018024921417236,0.1662825345993042,0.007635411340743303,0.011700782924890518,1.5642102880519815e-05,0.00011692247062455863,0.0006409125635400414,0.0001111450110329315,7.869472756283358e-05,0.010554675944149494,0.029700350016355515,0.0005859480588696897,0.0005922963609918952,0.00019041386258322746,0.0014614975079894066,6.193208537297323e-05,3.9123195165302604e-05,0.12030774354934692,0.11910206824541092,0.008556596003472805,0.0016838408773764968,0.006294481921941042,0.0006151200504973531,0.24755680561065674,0.06587689369916916,0.011929272674024105,0.02050773799419403,0.0021460361313074827,0.004999304655939341,0.0006114055868238211,0.001383379683829844,1.1835751365651959e-06,4.045525940910011e-07
1.3372733747019083e-06,0.2613464295864105,0.275588721036911,0.0002801119117066264,0.037370432168245316,0.021155698224902153,6.197492439241614e-06,1.0613602796638588e-07,2.3213675603983575e-07,0.11496704816818237,0.0688900500535965,0.1776195615530014,0.1551607847213745,0.04096132516860962,0.03659101203083992,0.1272338479757309,0.1605180948972702,0.047638554126024246,0.047358449548482895,0.12247759848833084,0.16255518794059753,0.00798056274652481,0.01092838216573,1.6675594451953657e-05,0.00013055489398539066,0.0006844136514700949,0.00010158518853131682,8.392439485760406e-05,0.007619201671332121,0.03138558939099312,0.0008866720017977059,0.0007981451926752925,0.00017838709754869342,0.0010281860595569015,6.610999116674066e-05,3.901117088389583e-05,0.11853188276290894,0.12328397482633591,0.00695820152759552,0.002183290896937251,0.006306041032075882,0.0005945651791989803,0.25466373562812805,0.07321935892105103,0.01318718958646059,0.022537998855113983,0.002779474714770913,0.00419796584174037,0.000717270013410598,0.0016308702761307359,1.1269728474871954e-06,4.911124733553152e-07
1.2418840924510732e-06,0.2598099410533905,0.27395835518836975,0.00023903870896901935,0.029206763952970505,0.022821657359600067,5.81233734919806e-06,8.27661068569796e-08,2.1921265158653114e-07,0.11690359562635422,0.06471963971853256,0.17613264918327332,0.15295632183551788,0.04364229366183281,0.04506770893931389,0.11555010080337524,0.13291022181510925,0.05072330683469772,0.05024225637316704,0.1449977308511734,0.15799307823181152,0.00808598194271326,0.011024577543139458,1.7012935131788254e-05,0.000108863998320885,0.000570204050745815,0.0001048730846378021,8.187552157323807e-05,0.010169316083192825,0.03504455089569092,0.0005106062744744122,0.0004648431786336005,0.00020943493291269988,0.0012431583600118756,5.858361328137107e-05,3.598106195568107e-05,0.11304186284542084,0.10610905289649963,0.009511945769190788,0.0020366564858704805,0.0046754321083426476,0.0004887389368377626,0.21824723482131958,0.06545134633779526,0.015194406732916832,0.02609051950275898,0.0024728323332965374,0.0039724684320390224,0.0007555452757515013,0.0017355838790535927,1.1143011988679064e-06,3.686958507387317e-07
1.123355559684569e-06,0.2673807740211487,0.28367674350738525,0.00022681640984956175,0.026983411982655525,0.02095046080648899,5.838759989273967e-06,7.889617847922636e-08,2.1273559980272694e-07,0.12521225214004517,0.057266730815172195,0.17626304924488068,0.15458686649799347,0.04554594308137894,0.051901061087846756,0.10735218226909637,0.11433958262205124,0.051444102078676224,0.05170920491218567,0.15498392283916473,0.1384558081626892,0.007686988916248083,0.01180598046630621,1.8190432456322014e-05,0.00012414023512974381,0.0006260524969547987,0.00011061961413361132,8.24861490400508e-05,0.008934968151152134,0.03694548457860947,0.00048288539983332157,0.00041494317702017725,0.00019777458510361612,0.0008418658981099725,7.032498251646757e-05,4.5288084947969764e-05,0.12063752114772797,0.10441531985998154,0.00958754401654005,0.0031614257022738457,0.005334426648914814,0.0005883253179490566,0.17780707776546478,0.053962066769599915,0.011605803854763508,0.018643401563167572,0.0021949983201920986,0.0031009644735604525,0.0004797385772690177,0.001072878367267549,1.2023065210087225e-06,3.6669217706730706e-07
1.0248959370073862e-06,0.28079748153686523,0.30605044960975647,0.0002508268808014691,0.027704767882823944,0.017412200570106506,5.104602678329684e-06,9.702951331291843e-08,2.2294373991371685e-07,0.12380117923021317,0.05492190644145012,0.18095341324806213,0.15310437977313995,0.05210839956998825,0.03378479182720184,0.10457392781972885,0.1654866635799408,0.04827302321791649,0.04909064248204231,0.12752313911914825,0.14788596332073212,0.007417226210236549,0.01317096408456564,1.935288673848845e-05,9.70619948930107e-05,0.0004964141990058124,0.00011738304601749405,6.373911310220137e-05,0.007224493194371462,0.023308461531996727,0.0007817023433744907,0.0007024337537586689,0.00021189404651522636,0.0009312690235674381,7.325680053327233e-05,4.776128480443731e-05,0.09155372530221939,0.08251716941595078,0.012429719790816307,0.0024993622209876776,0.004256720654666424,0.000412821740610525,0.1715831309556961,0.06290047615766525,0.010441124439239502,0.0169766154140234,0.0027701412327587605,0.00439729169011116,0.0006229075370356441,0.001372111146338284,1.3752628547081258e-06,4.069559906838549e-07
1.283645246985543e-06,0.2593856453895569,0.2778720259666443,0.0003098433371633291,0.02925981767475605,0.020262042060494423,5.1160313887521625e-06,9.425271230156795e-08,2.456287973018334e-07,0.10498307645320892,0.05073529854416847,0.14273522794246674,0.12130582332611084,0.03882281854748726,0.044751252979040146,0.1251164674758911,0.13240863382816315,0.06050905957818031,0.06247634440660477,0.11882779747247696,0.13192379474639893,0.008494656533002853,0.013767031021416187,1.5816192899364978e-05,0.00011974407243542373,0.0005673579289577901,0.0001014751978800632,7.74101572460495e-05,0.008308950811624527,0.025509078055620193,0.0007640586700290442,0.0007186061702668667,0.00019356794655323029,0.0012110848911106586,5.270909605314955e-05,3.337727684993297e-05,0.10182247310876846,0.09138453751802444,0.009797504171729088,0.0020218135323375463,0.004898632410913706,0.0004486525140237063,0.25380373001098633,0.0767817348241806,0.012443727813661098,0.020201560109853745,0.002744309138506651,0.0044293515384197235,0.000669147411826998,0.0014635761035606265,1.2288644484215183e-06,3.999404896148917e-07
1.1408859563744045e-06,0.2623618245124817,0.27849623560905457,0.0003014374815393239,0.031208470463752747,0.020098136737942696,4.928380803903565e-06,9.974666426160184e-08,1.923396979464087e-07,0.1040966659784317,0.054215796291828156,0.13195599615573883,0.11138724535703659,0.030691713094711304,0.048697344958782196,0.150187149643898,0.12683068215847015,0.06458304822444916,0.06755632162094116,0.10916820168495178,0.14342685043811798,0.008202382363379002,0.013188057579100132,1.5588850146741606e-05,0.00011146713950438425,0.0005007638246752322,0.00010255009692627937,7.054387970129028e-05,0.0056384773924946785,0.03139803186058998,0.0008419504738412797,0.0006775215733796358,0.00020247878273949027,0.0008647553040646017,5.4507923778146505e-05,3.0065744795138016e-05,0.08548358827829361,0.09187038987874985,0.011744069866836071,0.0031989584676921368,0.0039275330491364,0.0003350784827489406,0.27650871872901917,0.09044713526964188,0.01285298727452755,0.02240356244146824,0.0032789118122309446,0.00321434298530221,0.0008254785789176822,0.002108967863023281,1.2114220453440794e-06,3.5800925957119034e-07
1.0072550367112854e-06,0.25733163952827454,0.2660030722618103,0.0003440339060034603,0.03460061177611351,0.02124243602156639,5.143574071553303e-06,1.020877462565295e-07,1.9425685593432718e-07,0.09581197053194046,0.04659557342529297,0.14226993918418884,0.1213827058672905,0.034644417464733124,0.050287481397390366,0.13238117098808289,0.11912259459495544,0.0601239874958992,0.06276378035545349,0.10289351642131805,0.13244228065013885,0.009215864352881908,0.01564832217991352,1.8908227502834052e-05,0.00010580291564110667,0.00045563874300569296,9.27745204535313e-05,6.56316478853114e-05,0.004499358125030994,0.024337103590369225,0.0012395195662975311,0.0009640635107643902,0.00020844180835410953,0.0007587513537146151,6.97160285199061e-05,3.9422622648999095e-05,0.07860571891069412,0.08368248492479324,0.011829419061541557,0.0029555431101471186,0.003613528562709689,0.00027549281367100775,0.20507769286632538,0.08126366883516312,0.013812273740768433,0.023890819400548935,0.004515709821134806,0.0037820141296833754,0.0008491672342643142,0.0021458379924297333,1.3278856840770459e-06,3.711951421792037e-07
9.452795666220482e-07,0.23093928396701813,0.24820132553577423,0.00046202598605304956,0.04135094955563545,0.021491775289177895,4.41286420027609e-06,8.818392416287679e-08,2.0815670609408699e-07,0.09467042982578278,0.046955887228250504,0.12331780046224594,0.10341357439756393,0.056985389441251755,0.03585280478000641,0.09122022241353989,0.1482621282339096,0.0683135986328125,0.0756252184510231,0.08774106204509735,0.13504648208618164,0.009004871360957623,0.015482344664633274,1.78546215465758e-05,0.00010482349898666143,0.0004697039257735014,0.00010434410796733573,6.758360541425645e-05,0.0067449770867824554,0.02525155059993267,0.0005529815680347383,0.0004810484533663839,0.00026542687555775046,0.0008016442297957838,6.941902393009514e-05,4.2635434510884807e-05,0.08862036466598511,0.08343204110860825,0.01670023985207081,0.003441081615164876,0.003796688048169017,0.0003385495801921934,0.15240657329559326,0.058764055371284485,0.011029439978301525,0.018985791131854057,0.002757360227406025,0.0037302349228411913,0.0005393798928707838,0.0012555168941617012,1.443524524802342e-06,3.1962727575773897e-07
7.954293437251181e-07,0.20906274020671844,0.232682466506958,0.0005630851956084371,0.04374656081199646,0.02287013828754425,4.89100693812361e-06,9.748993790026361e-08,2.0391190957980143e-07,0.09966471046209335,0.042918477207422256,0.12531167268753052,0.10278941690921783,0.044487565755844116,0.035627152770757675,0.11761604994535446,0.15450091660022736,0.06657389551401138,0.07458459585905075,0.09034290909767151,0.14142164587974548,0.008811396546661854,0.016213493421673775,2.3171853172243573e-05,8.789539424469694e-05,0.0005435580387711525,0.00012388313189148903,8.525662997271866e-05,0.0039826068095862865,0.024720191955566406,0.000695547612849623,0.0005567626794800162,0.0002758321352303028,0.000908061396330595,0.00011263260967098176,6.28956186119467e-05,0.06325794756412506,0.08264656364917755,0.019475599750876427,0.002627104753628373,0.004193829372525215,0.00038247366319410503,0.09096217900514603,0.03820681571960449,0.006776885129511356,0.012898010201752186,0.0028883132617920637,0.003506311448290944,0.00036987228668294847,0.0010682214051485062,1.3744878515353776e-06,3.40332007908728e-07
6.002923100822954e-07,0.2391502857208252,0.2462262064218521,0.00042726023821160197,0.05137880519032478,0.022270023822784424,4.909550625598058e-06,9.06839687786487e-08,1.8015234104495903e-07,0.0844961553812027,0.039852697402238846,0.11623670160770416,0.100947804749012,0.04418260604143143,0.04057690128684044,0.11367564648389816,0.1303563266992569,0.06908515095710754,0.07961168885231018,0.07053924351930618,0.1370379477739334,0.009883774444460869,0.017806658521294594,2.4132237740559503e-05,0.0001212243951158598,0.0011734969448298216,0.00016464450163766742,0.0002192757820012048,0.0017117408569902182,0.020012037828564644,0.0005811736336909235,0.00043922787881456316,0.0003275015624240041,0.0004726601764559746,0.00017997977556660771,0.00010166988067794591,0.040741000324487686,0.06292383372783661,0.03550195321440697,0.005170106887817383,0.008004441857337952,0.0008439561352133751,0.04036685824394226,0.01630105823278427,0.0014852640451863408,0.002954130759462714,0.001659841975197196,0.002112153684720397,0.00010478172043804079,0.00033982362947426736,1.0832474117705715e-06,2.968958199289773e-07
5.904667546019482e-07,0.16143135726451874,0.1626264750957489,0.000684008642565459,0.04257979989051819,0.03725174441933632,3.088013909291476e-05,3.742252943084168e-07,3.246947528623423e-07,0.054332371801137924,0.014094604179263115,0.16453641653060913,0.16533306241035461,0.05543496087193489,0.03502131998538971,0.09759175777435303,0.1551697850227356,0.050919223576784134,0.0494680292904377,0.08327390253543854,0.06187273561954498,0.019434845075011253,0.053753241896629333,0.00011350366548867896,0.00039802241371944547,0.0713995024561882,0.004591897130012512,0.0011074080830439925,0.0009255639160983264,0.02483544684946537,0.0001169223542092368,8.127622277243063e-05,0.015120521187782288,0.00029036650084890425,0.02978781796991825,0.018214795738458633,0.006139279808849096,0.011750351637601852,0.08607625216245651,0.006773157510906458,0.012403002940118313,0.016365157440304756,0.00269109639339149,0.03914117440581322,7.828150410205126e-05,0.0001337233989033848,0.00016864488134160638,0.00023702497128397226,0.0022394410334527493,0.0063135214149951935,1.1014661822628113e-06,9.234667004420771e-07
6.125805498413683e-07,0.17581269145011902,0.1725407987833023,0.0004986675921827555,0.03734755516052246,0.04076743870973587,4.604064815794118e-05,3.867003215418663e-07,3.9431489540220355e-07,0.08046001940965652,0.012792958877980709,0.1512776017189026,0.1554921567440033,0.022750958800315857,0.09551318734884262,0.17244188487529755,0.07316581159830093,0.056975219398736954,0.054991137236356735,0.11283846944570541,0.06936794519424438,0.01527469139546156,0.05114573985338211,0.00020897614012937993,0.0005357728223316371,0.1517651528120041,0.007673851680010557,0.001226833090186119,0.0017598706763237715,0.02170884795486927,0.00010578798537608236,7.681621355004609e-05,0.031060025095939636,0.0005138457636348903,0.05939749255776405,0.04986919090151787,0.0043573384173214436,0.005383441690355539,0.08526521921157837,0.002417157869786024,0.008323142305016518,0.010029087774455547,0.00133742846082896,0.03783984109759331,0.00011140443530166522,0.00015664684178773314,0.0002005030692089349,0.00026869794237427413,0.004638101905584335,0.011280983686447144,1.0911709296124172e-06,1.0274677606503246e-06
6.732360020578199e-07,0.24532632529735565,0.22281087934970856,0.00046079716412350535,0.029910434037446976,0.0309533029794693,3.540882607921958e-05,3.7533541785705893e-07,3.5302838341522147e-07,0.07252568751573563,0.015819638967514038,0.14868932962417603,0.1481820046901703,0.028653662651777267,0.09149061143398285,0.1381724625825882,0.07342363148927689,0.05817250534892082,0.057352464646101,0.10932188481092453,0.08678548783063889,0.01642637513577938,0.04079205542802811,0.00016957122716121376,0.00036656143493019044,0.12549197673797607,0.0067124138586223125,0.0013557056663557887,0.0009441434522159398,0.010136925615370274,0.0003268518194090575,0.00025390234077349305,0.031032059341669083,0.0012027457123622298,0.04320691525936127,0.03108072653412819,0.002047276357188821,0.004482052754610777,0.13416330516338348,0.0006548925884999335,0.007141605485230684,0.005301887169480324,0.0014943028800189495,0.03852018341422081,9.764620335772634e-05,0.00017034490883816034,0.00034945496008731425,0.0006723039550706744,0.004363873973488808,0.01362685114145279,9.475467663833115e-07,9.142194699052197e-07
5.032462695453432e-07,0.23123930394649506,0.19219188392162323,0.0006078279111534357,0.028950868174433708,0.04066699370741844,5.4076273954706267e-05,3.999130058218725e-07,3.605718745802733e-07,0.07079736143350601,0.01345831248909235,0.1713601052761078,0.17349182069301605,0.02246427722275257,0.10615117102861404,0.16529656946659088,0.06743639707565308,0.05222418159246445,0.04936246573925018,0.12045270949602127,0.08341564238071442,0.017212938517332077,0.05156351998448372,0.00028047856176272035,0.0006746877334080637,0.17186661064624786,0.004187911748886108,0.0014408675488084555,0.0008874915656633675,0.010375987738370895,0.0004476487811189145,0.0003148153191432357,0.04368159919977188,0.0018600525800138712,0.07834947854280472,0.0500200130045414,0.0014577432302758098,0.00384168210439384,0.09931164979934692,0.00024610356194898486,0.003891073167324066,0.0033100431319326162,0.0006148747052066028,0.033244043588638306,0.00027276715263724327,0.0004966507549397647,0.0009584767394699156,0.0008774251909926534,0.008619524538516998,0.027749311178922653,8.586397939325252e-07,1.0429596386529738e-06
6.587892471543455e-07,0.2337021827697754,0.20128141343593597,0.0006082339095883071,0.0312611423432827,0.03869462385773659,7.065449608489871e-05,4.603869854236109e-07,4.091960477126122e-07,0.07049446552991867,0.013669848442077637,0.11571565270423889,0.11614053696393967,0.027014469727873802,0.08945115655660629,0.14269036054611206,0.07615507394075394,0.0749066174030304,0.0730055645108223,0.11858983337879181,0.07693200558423996,0.017729032784700394,0.045797064900398254,0.00030523340683430433,0.0006420692661777139,0.21216733753681183,0.005187562201172113,0.0012503284960985184,0.0012229165295138955,0.00842411071062088,0.0006640729261562228,0.000491221493575722,0.04455462843179703,0.0019598091021180153,0.1031656563282013,0.07317645102739334,0.0017028049333021045,0.0035511592868715525,0.08129963278770447,0.0001872167194960639,0.0036571910604834557,0.0026796371676027775,0.0007140130619518459,0.04798579961061478,0.00039338861824944615,0.0006916829734109342,0.0012484155595302582,0.0012044631876051426,0.018456971272826195,0.055451780557632446,1.092236061595031e-06,1.2363500445644604e-06
8.438787517661694e-07,0.21372993290424347,0.1854940950870514,0.0006166765233501792,0.037612296640872955,0.04293394461274147,6.104254862293601e-05,4.968517828274344e-07,4.738316761176975e-07,0.0729021430015564,0.010788002982735634,0.07797373831272125,0.07484481483697891,0.03265324607491493,0.07226824015378952,0.12906740605831146,0.08788150548934937,0.10706918686628342,0.11306735873222351,0.11003802716732025,0.07641582190990448,0.016029223799705505,0.052641283720731735,0.0002637860307004303,0.00029708087095059454,0.22633135318756104,0.013554145582020283,0.0014411439187824726,0.0019782711751759052,0.007487679831683636,0.00035731165553443134,0.00033172202529385686,0.048844851553440094,0.0016998588107526302,0.08361971378326416,0.0748288705945015,0.0020606517791748047,0.0032403958030045033,0.09922707080841064,0.0002815139596350491,0.0043066199868917465,0.004186980426311493,0.0009039104916155338,0.043720047920942307,0.00023546110605821013,0.00039371257298626006,0.0005219215527176857,0.0012832528445869684,0.01699414849281311,0.040872614830732346,1.15665943667409e-06,1.2220067446833127e-06
9.107551477427478e-07,0.19887597858905792,0.17744797468185425,0.0006478637224063277,0.04063551127910614,0.04053235426545143,7.058620394673198e-05,4.67611613430563e-07,5.111210157338064e-07,0.07483983039855957,0.010127892717719078,0.05380519852042198,0.047657210379838943,0.034196045249700546,0.06113481521606445,0.12704315781593323,0.09706494212150574,0.148817777633667,0.1499759554862976,0.11008303612470627,0.07235585153102875,0.014756630174815655,0.05278914049267769,0.0003195820900145918,0.00034233665792271495,0.22761525213718414,0.01216521393507719,0.001383595634251833,0.004145133309066296,0.01572830229997635,0.00013006009976379573,0.00012050166697008535,0.05785438418388367,0.001861033495515585,0.09750925004482269,0.09456569701433182,0.003075614105910063,0.004672810435295105,0.0840006172657013,0.00034802485606633127,0.004444656427949667,0.004713333677500486,0.0009088802034966648,0.04546415060758591,0.00040229500154964626,0.0007014414295554161,0.0003526979126036167,0.000933404138777405,0.028094636276364326,0.05841856449842453,1.1198973197679152e-06,1.0689764167182148e-06
9.176496860163752e-07,0.2141399085521698,0.1890660524368286,0.0005510939517989755,0.04055643826723099,0.040816232562065125,7.201131666079164e-05,5.329277996679593e-07,4.5195616849014186e-07,0.08409757167100906,0.01116127334535122,0.07263902574777603,0.0652100071310997,0.03884255141019821,0.06717502325773239,0.11528481543064117,0.09281683713197708,0.11867185682058334,0.12667140364646912,0.11090460419654846,0.07415471225976944,0.013892446644604206,0.051555391401052475,0.0002474163775332272,0.00030905031599104404,0.27927109599113464,0.016837770119309425,0.0016062810318544507,0.0023147636093199253,0.010448063723742962,0.00040665740380063653,0.00036412166082300246,0.043212804943323135,0.001229336834512651,0.09185875952243805,0.0840139240026474,0.0021102838218212128,0.003601393196731806,0.08736521750688553,0.0003455924161244184,0.004644997417926788,0.003842992475256324,0.0013968085404485464,0.055366456508636475,0.00029498161165975034,0.0005347718833945692,0.0005273662973195314,0.0012249938445165753,0.03330748528242111,0.07982300966978073,1.0671745940271649e-06,1.1635343071247917e-06
7.790875429236621e-07,0.21684809029102325,0.20133303105831146,0.000582555599976331,0.03644759580492973,0.0365515761077404,7.718429696979001e-05,3.818118727849651e-07,4.0234485254586616e-07,0.07937993109226227,0.011549055576324463,0.06970206648111343,0.06490539759397507,0.04123328998684883,0.07538959383964539,0.10580374300479889,0.07909736782312393,0.12268383055925369,0.13133768737316132,0.11875631660223007,0.077037014067173,0.01463414914906025,0.04951579123735428,0.0002680304169189185,0.0003586308448575437,0.316154807806015,0.01732829585671425,0.0017025490524247289,0.003262012731283903,0.01978609338402748,0.00017286668298766017,0.00014528361498378217,0.04345318302512169,0.0009982174960896373,0.10906563699245453,0.09942515194416046,0.0026071611791849136,0.004804709460586309,0.06560304760932922,0.00048511006752960384,0.004248357843607664,0.005149490665644407,0.0009500906453467906,0.037251513451337814,0.0003663742099888623,0.000720385171007365,0.0003841189027298242,0.0008116850513033569,0.023304041475057602,0.059761278331279755,9.231849276147841e-07,9.564532774675172e-07
8.724983331376279e-07,0.22049066424369812,0.20521700382232666,0.0006447226041927934,0.033366989344358444,0.03300213813781738,7.979026122484356e-05,4.209385622289119e-07,4.313550334700267e-07,0.08184448629617691,0.010915642604231834,0.070513054728508,0.06267151236534119,0.03879407048225403,0.08061892539262772,0.11124036461114883,0.07598431408405304,0.12253955751657486,0.1321094036102295,0.11750395596027374,0.07353128492832184,0.014073390513658524,0.05067484825849533,0.0002671359688974917,0.0003993627324234694,0.3224863111972809,0.015257067047059536,0.001865880680270493,0.0032696074340492487,0.018051404505968094,0.00022982904920354486,0.0001998846128117293,0.04039996117353439,0.0012074265396222472,0.10202836245298386,0.08867704123258591,0.0026503936387598515,0.005062035284936428,0.06067280098795891,0.00036115647526457906,0.004425853490829468,0.004622270818799734,0.0011036236537620425,0.04268540441989899,0.00043925177305936813,0.0008605352486483753,0.00045988394413143396,0.0009903681930154562,0.026998300105333328,0.06623023003339767,9.207573157254956e-07,1.0429934036437771e-06
7.339980925280543e-07,0.20891737937927246,0.20409613847732544,0.000699541880749166,0.03609594330191612,0.03163919597864151,5.7382731029065326e-05,3.5022199540435395e-07,3.337522400670423e-07,0.08341313153505325,0.010557381436228752,0.058415643870830536,0.04742247238755226,0.041123390197753906,0.0793914645910263,0.1063903197646141,0.07342635840177536,0.14785102009773254,0.16077657043933868,0.11113381385803223,0.09656263142824173,0.012674500234425068,0.050471290946006775,0.00021389855828601867,0.0004946459666825831,0.3681284189224243,0.018668947741389275,0.0021230753045529127,0.003461276413872838,0.031472183763980865,8.266411896329373e-05,7.285253377631307e-05,0.042527370154857635,0.0008330302080139518,0.08451680839061737,0.06918299198150635,0.002101845806464553,0.004714284557849169,0.08829502761363983,0.0008278893656097353,0.004477620590478182,0.0066233002580702305,0.0009486636845394969,0.030431542545557022,0.00020535162184387445,0.00043529350659810007,0.00018312371685169637,0.0005543290171772242,0.010456664487719536,0.02855927124619484,8.157567776834185e-07,8.42494102926139e-07
6.465624551310611e-07,0.22945408523082733,0.2146785408258438,0.0006528317462652922,0.03128969669342041,0.028777388855814934,7.130999438231811e-05,3.290520567134081e-07,2.937359226962144e-07,0.10418633371591568,0.01310875453054905,0.05671841278672218,0.04666978865861893,0.04160430282354355,0.07799791544675827,0.10811950266361237,0.07597556710243225,0.1557329297065735,0.1657475382089615,0.13680872321128845,0.09910643845796585,0.010357501916587353,0.042575132101774216,0.0002973412920255214,0.0005990692297928035,0.35506922006607056,0.012762739323079586,0.0021717350464314222,0.004494685214012861,0.04476158320903778,6.181719800224528e-05,4.655987868318334e-05,0.05671056732535362,0.0006560457986779511,0.10679082572460175,0.08815226703882217,0.00288386014290154,0.005483053624629974,0.07158323377370834,0.001008774503134191,0.0033251605927944183,0.005004183854907751,0.0006403361912816763,0.026908855885267258,0.0005391750601120293,0.0011162142036482692,0.0003070493694394827,0.0004399326862767339,0.016709469258785248,0.04344192519783974,7.236440069391392e-07,7.660403298359597e-07
6.505847522930708e-07,0.20693817734718323,0.19051335752010345,0.000754473265260458,0.04036133736371994,0.034940171986818314,7.715678657405078e-05,3.7313586176423996e-07,3.0316351740111713e-07,0.09579000622034073,0.013274598866701126,0.05067482218146324,0.04235825315117836,0.044604264199733734,0.0695657879114151,0.10098996758460999,0.0822041779756546,0.16727925837039948,0.1762026697397232,0.13637006282806396,0.10443323105573654,0.011191828176379204,0.042143646627664566,0.0003180038183927536,0.00042655275319702923,0.3369409441947937,0.016989920288324356,0.0016495538875460625,0.004046122543513775,0.040814999490976334,8.564473682781681e-05,6.48072236799635e-05,0.04787466675043106,0.0005532883806154132,0.14486563205718994,0.1201048269867897,0.003075375920161605,0.006272191181778908,0.05856725201010704,0.0010785522172227502,0.0034537222236394882,0.005014920141547918,0.0006779119721613824,0.029219498857855797,0.0005466265138238668,0.0011418458307161927,0.0003549601533450186,0.0005279371398501098,0.019032448530197144,0.04894819110631943,8.655103442833934e-07,8.755139901950315e-07
7.011898901509994e-07,0.19616466760635376,0.15128985047340393,0.0009213726152665913,0.03357390686869621,0.04463028162717819,8.261344919446856e-05,3.7737731872766744e-07,3.5300584499964316e-07,0.07756517827510834,0.012056699022650719,0.051513101905584335,0.047906894236803055,0.05751468241214752,0.0566331222653389,0.08408726006746292,0.09808991849422455,0.16095249354839325,0.16576659679412842,0.12683463096618652,0.07051404565572739,0.013845022767782211,0.04690898209810257,0.00028959978953935206,0.0006860279245302081,0.37039199471473694,0.010052786208689213,0.002182111144065857,0.0038989686872810125,0.033031634986400604,0.0001436893071513623,0.00011497634113766253,0.04103468358516693,0.0008186626946553588,0.11505623161792755,0.09475602209568024,0.003104632254689932,0.006912844255566597,0.048313044011592865,0.0005561347352340817,0.003986474592238665,0.004161969758570194,0.0007668260368518531,0.029547233134508133,0.0006552740815095603,0.0014227363280951977,0.000455136236269027,0.0007942704833112657,0.017268894240260124,0.04494050145149231,8.022124688977783e-07,8.965975553110184e-07
7.103557209120481e-07,0.17958538234233856,0.15182121098041534,0.0006825522868894041,0.043597858399152756,0.04610973224043846,9.239285282092169e-05,4.307244410028943e-07,3.561941070984176e-07,0.07004353404045105,0.011523162946105003,0.056035686284303665,0.05082113295793533,0.048270333558321,0.06411421298980713,0.09249995648860931,0.08492252230644226,0.14798568189144135,0.15958905220031738,0.11730851233005524,0.08557984232902527,0.0145617900416255,0.05120190978050232,0.0003242277598474175,0.0005088099278509617,0.3338644504547119,0.010901248082518578,0.0018531897803768516,0.003493014955893159,0.03549201413989067,0.00017410601139999926,0.00013681086420547217,0.03601464256644249,0.0005223664920777082,0.1421101838350296,0.11274404078722,0.0039622969925403595,0.009294461458921432,0.035852719098329544,0.0008008403237909079,0.004012133460491896,0.004052395466715097,0.0008066967711783946,0.03412027284502983,0.001002692966721952,0.0021933058742433786,0.0006151366978883743,0.0009000487043522298,0.022432779893279076,0.059482742100954056,8.265660653705709e-07,9.867748076430871e-07
7.433453674821067e-07,0.22351960837841034,0.1943322867155075,0.0006619762862101197,0.03050241805613041,0.03357352316379547,8.630504453321919e-05,3.3344204553031886e-07,3.4132597193092806e-07,0.08862756937742233,0.014586779288947582,0.05303393304347992,0.04840974882245064,0.03961818292737007,0.07766559720039368,0.10838725417852402,0.07429966330528259,0.15523293614387512,0.15998750925064087,0.13239525258541107,0.08238023519515991,0.012063909322023392,0.03838731348514557,0.00030164129566401243,0.0008994708186946809,0.37876641750335693,0.008097674697637558,0.0024317430797964334,0.004802039358764887,0.04092247411608696,9.865203173831105e-05,7.824703061487526e-05,0.03920871019363403,0.0007488317787647247,0.10529806464910507,0.08839666843414307,0.0041261035948991776,0.008115137927234173,0.04297913610935211,0.0007099288050085306,0.004037766717374325,0.004482148680835962,0.0007429810939356685,0.02840684913098812,0.00081401172792539,0.0016926847165450454,0.00042109392234124243,0.00067714141914621,0.013848258182406425,0.03600499778985977,7.782766147101938e-07,8.953585961535282e-07
7.137850843719207e-07,0.19653013348579407,0.1833716183900833,0.0006411789800040424,0.044225454330444336,0.03598504513502121,8.324920054292306e-05,4.3856803699782176e-07,3.259674201672169e-07,0.08808299899101257,0.01077375840395689,0.05018153414130211,0.04031382501125336,0.05367901176214218,0.05761544033885002,0.0845908522605896,0.09123730659484863,0.16669169068336487,0.18138335645198822,0.12091104686260223,0.09776904433965683,0.011385933496057987,0.051345184445381165,0.00031701941043138504,0.0005588002386502922,0.3324510157108307,0.011146267876029015,0.0017437422648072243,0.0035398416221141815,0.04306891933083534,0.00013908991240896285,0.0001061075454344973,0.03833553567528725,0.000489089114125818,0.14938385784626007,0.11456092447042465,0.00404352368786931,0.009609106928110123,0.03992420434951782,0.0010059323394671082,0.0040615396574139595,0.00444801663979888,0.0007884364458732307,0.03374091535806656,0.0008419316145591438,0.0018149932147935033,0.0005166334449313581,0.0007183316629379988,0.01828482560813427,0.050000566989183426,8.247030791608267e-07,1.0043073643828393e-06
7.896073839219753e-07,0.18930451571941376,0.16752825677394867,0.0006212122389115393,0.05026797577738762,0.04340849816799164,8.512567001162097e-05,5.551272010961839e-07,3.695364512168453e-07,0.07087255269289017,0.008608411997556686,0.05581238120794296,0.046319905668497086,0.06405255198478699,0.046566497534513474,0.07276538759469986,0.10825791954994202,0.14699356257915497,0.16208875179290771,0.10646816343069077,0.08812155574560165,0.013767069205641747,0.06302224099636078,0.00029282824834808707,0.0004385501379147172,0.3028331696987152,0.01312514953315258,0.0013899806654080749,0.0028314620722085238,0.03418665751814842,0.0002793579187709838,0.00021388428285717964,0.032457996159791946,0.0004844145732931793,0.16129817068576813,0.12274760752916336,0.0038587753660976887,0.010043073445558548,0.03725264221429825,0.0008653940167278051,0.0051962509751319885,0.004126884043216705,0.0012585825752466917,0.04795098677277565,0.0007224720902740955,0.0015712707536295056,0.0006148536340333521,0.0008880299865268171,0.026383396238088608,0.07125694304704666,8.74406680395623e-07,1.1335067711115698e-06
7.986758419065154e-07,0.23074960708618164,0.21246442198753357,0.0005293223075568676,0.03536290302872658,0.03020811639726162,8.730981062399223e-05,4.3110580350003147e-07,3.4603877452354936e-07,0.0842689722776413,0.011832177639007568,0.06020740792155266,0.05352387949824333,0.04384678602218628,0.06654990464448929,0.0970565676689148,0.08348444849252701,0.1359017938375473,0.1458979845046997,0.12385918200016022,0.0890505388379097,0.011957931332290173,0.046265531331300735,0.000265366630628705,0.0009719655499793589,0.36386629939079285,0.007279826793819666,0.0019286751048639417,0.002965485444292426,0.03282168135046959,0.0002485451113898307,0.00018190067203249782,0.02863502688705921,0.0006319739622995257,0.1127295270562172,0.08766280114650726,0.003994368016719818,0.008790705353021622,0.03464284911751747,0.0006932974793016911,0.004377768374979496,0.004084549844264984,0.001110317767597735,0.04422035068273544,0.0007649222970940173,0.0015360775869339705,0.0006487549399025738,0.0007552314200438559,0.0176258347928524,0.04962492734193802,8.230994126279256e-07,1.1381027889001416e-06
7.205464953585761e-07,0.17262215912342072,0.1517123430967331,0.0007560588419437408,0.04684263840317726,0.043414920568466187,7.56859008106403e-05,4.4277433630668384e-07,3.30636822809538e-07,0.07599227130413055,0.011740416288375854,0.05752427875995636,0.052716195583343506,0.05415148288011551,0.055861569941043854,0.08474361896514893,0.09464316815137863,0.14299103617668152,0.15451273322105408,0.13761137425899506,0.10276765376329422,0.01286692637950182,0.04831140115857124,0.0002495516382623464,0.0006083390908315778,0.3319520354270935,0.010610485449433327,0.00170365150552243,0.0029431963339447975,0.03676781430840492,0.00015838864783290774,0.00012045788753312081,0.03014294244349003,0.000567332492209971,0.1204746663570404,0.09272710233926773,0.0035058818757534027,0.008735254406929016,0.03985512629151344,0.0009110906976275146,0.005047662649303675,0.0054314699955284595,0.0010999238584190607,0.038115039467811584,0.0004766194906551391,0.0010092806769534945,0.00039229492540471256,0.0006511922110803425,0.01586613617837429,0.043953802436590195,8.126802981678338e-07,1.0217302133241901e-06
8.634838195575867e-07,0.24351656436920166,0.22644175589084625,0.0004878141335211694,0.026706568896770477,0.027018072083592415,7.486108370358124e-05,3.783293607284577e-07,3.542158140135143e-07,0.0846804529428482,0.01314038410782814,0.06218312308192253,0.056632522493600845,0.04510471969842911,0.06960060447454453,0.09711416810750961,0.08082213997840881,0.13390353322029114,0.14318886399269104,0.13489438593387604,0.08836674690246582,0.012074535712599754,0.0399085097014904,0.00021305365953594446,0.0010109966387972236,0.3701210916042328,0.0070879170671105385,0.002544325776398182,0.002756450092419982,0.030303634703159332,0.00022930241539143026,0.00017806183313950896,0.022155456244945526,0.0007046856335364282,0.07552024722099304,0.05942944809794426,0.003943732473999262,0.009087949059903622,0.036161523312330246,0.0006676643388345838,0.005830387119203806,0.005100273061543703,0.0013700590934604406,0.03661578893661499,0.0004941404913552105,0.001023450051434338,0.0004732005181722343,0.0007847878732718527,0.009471096098423004,0.02888118289411068,7.149752718760283e-07,1.00597242180811e-06
7.415285381284775e-07,0.21073296666145325,0.18808601796627045,0.0005345349200069904,0.033777493983507156,0.035552144050598145,9.038859570864588e-05,4.013132581803802e-07,3.645463948487304e-07,0.07903815805912018,0.013510104268789291,0.07281475514173508,0.07162664830684662,0.05891067907214165,0.0531824491918087,0.08063555508852005,0.10114531964063644,0.11142922192811966,0.1215880885720253,0.13695719838142395,0.08211079984903336,0.012712877243757248,0.043287213891744614,0.00024986828793771565,0.000996182905510068,0.34610190987586975,0.006181631237268448,0.0019161414820700884,0.002679425524547696,0.029210470616817474,0.0002759583876468241,0.000201111935894005,0.019917240366339684,0.0006661510560661554,0.10694759339094162,0.08506020903587341,0.004632764495909214,0.010111350566148758,0.024415871128439903,0.0006040978478267789,0.005382278002798557,0.005078593734651804,0.0011709054233506322,0.041169408708810806,0.000700421049259603,0.0013788422802463174,0.0006689069559797645,0.0008138472912833095,0.01478372048586607,0.04242304340004921,7.958762466842018e-07,1.0958178791042883e-06
7.216942776722135e-07,0.18547631800174713,0.17251643538475037,0.000677205272950232,0.04161614179611206,0.03712131828069687,7.052518049022183e-05,4.31311008242119e-07,3.2441801067761844e-07,0.06793089956045151,0.01070413552224636,0.0640106275677681,0.0586216114461422,0.05102219060063362,0.059578217566013336,0.08615768700838089,0.09008922427892685,0.12765778601169586,0.14074593782424927,0.11817838251590729,0.0813538134098053,0.01453976146876812,0.05229826644062996,0.0002072318020509556,0.000690118467900902,0.300333172082901,0.007531331852078438,0.001778875943273306,0.0018412609351798892,0.023704949766397476,0.0002644760243128985,0.00017817833577282727,0.022785857319831848,0.0005380260408855975,0.08739042282104492,0.06808707863092422,0.003638314316049218,0.006668685004115105,0.038913074880838394,0.0010074821766465902,0.005144468042999506,0.00537866959348321,0.0013199697714298964,0.04949813336133957,0.00039039095281623304,0.0007009506225585938,0.0006172121502459049,0.0005471993936225772,0.015007304027676582,0.043360766023397446,8.424932502748561e-07,1.0024615448855911e-06
6.210071887835511e-07,0.2549493908882141,0.25105026364326477,0.0004475167370401323,0.029223322868347168,0.025931835174560547,4.8763849918032065e-05,3.645133688223723e-07,2.2674437616387877e-07,0.0838562548160553,0.013722770847380161,0.06502225250005722,0.057699959725141525,0.03677137568593025,0.08493760228157043,0.1104377880692482,0.07168466597795486,0.13052420318126678,0.14037057757377625,0.112916961312294,0.09123324602842331,0.013071868568658829,0.03995774686336517,0.0001691329962341115,0.0006025023176334798,0.25598224997520447,0.010229098610579967,0.001692653982900083,0.0011024767300114036,0.020599961280822754,0.0001845276856329292,0.00010753562673926353,0.039779651910066605,0.0005908154416829348,0.058550212532281876,0.04254178702831268,0.0016018542228266597,0.002928849309682846,0.11726398766040802,0.0014063805574551225,0.00410512974485755,0.0048477137461304665,0.0012891694204881787,0.05415269732475281,0.00014844023098703474,0.0002512279897928238,0.0004501123330555856,0.0002650707901921123,0.01126798614859581,0.03613509610295296,8.10228698355786e-07,6.898187621118268e-07
7.547187692580337e-07,0.24482472240924835,0.20435470342636108,0.0007560490630567074,0.027005579322576523,0.03181350231170654,7.06088321749121e-05,5.557618010243459e-07,3.056671857848414e-07,0.085762158036232,0.01651080697774887,0.08683648705482483,0.0869625136256218,0.04618250951170921,0.054697368294000626,0.0963592529296875,0.1039608046412468,0.0931529700756073,0.09569847583770752,0.13089962303638458,0.07615039497613907,0.012239044532179832,0.03554954752326012,0.0002081008569803089,0.000878069200553,0.24816478788852692,0.005003314930945635,0.0016106005059555173,0.0010299423011019826,0.015199480578303337,0.0006519430316984653,0.00037404391332529485,0.02011949010193348,0.0004672903742175549,0.07229284197092056,0.054882828146219254,0.0037535163573920727,0.005856284871697426,0.03828241303563118,0.0010485651437193155,0.0056925504468381405,0.004014247562736273,0.0016516005853191018,0.06837040930986404,0.0004000893677584827,0.0006262222887016833,0.0012945770286023617,0.0005777538171969354,0.013805708847939968,0.04301802068948746,9.310220434599614e-07,1.196395373881387e-06
8.061336984610534e-07,0.2194189429283142,0.18126961588859558,0.0009252234594896436,0.031120294705033302,0.038220539689064026,6.659619248239323e-05,5.734172532356752e-07,3.762833955534006e-07,0.07074184715747833,0.011293353512883186,0.1052129939198494,0.10417242348194122,0.022788897156715393,0.10261186957359314,0.1533714085817337,0.06389058381319046,0.07849886268377304,0.08139179646968842,0.1056060865521431,0.057963378727436066,0.015578468330204487,0.051728591322898865,0.0002238660817965865,0.0004096145275980234,0.1845681518316269,0.0069830031134188175,0.0013230760814622045,0.0008370616124011576,0.0091554531827569,0.0009380016126669943,0.0005977500113658607,0.022920364513993263,0.0005760758649557829,0.07036784291267395,0.05390096828341484,0.003338477574288845,0.0047066365368664265,0.05074301362037659,0.0008439389057457447,0.005027653183788061,0.0038649917114526033,0.0016625416465103626,0.07499627023935318,0.0003336936642881483,0.0005034157074987888,0.0014195037074387074,0.0007815310382284224,0.01715996488928795,0.05309535190463066,1.1860564654853079e-06,1.323099809269479e-06
1.1156430446135346e-06,0.30399271845817566,0.2878771126270294,0.0005863787955604494,0.01936943456530571,0.021362127736210823,5.2755960496142507e-05,7.122714009710762e-07,4.041049237457628e-07,0.0840708464384079,0.012194995768368244,0.12104196101427078,0.11250915378332138,0.027934275567531586,0.07344938069581985,0.13876548409461975,0.08596653491258621,0.06642179936170578,0.07196050882339478,0.1056869626045227,0.06562047451734543,0.012297826819121838,0.04709405079483986,0.00015949667431414127,0.0003639873757492751,0.15479902923107147,0.008417024277150631,0.001389703364111483,0.0008096988312900066,0.006851366255432367,0.0012195748277008533,0.0007895682938396931,0.01560006383806467,0.0005739143816754222,0.04137677699327469,0.03362535685300827,0.004501336719840765,0.004609338473528624,0.0446733683347702,0.0010659218532964587,0.008247608318924904,0.006096831057220697,0.003524004714563489,0.10702390223741531,0.00019764582975767553,0.0002440042735543102,0.0010578964138403535,0.0006254966137930751,0.012993702664971352,0.03326936438679695,1.0868432127608685e-06,1.5818793599464698e-06
1.065664378074871e-06,0.2686403691768646,0.25440990924835205,0.0004311169032007456,0.0245760940015316,0.027166863903403282,5.1253744459245354e-05,6.835262524873542e-07,5.052187930232321e-07,0.062311701476573944,0.009766140021383762,0.14145410060882568,0.1361684948205948,0.0204812940210104,0.09270914644002914,0.1680409014225006,0.07113955914974213,0.05580513924360275,0.05901915580034256,0.09111090004444122,0.05354031175374985,0.016611380502581596,0.06028291955590248,0.0001646983582759276,0.00031087655224837363,0.12382880598306656,0.0073311543092131615,0.0012215095339342952,0.0006169845000840724,0.006249305326491594,0.00179909763392061,0.0012842126889154315,0.011763294227421284,0.0005623405450023711,0.04516876861453056,0.03498813137412071,0.00475365249440074,0.0068510835990309715,0.04254603013396263,0.001015515299513936,0.010232547298073769,0.007056317757815123,0.0037678172811865807,0.09106749296188354,0.0001401202316628769,0.00019235107174608856,0.0009916333947330713,0.0009802005952224135,0.008656634949147701,0.023092636838555336,1.3032654351263773e-06,1.768932634149678e-06
1.1915153663721867e-06,0.21395905315876007,0.21806056797504425,0.0005726224626414478,0.03035580925643444,0.030438369140028954,4.847167292609811e-05,7.116752840374829e-07,4.984012775821611e-07,0.041130512952804565,0.011353732086718082,0.14404837787151337,0.1432453691959381,0.023466043174266815,0.07946400344371796,0.1547868698835373,0.07982850819826126,0.05511545389890671,0.05742587894201279,0.07575918734073639,0.0560307577252388,0.023495467379689217,0.060782063752412796,0.00013417145237326622,0.00030029096524231136,0.09809226542711258,0.005769659299403429,0.0012169214896857738,0.0006272643804550171,0.00601828470826149,0.0018196539022028446,0.001303015393204987,0.008455492556095123,0.0002954147639684379,0.03297839313745499,0.026795465499162674,0.00729290209710598,0.007705455645918846,0.035345129668712616,0.0024070548824965954,0.011586037464439869,0.008144249208271503,0.005888447165489197,0.11359479278326035,0.00014714345161337405,0.0001910524006234482,0.0009280884987674654,0.0008795768953859806,0.00994015857577324,0.0256256815046072,1.4044941281099454e-06,1.8473501768312417e-06
1.0323946071366663e-06,0.2055300921201706,0.2134236842393875,0.00048122432781383395,0.03543383628129959,0.031611368060112,3.2118499802891165e-05,5.622614480671473e-07,4.1338907408317027e-07,0.03960378095507622,0.01265116035938263,0.1525001972913742,0.15247607231140137,0.021611686795949936,0.07843448966741562,0.16652840375900269,0.08060067147016525,0.05259067937731743,0.05315598100423813,0.07099016010761261,0.05406646057963371,0.02380935475230217,0.056996382772922516,0.00010225050937151536,0.0002811700978782028,0.05539904162287712,0.004599326755851507,0.0009562014020048082,0.00048100645653903484,0.008332696743309498,0.001178109785541892,0.0008133275550790131,0.008276599459350109,0.0002411231107544154,0.01820240169763565,0.012324731796979904,0.0068322462029755116,0.010116458870470524,0.0467044897377491,0.004251426551491022,0.010862216353416443,0.007848169654607773,0.007303556893020868,0.10077092051506042,0.0001187310044770129,0.00017951565678231418,0.0006311688921414316,0.0006893700337968767,0.0046317242085933685,0.013625703752040863,1.3971305179438787e-06,1.4361055491463048e-06
8.969798841462762e-07,0.16822011768817902,0.19707122445106506,0.0006477827555499971,0.047653134912252426,0.032033491879701614,2.5473280402366072e-05,4.4888915340379754e-07,3.60442953706297e-07,0.038381583988666534,0.012345296330749989,0.11455915868282318,0.11034329980611801,0.027802826836705208,0.04687497764825821,0.1521071046590805,0.12361569702625275,0.06552004814147949,0.07146373391151428,0.062008123844861984,0.05385769531130791,0.02344958297908306,0.05423793941736221,8.088846516329795e-05,0.00022020518372301012,0.026473214849829674,0.002784974640235305,0.0005528740584850311,0.0006518613081425428,0.009754418395459652,0.0009861342841759324,0.0006300288368947804,0.004154536873102188,0.0001792028488125652,0.009461873210966587,0.006834579631686211,0.012021297588944435,0.012155676260590553,0.03603336215019226,0.007139191962778568,0.010691588744521141,0.00586882047355175,0.010517543181777,0.08664113283157349,0.00017026514979079366,0.00022867297229822725,0.000739742536097765,0.0005133638624101877,0.003181612817570567,0.008858714252710342,1.517039322607161e-06,1.139507048719679e-06
9.163186973637494e-07,0.15988664329051971,0.19840657711029053,0.0005081945564597845,0.05364842340350151,0.03065602108836174,2.1459067284013145e-05,3.6194307995174313e-07,3.6278180459703435e-07,0.04317118972539902,0.01531444862484932,0.10418937355279922,0.09535329043865204,0.03018787130713463,0.04381953924894333,0.14679905772209167,0.13109999895095825,0.07154233753681183,0.08287946879863739,0.05943013355135918,0.06631530821323395,0.020011132583022118,0.045761365443468094,7.083827949827537e-05,0.00021549587836489081,0.0147066880017519,0.0013971917796880007,0.0003938178706448525,0.0007799723534844816,0.010956306010484695,0.0011257940204814076,0.0007760172011330724,0.0025039752945303917,0.0003126292722299695,0.005649184808135033,0.00380434631370008,0.016564030200242996,0.021836820989847183,0.02380230836570263,0.003836507210507989,0.012474718503654003,0.004834569524973631,0.01358849462121725,0.07635201513767242,0.0002972182701341808,0.00043329436448402703,0.0008687243098393083,0.0007816472207196057,0.0021195271983742714,0.005985860247164965,1.393539037053415e-06,1.0002717090173974e-06
8.99586666491814e-07,0.1645178347826004,0.21827048063278198,0.00047859258484095335,0.04871901124715805,0.02585248276591301,1.7854978068498895e-05,3.655295017779281e-07,2.997195736043068e-07,0.044997598975896835,0.019714700058102608,0.12142738699913025,0.10811097174882889,0.053893256932497025,0.029923947528004646,0.0941845253109932,0.16271337866783142,0.06245012208819389,0.07457176595926285,0.056234896183013916,0.09137582033872604,0.01780584268271923,0.03942021727561951,5.3976276831235737e-05,0.0002896707446780056,0.013013824820518494,0.0010105142137035728,0.0004393476410768926,0.000896839308552444,0.015048310160636902,0.0009300325182266533,0.0005560337449423969,0.001805804087780416,0.0002506122109480202,0.0033989776857197285,0.0022646444849669933,0.02384624443948269,0.02623104117810726,0.021090134978294373,0.006067210808396339,0.016934050247073174,0.00466533750295639,0.020131034776568413,0.07560272514820099,0.00036658329190686345,0.00047702586743980646,0.0009626132668927312,0.0004822122573386878,0.0013498880434781313,0.0036285044625401497,1.0479546972419485e-06,8.337975714312051e-07
9.428144949197304e-07,0.19349107146263123,0.2608664929866791,0.00038309895899146795,0.049785222858190536,0.019866498187184334,1.1270737559243571e-05,2.412130584161787e-07,2.545408221976686e-07,0.05452548339962959,0.028900785371661186,0.1093684509396553,0.09386996924877167,0.04645996168255806,0.03155136853456497,0.10717694461345673,0.15998683869838715,0.06861918419599533,0.08055491745471954,0.05921856313943863,0.10260003060102463,0.015117965638637543,0.025238003581762314,3.930984894395806e-05,0.00020528466848190874,0.004405737854540348,0.00047523537068627775,0.00025095295859500766,0.0010306102922186255,0.017045149579644203,0.001036472269333899,0.0006947393994778395,0.0010973716853186488,0.0004368828085716814,0.0011579312849789858,0.0006936761783435941,0.024529555812478065,0.038987353444099426,0.023631300777196884,0.004083073232322931,0.015339274890720844,0.002453000983223319,0.03619491681456566,0.07195435464382172,0.000531262019649148,0.0008576224208809435,0.0009385590092279017,0.0008028279989957809,0.0008245426579378545,0.002493340754881501,1.1355723472661339e-06,6.22901723090763e-07
6.463041017923388e-07,0.2054746150970459,0.2724463939666748,0.00046999711776152253,0.0477241687476635,0.018460461869835854,6.168263098516036e-06,1.228141144338224e-07,2.012635036408028e-07,0.053237564861774445,0.019289178773760796,0.12828761339187622,0.10524298995733261,0.04547928273677826,0.0412370041012764,0.1032361313700676,0.12390746176242828,0.06098750978708267,0.07454035431146622,0.050234127789735794,0.07902229577302933,0.01547025516629219,0.03546533361077309,2.887710797949694e-05,0.00013455221778713167,0.0015952331013977528,0.000312760443193838,0.00014316715532913804,0.0014636192936450243,0.019389674067497253,0.00041316423448733985,0.00029444240499287844,0.0008938377141021192,0.0005670416285283864,0.0004494308668654412,0.00025510878185741603,0.02552342228591442,0.03512696921825409,0.04346660524606705,0.0051822420209646225,0.00794949010014534,0.0013085397658869624,0.03692695125937462,0.050922125577926636,0.0006615628954023123,0.001104963943362236,0.0007581988465972245,0.0006543392082676291,0.000473076943308115,0.0013818297302350402,1.2980074188817525e-06,3.344395054227789e-07
7.087019753271306e-07,0.21660704910755157,0.2929072976112366,0.0004163549456279725,0.04728950932621956,0.017316022887825966,6.226811365195317e-06,1.136642353571915e-07,2.1240131786726124e-07,0.05641708895564079,0.01935461349785328,0.1387195885181427,0.1112283244729042,0.038446567952632904,0.04922974854707718,0.11541027575731277,0.10876666009426117,0.05643203854560852,0.06965484470129013,0.05112047120928764,0.08548866957426071,0.014773473143577576,0.03461875021457672,2.7596865038503893e-05,0.0001242051221197471,0.0010794587433338165,0.0001999263622565195,0.00011263841588515788,0.0018931545782834291,0.018102120608091354,0.0007274806848727167,0.0005090386257506907,0.00047399234608747065,0.0006218060734681785,0.00028597316122613847,0.00016250832413788885,0.04345141723752022,0.04820309579372406,0.024256451055407524,0.003893439657986164,0.007472516968846321,0.0008525284356437624,0.05077829957008362,0.05005352944135666,0.0017774521838873625,0.002776070963591337,0.0016960148932412267,0.0010052660945802927,0.00040449228254146874,0.0011674006236717105,1.2913511682199896e-06,3.443286118454125e-07
6.329922257464204e-07,0.19749976694583893,0.26336196064949036,0.00054240005556494,0.05229099467396736,0.02014889381825924,4.954289124725619e-06,1.1737325422700451e-07,1.728712391013687e-07,0.06241575628519058,0.02777303382754326,0.1289428174495697,0.10234384983778,0.05236499011516571,0.03622143715620041,0.09515096247196198,0.14200054109096527,0.06209390237927437,0.07468007504940033,0.06081244722008705,0.1122596338391304,0.013187195174396038,0.025576122105121613,2.2701216948917136e-05,0.00012356105435173959,0.000681529229041189,0.00013837897859048098,7.561254460597411e-05,0.0013149639125913382,0.01568138599395752,0.001514167059212923,0.0009932371322065592,0.00033876957604661584,0.0005464062560349703,0.00019419798627495766,9.658705675974488e-05,0.034390393644571304,0.04717433452606201,0.023662159219384193,0.0036611093673855066,0.005061907693743706,0.00045803296961821616,0.07586062699556351,0.058116666972637177,0.0023927257861942053,0.004006977193057537,0.003071048529818654,0.0015294216573238373,0.000425956241087988,0.0013651405461132526,1.4072211342863739e-06,3.3782137620619324e-07
7.307140776902088e-07,0.19594413042068481,0.254202276468277,0.0005452192854136229,0.047808922827243805,0.02017425186932087,5.0152134463132825e-06,1.0623931956388333e-07,2.0915263121423777e-07,0.05988571047782898,0.02710067667067051,0.13043518364429474,0.10624860972166061,0.04849731922149658,0.0381801575422287,0.10162091255187988,0.1382935643196106,0.061255622655153275,0.07247794419527054,0.06090949848294258,0.09972656518220901,0.013703531585633755,0.02657354064285755,2.1445359379868023e-05,0.00012792667257599533,0.0006780712865293026,0.00013194656639825553,7.685636228416115e-05,0.0025238818489015102,0.017833122983574867,0.0011142094153910875,0.0007743765017949045,0.00028214327176101506,0.0006549730896949768,0.0001385524810757488,7.946829282445833e-05,0.058328744024038315,0.05412207916378975,0.01626860722899437,0.0033561273012310266,0.005412682890892029,0.0005538386176340282,0.09318968653678894,0.05435908958315849,0.003851508954539895,0.0056989239528775215,0.0031375118996948004,0.0016326492186635733,0.00036694586742669344,0.000987353385426104,1.361840872959874e-06,3.494719464924856e-07
8.539213922631461e-07,0.22741028666496277,0.2765663266181946,0.0006275737541727722,0.039429958909749985,0.017850393429398537,4.4161820369481575e-06,1.1349493433954194e-07,2.4403686893492704e-07,0.07951243966817856,0.029139600694179535,0.1363692283630371,0.10695555061101913,0.06121566519141197,0.03017769381403923,0.08672121912240982,0.16559860110282898,0.0595925897359848,0.06996466964483261,0.06275725364685059,0.10248139500617981,0.010692012496292591,0.024407438933849335,2.1850457414984703e-05,0.00011074657959397882,0.000488847668748349,0.00011778165207942948,5.871066969120875e-05,0.0037624204996973276,0.01237669587135315,0.001156029524281621,0.0009717303328216076,0.00033670588163658977,0.000850842974614352,0.00010821824980666861,6.853446393506601e-05,0.06622149795293808,0.05288472771644592,0.017812181264162064,0.0024561069440096617,0.0038795273285359144,0.00034287641756236553,0.10232726484537125,0.06902778893709183,0.006745842285454273,0.010102859698235989,0.0034590207505971193,0.003251868300139904,0.0005603787722066045,0.0012506793718785048,1.6649662484269356e-06,3.901523655258643e-07
7.80937568833906e-07,0.20876653492450714,0.25272366404533386,0.0005572173977270722,0.04936051741242409,0.021639376878738403,5.42017187399324e-06,9.150858915063509e-08,2.1607520750421827e-07,0.06725991517305374,0.028870346024632454,0.14951731264591217,0.12439319491386414,0.04049231857061386,0.04349183291196823,0.1150142103433609,0.12724442780017853,0.05264712870121002,0.05983298644423485,0.06417328119277954,0.09169293940067291,0.01291660126298666,0.02492038533091545,2.2509570044348948e-05,0.00010167889558942989,0.0004935466567985713,0.00010974598990287632,5.2844938181806356e-05,0.003985626623034477,0.024722684174776077,0.0009922977769747376,0.0007231784402392805,0.0002391235320828855,0.000744550721719861,0.00012794022040907294,7.06129358150065e-05,0.0840756744146347,0.08599304407835007,0.010919200256466866,0.002966107102110982,0.004265983588993549,0.0004288375494070351,0.1151207834482193,0.058513153344392776,0.009003492072224617,0.014906587079167366,0.0038102709222584963,0.002260716399177909,0.0005719910259358585,0.0015440579736605287,1.537501702841837e-06,3.557555032784876e-07
9.406716117155156e-07,0.24664218723773956,0.26105907559394836,0.0004761295276694,0.039462387561798096,0.022489748895168304,5.093025265523465e-06,1.0098791136670116e-07,3.0223051794564526e-07,0.05454235523939133,0.020473957061767578,0.1972927302122116,0.1660877764225006,0.034162864089012146,0.049822188913822174,0.13069595396518707,0.11780425906181335,0.04040389508008957,0.043697915971279144,0.06246243044734001,0.08077079802751541,0.015165784396231174,0.037678394466638565,2.1212161300354637e-05,7.793463009875268e-05,0.0004131280002184212,9.7255440778099e-05,5.3236271924106404e-05,0.005395293701440096,0.01577821560204029,0.0018677322659641504,0.0016352455131709576,0.00018457658006809652,0.0013820319436490536,7.707376062171534e-05,4.917765181744471e-05,0.0869765356183052,0.07872644066810608,0.00921696051955223,0.0012341670226305723,0.003842726582661271,0.0003019094583578408,0.18217216432094574,0.0713849663734436,0.014061122201383114,0.022647064179182053,0.005836703348904848,0.005707746837288141,0.0008775376481935382,0.0020297281444072723,1.3941903489467222e-06,4.124313761622034e-07
9.630047088649007e-07,0.2334429770708084,0.2376524955034256,0.0005571569199673831,0.03764823079109192,0.02568023093044758,5.249134574114578e-06,1.0726205346145434e-07,2.9515283017644833e-07,0.0644807368516922,0.026415996253490448,0.19094938039779663,0.16317810118198395,0.03350850194692612,0.05087989196181297,0.13526570796966553,0.11835573613643646,0.04219736531376839,0.04433266073465347,0.07416648417711258,0.09306759387254715,0.013310461305081844,0.029449062421917915,2.214023334090598e-05,7.640344847459346e-05,0.00037621104274876416,9.19802114367485e-05,4.555768828140572e-05,0.00584688875824213,0.01555431168526411,0.0020163648296147585,0.001812517293728888,0.00016622318071313202,0.001152900978922844,7.833153358660638e-05,5.0307196943322197e-05,0.09138258546590805,0.07762739062309265,0.008386550471186638,0.0014577627880498767,0.0036436528898775578,0.0002883110719267279,0.18893671035766602,0.07395200431346893,0.015456382185220718,0.02434368059039116,0.0060922387056052685,0.00669240765273571,0.001005047233775258,0.0021767718717455864,1.5989302255547955e-06,4.457392321910447e-07
1.017654653878708e-06,0.22281110286712646,0.2437279373407364,0.0004579905653372407,0.04210064560174942,0.023999355733394623,5.347092610463733e-06,8.759986513950935e-08,2.804821122026624e-07,0.07205075770616531,0.030048593878746033,0.1804034411907196,0.15542688965797424,0.02779151313006878,0.06066405028104782,0.15205013751983643,0.10254975408315659,0.04584881290793419,0.0480782687664032,0.08254145085811615,0.0899440124630928,0.012709731236100197,0.02441217005252838,2.0105502699152566e-05,7.86984819569625e-05,0.0004640519618988037,0.00011620276927715167,5.675086140399799e-05,0.0071886274963617325,0.024912763386964798,0.0007572479080408812,0.000698968127835542,0.00021412872592918575,0.0011020341189578176,7.92216305853799e-05,5.086833698442206e-05,0.10001438111066818,0.09744595736265182,0.010721918195486069,0.002204672433435917,0.004058845806866884,0.000408806256018579,0.17514227330684662,0.06347690522670746,0.011840025894343853,0.020664798095822334,0.0028552443254739046,0.0045126876793801785,0.00075191305950284,0.0017358523327857256,1.5796844081705785e-06,4.0180151472668513e-07
9.224386303685606e-07,0.2348242700099945,0.2776968777179718,0.0005444641574285924,0.041922420263290405,0.018277769908308983,5.582921403401997e-06,9.395261457711968e-08,2.8106126137572573e-07,0.07475774735212326,0.03628838062286377,0.18008902668952942,0.1453009992837906,0.039155878126621246,0.0396302193403244,0.12451940029859543,0.14133824408054352,0.0437173917889595,0.05125560611486435,0.060061078518629074,0.11585941910743713,0.011243210174143314,0.022448651492595673,2.3965620130184107e-05,0.000107907886558678,0.0004719785647466779,8.492726919939741e-05,5.539508129004389e-05,0.006985013838857412,0.027322087436914444,0.0008004821138456464,0.0006682418170385063,0.00019823259208351374,0.0009237838094122708,0.00010323208698537201,6.024898175382987e-05,0.1267567276954651,0.128348708152771,0.007566732354462147,0.00231655384413898,0.00445165392011404,0.0004929768037982285,0.12041351199150085,0.04960029944777489,0.019178232178092003,0.03293429687619209,0.0046075377613306046,0.004392213188111782,0.0005456754588522017,0.0013773073442280293,1.4859560906188563e-06,4.323117082094541e-07
