"{'gestureId': '2', 'fps': 27.122536498488504}"
7.503639484367119,7.097041611938112,-0.3608073140422094,7.424644342311199,6.534868431582401,-0.5111090998118262,7.491425360284693,6.751162324658291,-0.3067217462554556,7.369738980439125,6.128479780922243,-0.29135026127929503,7.413127148079953,6.382900592516522,-0.5235085244028395,7.423004129331524,6.2179067346542904,-0.46124152857315126,7.465743923709163,5.840466379247072,-0.14266486764483,6.924448648055116,6.012588058599557,0.4474784136304038,7.463863069991939,5.565204437425859,-0.032886045422793275,7.450292217715616,5.378922800133911,-0.019992536350082253,7.429902021096285,4.626243202297205,0.2043835154437167,7.507291225411113,7.16036440115211,-0.35834429450507493,7.517619497304022,7.223108795715026,-0.33422481357737716,7.528486176069667,7.271404035012938,-0.29679928783185944,7.529780066326163,7.269689559016334,-0.2888633651111167,7.528059163722324,7.324031521654205,-0.3116233285188609,7.5310154030500795,7.393510286531143,-0.34246093472562805,7.537590536318187,7.474604072882781,-0.3455492095915947,7.5585127132030205,7.674611515092143,-0.2803166469278188,7.447718718552035,6.637527055542297,-0.47261657874855545,7.40382070673729,6.6788272898994645,-0.3292272338684103,6.689600425826478,5.633363962651099,1.102074596307396,7.173586074435372,6.067821891508046,0.2626898467899974,7.084004168062232,6.103957275851289,0.29340574912226597,7.002551205772947,6.122163854145917,0.3439725486167922,6.9026902981623595,6.0773197029327966,0.463387792243306,7.250093405424168,6.020546340557969,0.2450776850353206,6.989093176156958,5.682013379414366,0.2975106552347088,7.103171881172115,5.676602176123128,0.2649959500004956,6.900273893842282,5.73283034798425,0.34992030666826446,6.854863487125077,5.809647941288966,0.4009521872321526,6.853840942507361,6.1862842567244325,0.5161745159304878,7.267373838209593,8.044612715591983,-0.1266968908701322,6.89726052911689,5.979014748340369,0.49190510314859937,6.703202697071501,6.264586039266525,1.0424108673289647,6.775351360220535,6.126074801681693,0.6584951249534207,7.103017642598493,6.632295797253619,0.07477078026578057,7.400950869573463,7.076906337405739,-0.31038861660398076,7.430731053429502,7.236055553022156,-0.28944220605436816,7.310750580770893,7.159421832091087,-0.22417101680336146,7.258435855681694,7.249425752339277,-0.1360995081752247,7.361195877222397,7.263821352543994,-0.22122095862214813,7.308684783578817,7.303573488625178,-0.14074159385693866,7.196992492049978,7.5430074521491886,-0.010275754461916526,7.358997263480814,6.551140601099521,-0.4826339635165075,7.336509136633235,6.405745753099337,-0.4894087679010457,6.75728545321759,5.753137355743272,0.49329940914313,7.263707101748719,6.235323554326577,0.0687885126723369,7.224956802328608,6.608835824578727,-0.18500881202583017,7.224344846506413,6.544264131358873,-0.14442954035314692,6.8688863441102095,6.709043054912493,0.28584799207096356,7.3507026557438095,6.252119849367022,-0.40243744757073463,6.911149855485043,5.569449568537815,0.2632130574143774,6.809189589511268,5.633869522420194,0.37577934521246614,6.715397541332225,5.321144744828129,0.9196555284801006,7.289209307389161,5.609752607672468,0.05589986260561636,7.213308219682796,5.724637494861788,0.26578207134166004,7.123608492177028,7.426512342813953,0.06020308980067862,6.934717652347976,7.695201650603207,1.013023063547949,7.300153819509087,6.68152646493785,-0.18078976669115404,7.370083160959894,6.7140793727817325,-0.23775806948542066,7.222783895015961,7.398180287788031,0.031799770283337546,7.2411404274793885,7.382638609293204,-0.007807872432134025,6.768539870619701,5.555012195386074,0.45812172316544164,7.243707500035735,6.688957051035582,-0.14541507619274496,7.063748930194819,5.558490061001009,0.15555270322834203,7.034204388604035,5.432622102048357,0.16091589663949482,6.9628940406653355,4.8461488486387445,0.47951696974946284,6.742956261287626,5.42327245962373,0.6621683772799631,7.004239261273143,5.099842739548083,0.31542968748482103,6.722175469761946,5.709910567350771,0.6124529470417157,6.704790783125832,5.67611268287212,0.8448186690800408,7.410836419634679,7.162817936980653,-0.3095940380262129,7.335675105827723,7.2170899210064166,-0.22894919928202573,7.282836969282667,7.275831967397336,-0.14859353554877136,7.327975316293622,6.710329804494283,-0.17974663684714073,7.232498782951734,7.3902612795404945,0.008694754690433125,7.265747906579328,7.392286374886754,-0.07574111985702262,7.251575809492868,7.376901077167961,-0.014437724606823908,7.304091901608741,6.6017180000330615,-0.30530639758515454,7.331471390629054,7.318750278642593,-0.13242724884875837,7.384065316099208,7.291298668807762,-0.19257962312307714,7.45093273623663,7.277978454213575,-0.2527118919351804,7.455322108977622,7.688464424019302,-0.24590816781808814,7.446535508753462,7.480078828178891,-0.3048012617936208,7.439536219407895,7.398031761754172,-0.3000163849324209,7.442197548870344,7.333880654274426,-0.26500929413635005,7.451732491803559,7.277398631427552,-0.24471826363698015,7.3309608323876665,7.321992144958537,-0.12736189967392206,7.317909107162376,7.354275135298582,-0.14952466837296277,7.3072809269318695,7.395161210522875,-0.16915529803518822,7.299823206270259,7.44399200042364,-0.15373389527991993,7.174183034840687,7.123208614393564,-0.06976947959585433,6.8192343766184,6.99579612750228,1.3156078152840072,7.471999154750499,6.699854434702457,-0.36351104126071826,7.292871759445212,7.348414069500946,-0.06201884622639488,7.278611117992413,7.372617386412599,-0.07613792938182483,7.390407663371941,6.769166107791306,-0.2537890403997792,7.291155855313668,6.778729613423339,-0.10964755932714239,7.380727764742221,6.744310133211641,-0.24793457972624577,7.182649018770604,6.3496414719443415,0.11543738573729383,7.049071273339265,6.480972047046106,0.17047252937212476,7.2260014830379085,6.62665537830436,-0.0988221291152215,6.801608335177266,5.0571886332669,0.6968684860075564,6.838771976677988,5.2291217988071805,0.4897994074366108,6.873941941801152,5.456669395217712,0.315744680497733,7.265681498304574,7.602239348824852,-0.09296307721099906,7.235172965628653,5.431149337890508,0.05239102431415012,7.197295970724928,5.027338470798754,0.18218678391061163,7.164368891526518,4.711949150440623,0.3075889588837356,6.9396918463472845,6.118165790378743,0.407209962138852,6.78658149932865,6.310221377236928,0.5845856606806366,7.301157798372571,5.9725431548554795,0.2519657583723624,6.807863566218602,5.914618715718251,0.5152040089796823,7.313619703867251,6.121993192020474,0.028695161123983882,7.2469536507565016,6.52447589361715,-0.2830022100550476,6.721314304392557,6.470379570189122,0.7089979930947312,6.826082283660227,6.3838595851293665,0.46476130102275914,6.91746721039631,6.398425847459527,0.3318260601125852,7.070901744046539,6.33194259562122,0.23844578340331068,7.187925977377393,6.241735166143946,0.18689987467642066,7.2720259877797195,6.155015956259928,0.1400423767583915,7.391186710982226,5.898009506355069,-0.07955391100886912,6.736041231903574,6.762371755809763,0.6284640356399432,6.760982180512224,5.928241694919918,0.589470730133787,7.411830401553576,6.641475134586538,-0.45238289679290783,7.2621597175402055,6.357322695724211,0.006873242490399216,6.740801205661741,6.324271368785937,1.377534334817931,7.332149040658532,6.061478116100372,0.11955569177211225,7.234308943989381,6.654070570698196,-0.00560108422187591,6.8644662664679865,6.0020969793233805,0.5190725141301821,7.2544620702085165,6.445487178168464,-0.23433460688589275,6.872027526912816,7.342133846098143,1.1941361912301844,7.310297861994614,5.926158403074816,0.2910185546246523,7.297623164393734,6.330783664116644,-0.3328487832471689,6.974075623185459,7.88005586702168,0.39637193533045983,7.041947736253835,8.10091550750377,0.5343051352979442,6.741833033156573,6.891521568856705,0.9843633408115132,6.899432722362066,7.734656020549203,0.5830239504934971,6.7050521318200245,5.9524368000556604,0.9781852290569882,7.2611271759779035,8.23112142633954,-0.09438293901085965,7.44300730138186,6.702571461427604,-0.3466111841224459,7.2023787029797495,6.493578908237291,0.044615540838853024,6.735372864751212,6.179487762540479,0.783430110126684,7.00033402627713,6.0395905199954605,0.3609013031730103,7.073775865615189,6.025910415396155,0.31550216533307396,7.257033427169686,7.427152861334967,-0.056725285550917354,6.7755562975845605,7.063203382647378,0.5935309624001085,7.435493883457552,8.43226352175948,-0.15267510058077316,7.214392888170443,8.318353336667355,0.15772336792283928,7.129935129965411,8.233978410288898,0.32733879318431297,7.433531626048694,4.969609329114699,0.0879367451290415,7.618614344057718,8.434636367963861,-0.2412384566511103,7.151175066874604,5.995341186985244,0.28851300344380787,7.228064423960102,5.963315975002039,0.2838931654267208,7.284305092001958,5.944491728345453,0.29400052269595234,6.7263749005557925,5.930866606941374,0.7158846829260489,7.207319335807946,5.833950156545279,0.2903553198322344,7.120413754314136,5.795612231089366,0.295192234360345,7.036757179810973,5.7928330804942885,0.3221575642477841,6.962947595725621,5.8300838382264075,0.3642549433626911,6.923975935389664,5.884664299399415,0.40643948333821256,6.703739675809296,5.952413592862871,1.273322881885059,6.953692567240831,6.031855027087836,0.4086968291292426,7.500706095198419,6.879431692514141,-0.30142539625392156,7.247425649354484,7.0046198592349045,-0.1325735657363798,7.28816534074733,6.647082706432156,-0.21173923603009237,7.38695657528715,6.902657451058718,-0.2622943203551812,7.477710266379335,5.710440048380126,-0.049497154317019544,7.065933976654464,8.02930239495759,0.22635276070095525,7.160205164106195,8.131375483591698,0.06629979786356968,7.400695233419033,8.283432581091386,-0.251283355331284,6.9889960629809735,7.943356520144094,0.7799127922840059,7.277194408130996,5.888867300530615,0.2909114891332984,7.3372053524169445,6.113580763150842,-0.12321381479412408,7.586547716161227,8.286881526973767,-0.3359747251722029,7.308816886060855,8.383811187618067,-0.011615061222595991,6.792289754687604,7.21355671516252,0.8992290036782086,7.384517320808017,7.296774852238813,-0.1860940718506013,7.371509867765896,7.339106914090812,-0.2084076426735624,7.365293910435437,7.395453978185768,-0.23209665248960773,7.3639236149596,7.47062457486984,-0.22831548671659016,7.350874746004193,7.6560300513755175,-0.1766959286245035,7.271216949335674,7.343168529862858,-0.0674291959838594,7.250499709814866,7.33940610836094,-0.05542631314234685,7.232188877669549,7.329722639393867,-0.04423283972524475,7.1293931527553225,7.265952129875883,0.008516823581286963,6.841718933128626,7.069234396502987,0.34716411780528433,7.354004503727272,5.999206434202909,-0.019049004971569538,7.3398074142793455,5.801821761812591,0.1995481852528062,7.303771999381969,5.828131934795872,0.2623851408115819,7.293704362115783,7.346316853340169,-0.06394722448096966,6.877764344970589,7.462082185720582,0.43102201470590307,7.38921017222396,5.776048210533371,0.05065844001278753,7.3073451930042115,7.85376961529866,-0.14756600361606617,7.438675054038505,6.088321340450361,-0.3496097765770429,7.379620246095519,6.015795649676917,-0.19608136536905557,7.450679242284612,5.967823882943129,-0.24036820923608082,7.288135349913571,6.34390679608898,-0.13697626029861798,7.567585654482839,8.09834629274501,-0.36024032215604607,7.562847816816256,7.877308135395303,-0.3218518541119882,7.427105018814445,7.884414534861442,-0.2613014095374897,7.122057537631163,7.651408606706622,0.05064014761250879,7.1751198913619465,6.798480719656598,0.019530001935409987,7.21128812280883,7.779317370489883,-0.04806122599907333,6.977986570721234,6.844755862080544,0.12140326325082931,7.096248997045888,6.973874256158785,0.03787741051330615,6.929986955356098,7.12379272158441,0.1854357351147387,7.398752969899349,8.101595299735658,-0.2752909954414191,7.258176649189912,6.450314274268855,-0.0691989396869471,7.062598567499889,7.814501616962456,0.1393674714257531,7.167248725634932,7.942745278389369,0.008051265537169417,7.042205514610675,7.491263266968896,0.123296111070096,6.818835926969877,7.323506682063408,0.5698603398214278,6.958903117572867,7.5672985993597095,0.24327961851545488,6.842458707028036,7.504043646555406,0.7862119384747758,7.0412058201520145,7.198140712542497,0.07820725228203615,7.303257870803229,6.232565825755613,-0.05245916197105907,7.273807586118547,6.577141939901822,-0.3145330195733841,7.249837769269739,6.645371086705434,-0.21517180298986882,7.286418731714556,6.454744348855664,-0.38729836924160427,7.2524084121634385,5.691176293195464,0.2093324046770407,7.088110770084917,5.632350343876764,0.23513418393595392,6.954790088942947,5.638775880009808,0.277721324077171,6.859242148854013,5.693054290642806,0.3474462413999462,6.809216724075147,5.786066577144094,0.42726088745127566,6.827048416947776,6.058179838454262,0.5696978894718955,6.70928012531269,6.579530495590551,1.0260793409533626,6.891897882413644,6.228775555622347,0.4451539901263663,6.970323912695598,6.242367829922784,0.3530136023211328,7.078035278076555,6.210424735698684,0.2773306845416058,7.185392465992158,6.1498882377544675,0.23378394929311647,7.269055467102556,6.0834435455595655,0.2032553111549792,7.323443130058536,6.024158807891087,0.1868041003769436,6.783979437466249,6.663419142021617,1.384421783345936,7.269928057551472,6.697026013451918,-0.1752825882689631,7.323685912998496,6.220177469210392,-0.21362323610710773,7.31496429291415,6.553316364682049,-0.41245219921488935,7.383740415400143,6.636824413151353,-0.4050807468295548,7.333675002842931,6.594182446017169,-0.3694765617405185,7.3058256574270475,6.745361954595647,-0.16326955228060477,7.3905640441479745,6.640894597733044,-0.4352059145322669,7.419707279820354,6.692813015376132,-0.3373977723824201,7.333485060895785,5.921354514167215,0.2571203882956162,7.361705721396314,5.935527325321146,0.1727569539405116,7.373182213781742,5.943781588246068,0.08663260130996218,6.906274202796659,5.93286421069002,0.44468480316904924,6.842356595379758,5.901766929384694,0.4645186965996662,7.52088278564408,6.10085822302944,-0.34796719824887246,8.229847529972217,5.776266001111864,0.036728531739837623,7.553650627796576,6.652346811824477,-0.3727619415429439,8.719922031901827,5.204549309013293,0.47145782576084677,7.956438950270614,5.926854261824791,-0.0016174236627939853,8.050480922064322,5.929194617959263,-0.02500471539162897,8.150016928975845,5.912132332786067,-0.023515820561195278,8.288542447910086,5.828866353189253,0.028528680198299784,7.873136553232805,5.908286365390104,0.036964252106223006,8.057410946865254,5.463159911490568,-0.03296205455783376,7.940751602011811,5.502620708043799,0.005544891156472535,8.17307488166486,5.479388522891988,-0.03237672285284875,8.258130314342678,5.538294447767381,-0.01280821706055439,8.386899529427858,5.910130087598863,0.04680455650947619,7.96718709383616,7.9735315833113045,-0.3208586978336037,8.264947516483275,5.729687022979232,0.061333017892919076,8.793523822353272,5.868620988506583,0.3935947037917092,8.519480436670419,5.813091174631582,0.12779031784159686,8.01194055848053,6.481682544179225,-0.19204164022790174,7.622735941497283,7.049068417069383,-0.38018335633660305,7.628948328490391,7.21032056138634,-0.35208942049747427,7.7599075885075095,7.1123447918978,-0.3681364579299184,7.857235698800332,7.183497330925525,-0.33300980546176034,7.737470160450334,7.2239392561831846,-0.345859628109774,7.827289851291142,7.245155628865853,-0.3063384259114628,8.017773775646816,7.440989346710305,-0.26331989975964676,7.501542268206342,6.52577692454835,-0.5194754267003959,7.504378544199057,6.380122870056386,-0.5335679498931156,8.384402435483617,5.434364783710044,0.00036738553439692983,7.8055529234225,6.138021150462691,-0.10445816324391999,7.795070412955969,6.517787937688708,-0.3506438578473288,7.805950659003552,6.45287706242038,-0.31574798305978397,8.346168406844656,6.454988559930566,-0.15728507554092433,7.509466988993641,6.221915509433521,-0.45949822210242736,8.088693528679167,5.30482544685796,-0.07574981697566688,8.2508289744571,5.332645158473818,-0.0496121805449388,8.541597248433352,4.916999694160195,0.35652926888278547,7.660371581595988,5.518457653437665,-0.0537187714103198,7.8497279934157875,5.591037613338864,0.05450918831361132,8.095899897591172,7.297716707232365,-0.24746706636456262,8.858133361149061,7.417859273206772,0.4142739638489314,7.730315918463674,6.614411977455644,-0.3026861493168655,7.645409011819715,6.671054665483376,-0.2980084048908448,7.975111814623459,7.309113224061101,-0.23333814804545733,7.9560933416149044,7.301545537009037,-0.24121589658196504,8.314707308163126,5.234094207637813,0.003355232546193339,7.818729610455122,6.602279971132322,-0.30764474540486625,7.895851753535994,5.366262026848705,-0.0767116881730013,7.8992707085846146,5.227678668449356,-0.07898743793735231,8.011482841231958,4.591595577528692,0.15602428900606774,8.413832726279125,5.0607421900337055,0.15710090192006365,7.933505245321459,4.879128054762499,0.03730623184873197,8.461342491359519,5.373981453238245,0.07927982067325008,8.584798330396916,5.289970344235993,0.2684564771646627,7.625940676304762,7.136459564443115,-0.37829969097871446,7.746429565002348,7.171098263368247,-0.3637650484487303,7.84117060884965,7.215116238518031,-0.3286367446995468,7.711602352265011,6.65141495377551,-0.28000953097169046,7.96788330961987,7.30489165717567,-0.23613698012518977,7.910522269716844,7.3143637621714825,-0.2832377184326527,7.945390898367468,7.299797499841321,-0.24080579870782953,7.653443698997467,6.537923212221081,-0.4182310579949865,7.818073382449758,7.265752190984151,-0.2890740819587313,7.732177492359194,7.252928967349413,-0.3090909328640484,7.6323515740546615,7.2584579917732786,-0.3171828123832639,7.682934685527966,7.654363417899435,-0.3068441195682078,7.652773903710164,7.44898261797477,-0.37279851518619717,7.642431350467846,7.370145998897295,-0.36900753098546063,7.63718866709964,7.302843711670356,-0.33482070288148613,7.630250787556532,7.256572139583762,-0.30996564320076825,7.8176249480783015,7.265108816193256,-0.2842249390251889,7.828859371591239,7.287146366466967,-0.3072869976021597,7.842024633544334,7.324509946859421,-0.33283247126839033,7.856266709242901,7.36608438312525,-0.33028541491582464,7.944166986723079,7.0169196714137865,-0.29722873247152304,8.955570009697395,6.629675169636986,0.648630818399451,7.8862504023280255,7.283066899008159,-0.2602308438823843,7.894371491669705,7.298839935363418,-0.2756411785918603,7.618929247812197,6.737210160352737,-0.31344170133241817,7.793952183297209,6.710721827535573,-0.23853738487100717,7.63094200486795,6.708428242820417,-0.30608642703821154,7.918754039516447,6.215941620975552,-0.11624681468698667,8.081721373897478,6.2963984591435285,-0.14386585102903454,7.838852745840497,6.532577703137127,-0.27475432910814235,8.310833492135814,4.704857032323894,0.23729747365235768,8.202810079270261,4.917920841197104,0.08367997137012471,8.122880222895493,5.1754621276373465,-0.04469775343504324,7.924965712442083,7.51982453765284,-0.2995402358172667,7.670546328982745,5.322693557171584,-0.06830789505684014,7.689125650496959,4.909115318184977,0.03721723282224621,7.7300445728248945,4.570127853096418,0.1452708791929265,8.238102863998346,5.8811775079411,-0.0016145292140116979,8.511130131670717,6.006784118199559,0.060482848046844534,7.8168401879282525,5.884780692397102,0.06646283397157396,8.37593859375611,5.6245098830509805,0.03837746694209088,7.721317240200785,6.046148515644276,-0.10966959500298899,7.706044765142326,6.446987433923925,-0.41701468868825414,8.66004818857021,6.118087957024462,0.11004628790827149,8.423309829747232,6.097663485166548,-0.02681935887624867,8.270540806979483,6.148996367483848,-0.0841895923979573,8.069824295771943,6.144569863234391,-0.07852000825545083,7.928250422806255,6.103951563311525,-0.05322519458596439,7.818123367172691,6.048931236576706,-0.03949452229458044,7.560589221407153,5.86378496656281,-0.1386175443794982,8.656586389473361,6.436887663621568,0.03566295618904741,8.463607513375855,5.610636623200913,0.06685621820397875,7.488385575062893,6.625762079898799,-0.4816564051494312,7.794659110092977,6.2668382080683935,-0.1619880577891045,8.916444824855285,5.9059131621519905,0.6933923163028641,7.732960110306832,5.980253298367903,-0.019694478730322467,7.862407689488961,6.559174574209802,-0.18161037525968146,8.32787399825116,5.73645995293666,0.06719271692078663,7.719191461341189,6.368936289063969,-0.3707985014598385,8.932682719133823,7.015263034882291,0.5545262318144248,7.813057058469691,5.841917007313337,0.0969605775343091,7.609489275852555,6.278666735716764,-0.43165664217028515,8.512691083161169,7.7001251458121125,-0.049182256141193446,8.57553401903501,7.941883398952509,0.08008341435283266,8.843030120081105,6.532284935474233,0.33425658957981313,8.666955363212086,7.501497281955702,0.059362928056494915,8.697930181946226,5.556662405310336,0.3601856067361211,8.01557159156788,8.164290423643111,-0.30766112432747017,7.504619184936606,6.689022031175395,-0.3645270253835494,7.8910974923175905,6.3785904812647525,-0.16359696337312046,8.630176604077949,5.841502491146728,0.1952741120936868,8.128314276345785,5.8302009452915655,-2.6597801116790835e-05,8.047077676500052,5.846506318946061,-0.003488882406860544,7.926179627141886,7.337952981058529,-0.27934518044885,8.669610266067302,6.759062053084125,0.02082792276805718,7.83593792242603,8.404000017210723,-0.26839926250859114,8.208739695545061,8.241069814338157,-0.13518566917258376,8.37909834231295,8.124609694308976,-0.04258677473950366,7.965859642408552,5.848654233897241,0.017164402400125966,7.895596831449035,5.846243899150663,0.05133260896334702,7.844039017878536,5.846845858028271,0.08556028395809334,8.561368348555783,5.586947791901735,0.14830963794273755,7.890518383599037,5.695100808013179,0.05253267744860502,7.9653569389093395,5.620318664033044,0.019379938982894637,8.048152348043113,5.595706543494546,-0.00015997227303888936,8.135206455570781,5.61194907921164,-0.002136662461202364,8.196603404816917,5.653151843359088,0.013040852432321252,8.837571788336815,5.515227569234984,0.6068201596885471,8.187062035276467,5.806061180384784,0.017222887594216297,7.832726046943846,6.924304406426081,-0.3050113761468073,7.720588891380903,6.575674531250002,-0.3285736389868438,7.6257435936829125,6.868377928071233,-0.3331150857844381,8.35074058085809,7.890705469276301,-0.13505780646615234,8.192353275232666,8.03748632223667,-0.21915290765461856,7.80726240094681,8.251204573946568,-0.3662380203012344,8.73167629653327,7.729090578684343,0.24418005759572023,7.837885898485478,5.784369952834252,0.07821008065865748,7.623329331565246,6.061772311898207,-0.21706441650574676,8.026797446271173,8.331599288244615,-0.2283583307648185,8.834112131442378,6.89066683009455,0.27401598334367416,7.730710083707375,7.251092385815358,-0.3031937174007205,7.740005814037981,7.290299688416572,-0.32962550500006615,7.75140804340648,7.343699081993418,-0.3601137313822964,7.7618455676223705,7.408105825627593,-0.3631942630791301,7.814399505314179,7.59580845718578,-0.32394338004760953,7.90144147369485,7.27718583932135,-0.27396780610402577,7.913854108534067,7.262928768205905,-0.2819573508288793,7.929636427766442,7.25124519625404,-0.2864833112882077,8.03854314209297,7.14619301813312,-0.27543608502557565,8.480623027129736,6.808303431780413,-0.13211452076860425,7.6380412636593835,5.943083230259947,-0.11494279359825384,7.718200335692173,5.725452245845597,0.0756223503535355,7.7851648690055795,5.735681619393845,0.08384667265256728,7.885446362356274,7.283682425167706,-0.26201096945705443,8.551692020263417,7.222804602972605,-0.059879143051125135,7.6068500824816905,5.727096743230094,-0.023080946498362606,7.898653040222656,7.788579539649377,-0.3144503439490685,7.540173318358884,5.985654861748289,-0.24591555395348583,7.7049136822690985,6.270994794814012,-0.26261551682924295,7.728059465256982,7.856010359021002,-0.34256114963218715,8.145269808432145,7.525334996322473,-0.24359215692143713,7.9512455375578694,6.680261851447643,-0.1990628425189697,8.033171926580078,7.682593361277081,-0.2804245603742939,8.189580551244823,6.647596835010896,-0.22159923586463073,8.055917117717026,6.826737797598121,-0.2353102908258591,8.315722712106137,6.908275733916393,-0.20843279123728808,7.773689804755092,8.066156845243597,-0.3831271887420582,7.789372154541601,6.363586495575192,-0.22587040812465134,8.269596809783518,7.6706884284093695,-0.20044960617584345,8.1228945042449,7.839959550419729,-0.2540211123276826,8.219507832999781,7.33008895600622,-0.23123147049069692,8.667510193636643,7.040696690045568,0.02085708098798913,8.391314608597787,7.376117031085383,-0.16832635496040388,8.78887809939038,7.2175769150212785,0.19187814109177206,8.157363969179531,7.0342386638426175,-0.24538620681178147,7.707234401548133,6.16034218552218,-0.18646765186800474,7.675100651309417,6.505496694319471,-0.4365889739641376,7.763123034327045,6.5642344563055675,-0.35534632685951456,7.603186202290698,6.400416667567204,-0.483735323331277,7.774636658220938,5.5818714862541485,0.038886728146862164,7.922271535875992,5.450823324836956,-0.012937761730597895,8.065566311445517,5.403146825002208,-0.049017853263421465,8.198202201883303,5.420793931433721,-0.05044872732255324,8.305642221625481,5.493030424881623,-0.01910749713897501,8.407996652842957,5.774219483741491,0.08610712575282428,8.83197992597555,6.196304051470097,0.3624620984612032,8.321378126472275,5.971157863962764,0.004529893060402391,8.204268205044965,6.013416376865305,-0.03049747578743371,8.066302515007573,6.027681302722926,-0.03787764202736884,7.94067376865753,6.011188486357431,-0.014499135803947539,7.8447595119562425,5.977178166806315,0.016230305916999466,7.771335524304946,5.941934652733692,0.03414931724716622,8.945319571158766,6.268567679481877,0.703665024820727,7.774818031358438,6.620128087556774,-0.3130890858896556,7.609614237659888,6.167262927445996,-0.310590876214992,7.578335226183326,6.506611353640878,-0.49032696940963905,7.542370503965527,6.607331998485913,-0.44962307064874996,7.59223954796836,6.547971569665565,-0.4492184621682937,7.756438648735956,6.68187492986344,-0.27766196721868797,7.5193896705633225,6.615375254473311,-0.47211391987855994,7.5330183623047535,6.676627962090411,-0.3685339926794953,7.773921162615525,5.844829688525392,0.09573338564247738,7.714387929467323,5.868552080995682,0.054185498182055036,7.666902442680926,5.882321801062532,-0.01212686559539932,8.233684928558535,5.691152728968938,0.03305947455968419,8.318990998918487,5.628259808372165,0.02505216740650269,7.016761862502812,5.893066374290726,0.3218552905616899,7.1043186735296935,5.874575954176585,0.3220833904892888,7.010957208035344,5.769623031434062,0.32216874386661865,6.935684499702995,5.911914542207573,0.3220981181308673,7.025402792962995,6.0251742118340985,0.32206306188098877,8.013547210289092,5.707684819045309,0.04217339103927354,8.11200354718526,5.693160329662171,0.04169070653316889,8.01001828885002,5.57865175602979,0.04168938160329204,7.921687428685146,5.720194567060511,0.04156925369801538,8.0167198120604,5.841239000250123,0.04158738431738284
7.4663802173103795,7.065570468203082,-0.3598577259474986,7.389571779264741,6.511176531074877,-0.5099908354086333,7.4561097677223245,6.725348768135892,-0.30608687169185733,7.334437663704763,6.104436739636416,-0.2907108652866874,7.377870871292908,6.35909102001939,-0.5223882746407992,7.387470504828162,6.194170467072293,-0.46026521868749687,7.43007087723211,5.816703197954838,-0.14264527627642398,6.891104288097862,5.98553246244688,0.4475074112447629,7.428274454582238,5.539002051435797,-0.03299134826559824,7.414614394218911,5.352254750109687,-0.02000639537463592,7.393425418517215,4.600921229192114,0.2034678711040611,7.469932557827274,7.127954939893062,-0.3574818894850713,7.480293254913957,7.1895037339579435,-0.3334970844711536,7.491255838861575,7.236823268868933,-0.29657548706397324,7.493350717806124,7.234950100314715,-0.2879703081260613,7.4915294237983625,7.289053120437603,-0.31104189017403083,7.494546674815513,7.358763983551706,-0.3418136890378348,7.501414722644237,7.440189256231924,-0.34489884774465257,7.523274514398733,7.641692023583853,-0.2795693408016805,7.412615447654793,6.6131668636788685,-0.4716414221994501,7.368804906036948,6.654790857633084,-0.3285203479639656,6.65776689325716,5.604093237474418,1.1013272663259595,7.137853740333219,6.039861456621453,0.2625871554279262,7.049098523177752,6.075040215831073,0.29340696489508544,6.968079719546475,6.093430097854822,0.3441134013798635,6.868653268635814,6.0503749349066025,0.4635192805622701,7.213609054024779,5.9941407947176675,0.24486315959853786,6.954886530101252,5.65719713962036,0.29755646227360166,7.068069684365898,5.652001512957171,0.26494960132891815,6.866713302720407,5.707494131375876,0.3501441949170509,6.821330180673697,5.7838591486408495,0.40125858829093103,6.819629690404257,6.158569605388771,0.5161560897244127,7.234619666559893,8.010482386543767,-0.1263920326512528,6.864042829493263,5.95326862638195,0.4919816184000154,6.673871452795946,6.234955230350282,1.041478518399127,6.7419756261903645,6.098567099174413,0.6582382073971881,7.067686665454395,6.604421383634574,0.07534143875167403,7.36393296233144,7.045888696789511,-0.30925603785126193,7.39355830262937,7.2021056956956135,-0.28860184075733736,7.274146649738882,7.127169004983743,-0.22295970972831777,7.222392196411021,7.216521134728567,-0.134870056771953,7.324452168817103,7.229859288659776,-0.22018575388709669,7.272729692949386,7.2697685801400445,-0.13965407356534904,7.163249528569425,7.509618007086533,-0.009297989209935577,7.324045699768161,6.527417527776945,-0.48155399071272514,7.301534278436951,6.381630865759616,-0.4882638389400139,6.724511669290343,5.728154413069856,0.49360607337533485,7.22849989129854,6.20914728818333,0.06910898180481063,7.190726694155898,6.583421430252842,-0.18436795622569535,7.190099225326849,6.518526372636439,-0.14384999377749802,6.833632975506465,6.679910929101825,0.2863784746014027,7.315480714721124,6.22813976767824,-0.40151849398087985,6.878171181995144,5.545401096515741,0.26339203254106675,6.7764402221234326,5.60956315968462,0.37617924367073435,6.682674492268499,5.293008688480292,0.9192321524931439,7.254928906802513,5.583389253251575,0.05571430105082509,7.177560507899241,5.700002878379455,0.26553856396637743,7.08938656990817,7.393507138693139,0.060838466973219055,6.903451140764606,7.666979088455569,1.0122002223700386,7.2655589251646315,6.656854469727715,-0.1801595004050385,7.335138325387031,6.688701177590321,-0.23710880316615393,7.188034902621991,7.364723160902112,0.03273330237584873,7.20681633087995,7.348934822913639,-0.006720401205509443,6.736071876437541,5.530597664299707,0.4585655722676998,7.209287833243975,6.662874759557509,-0.1447750417417286,7.030447136591046,5.533595018230545,0.15561604472108975,7.000934072708732,5.407136243734526,0.1610714105249552,6.92799774978143,4.820038958116968,0.4790878179253909,6.709924262582837,5.397125877488977,0.6622723416469206,6.96953575989837,5.074569947625831,0.3154794067595392,6.690140873907031,5.684554212078735,0.6123695609139581,6.672770006946539,5.648546881346272,0.8443946807339977,7.373718065135529,7.130210416748557,-0.3085303937782562,7.298991715050384,7.183992241049554,-0.22781368831906376,7.246846426098539,7.24256499949036,-0.14742053257813473,7.293250695039183,6.685022348453301,-0.1792543495271198,7.197946494046207,7.356683316811663,0.009721579523996963,7.231144071947344,7.3586318100497765,-0.07446013772944612,7.217446349242069,7.343097870522006,-0.013307818369301633,7.269666962877809,6.578507560544034,-0.3045137805118943,7.295864319448293,7.284552115269767,-0.13154001511948324,7.347422644353937,7.2566990368740445,-0.1918592536352551,7.41377445293246,7.243205969913692,-0.2521527547369249,7.420813047215285,7.655716626992822,-0.24493486461159705,7.410722382014264,7.445633951779123,-0.3037223161667587,7.40344431208547,7.363232300649172,-0.29887835273887725,7.406011036219701,7.298836091411016,-0.26402756235486086,7.415509763102945,7.242567841931261,-0.24348859515030272,7.295977306474135,7.287773311421614,-0.12600571606417185,7.2829553740932385,7.320122420713594,-0.14827404207857767,7.272322513290218,7.361354868433602,-0.16789676622372965,7.264962012575276,7.410476510876267,-0.15254039042603706,7.138990006083672,7.092820949127645,-0.06845998925823016,6.790879111293824,6.966697582658026,1.3141210972022082,7.436903394549563,6.675218059173125,-0.36276392191035717,7.25843434704453,7.314345870191122,-0.060679240317942584,7.244084284152316,7.338608235117777,-0.0748421573453202,7.3551356077406895,6.7429889563718195,-0.2530363541391007,7.256590313509554,6.751495671380371,-0.1091266468960975,7.345616273160909,6.718482852137845,-0.247243437374874,7.147283538024597,6.322603316774539,0.11573251286149407,7.013551667871362,6.452800611666515,0.1708982172666494,7.191481362215298,6.600349587042895,-0.09827014373119426,6.767878790127523,5.030119146194878,0.6966405166550264,6.805065733834191,5.204167487487548,0.48993994639609384,6.8411448361994225,5.432449956489696,0.31606499399842775,7.231928585636211,7.568908481855017,-0.09183504073395252,7.20135458068734,5.404190053739918,0.05227737917913765,7.162200667876699,5.0014485107348055,0.1821545830260557,7.12890715759513,4.686148266578352,0.30701070939804775,6.905591498763584,6.090039065859099,0.4074300604461828,6.75316063113854,6.281595421885767,0.5845313165066915,7.264322463372394,5.947234124347649,0.2516719602997169,6.774118658516972,5.888624058870009,0.5153554984791943,7.278352041052941,6.0964281623958865,0.02895041325394272,7.212642624118202,6.500169178683058,-0.28221938398484325,6.689288852246747,6.440779929093241,0.708927100692026,6.791891020254829,6.35481883134414,0.4650020576238956,6.8824035764977705,6.3694886688377945,0.33218223348842363,7.035323343957906,6.303789200446212,0.23860383825416803,7.152121372439284,6.2147085238074995,0.18694442904395717,7.236015305042626,6.12900040329865,0.14016223759952065,7.355746732534555,5.873747078495644,-0.07957756395798334,6.703576381439124,6.7329558505990565,0.6284539124744586,6.7277911354806745,5.902108953812769,0.5895929931423872,7.376893071622725,6.617151255212821,-0.45137997049448964,7.2272939857459955,6.331311134476886,0.007269295558002177,6.712114363297594,6.294232914134708,1.3761168650988813,7.296038418953522,6.03611156646189,0.11951781139619566,7.199594399158965,6.627178676103781,-0.005290423385774815,6.8307216054129025,5.975922169758245,0.5190858912706972,7.220150221149807,6.420771276975975,-0.23367282507367212,6.842744419816852,7.313655867662235,1.1928960558427157,7.273166718238022,5.901206478826481,0.29057900267673215,7.262817390914946,6.306364451903148,-0.332005780086823,6.940675036202996,7.848999765867271,0.3960644716744719,7.0094578423626945,8.070010915737766,0.5343478003215474,6.712267855106286,6.8622009277889635,0.9834679414729103,6.865876914485082,7.70529448120021,0.5826055183826532,6.674068291828388,5.923676684764616,0.977509830037842,7.229266639731773,8.195553003042988,-0.09422981384855883,7.408007140342918,6.6781130852315025,-0.3459053383026876,7.167268740004424,6.466604925905602,0.045045204677950305,6.703391622780513,6.151340567565533,0.7831534920704467,6.96628684994773,6.010413768879879,0.36078873637565184,7.038985118449515,5.996444593068492,0.31537234888776516,7.222386511529217,7.393762247764067,-0.055496426845381586,6.7423650405938975,7.034150126475731,0.593589331810755,7.403197019727022,8.39502271453998,-0.1522085021409097,7.183049971890641,8.28330910222151,0.15793087973697822,7.0981341817831405,8.200660869343338,0.32748563285603954,7.397439655680636,4.944024809028511,0.0876635810581568,7.58449784898037,8.397096275177766,-0.24086595487395787,7.115500074472054,5.966751744799147,0.2883013192516916,7.191440146822224,5.9363198618953605,0.28368237499300464,7.2472351298918465,5.918821085094293,0.29361959279847405,6.694170744495411,5.904327478936543,0.7157394544443322,7.1713206395097915,5.811073388443916,0.29004497909232596,7.085414969358275,5.773663313126465,0.2949474124178181,7.003054533621398,5.770744836930648,0.32205776988855495,6.93009262872598,5.807160057932506,0.36426479732616146,6.891244988922496,5.860578405103197,0.4064361832196491,6.673216270168105,5.922640615055947,1.272225472489324,6.92007942003953,6.003660839907674,0.40866518984424804,7.464929861840289,6.851639128008485,-0.3006126192005943,7.212529637092359,6.975168056545081,-0.13133706928041602,7.253730817962448,6.622991760655582,-0.2111593829446341,7.351546315492073,6.87437652339138,-0.2612638215356302,7.441990653153374,5.686335356608761,-0.049711815338164565,7.033351400582354,7.996400223706537,0.22632558168074757,7.1283116662262245,8.096869139817896,0.06633718555247775,7.36807155628431,8.247178125309823,-0.2509493807333083,6.956513827517473,7.914441993357251,0.7797169810202959,7.240314496906441,5.864601880199548,0.2905751831467705,7.302096371125262,6.088867980207599,-0.12285330476148858,7.552378266791202,8.250002800955883,-0.33570279640430045,7.277514942207392,8.347411829436567,-0.011294643639703348,6.761626130754017,7.1846317902524355,0.8984606602988854,7.3487820417151735,7.262167893168908,-0.18475204105253706,7.335881623682824,7.304437831818034,-0.2072447644521901,7.329739108894259,7.361018749796976,-0.23086298341606715,7.328514727475853,7.436501189161973,-0.22711911123685083,7.316961626430908,7.622873643594172,-0.17540866022654192,7.236151742205907,7.309501640284406,-0.06622734075622587,7.215162447977556,7.306026756282082,-0.054247190724013204,7.196717138356223,7.296561428079434,-0.043109249824166536,7.094451088984767,7.234251570463123,0.00952320546243473,6.806878500519248,7.040195998273639,0.34773267249736567,7.318623743748175,5.97434816810893,-0.01889738680038809,7.303463585198978,5.776520321537783,0.19921606805965336,7.2671180039992125,5.803044914117074,0.26205852803991936,7.259134298116573,7.312405193665489,-0.06291482008712675,6.842944101290196,7.432677395538966,0.4312156059115777,7.354013554194745,5.751598155016822,0.050395905367910124,7.273847482833978,7.820401257345079,-0.14680790884082576,7.403067688665995,6.064724287188591,-0.3490226743287753,7.344305907905227,5.991764514123849,-0.19573303424630678,7.415028679980333,5.944239968162825,-0.2400698271492179,7.253403937258753,6.318850584174075,-0.13673799567904313,7.533272089660224,8.06307678115808,-0.3598207298026374,7.5279467766308965,7.843531620182633,-0.32144322528298036,7.393062296692024,7.850936889341777,-0.2607428110009771,7.088714332634918,7.61857231989968,0.05119506428939291,7.140279053032591,6.770565607389852,0.020230538772243952,7.178166658421527,7.746030922982871,-0.047273234213489335,6.942521912178873,6.816095115142998,0.12211905564278437,7.061024694591044,6.944824999919472,0.03889075385825437,6.894592673694469,7.09420379662632,0.18600501342923131,7.3654337711275355,8.06694179017416,-0.27484802425739335,7.223613024778299,6.424661157349946,-0.06878618710991175,7.029505578042358,7.781731980708177,0.13966010264898035,7.134551534615674,7.90896958401126,0.008217523711060716,7.008081390356048,7.459409130998969,0.12380991936432666,6.784800551425547,7.294689680745667,0.5699015840776341,6.924674936367347,7.5362999998307565,0.24366098474967668,6.810192786610626,7.475513690537754,0.785726434044151,7.005929662593464,7.16751461114242,0.0791460292436674,7.2683729416573115,6.207254222542801,-0.052088490098592115,7.239436182667817,6.553715790999439,-0.31369166687835903,7.215556836652667,6.620493965713216,-0.21449261123983346,7.251875414663866,6.4308448875315865,-0.38618157113810825,7.216813195531216,5.66590673384827,0.20922596796724197,7.053567550885443,5.607450515484434,0.23518367123920192,6.920972657092888,5.613794488271908,0.2778489534459288,6.82585037231762,5.667712039125959,0.34777304404079756,6.775719663354852,5.760512760294767,0.4276641092443254,6.793121086555038,6.03141869653319,0.5696097897538194,6.680208674786278,6.550007826843176,1.0251939968207524,6.857397202665097,6.200595094120351,0.4452717426493006,6.9354612889790594,6.213723618035061,0.3531912027373912,7.042773381561251,6.182063090051517,0.2774389313458591,7.149622866886693,6.122582882352845,0.2337316946895346,7.232794819501003,6.0574106867485265,0.20314874049313705,7.286952556611249,5.998729204943231,0.18659867275614928,6.756008046311814,6.633707052244752,1.3829740761216673,7.235491585306488,6.671512226847538,-0.17468055122431678,7.288635281625053,6.195759391536341,-0.21306204182320707,7.280371595313596,6.5298463935274444,-0.411457532725052,7.348650578823469,6.612931651694253,-0.40418146138751754,7.299029377392332,6.57088484465591,-0.36859991941950015,7.2712303053737415,6.719118848289599,-0.16269799733095092,7.355545629840759,6.61666377659818,-0.43424467082372603,7.384776581463579,6.66844807555551,-0.33669904973377546,7.296450572884267,5.896276975692714,0.2567082104132842,7.325129380361933,5.910335688392504,0.17239499557037272,7.33711382181371,5.918946152493968,0.08646279967153453,6.873366746261052,5.907962250239588,0.4447149351245417,6.8085939136034215,5.875850129457786,0.46476649033416756,7.485017391692576,6.076946783065885,-0.3474995479302875,8.194498457468459,5.75131888519823,0.035621724755608146,7.518364908351278,6.627946845757464,-0.37223155959623855,8.677867613175753,5.178863367970422,0.4684854689489245,7.9214784558094005,5.89963034534649,-0.002436276499129692,8.015417574559336,5.901995966786927,-0.025811264824919907,8.114700482204462,5.885247239078794,-0.024394649461431033,8.252710936524975,5.803403772280913,0.027450903542165412,7.838038603140104,5.881409943861504,0.03628643122596255,8.02234176059587,5.435699932355673,-0.03408357006118102,7.905355420404753,5.474998454347189,0.004559149600411924,8.13803834322784,5.452412774247422,-0.03346326285080965,8.222984689575036,5.511905062319927,-0.013893429202670306,8.349982106621924,5.8831960626631075,0.04582065531062314,7.930285048333081,7.939744691653926,-0.3209197498191078,8.229585547959,5.705576904987682,0.060226009785181674,8.749351448802289,5.842246437812819,0.3915600466949259,8.480568815917433,5.786283040119771,0.12659654405347287,7.9755594470153,6.4536355786813875,-0.19215691049342962,7.585691674159082,7.018580656436689,-0.37952466337261365,7.591990523197241,7.176866241709002,-0.3516995208413783,7.723659491866069,7.081206735603313,-0.3677837835756006,7.821965310451237,7.151590546600892,-0.33282515808987606,7.701144517483733,7.190925665019017,-0.34569406500004124,7.791807012484239,7.2121736213694225,-0.30627964692207316,7.980744059219994,7.407447890095509,-0.2632996976249007,7.466261545402733,6.501934334483011,-0.518503013233293,7.468789896584792,6.356063109848858,-0.5325575066848696,8.346903032515163,5.4072989734761485,-0.0005406732375630042,7.769330411054075,6.112113461901672,-0.10475895886852178,7.758210071636414,6.492885423872461,-0.35055883598358584,7.768857144643943,6.427745205728287,-0.315770956811089,8.308740420968988,6.425661696547343,-0.1574342076025459,7.473675341884583,6.198088771855281,-0.458761789516195,8.052079377309417,5.276042514043179,-0.07608115623812856,8.21410419358791,5.304986379134927,-0.05009082041222298,8.50104291773235,4.891625476921077,0.35396039389327366,7.6238457583825525,5.488005108608238,-0.053864182915794395,7.8138117687247215,5.563802703608211,0.05351854876411899,8.058690894846762,7.264123492509275,-0.24762539037103945,8.811450255181647,7.387044138692907,0.41215171008901313,7.693791122871045,6.589814079840757,-0.3027272175789,7.609420370806443,6.6457959533996664,-0.29771803727360746,7.941238394347768,7.276203155731259,-0.2333393268122528,7.9220945548748425,7.268343096027843,-0.241068612027621,8.276762960824904,5.2066915750082545,0.002717014380154837,7.781594122324444,6.57678290952693,-0.30762862940219304,7.85932066878133,5.336280942852379,-0.07700527707808065,7.862526231508219,5.196887996338304,-0.07931031344515763,7.973445381594663,4.566561448267296,0.15455028482894043,8.37434679942104,5.0356228223907875,0.15585751895831668,7.896409548276889,4.853370130740484,0.036742051740770686,8.422224163358988,5.347005117069366,0.07770398458222888,8.543960932907064,5.263965337956984,0.26661660409148485,7.5888744973587565,7.10439252603845,-0.3777224226015209,7.710073334966187,7.139075989920949,-0.36350622091052126,7.805713654595788,7.182788467327685,-0.32851413012449315,7.675092125399235,6.6263920305842365,-0.27983419855663777,7.933993012489344,7.2718421407778315,-0.23605063792078884,7.876174922107939,7.2816414557864295,-0.28294458392645805,7.911395607320858,7.26646140015092,-0.24061590890088677,7.617737352884807,6.514384225632441,-0.4178342379960341,7.7824688835119415,7.232406115707697,-0.2892208044702513,7.695814940793053,7.219183080633005,-0.30924979780521994,7.595488146726779,7.224087712408882,-0.3172206904972323,7.647555979164053,7.621742352115297,-0.30641635056418914,7.616686360361404,7.415325004444335,-0.37248073951309746,7.605972489992686,7.336067803561885,-0.36880779511700623,7.600671337711022,7.268490902954731,-0.33466723744673166,7.593896379821829,7.222255759247739,-0.30951048072510284,7.782417008965485,7.231871736818178,-0.28390675017168227,7.793564351571713,7.254289357599632,-0.30712687196333505,7.806920981368784,7.292137168815943,-0.3326466394773078,7.821402507152701,7.334337467662978,-0.33003114971635633,7.908082031839705,6.986451125704364,-0.29691276044221515,8.909022724014177,6.602475022227138,0.6456416196493472,7.851636129803595,7.24985586040321,-0.25984080235264895,7.8597711956642495,7.265742262602791,-0.27533170554864217,7.583311129903912,6.711047026739007,-0.3129660672184924,7.7568833623455475,6.6840651564796545,-0.2384736411369286,7.595184716160523,6.68266667555602,-0.30572443827032153,7.882561176203825,6.189175587797787,-0.11649357641292327,8.045302287589546,6.268208946459228,-0.14399499157333884,7.801789664930997,6.506795619035137,-0.27485550787132984,8.271596113875846,4.67965790808444,0.23532552680545218,8.16450359985331,4.893077608916731,0.08282341495366748,8.085848996442019,5.146863168299125,-0.045135868549758124,7.888538829420092,7.486577181137382,-0.2993233723925491,7.63369481610693,5.290994108491215,-0.0683508550722037,7.652342649642509,4.8831482522368805,0.03687391990236833,7.692566030842413,4.545103506595278,0.14413870138814608,8.202377703647961,5.854864032975449,-0.0026318782092753547,8.472817479578506,5.97898063616847,0.05948121254594383,7.781615440631207,5.858341759418675,0.06570493120769146,8.339296660662223,5.598404447314786,0.03744468980772829,7.685226848434233,6.020635186362379,-0.10990368807431396,7.669911066245668,6.4227567219458095,-0.41668509243524515,8.618683019330858,6.090773126221961,0.10857150486405447,8.386545134550671,6.069219607474624,-0.02749704046621531,8.235127597107082,6.1202598975259335,-0.08468013399149527,8.035085844378624,6.116485846618707,-0.07894167328743411,7.893405798854022,6.0768842493660475,-0.05372837863974499,7.783131172242037,6.022457190980367,-0.039957360375867564,7.524687207526876,5.83947434732344,-0.13876324592478653,8.615394315207594,6.408184948663263,0.03481837156830264,8.425304658686201,5.584126156055339,0.0656599406977943,7.453196976408312,6.60129754108361,-0.4807633924238018,7.758107033153728,6.241246973286187,-0.1621947520519334,8.870943964474602,5.880031715329294,0.6902457796495741,7.697830231392355,5.953980657827826,-0.02011818046990175,7.825296651188025,6.532668937342828,-0.18179276028518235,8.292028289687464,5.711626329836717,0.06614212859724124,7.68268996992947,6.34458817592871,-0.3705882734499454,8.885671361396517,6.986615987276663,0.5518880145813855,7.777562119905388,5.81554667981296,0.09606933944991679,7.573464914620436,6.254495590328994,-0.43112296010343804,8.470252176664726,7.666645812259845,-0.049793518859161175,8.531366787881872,7.908283134533501,0.07921967733156174,8.797925921371377,6.504467659936648,0.332369035151432,8.62312717568066,7.4687579191246485,0.0584273831332823,8.6551565103712,5.530404023013278,0.3580793128255271,7.977748126509606,8.129248805349569,-0.30783379589821475,7.46948132033413,6.664412520085326,-0.3638942585067419,7.854610033596994,6.351832136566682,-0.1638296663215083,8.589248122573341,5.814660904166969,0.19340440895073113,8.09317254542524,5.803692280032435,-0.001021752456676555,8.012016594020457,5.819264592512379,-0.004430299797384089,7.892021530134896,7.305532171565187,-0.2791352689867941,8.628003383047519,6.72934168699255,0.01996380039842837,7.799754477245382,8.36713197380231,-0.26833936755017784,8.168320997984287,8.20626332036058,-0.1356241807703995,8.33681094609369,8.09045801436412,-0.04318715324594984,7.930859221395224,5.8210716743156325,0.016256398345957105,7.86047754222832,5.819075925497529,0.05052005119494867,7.808759330021956,5.820212546553095,0.08469221436532748,8.521205772268534,5.56058896886373,0.14664486820723002,7.855611283404617,5.670472759851732,0.051415769832453335,7.930551527167615,5.596740553471955,0.018206409958262542,8.012887802156827,5.572549604872956,-0.0013821508543002171,8.0997229504832,5.588658783378206,-0.003356699251297322,8.161122516400741,5.629606276397818,0.011845239570587428,8.793560642756596,5.489561345001917,0.6036558362641126,8.151812101227234,5.780337364363648,0.01614370139342935,7.7964160304063395,6.895193849945178,-0.30461171148358557,7.684246206323149,6.551527822115358,-0.32844018224791,7.58983524238353,6.840513814319246,-0.33250966935635734,8.309813442409379,7.857068744976962,-0.13548948682282733,8.152347901337205,8.002932152898635,-0.2195569748704441,7.771375547282846,8.21544298325261,-0.3661773825413208,8.685909589096877,7.6964900205072055,0.24263961579004684,7.8026992460195395,5.7585404616141025,0.0772139688670175,7.587176849530219,6.0372314881771585,-0.21701965223428923,7.9884826045748625,8.295832896834385,-0.2285215227232948,8.788612663756968,6.861278555716363,0.27233925926967273,7.694875514075042,7.217524516366866,-0.30287913272115397,7.704036701101209,7.2568781106508515,-0.32955912687411837,7.715512345631582,7.31071394132898,-0.3599840369150677,7.726263167732023,7.375636712744175,-0.36293970911487144,7.7786493535502865,7.563036709562337,-0.32370081176258314,7.866984600062529,7.244163872497563,-0.2738883451479581,7.8795218962696865,7.2302288059769975,-0.28185894915456644,7.895459462405498,7.2188547787088595,-0.2863597766698462,8.002116372359849,7.113972973097617,-0.27535220221233175,8.441499465723616,6.777936056647951,-0.13259308395713787,7.602065554973304,5.91814600538014,-0.11517855888092168,7.682414253162005,5.698202192068231,0.0747349995439832,7.749561945193003,5.708768255510061,0.08296596447521602,7.850764211056999,7.250411557599492,-0.26198995415316595,8.510896949728307,7.1908723692521095,-0.06053844511538805,7.570243718468588,5.701123510704949,-0.02357472739742414,7.862121183679727,7.755420926501625,-0.3142881353363244,7.504213105711957,5.961768235288248,-0.24573534482396775,7.6684337075870115,6.246347733484281,-0.2626105389456566,7.692538317043622,7.822863521776173,-0.34230898436495544,8.106873110571415,7.492291908570243,-0.2437442815920381,7.91464878093285,6.652462898534595,-0.19918495665572153,7.995418160375001,7.649391485376323,-0.28032092214791415,8.152820457137112,6.618110579017144,-0.22162000959426748,8.01967199797895,6.797445149776743,-0.23517481081795366,8.278158599307638,6.877703600466815,-0.20866163241540753,7.7382596895576325,8.03199326867758,-0.38297112296592045,7.752506003356935,6.338509616060432,-0.22600527412163765,8.230129875391674,7.637478104947088,-0.20073375384860284,8.084170535089568,7.805959525733785,-0.2542654433502498,8.181156750486123,7.297179658975552,-0.23158678434380064,8.625666896626324,7.009857205309383,0.019928633519733455,8.351384851206912,7.343266285145432,-0.16876427696627042,8.743704939951067,7.186570334947392,0.19047747205191798,8.120690926404787,7.00299839541359,-0.2455502974799534,7.670837701979622,6.135362496646872,-0.18654102450161172,7.63932569153319,6.481745187368488,-0.4361621636907547,7.726532489007459,6.539617994737251,-0.3551895497241314,7.56740625183847,6.376575584615949,-0.48315357433015477,7.738683213251986,5.5536615850811835,0.03806902751047198,7.88654841017868,5.422415784801595,-0.013613197562035245,8.030064672525778,5.375115436366692,-0.049588785391245636,8.162549421733393,5.393580998379449,-0.051027277001557035,8.269673202605848,5.466356012785581,-0.019749569458300763,8.37096003108667,5.748179053917194,0.08505489205912829,8.787195706967474,6.1695790896112666,0.3604744467968885,8.285364186993437,5.943928720884089,0.0036282602674582018,8.168766550595628,5.985620578114833,-0.03118953219514804,8.03128479028283,6.000097129627172,-0.03849797793525717,7.9057348862651295,5.984120479928962,-0.015189973644632053,7.809712968944475,5.950537395980533,0.015686502824272957,7.736159836341504,5.915366098178281,0.03358243718209142,8.89910686892861,6.242152290713378,0.7004520522516448,7.7379711818061105,6.594985901061394,-0.3130220943934532,7.573415882514881,6.143037087081452,-0.31034968919475914,7.542896594553368,6.482858713591727,-0.48958810550823073,7.507271572122183,6.582894868075803,-0.44889154672447173,7.556805368495594,6.524162222334277,-0.448620715402307,7.719594801376644,6.656084878853582,-0.27758282991650746,7.484264855463852,6.590870046635737,-0.47127812272170205,7.497767160357135,6.652023030805057,-0.3679395182478162,7.738531853273971,5.8182107575480755,0.09492627848918307,7.678999060418617,5.841950823959043,0.0534994566659531,7.631392438976556,5.856204954470824,-0.012527451757295882,8.198327225363045,5.667346074859866,0.03189928746764466,8.283478938065388,5.602747697012577,0.023992688346105993,6.9835788391732,5.8639442104359185,0.3291501928959564,7.070301000473729,5.8460844436403345,0.32937949793307286,6.977754677765624,5.741247406473295,0.3294644380615806,6.903192478642552,5.882511034405798,0.329395286804019,6.9921829077826345,5.9951811280876885,0.3293598007058869,7.979393899791688,5.679203317081292,0.04352205884871407,8.077384207436767,5.6651613037218,0.043087381904807584,7.975595688136797,5.5505235303257106,0.04308629100707871,7.887855932993459,5.691521034728794,0.042966072967028354,7.9827565073783955,5.812444866178984,0.04298465431409472
7.478142496822907,7.075633009943556,-0.36387427545505824,7.399287843418312,6.517361192021997,-0.5133333969841063,7.466040789990566,6.7318409249139615,-0.30914809387104425,7.343704389404004,6.1100967007292795,-0.2910618693854267,7.387448722133492,6.364897903251617,-0.5250014195898429,7.397037720108665,6.1996832041126195,-0.4619820445575883,7.439143917525437,5.8218033876539526,-0.14084189911629852,6.897459109162564,5.993665984313104,0.45098031498833624,7.436599186040523,5.544587057323082,-0.029304092893447833,7.422561889264399,5.357256108234518,-0.0152010107433444,7.400087697498022,4.604677745480302,0.2122809347384561,7.481670678786611,7.137571176530651,-0.36154578565917594,7.491754960070929,7.198548664285354,-0.3375912812114143,7.502380779571135,7.245657507770064,-0.3005224877564472,7.5038111236104745,7.244543120324489,-0.2898434528755479,7.502039204875174,7.298974471353876,-0.3130046411967643,7.504968207893045,7.36840379799178,-0.3442101359872367,7.511562022753004,7.449617451640361,-0.3478607377882627,7.5325162071223515,7.6515791835392815,-0.28368378923884746,7.42254979182725,6.619973077144674,-0.474811599033082,7.378946358659847,6.660670278940604,-0.3312214468421921,6.661388297416073,5.618286423467481,1.1100712401133657,7.1456494180901435,6.046854145771981,0.26525354388431543,7.056671344633986,6.083172075320102,0.2960913566420385,6.975491136841051,6.101930930653946,0.3469412880890941,6.875275255887755,6.058873305386132,0.4668768811121136,7.2217607997177975,5.999624327915784,0.24756219842709581,6.961143576382763,5.6645815364004575,0.3012304991607458,7.0750053664397266,5.658242123527594,0.26871683555096093,6.8725768157896585,5.715889969610621,0.3538274428548552,6.82732172664449,5.792662796404725,0.4049652221446534,6.82652116095083,6.168000727834277,0.5194639956385397,7.243630831240691,8.025052686420043,-0.13061558413516405,6.870044181741893,5.9613234860962105,0.4957020939539111,6.679386437437452,6.247741340606523,1.0473999332543655,6.748006659014297,6.108806544638074,0.6626173725297303,7.077367924753461,6.613180721992687,0.07479360602001683,7.3762628624546975,7.055971828121214,-0.31316955772965827,7.405165774644652,7.211433146462607,-0.292488833258504,7.2869097684469315,7.138519046311945,-0.22649497862939122,7.234723559429542,7.228042216053741,-0.1376997899583623,7.336143491186103,7.239618751791042,-0.2237190170866248,7.2836306513657,7.279540294381559,-0.1426115718200701,7.171877373442348,7.521182331741974,-0.011332589054770545,7.3338421316720614,6.5336635560007155,-0.4844700238442443,7.311021383912074,6.38757775144952,-0.49076464951413434,6.72909196022542,5.73865485567554,0.49848503820856116,7.237790615553697,6.216320738261751,0.07009197821237878,7.200316313336955,6.590446079520639,-0.18619581364876184,7.19956057932214,6.525545464060027,-0.14529236611600266,6.843920122026376,6.690104766751149,0.2868320805429736,7.324915646284263,6.233856329215682,-0.4030544052615023,6.88315922683892,5.553387942848719,0.26815968630404535,6.780872549291356,5.618969928666379,0.381109165039276,6.685759651972936,5.305267372088231,0.9283582163041895,7.262303581286594,5.589964544067636,0.059640526367838335,7.1850763889854665,5.705079130483435,0.26922439420074146,7.098329225262308,7.405342254904232,0.05948538340778779,6.91753089223401,7.678989129662304,1.011888707070222,7.2754328586626205,6.6634356107499935,-0.18207363417829817,7.344662221780596,6.695466066249846,-0.23958769683873973,7.1983010226307815,7.374066821805244,0.03139314127363395,7.216593059213477,7.358124534485184,-0.008302124064325005,6.739593958898341,5.540387467597628,0.4642505808781898,7.218770597900233,6.670242909794929,-0.14681275155794288,7.036275777215326,5.540301006502713,0.16017465998178462,7.006096229599215,5.414267059832366,0.16609559937622284,6.932590066642219,4.827332143621975,0.48804944201234235,6.7133553293368875,5.408063209416962,0.6696912599506546,6.974300606702835,5.081496807466109,0.32253281841715525,6.693782387644336,5.695434982427143,0.6188299426804004,6.676834589813039,5.661545791290099,0.8518440611808814,7.385882459829718,7.140130140294564,-0.3125131605746648,7.311332359208189,7.194599918477247,-0.23135403434499713,7.258617421026009,7.253306646117755,-0.15037811535053,7.30286272997624,6.691853913840052,-0.18135354757478683,7.208014553047191,7.365905321413611,0.008252862866615987,7.241278947136205,7.367706416320859,-0.07631583721063964,7.226969813831213,7.352253007784394,-0.014909108646906574,7.279842730310275,6.5843133905002285,-0.3067407038784646,7.306023719141785,7.2939092032583455,-0.13442341926221849,7.358402063925653,7.265934235659087,-0.19528826075244238,7.424976395396477,7.25227480589037,-0.2560267129337797,7.429954846590118,7.665878354248976,-0.2489600750799701,7.421364954600633,7.455328865202419,-0.30690428613520243,7.414154882060043,7.373175881139944,-0.3015343138414898,7.4167010367728565,7.309072984917193,-0.2661489988506102,7.426050932460857,7.252521024317043,-0.2454844413588807,7.305791021380161,7.297771843778512,-0.127906558779562,7.293017550979096,7.329798741208616,-0.15029102047444057,7.282719785509802,7.370508752055644,-0.17029475546192555,7.275531773001659,7.4191959552812765,-0.15512773818339978,7.148311565876795,7.103414418548437,-0.07093522406458214,6.7997167982991895,6.979854041968012,1.3180378373769437,7.446843580463572,6.681529818654611,-0.36601894647250177,7.267970874783758,7.324183395529796,-0.062471749181403226,7.253980544528329,7.34809504747501,-0.07666901454967538,7.364723330642794,6.750125133743208,-0.25604219053719046,7.265849553599046,6.75946293199406,-0.1114229778609083,7.355149988174518,6.725452054871579,-0.24992266637485264,7.156586924500416,6.33058459020042,0.11654757676951409,7.022981405402919,6.461897289151275,0.17153574347677836,7.20099163497543,6.60771766169915,-0.09984133851731118,6.771423027650367,5.040064152652937,0.7057027062657202,6.808772797425873,5.212851847446983,0.49722730502794926,6.845455784930303,5.440741233611243,0.32154174032634003,7.240854113608103,7.58026265670619,-0.09474781712417456,7.207636686039783,5.410429681607422,0.057041656627890326,7.168005481940834,5.007095789967089,0.18891391208222535,7.134440786764952,4.691441276324309,0.31572594189300246,6.912689070918754,6.098735784018805,0.41053884945565877,6.7600023353681,6.292163129816334,0.5878484950944731,7.2726945681833275,5.951533457180185,0.2545731080134523,6.780011496411952,5.898243890733444,0.5195991133372808,7.287473366695268,6.102900148853737,0.03017041338392575,7.222238292678194,6.506342561621434,-0.2841217431491514,6.697405214263378,6.452477655296183,0.7128295644500418,6.7999701328653614,6.365537644192595,0.46738025902993835,6.89161106572212,6.3796503720474105,0.33388286077695734,7.044743271605425,6.312545888183895,0.24012022869057525,7.161436573569121,6.222069867363156,0.18850858122393807,7.245431214533989,6.134998919292783,0.1418508342696696,7.364671382824449,5.879193985294083,-0.07769453920325396,6.713917504357324,6.7443105361584115,0.6304674548380342,6.733116137112218,5.912357686009184,0.5944015700557997,7.386826059927311,6.623826466683491,-0.4544451188346253,7.236660572601224,6.338457175328386,0.0073390317209484374,6.7171126509924655,6.308467628636904,1.3829293797596942,7.305317798103465,6.041137750912273,0.12131293294205789,7.209245645180553,6.634939030125443,-0.006672505881072062,6.83712420880464,5.984655528479215,0.5229540173041791,7.229528065981175,6.427011126870392,-0.23505860761653738,6.854255603035015,7.326382994248999,1.194926933957637,7.281640978761723,5.904913136672095,0.29392411411962094,7.272096100851445,6.312281167794525,-0.33344719737405465,6.9544657910767125,7.859953268740933,0.39428669873628064,7.024169800699285,8.081702849745282,0.5313039174890539,6.7228304690800735,6.874187909772277,0.9866787154733779,6.8805853191820585,7.715590281562494,0.5816235631158034,6.67887407539351,5.936800201961039,0.9844202306998191,7.238426086810976,8.211803670139423,-0.09920128624522993,7.417988346408262,6.684360618947394,-0.3488242186005826,7.17676260320855,6.474475777330062,0.04477937799938858,6.7086230965699185,6.162435195131952,0.7884183545832224,6.973228204480305,6.018891275609871,0.3639548212590148,7.046176462100564,6.004617723002374,0.3183929820255592,7.232709691951268,7.402621043159738,-0.0573685431671669,6.754694406915646,7.045288367891064,0.5943300528538328,7.412379405254992,8.413673603838804,-0.15866709470991092,7.194066919628757,8.299193421259359,0.15314594892771216,7.110981721291887,8.21440461912638,0.32356443626518006,7.404568018926719,4.9485128831538665,0.09420919207789284,7.593813209540568,8.415583575680389,-0.24757440705392414,7.123012266729236,5.973920832044671,0.2913463370619073,7.199361327416162,5.941972923763008,0.2867270062956807,7.2554678176836624,5.923201259378066,0.2969206537489267,6.698572261141248,5.914978560186739,0.7213542992872376,7.178973587750952,5.814684757505927,0.29367791793088455,7.092379421027026,5.777760888679448,0.29859581522497447,7.009208829016165,5.775664473982983,0.3257090628067517,6.935550380673886,5.813371473961349,0.3679080813681162,6.896723300338347,5.867819903725535,0.4100543293075069,6.677425229391472,5.93706136428066,1.280229165555483,6.9267541206389245,6.0119978712769955,0.4120005045087946,7.4753465656136715,6.859505179143576,-0.3041382871877349,7.2220077297584195,6.984878036454448,-0.13431275217403793,7.263690516874989,6.62935286061857,-0.2130862593504063,7.361481929100908,6.883194095922466,-0.26475854966833823,7.45077809399268,5.691692248857538,-0.04683577275039614,7.045358106058156,8.009158788848579,0.2233696591130859,7.138965939872494,8.111566440767628,0.06230189026724769,7.376631478480756,8.264233251127685,-0.25678922951905503,6.971646998283584,7.925571902677015,0.7777960931527652,7.248611417276182,5.868200617188743,0.2940556515106765,7.311051983311921,6.094879548024188,-0.1222038513694219,7.561300991396619,8.267220606489449,-0.34181388720056044,7.287091230004161,8.365098835617259,-0.01696599680211769,6.774477986337374,7.196230226036514,0.9000401618293256,7.359089483001276,7.272330933454919,-0.18676790678862573,7.346341630702407,7.314538180052579,-0.20934288088065947,7.34044092782967,7.370686655543124,-0.23348751968066536,7.339272457723902,7.445759080803894,-0.23014444629568453,7.326056363445986,7.633542616364607,-0.17905735838085016,7.246318597129539,7.3191344945551124,-0.06844275728859912,7.2262795482997895,7.31604110871481,-0.05627272995758175,7.208442944645043,7.3071281439920615,-0.04499931952501174,7.103615093682314,7.245626908370217,0.007907350666122852,6.818823632854544,7.0505372323856745,0.3475931709430927,7.3275906031220135,5.980276256231408,-0.01729200911253782,7.311796331503537,5.781122552978871,0.20269876380961493,7.275397989579074,5.807480733683911,0.26557634976234795,7.268567918887741,7.321719076421223,-0.06517147352030045,6.856458759823968,7.443171652481984,0.4304738692211046,7.362357925873259,5.756569025250828,0.05336496416852859,7.283225031414245,7.833045722066554,-0.15079594392881276,7.412474049910331,6.070065569590475,-0.3494807491831917,7.353385185578717,5.997295927071646,-0.19490263270539349,7.424267627902357,5.949412847609423,-0.23929795877144258,7.262667927628954,6.32533003279421,-0.13714339680126852,7.54197071006099,8.078070772144889,-0.3652437542637435,7.537040648615943,7.855805982640798,-0.3261274918093047,7.401880253037871,7.8633583414913,-0.26530804906529215,7.098273007760264,7.630647770816332,0.04904183158998826,7.149719138269737,6.779301305689932,0.01867486125994601,7.187598348823983,7.758581015119016,-0.05055591813657488,6.952764322122453,6.8254338148353515,0.1213337254121571,7.070722873689108,6.95448642788126,0.03720600151968609,6.905740872311734,7.104735174039488,0.18512512374729925,7.373905285438612,8.081872925479313,-0.2799936039118571,7.233104637693473,6.4315590516243315,-0.06942650242003984,7.040272912772027,7.79426276179591,0.13725067260421897,7.144636079825458,7.922538292408505,0.0048564125284394,7.018137449245812,7.471003585677309,0.12242158300016151,6.798315630431797,7.305526300990791,0.5698299851237777,6.936578662831521,7.547413133549979,0.242391767132528,6.824551413537451,7.486345270823636,0.7856919836375911,7.015775602546028,7.178758680338076,0.07777621914194323,7.277537812726484,6.213711249907394,-0.051724188100920256,7.249427638476741,6.5596246561217,-0.31584829501651684,7.225357296620693,6.627367457698293,-0.216603522487566,7.261325823719404,6.436631435859361,-0.3882454965843059,7.224538228964335,5.671175351260417,0.21317703460489298,7.060258590555533,5.613819622703833,0.23941710963218232,6.926934870582204,5.621356326047437,0.28198970327931894,6.831319573815141,5.676439515454951,0.3518761306903665,6.781325135763505,5.770097162245784,0.43184385950231635,6.799345335817332,6.040768423272264,0.573689556808785,6.688088052817075,6.562445493819184,1.029743101073717,6.865037265990255,6.210030070944457,0.44805424737800853,6.943654240335577,6.2229010324566625,0.3556043206498697,7.051155624908155,6.1904720731448535,0.27959825788680465,7.158111201581145,6.129693125682179,0.23584649768671453,7.2415080868280794,6.0631586445925505,0.2053590213717115,7.295764380825787,6.003625021542235,0.18891682525183284,6.762448864127925,6.647375195514247,1.3884523045767678,7.245170763828319,6.678561676869495,-0.17679926277117014,7.297771843778512,6.201734787130239,-0.21336983750944943,7.290198848123462,6.535678846706889,-0.41403176205296965,7.359011205466785,6.619080713251474,-0.40701729439686357,7.309307105906717,6.576662117310687,-0.3710752526798512,7.280619812743588,6.726468239592065,-0.16497448495502764,7.365676893335687,6.623182456058814,-0.43724634365836595,7.394811080059365,6.674634279479886,-0.33948517502531883,7.304957721444805,5.900088394091637,0.25982773213347005,7.333916139522853,5.914825207380532,0.17493609066575982,7.3460520038247905,5.923452459102388,0.08882161289840369,6.879025461403834,5.9156645560344625,0.44835348104394995,6.814785223688748,5.884751334435984,0.46857287953413257,7.494394336211182,6.082271172059504,-0.3479895176752623,8.202361264637933,5.759268888576825,0.037848811295823286,7.528132665190844,6.634415282258302,-0.37496847036192804,8.690341991428236,5.180814987421581,0.47509415424707213,7.928671693042866,5.908459464791521,-0.000584727240950831,8.022968369160727,5.911076069285378,-0.02411577117942029,8.122545220786995,5.893515216036225,-0.02274750989772745,8.260789039610072,5.811188598169969,0.029454468595982313,7.844923270504671,5.889397817721987,0.03839207851123142,8.029463981295597,5.444373311211636,-0.031242482037416298,7.9128816911080895,5.483586797921982,0.0077477100835294495,8.144968176348977,5.46071694879945,-0.030854760844647534,8.229952672318184,5.51966562518293,-0.011341295901624597,8.35857902860809,5.890317222945284,0.04760384326017122,7.940495870434738,7.952420385393549,-0.3261262242469565,8.237266640495463,5.713117165854757,0.06269618554982724,8.76109349678509,5.845806837798707,0.394714245292567,8.490180642822613,5.792601597605032,0.12927175678557978,7.985055712750834,6.460367319158946,-0.19347146586242453,7.596486031536468,7.027490191389613,-0.38332606487263643,7.602449356436798,7.185106276771363,-0.3555635362753649,7.732676132500075,7.089862442486158,-0.37125646961978553,7.829682634539232,7.159821209902803,-0.33578633914124983,7.710577672899256,7.198504544220459,-0.349127566284672,7.800380506923372,7.219095805475346,-0.3092689125769791,7.990870310335632,7.41640500536969,-0.2662747099024508,7.475940763261854,6.508270323811767,-0.5214740381918328,7.478318977082488,6.361869274280757,-0.535141651520973,8.355951038291035,5.413677843481832,0.002965553497854514,7.778001671426285,6.11819130940962,-0.10413714067258738,7.768902263848657,6.498576718585956,-0.3525558554401558,7.779535911102313,6.4330726544958114,-0.3173831795926867,8.31789392424931,6.43219025319791,-0.15855171317931216,7.483175742290692,6.203520226530588,-0.46035084748088395,8.060295367289836,5.283535037864646,-0.07198666703249297,8.222579640183062,5.3116637140770875,-0.04626562265018458,8.512141760931096,4.893360311386235,0.3613033699195485,7.632616095001811,5.496294088225705,-0.050015047058763744,7.82150761348255,5.5714526187744156,0.056773411525674354,8.068943611623215,7.273141461743878,-0.2502985764438979,8.826920633608498,7.394656659832232,0.40946773703341344,7.704558130496882,6.595911274656026,-0.30499269092429365,7.619701013424711,6.65206188498842,-0.3003284617654143,7.947351559228268,7.282541170408372,-0.23572825858134813,7.92854573737373,7.274519857964873,-0.2433965882677511,8.286321036519254,5.212221357487354,0.007088196142827581,7.792776911868476,6.582535778853328,-0.3097514980247046,7.867754692473906,5.344220052285932,-0.07300843347489855,7.871141263261577,5.2048358721081085,-0.07483691440025025,7.981758093706905,4.5688654176435985,0.16259746086396723,8.384567170059173,5.038055622279287,0.16156922318220457,7.904488916182732,4.856863410929709,0.042970363607205984,8.432719239594466,5.352268761866503,0.08233627468993508,8.555243506263807,5.267202074486081,0.272003713671834,7.599530316014226,7.113240383968933,-0.38159435232550587,7.719265767613831,7.147348040588604,-0.36693081303551656,7.8138043924746645,7.190452632377113,-0.33149988803803426,7.6857430576609955,6.632542314342112,-0.2820941993402775,7.94021762938032,7.278060137365725,-0.23841733650841648,7.88313551638748,7.2873922427049775,-0.2852714221990551,7.917976135375567,7.272575728653691,-0.24292694529873976,7.627482511967088,6.5206872756239225,-0.42017637060704216,7.791458291219274,7.238944141766518,-0.2920986241966525,7.7054782473341294,7.226340035485533,-0.3125258806740196,7.605813867192021,7.232141824019232,-0.3208848761746919,7.656833029331541,7.631006424247092,-0.31029924062471964,7.626178123596884,7.4236798347797235,-0.375278467188862,7.615807061890749,7.344823046533278,-0.37103119932876394,7.610728273130169,7.277559872758931,-0.3363470019820431,7.603919550857333,7.231114965089497,-0.3111365878644162,7.7913074290618916,7.238900733315573,-0.2857875424541706,7.80209193847293,7.26082698234051,-0.30906310047990065,7.814720951242162,7.297939073056743,-0.3348618414306239,7.828638696874699,7.339537889727222,-0.33260773753044426,7.917847333250632,6.994376659457981,-0.2997087127288417,8.92433702528281,6.607887737433181,0.6467211177370559,7.85980098335565,7.256444152022953,-0.26205326028597326,7.8673725557828,7.271987935531057,-0.2775736494854742,7.593485155509655,6.717569507148315,-0.31600656240656627,7.767964356662662,6.69062709139039,-0.24077131097888027,7.605433865342763,6.689055136175016,-0.30852905644842155,7.891541100363936,6.195566517412332,-0.11638450598530271,8.054213202859868,6.275085106632202,-0.1444661267253056,7.812775398703081,6.512310867819413,-0.2765701403884713,8.28118816509848,4.681641996426935,0.24308632458558593,8.173485393778074,4.895861634420204,0.08884337827820007,8.094502649862495,5.153544517632743,-0.04051482014410106,7.898311395483475,7.495630409642193,-0.3026866392057698,7.642613559384238,5.29894895182689,-0.06382995335656945,7.66013705290102,4.886972152957802,0.04325158176529804,7.700176011793275,4.547821214109587,0.15238699041218645,8.210338457016537,5.862962782710356,-0.00090502770277928,8.481545919154282,5.985816170831535,0.06100514618752182,7.788312957560628,5.865607495955234,0.06802353327983644,8.347510585231033,5.605375611574081,0.04020908188189867,7.693710287444301,6.026586668864307,-0.10896291731706657,7.679680818421626,6.428622220853011,-0.4187490954028618,8.628816560932094,6.095828129419432,0.10993493749678555,8.39456392282765,6.076585376599643,-0.026856299351016258,8.242439362297432,6.127885626249381,-0.08428761465184369,8.042411085500444,6.124244297667641,-0.07838646146090361,7.90076290554095,6.084200357477737,-0.05272867010762035,7.790311169532003,6.029116456456273,-0.038660615486356534,7.533630594567926,5.844835840564041,-0.1370060664279019,8.625671227273449,6.414355784385013,0.034442001206710725,8.434911010560219,5.590237092210455,0.06870933454561998,7.46315163735389,6.608202270799046,-0.48386853215307435,7.767584354813405,6.246930812317563,-0.1624245497931046,8.88507657205177,5.88292106335679,0.6943803056602854,7.705153039759016,5.960222975122659,-0.018467789939745242,7.836389596017229,6.53869608985455,-0.1831436569416827,8.299919267488278,5.719270847486691,0.06865466258012377,7.69255676123148,6.3499347967266475,-0.37217178306287024,8.901640809964059,6.993452984550984,0.5510661040164129,7.784249641906584,5.8228024936396405,0.09874033830916919,7.583017314306331,6.259985370228848,-0.43277789728745836,8.48228813250405,7.675418250861605,-0.05410826161767207,8.544182179026249,7.917223959430501,0.07408064667497267,8.810016244228148,6.510034414793619,0.33270462821731306,8.635645208395529,7.476524998314739,0.054704621905125025,8.66724584906963,5.533685131610306,0.3625178503147668,7.988166888939885,8.143562738797886,-0.31368085235267584,7.4793351618029735,6.670704747248427,-0.3668353900524195,7.8644670360252755,6.3579454349608975,-0.1645489509319434,8.599793385984604,5.820390122349411,0.19642831077608625,8.100796875249538,5.812859823531356,0.0009992916203327023,8.019425954918026,5.828908852943905,-0.0024158480525254458,7.898523456440551,7.311010709702825,-0.2816713894643453,8.639068783108593,6.7360750279159864,0.018479414820755262,7.809679166406978,8.384818369783494,-0.2750733493965581,8.179956811038648,8.219422209087266,-0.14163515964800397,8.349004974525865,8.101425230367317,-0.04883760394584518,7.937949004107974,5.830497886894076,0.018356204146836384,7.867329858945804,5.8275564306320815,0.05272671872874205,7.81545106715478,5.827841432019024,0.08718760272280358,8.532128150328552,5.565504949380983,0.15023908377506437,7.862279534743221,5.677329388699326,0.05424560866949063,7.937461548552279,5.603596220892306,0.021036313236367947,8.020029403547557,5.579250484437639,0.0013237458853663855,8.10709394709238,5.595647493071699,-0.000772697129719744,8.168740351960007,5.636858124332496,0.014384663064525426,8.807285781502303,5.491496386975344,0.6092295144061566,8.15963667469868,5.7888723847004755,0.01825258509447624,7.806252745238113,6.90283321771236,-0.3077482158039358,7.694790517420279,6.557499065253289,-0.33045592813556557,7.599979344416626,6.848321454306632,-0.3360000012297133,8.321633455556139,7.867430196512743,-0.14035824624764814,8.163504296516496,8.015149866692955,-0.22489017798264174,7.7811021734060875,8.231194438660795,-0.37237686130806286,8.70001140177975,7.704504759450638,0.23838531388067008,7.809203096674482,5.765472027378278,0.07997764137189291,7.596246929249295,6.042610080174658,-0.2165586463328492,7.999292973046886,8.31147943610473,-0.2349829541584865,8.801557289205448,6.867768440330048,0.27115235653249836,7.704412249637149,7.225360854690443,-0.304584068851488,7.71340135705254,7.264525240038245,-0.3312644550102904,7.7244399126437,7.317884900459053,-0.3621276857287872,7.734587527569561,7.3822475357735255,-0.3655906215884577,7.787905914381273,7.571971642575671,-0.3275167401430362,7.874514313384197,7.250672251275151,-0.27666391776430915,7.8864245960640105,7.23714091201742,-0.28455685060365565,7.901955570521016,7.226156439086454,-0.2890574975057971,8.012240077251732,7.122495635001594,-0.27787699716956354,8.451563488602298,6.78484620158771,-0.1347241873457394,7.610743928637067,5.923864483579392,-0.11378180020140592,7.69005970788121,5.70507663983461,0.07797341959833086,7.756530855329296,5.715882497664147,0.08612637506308135,7.858927121425148,7.256684677538026,-0.2646425788324372,8.522372634689098,7.1985550688109035,-0.06352135196011544,7.579223700339306,5.707115057994156,-0.02056350970071186,7.8719496567086855,7.7664016524286374,-0.31893761131454335,7.5133823312369,5.966956977930753,-0.24499164869856105,7.678070436052957,6.251708588377327,-0.26321839470135183,7.702136508225305,7.834250484483769,-0.34708358864114214,8.11796171533556,7.501472760171038,-0.24708377147339017,7.925055270949372,6.658961693846845,-0.20102980671769297,8.005804952302604,7.6595521062341865,-0.2843891765667057,8.162210582355542,6.624949393496465,-0.22365855213881752,8.02961270861113,6.804375023215367,-0.23758837297056737,8.288349847890476,6.885021520545861,-0.2110756830866508,7.747889015521467,8.045690914195626,-0.38847988442906084,7.762714780554102,6.343836265175832,-0.22684587102050963,8.241607485589975,7.64714155894758,-0.20478159112722322,8.094796546423812,7.817430777163458,-0.2589979680299273,8.192163836735578,7.305767538119814,-0.2345172695420716,8.637284055322194,7.017204523357467,0.017531360186619244,8.362828787117014,7.351557049341372,-0.1719865620330207,8.756865798308615,7.193765195313991,0.18788467369334563,8.130970729954049,7.010827750752234,-0.24811412175906666,7.679978273052693,6.140847674347176,-0.18640891978882695,7.648986062305773,6.488033446303939,-0.43847116469379405,7.737122296459176,6.545590205801377,-0.3574059937434518,7.576977846713358,6.382459823921695,-0.485622438160268,7.746549046453767,5.561176201723619,0.04161928113102293,7.894460140786507,5.430729536949817,-0.010081996336400285,8.037426229781254,5.383226815143827,-0.046264485735709904,8.170012006088514,5.4009965270872815,-0.04802554123930668,8.277427285373154,5.473477610149417,-0.016808274241498684,8.379447819303447,5.755222651657579,0.08750573863428975,8.798749260559063,6.173873677762968,0.3622457246927302,8.29339803725121,5.95153310137321,0.005068768138166726,8.17655814281383,5.993401975537683,-0.029994213878286744,8.038897135815738,6.008338040732556,-0.037289696771319464,7.913103003046515,5.992146688530024,-0.01365912260722604,7.8167896129945795,5.957967870515362,0.017505097184280005,7.743264236460936,5.922358708461361,0.03568161602901957,8.913711917396553,6.246222044823443,0.7032631157419066,7.7489080466977525,6.600994333100305,-0.3152054407645078,7.582884242497696,6.14837868477918,-0.31087718234173445,7.552501173291907,6.489327872078844,-0.49226446486533465,7.516969577158448,6.589831245067908,-0.45175899855303625,7.566532777156432,6.530832755707934,-0.4511805898393669,7.730527058371316,6.662334032355517,-0.2798754092823626,7.49406058926867,6.5977892238698645,-0.4742919874220247,7.507599756279849,6.658418020789107,-0.3707756409689989,7.745286643306609,5.825293142464361,0.09758909148478206,7.686397030880972,5.848704885609757,0.05609671113517222,7.639225565368669,5.8622543710232105,-0.010318023533994924,8.206023230024222,5.6748077846677845,0.034389102716605335,8.290915216179938,5.6101775825081415,0.026492800829964695,6.98894846824799,5.870152574253373,0.31375657252453454,7.076370953609623,5.851541734621113,0.313896004382847,6.983064132496101,5.747145121712036,0.31398059749114376,6.907896350966042,5.88941809871956,0.3139115709380015,6.997657199767112,6.001877297681231,0.3138764572371601,7.9872745250466854,5.686619508815533,0.04149675288376306,8.086019499965497,5.671997976986525,0.04097542895163879,7.9837648450456795,5.557334198008,0.040973394180500736,7.895039394541743,5.699310076191432,0.04085465750131778,7.990434090984331,5.820618550427335,0.040872647991489194
7.503925755022073,7.097738262930069,-0.3626687810168549,7.424053784762198,6.537438205595499,-0.5132986959591961,7.4910760779152765,6.7527845672731255,-0.3086260133431258,7.369478366476685,6.129515235770641,-0.2920645653804781,7.41249678860045,6.384872572356786,-0.5253812901225998,7.422576843218353,6.219398698565146,-0.46277513610275006,7.465439572278018,5.840667106976428,-0.14252693459096136,6.92567600144889,6.011672726767995,0.44930607913430026,7.463698381038224,5.566135955289897,-0.031766908876990796,7.450075952117869,5.37917822412342,-0.018104315230362485,7.428766713798867,4.621860735372939,0.20873449504550812,7.5076045393027036,7.160371868565292,-0.360148722725606,7.517910277444715,7.222337708076968,-0.33601701197852174,7.528783081150466,7.269987641763515,-0.29845260091456716,7.5301407532369495,7.268939213240127,-0.2883201204068168,7.528373851215929,7.323411788400731,-0.31109538657867364,7.5313527308964785,7.3932065607961714,-0.34230099919483087,7.537925406441935,7.474738304821954,-0.3459211084373999,7.559478897182597,7.674821032710872,-0.28179902265252105,7.447203486504066,6.640302041968041,-0.4747116787450144,7.4027616869640145,6.680737958955179,-0.3310218669447856,6.687599880789444,5.634595552532428,1.1074623518296323,7.173096562707788,6.065353267029118,0.26398533466113117,7.0839301450341825,6.101554046997398,0.29474051760130504,7.002748353308441,6.120191506633845,0.3454623316848722,6.902989807957484,6.07732592082071,0.46523756832010194,7.249355454016836,6.018243973936716,0.24624989493274785,6.989628712998756,5.685160803134822,0.2989896928852608,7.103363210511946,5.678773102376531,0.2666616662945283,6.900912233996631,5.736082433732565,0.35152471964179977,6.8555691287368825,5.812234553880682,0.40277898347167235,6.853049472176591,6.186534606649499,0.5179518563568658,7.269650544854088,8.04639895651723,-0.12882081172129786,6.8984168598408315,5.979859205940836,0.49390084889530106,6.70347271725557,6.265761664813584,1.0459265429886948,6.774033813769264,6.127734049982271,0.6609015235061861,7.103259653198669,6.633332277690293,0.07462553693313939,7.4009190809760454,7.07749816459711,-0.3121301116127605,7.430728589244197,7.235198098009276,-0.29106644250022207,7.310413560113509,7.160586839263888,-0.22560987343241415,7.257905717151705,7.251175205977047,-0.13709427106782177,7.361020233641215,7.263667788900128,-0.22260579629352623,7.308298848357549,7.304226546286465,-0.14179280474520978,7.197197563355073,7.5453301114354465,-0.01081495235564018,7.358265609108038,6.553643853840848,-0.484611534710461,7.336017927274233,6.407503773343899,-0.4911845673501008,6.756273377448021,5.757479874314944,0.49565297614447107,7.263624223409716,6.235853598550728,0.06916370327886759,7.223986769017364,6.610223284685368,-0.1861532760849206,7.223438272351177,6.545238570944567,-0.145340390390905,6.86960221596851,6.709615451403834,0.2862300704679201,7.350250273060373,6.253494765414611,-0.4037152844213728,6.911353667928454,5.573980243223562,0.2648580282093574,6.808616957085315,5.63879640850965,0.3777713653287084,6.712563620984584,5.321447521630602,0.9250913169058805,7.290001342383999,5.611295157045032,0.05704676111866774,7.213241090841015,5.725161065217829,0.26748182236097545,7.12371615060696,7.429245934193412,0.059959338452575346,6.937665081572934,7.698790622698549,1.0132553712057988,7.299126527154649,6.683507581444071,-0.18190329733905147,7.368892732015393,6.71595744410661,-0.2393114210328488,7.222199869722054,7.400491282143955,0.03172331827839279,7.240842328677073,7.3844206155000505,-0.007972270628598139,6.767000486726816,5.5598214588392665,0.4608480773403327,7.2424349687364415,6.690215952779339,-0.1465954425363439,7.0645649274513245,5.561556579477937,0.15715529782684148,7.034526878905596,5.4354177013050435,0.16287383756243135,6.9603819851641395,4.843466600996905,0.4842174812787316,6.740589800899262,5.424938415389747,0.6661996852731908,7.002692646615781,5.099278518478918,0.3188753975592698,6.720728936589408,5.713950450414284,0.6153430458168848,6.7031313352159385,5.678373871079137,0.8489429462466924,7.410899863410877,7.16272869017781,-0.3113282566232287,7.3354572894058006,7.217646204691322,-0.2303660778204721,7.282382380880258,7.277117384235566,-0.1496736836735121,7.326729907555809,6.712200813293929,-0.18110843916368186,7.232060668511157,7.392295256439331,0.008558728080392076,7.265192581064591,7.393805050648078,-0.0759258563459608,7.251450168498508,7.378442144676296,-0.014571475063636215,7.30348593294944,6.604033414104855,-0.306786554247651,7.331382130581247,7.319062381243083,-0.13338689693410738,7.384004957870206,7.290543411354878,-0.19385522850879533,7.450982971344505,7.2765253220789665,-0.25424518906935106,7.4566507702284275,7.688824838219435,-0.24730303263568248,7.447000657007716,7.480558225828139,-0.3052753539805561,7.439852345638112,7.397945914802436,-0.29996112297528416,7.442479844641886,7.333374716126376,-0.2645298363361369,7.4518635656015455,7.276908127043908,-0.24415290397565517,7.3307586441364805,7.322561904243489,-0.1272083194571536,7.317776127993342,7.354947489952959,-0.14946371229348776,7.3069426046478005,7.396366130133681,-0.16944700411239005,7.299272935769972,7.44569369229532,-0.15432005928169126,7.173895739490942,7.12551661948125,-0.07063972976886657,6.82102812253451,6.999448088862548,1.3185301895450794,7.4715530247032165,6.701912215672737,-0.3656291810733972,7.292696689282678,7.349285404575976,-0.062093093371800794,7.278363642936731,7.373696362974726,-0.07625034336702521,7.389322804454088,6.7708099674786855,-0.25556166141438896,7.289879216173168,6.780065848720575,-0.11093430999400991,7.379548422457445,6.746072624996021,-0.24958499837993947,7.182594553806236,6.3502187243923585,0.11580452785941209,7.049357000355275,6.481532254381465,0.1707604188384799,7.224978062471356,6.627608772113711,-0.09971387510041275,6.798704736733757,5.056184392388206,0.702003019414996,6.836515297282224,5.229947493466419,0.49356080595885854,6.8734866864989606,5.460839236243706,0.31814763961285886,7.266646668580678,7.6037392928773215,-0.09397521533940922,7.235590901611362,5.432027806219038,0.05400563545821939,7.196136279441072,5.025493218580464,0.18535451219191662,7.162476581684108,4.708021491302217,0.3119890817285796,6.940214734044658,6.116936236055101,0.4089459553876554,6.7855365316150875,6.310668400980833,0.5865463459272952,7.300312079844582,5.970294795324216,0.2532526011489426,6.807407836179256,5.916907786482107,0.5174082697357058,7.313588127406734,6.122372637907976,0.029035213696126324,7.246406570247719,6.526104036204389,-0.28428343848055787,6.721758796215242,6.471109389347195,0.7112256462610274,6.825578216623405,6.3840334010250555,0.46624975178384176,6.917379989372827,6.398552136346535,0.3328572864123071,7.070995479511661,6.331891936695743,0.23909946331642754,7.187818127525618,6.241410698237699,0.1875280552146432,7.271933090876393,6.1543139984529045,0.1407237986694863,7.390967580264279,5.898198550914733,-0.07937030314812524,6.737450943024409,6.76319814785862,0.6298775825559938,6.75998858533539,5.931137989703145,0.5920626922405497,7.411063412547018,6.644147946326649,-0.4544167664548547,7.261840180867876,6.358141930140624,0.0068596781389741335,6.740941895764405,6.326356262659795,1.3820670649180091,7.331997760953971,6.060281815431999,0.12026936571194519,7.2332647900986435,6.6550928830575105,-0.0063374006947575934,6.864522194110982,6.0034817003819425,0.5211184783045034,7.2538505556014385,6.446657722211501,-0.2353539693786016,6.874515831936427,7.346135833875611,1.1958431622990655,7.309342991750731,5.923802203887091,0.2925010237465236,7.297258210385452,6.332071197975968,-0.33400996411895223,6.977400379771623,7.880885802365381,0.3954179332421197,7.045582514833408,8.102692712014777,0.5329486068800208,6.744317864177246,6.893458250005766,0.986540619680813,6.902595575978663,7.735844857765907,0.5825824219409682,6.70439544862629,5.95404700996519,0.982170858154694,7.263647077437473,8.233184211192972,-0.09699143368054346,7.442237734785327,6.70456756802284,-0.3485339665796417,7.202152602248301,6.494479061106231,0.04452926250687726,6.734029266556052,6.181258897179294,0.7863220174549914,7.001060726196204,6.036550050170676,0.3624404192863692,7.073861517430157,6.0225419595319085,0.3169166913248207,7.256216661662734,7.429082385057271,-0.05697674834027314,6.777588329273962,7.064607064565003,0.5943296153923178,7.4375519449066205,8.435201675369257,-0.15601322135377538,7.217531220364166,8.321232209883183,0.15516444195666482,7.133443396171352,8.23619951448026,0.3253330441407967,7.432759740961167,4.967378996934336,0.09093525581465457,7.619575705736709,8.437622773934844,-0.24463051744637382,7.150746751937441,5.992157529627977,0.28986131658534375,7.227153480238547,5.960465777917465,0.2852522126825899,7.283228694095662,5.941886524632963,0.29544597947962026,6.7250669167331765,5.933601939570778,0.7189515574727906,7.2072704760893025,5.834142639145774,0.2919264592049264,7.120920817336839,5.797621902788886,0.29660216117294314,7.037923558781092,5.795584323376608,0.3236753683032193,6.9646085519225895,5.832990296214926,0.3658744824592228,6.925714567620732,5.887009004668028,0.40812754015535385,6.702832090289986,5.95366063405841,1.2784352082298427,6.954789176058798,6.029704554668862,0.4103782601585358,7.5006904817176165,6.881259198501699,-0.3034021048479473,7.2469065021049195,7.006414996386825,-0.13391987116249507,7.287289569152868,6.649269391109488,-0.2129874644551659,7.386531756314173,6.904551737917053,-0.26415020058207506,7.47741222606961,5.710850158711271,-0.04880015079108191,7.0691742991747155,8.030847504816446,0.22484350467738906,7.1632907564229775,8.133257117387302,0.06417729031384256,7.402580997307055,8.285419234198418,-0.2543493489790634,6.992322631520701,7.945996927447218,0.7792915471660128,7.27656317406244,5.887238616228156,0.2924672337093896,7.337079211188234,6.114250173605197,-0.12331138410785282,7.587494364271764,8.288801630306565,-0.33909525311568994,7.311441991362607,8.386882547182429,-0.01461405715014506,6.7952873453956055,7.215755033894368,0.9004506576734566,7.384404903355967,7.29687254866704,-0.18572612448603817,7.3715766519001935,7.339206778334807,-0.2081254485967959,7.36533107462702,7.396089025047118,-0.23230197466393643,7.363976973482374,7.471688720493028,-0.22899548338821496,7.3521328735969185,7.6567420683777545,-0.17801701901929592,7.2706918314938,7.344628896420334,-0.06802364104018148,7.249934660782822,7.34120650576361,-0.055928470465995,7.231557879900486,7.331843496266607,-0.04467319378130084,7.1292396834406615,7.268662822341932,0.008192705147185167,6.843123682246052,7.070307716113827,0.34753687034516384,7.353914059385288,5.999520811696177,-0.018724455312055497,7.339524592158313,5.8005536460371845,0.20112682664532738,7.303426655314944,5.826825779321456,0.26398613812304456,7.293483724863586,7.347457082355356,-0.0645777156449126,6.8800457924654355,7.463524833264938,0.4311317260173584,7.388943570430984,5.775512773498362,0.051586696196524645,7.309425123412986,7.855103602301167,-0.14940062937409587,7.438336123734058,6.089454267676403,-0.35053391719230986,7.379411298290898,6.016433506425281,-0.1962967930347864,7.450400193636682,5.968518608854419,-0.2406983748423974,7.287808784095989,6.344940158168685,-0.1375415203737314,7.568492668567928,8.09962741554177,-0.362903458850715,7.563841873919226,7.878094754225466,-0.32394758566314247,7.428691009831919,7.885265205434461,-0.263390638934927,7.123672585116546,7.65358678417045,0.049851893594861404,7.174555649542447,6.799760307140819,0.018893710980640577,7.213191811843663,7.781022271324412,-0.049496997772215015,6.97863235470544,6.8457390400475795,0.12126854871555914,7.0964391542897145,6.9755906264485565,0.03733481624261578,6.9311181168087055,7.125205947541418,0.18539289981666598,7.400506994288039,8.103080516298292,-0.2779045981216995,7.257580761444524,6.451202102793458,-0.06966534807223093,7.065182700389151,7.816237471345639,0.1383471806481584,7.1698598610265964,7.944385718490296,0.006407489495156148,7.0434170957033615,7.493635729024145,0.12300031043706419,6.821058832634309,7.325181547175221,0.5702631636073073,6.961064035055036,7.568736920989589,0.24308845085077407,6.845623341532056,7.506069748501097,0.7865644844057338,7.041689474042549,7.200451405557083,0.07795580844965763,7.303068132754493,6.233279663674511,-0.052506018433708744,7.273255767732873,6.579267504087492,-0.3159774889848776,7.248921227489439,6.647225384001905,-0.21648656340622857,7.285821197869432,6.456512093305298,-0.3887036698528206,7.252640006318646,5.691620279824042,0.2112075954515985,7.088543801887778,5.634567699186098,0.23694185562164927,6.955183408037619,5.641874560373273,0.27925756102863575,6.859330758868135,5.696389986835921,0.3491239531262981,6.8091361720284365,5.789125560875758,0.4292654625397185,6.826097431566526,6.059546915601914,0.5718322800873235,6.710754581849884,6.581085113482602,1.029000725048339,6.891647068305964,6.228603872432949,0.4467057192884885,6.970089947642613,6.24164923715242,0.3542561776898079,7.077858829722662,6.209349354047042,0.27834708245209516,7.185047790848357,6.148623345541224,0.2347771953167426,7.268622827793356,6.0820838437245275,0.20418221375473786,7.323028983435788,6.022626233759265,0.18774603889541464,6.78494946877706,6.666418482188212,1.3883105888996259,7.26876066614827,6.6986698004846055,-0.17656890167159292,7.323423929602977,6.221199881627804,-0.21417690054434718,7.314254465153546,6.555615013734954,-0.41419684681209085,7.382868684177626,6.639250756691184,-0.40699064154795156,7.332914064629383,6.596572288230316,-0.3711606146159137,7.30453079053099,6.746936792920611,-0.16461832076423122,7.389694182405152,6.643474466696163,-0.4372265202714581,7.418746651003827,6.694791043461094,-0.33926864466027,7.332706235814461,5.919135697094304,0.2585034032998322,7.361255915802467,5.933881187222442,0.17384247641973655,7.372877903105651,5.942358960238018,0.08732371125289805,6.907755586933343,5.934563594207522,0.44644963812199195,6.842613751751706,5.903696730061391,0.466541319184845,7.520680614121975,6.102103257851952,-0.3488480755509919,8.23074240116473,5.780384966540968,0.03772709536261982,7.553952507595426,6.6546700835439925,-0.37466660994839934,8.72061991452889,5.2042792064468095,0.4748229582200146,7.9569082973248095,5.928861157187779,-0.0009360258058420697,8.051109742988796,5.931851820976391,-0.024387635684875446,8.150659031148095,5.9149216286322845,-0.022902354038982137,8.289556527410939,5.833083497796876,0.029416835786585122,7.873320404989197,5.909660917117797,0.037775548579672635,8.058263053676972,5.46662630458499,-0.03207519832906577,7.9417489350377455,5.5057113342751345,0.00674591016388122,8.173905148319568,5.482929082448309,-0.031542921550255634,8.259087109091283,5.541850336949632,-0.011849848264873519,8.387548170740875,5.9134639701743605,0.04765352136717342,7.966887651382906,7.977141253774095,-0.3235436005494285,8.266043303790049,5.734373023875122,0.06248377114757474,8.792277290186586,5.871052965257095,0.39549952926309856,8.520099389170737,5.816214368558184,0.12925020631802178,8.012700692588423,6.484513990815484,-0.19272207939032207,7.623623725403301,7.049961917902488,-0.3820646194259665,7.629882158067089,7.209793703591432,-0.3538830142678258,7.761912733177094,7.114318860068319,-0.36997675812335296,7.8601571991891,7.186414033195251,-0.33465692950629766,7.739492217758372,7.224595257506413,-0.3475608626106322,7.830154145873375,7.247092191080451,-0.30793309439801353,8.019799010772308,7.44527946304221,-0.2649911127479506,7.501218981109514,6.52863511977856,-0.5215357874949472,7.504044310291066,6.382225076078723,-0.535456836426434,8.38596838607212,5.435285576457069,0.0019295320929818111,7.805824604948513,6.139700990266924,-0.104485367583211,7.796083789805138,6.520625497237835,-0.3520832372635163,7.807098716996007,6.455377962177819,-0.3169596319004124,8.34620809128057,6.458086164467113,-0.15772356858345077,7.509110048381245,6.22357670051461,-0.460991718475732,8.08987374500778,5.30555683045529,-0.0739308380967052,8.252408019479079,5.333374824460862,-0.04788497977378349,8.542492765431495,4.9153021666522765,0.36013097960835266,7.6608886460390515,5.5190580864856615,-0.052215516735660064,7.850562078472681,5.59311763471721,0.05582172720304735,8.09766554009644,7.302594625866888,-0.24885674942902594,8.85412671699437,7.4250422214627205,0.41294166075633304,7.731269052895785,6.617640130881126,-0.30429053285864344,7.64621493184184,6.673566793557816,-0.29980685828791936,7.978838165335108,7.3132753129017996,-0.23461670379954924,7.959586503702671,7.305131422947999,-0.24243630759776477,8.316614267899382,5.233584140633371,0.0055350456338787105,7.82001624199771,6.604970429242923,-0.3090947887327975,7.896629370737003,5.366954890214859,-0.0750327972700696,7.900277444917834,5.2274606895710285,-0.07705637189482914,8.011530852042574,4.587857155917058,0.15996988070530246,8.41457734369462,5.05953179326635,0.1601117028922035,7.933527912740262,4.877026312382429,0.0403894863738605,8.463109300014944,5.374043566855783,0.08157292144884146,8.585499760541381,5.289806477294177,0.27126918559184193,7.626888994619191,7.136720092401121,-0.3801566652023779,7.748418143974509,7.172510928246496,-0.36550823773705027,7.844070820401112,7.217651204009894,-0.33027466968374863,7.7125708872481065,6.654318702867217,-0.28153446049916125,7.971494880541195,7.30874878702903,-0.2374080643968755,7.914145554636585,7.31746545605351,-0.28438739752479186,7.948749409415292,7.303137409026134,-0.24200114369813522,7.653543932868404,6.5414647996110675,-0.4199308420303196,7.820836844431887,7.267335860355248,-0.29055633345878534,7.734100095584277,7.253025668037058,-0.31065185328411327,7.633328116939937,7.257436495394304,-0.31880978150301215,7.684162616556852,7.655223703908598,-0.3084020706531636,7.653752475871693,7.449768851119874,-0.37341227199132787,7.643393173602124,7.370451091033124,-0.36915972663101326,7.638225306575403,7.302678900094245,-0.3344915279440782,7.631539789267893,7.256275225108863,-0.3095966399712358,7.820816847157599,7.266663809101496,-0.2846980471462373,7.831862484448267,7.288980767206942,-0.30785131982994285,7.84505211521796,7.326908454647667,-0.33367001045605565,7.859363021724518,7.369066279788679,-0.3314570085260286,7.945835520876178,7.020878739204013,-0.2988902198367097,8.952902539151745,6.636016197575095,0.649496961924111,7.889866006897443,7.285421252383672,-0.26122896929380895,7.89785277541041,7.301496204157781,-0.2766789169728711,7.619618557038756,6.73929569157748,-0.3153605195089642,7.795254617110553,6.713479210471629,-0.2399717104969241,7.631726192431792,6.710683877201508,-0.307959497049222,7.9193119932865725,6.218012458943965,-0.11636277766049086,8.082255497692408,6.298880007788037,-0.1441651376363331,7.840224916042502,6.535084954924818,-0.27595372564090564,8.311382123919591,4.7020119532844795,0.2410649766587537,8.203229008497866,4.91610705694237,0.08680512680419473,8.12422120616258,5.175124608911592,-0.04240760415312515,7.926636709182932,7.523043149241433,-0.3013986502486014,7.671395785300678,5.322008873687402,-0.06643187139788592,7.6888919719259725,4.906676556644643,0.040266205186529555,7.729634275722739,4.5657930204936825,0.14928226381138765,8.238701316331367,5.884751812332765,-0.0009436259138888295,8.511019198267233,6.010144363661695,0.061334017149558745,7.816798823402439,5.885728464925226,0.06735927847057319,8.377156729994772,5.6273822500213875,0.0397163498885664,7.721434679076277,6.0474421369623474,-0.10963020203508317,7.706428153099843,6.4498501442139125,-0.41857267893933303,8.658889757178464,6.121267788503562,0.11081549806357202,8.423392570713807,6.100879138990177,-0.026476022903979247,8.270834793547134,6.1518414783248625,-0.08404366168556135,8.070383544460622,6.14715997357636,-0.07838241324807126,7.928563589398258,6.106149134953441,-0.05296920306756667,7.818120071882184,6.050471009828617,-0.039168472557605215,7.560506614243328,5.8642428220794685,-0.1384790599938816,8.655021712980464,6.440967783488189,0.03571234208011735,8.46477978660636,5.612896010270626,0.06825182980317192,7.488333594584346,6.628637917551178,-0.48376682841888347,7.795243904285041,6.268844815995778,-0.16237935139153215,8.915434789019644,5.9091395596095735,0.6958967088734715,7.732857407824949,5.981062970434139,-0.01928065182157791,7.863843839541772,6.561924867961196,-0.1824148570756095,8.329350389055758,5.740954983869354,0.06843029320108004,7.719744195210571,6.3713072785058245,-0.37209059946223966,8.929264332566554,7.022576364953394,0.5542937778012589,7.812984343331997,5.842702543823603,0.09805987063741162,7.609585638853102,6.280626781493267,-0.43307793395537747,8.510035046696915,7.7048983616168085,-0.0510836118672332,8.571900185648785,7.947465298730654,0.07741043635757908,8.839793670648424,6.537508910243875,0.3347850593630919,8.663649108459015,7.506675380236677,0.05782171129329523,8.697858731258902,5.557732457864534,0.3625981433236388,8.01476326859356,8.168322337851368,-0.3107019134249928,7.504469966558054,6.691080834892296,-0.36649959814620225,7.892042853041369,6.380998814651846,-0.16411128050093582,8.630311509655762,5.844689058767609,0.19682772513081095,8.12890056834598,5.833343819456804,0.0007716175861834842,8.047713777301666,5.849019897027703,-0.0027589877777338652,7.929972683047196,7.341503608124461,-0.2807076981903154,8.667774974657657,6.763988040192997,0.02037818358502391,7.835844798785056,8.40802823636529,-0.2718942343236619,8.20700992171504,8.246413122322874,-0.13846907251593082,8.376418973411216,8.130018987329375,-0.04563614009466268,7.96641128774183,5.8505025520784875,0.017890703163543232,7.895973031627335,5.847451182278644,0.05214922554821137,7.844125098717036,5.847747570451127,0.08653716667649305,8.562454330301158,5.5886314604872,0.150016661477777,7.891107266280036,5.697920492507323,0.05357134755525927,7.966269878445079,5.6246547646461735,0.02028937733031216,8.048882189470783,5.600564119730216,0.000699679323867614,8.135877474507401,5.617058300076007,-0.0012685030708106985,8.197455509735564,5.658151270361181,0.014010244363062916,8.837503268554077,5.516423445598213,0.6098823615595168,8.187775400603421,5.809708826719267,0.01809837156506245,7.834057899489746,6.927519321625227,-0.3069259102528457,7.7213475480954505,6.57909324212584,-0.33004267005626636,7.626694735383249,6.870721349140273,-0.3351946240734264,8.348905580744352,7.895438818728498,-0.13748900521033885,8.190643581087018,8.041932422467323,-0.22195936654745638,7.807390105849919,8.254267765987866,-0.3694405365697321,8.727533972113976,7.7352849340858425,0.24185620809631994,7.8379902206408145,5.785624252404433,0.07927936130280698,7.623369474344496,6.062907886059039,-0.21736483655107533,8.02595317193445,8.33649655786026,-0.23177990296734527,8.830404950370191,6.896517118783468,0.2738007824889021,7.733050238684155,7.251625144648528,-0.30323038718235334,7.742057582374179,7.29105691279106,-0.3297105724654115,7.753374611244471,7.345135970161209,-0.3606387675375953,7.763757481730165,7.4099814171703615,-0.3641658983820795,7.815816814397223,7.597880091510929,-0.32593566289420206,7.905031796879814,7.280186251650411,-0.27555906961274124,7.917443676517376,7.266358850668603,-0.28350894583285324,7.933257949537373,7.254975402280141,-0.2880142022833056,8.040447624851437,7.150838882236839,-0.27686777515928335,8.479767029496875,6.812565704568835,-0.1330127515031201,7.63802319126742,5.943984452962288,-0.1148254090852456,7.718410805528579,5.725857398876073,0.0768796995474362,7.785311686659195,5.736690208033248,0.08514487319297859,7.888978270756728,7.286354696579902,-0.2634932142391991,8.550274561883011,7.2276784086886074,-0.06104680183391957,7.606937428386672,5.7272168564334756,-0.02214982826317261,7.898851924936444,7.791585831467065,-0.316899394575297,7.539967985172783,5.986514727336914,-0.2462395615198066,7.705354727983596,6.27289283566237,-0.2633506890231239,7.728857952967342,7.857633257498603,-0.3448115498534383,8.145872540709581,7.5297572340836405,-0.24536925603893397,7.952517467241852,6.683253330385266,-0.20015370035793137,8.033392157969597,7.686343033642616,-0.28263658706042427,8.190003668309801,6.650852032531713,-0.22251063069356622,8.057076072610304,6.830280432834562,-0.23666234014934642,8.315877939692562,6.912381384989185,-0.20941830808893563,7.774199629850355,8.068637353902258,-0.3859031140802637,7.790276724189567,6.3658008861929405,-0.2266291987798283,8.268961477459365,7.675066713509267,-0.20244811976184543,8.121991510079464,7.844039396112945,-0.2564638598695446,8.22025525917739,7.334731674024492,-0.23267330797822694,8.665521710358417,7.046013170418968,0.019957917208371215,8.390579900360613,7.3805111483767405,-0.16974285664359784,8.785108267354326,7.2235032634926135,0.19086947476520927,8.15856581056391,7.03849062434483,-0.24679421806066174,7.707434444509552,6.161905820798683,-0.18679151498315152,7.675254545049901,6.5089506599954605,-0.4382824924094759,7.763980308500803,6.567457685243674,-0.35692438543052546,7.603264357612981,6.40297153396419,-0.4856733542657372,7.775253057692314,5.583032580780734,0.040356120386069644,7.923288594116421,5.452900675445541,-0.01148383928065816,8.066525498899766,5.40533108795033,-0.04770160633084928,8.19931239949088,5.422971183531661,-0.04924495065407514,8.306895592595398,5.4953738147507725,-0.01774657939303624,8.40917022356481,5.7777810357533195,0.0873379559630703,8.829627913426428,6.2003248698362,0.36368156707702975,8.321977108350412,5.9745995657089,0.0051543309253203285,8.204871641742955,6.016108550718101,-0.030038176876450707,8.066953297731857,6.030253765523415,-0.037471429876071514,7.941080454725832,6.013311789071246,-0.013933384024715754,7.84480214928936,5.978740786957441,0.016909698485719004,7.7712478893277686,5.942939238286554,0.034953184953724306,8.943374552141865,6.273499895774686,0.7054495139291203,7.775907968425248,6.62310224351523,-0.3146050198081559,7.609617777329636,6.168750602112129,-0.31140962946034273,7.5783856058335655,6.5097284111275915,-0.49225076130912754,7.542574772713902,6.610323271056808,-0.4516279055168144,7.59246940043928,6.5513248842118035,-0.45106802647352245,7.757561183454344,6.684621715297261,-0.2792154462333438,7.5194929188669395,6.6182850429769156,-0.4741802779628737,7.533162484219545,6.678818220623527,-0.3704558446075794,7.773833965406232,5.845452526132392,0.09680697221626823,7.714337075080761,5.869027169952881,0.055067700515746894,7.666893541832401,5.882590678332923,-0.01145581436173232,8.23472685806662,5.696018608884858,0.034084938344004674,8.320273769094092,5.632010547736516,0.026172891788979965,7.016718591963734,5.889502950447092,0.3087706141691438,7.104185955511225,5.870935124176469,0.3089830852084542,7.0110400802543005,5.766528998024463,0.3090670023416272,6.935736058792506,5.908531071120523,0.3089976144780541,7.025209577464107,6.021179288126852,0.3089631772077121,8.015029660854612,5.708019473116964,0.040055009085047,8.113634791992169,5.693818908713174,0.03950720986843851,8.01190937187731,5.578891359532193,0.03950620554104681,7.9229564965255665,5.7201835293910275,0.03938694724287928,8.017797140778402,5.8417751702284955,0.039404718258115715
7.4854605581858955,7.080565454922657,-0.36579223635084923,7.405542560473572,6.517581353447822,-0.5122290053940828,7.4727577795107445,6.7336568370503285,-0.30936961894076476,7.351255975787136,6.111060374311753,-0.28883763698764525,7.393968347697879,6.364892942053076,-0.52334919126357,7.404027118763882,6.19996058811907,-0.4599207953044404,7.447205451595235,5.8235289998074435,-0.1376558169840706,6.907574256993215,5.999520444581973,0.45305833625300435,7.445372244487087,5.548768801911585,-0.025256713361416886,7.43157937374996,5.361559383597303,-0.010351738178118373,7.410131634310952,4.605776470196285,0.22007507056421466,7.489161171368841,7.143646873865982,-0.3638334326470805,7.499400911966703,7.205918917265249,-0.3401168055143703,7.510209922863596,7.254059662653247,-0.3030937300562563,7.511847910870448,7.253114916199534,-0.2941933376607683,7.510193535858742,7.30850441756044,-0.31742207289490637,7.513240806282974,7.379079685070999,-0.3488281684652876,7.519895355210335,7.461433646678682,-0.35265736174745516,7.540428272291448,7.659126473228208,-0.288749913075795,7.428770071135336,6.6210111407321905,-0.4739596047040802,7.385246898723594,6.661853256654248,-0.33094638377803975,6.669356367441617,5.626520152590921,1.1135000078113864,7.154569168839904,6.0520443575289775,0.26740140852894867,7.065866311569298,6.088573128782272,0.2981523356145315,6.984866771536661,6.107436708803771,0.34888509994818123,6.884628175327843,6.065238746349726,0.46871117657087963,7.230312755185482,6.004608253349669,0.24988893260460945,6.970832370597565,5.6705680653972035,0.30396175148452875,7.084642969217227,5.664056368403455,0.27168832469939475,6.882032616254784,5.7222177672592105,0.356391194239152,6.836543003260652,5.799323256203787,0.407404630560818,6.835294740977918,6.174724600645075,0.520995518631714,7.25281781267676,8.032093278731082,-0.1374566903836562,6.880092537375854,5.967724667817378,0.4978250507776044,6.685195476349985,6.257696281087878,1.0483564980508233,6.756120570790237,6.117041631083187,0.6643188012827358,7.08561051498204,6.61722146774026,0.07517807882347535,7.383746419061814,7.060656668982911,-0.3150611196236658,7.4132914763337405,7.2183559414703895,-0.2950788370765541,7.294791344412163,7.143017042896839,-0.22886184490839,7.2433560985701915,7.23271452011419,-0.14077570455005312,7.344731097941658,7.24598514413143,-0.22669223663675372,7.293048622069944,7.285855439417842,-0.14606619117804687,7.182353691807814,7.527270932351238,-0.016475527520255356,7.3400800384772245,6.533956246167043,-0.4833468202804325,7.317696814804638,6.38777561313445,-0.4891872289639565,6.7386185371285015,5.7461328196463395,0.5014654149997715,7.245658828991308,6.219890035934501,0.07168572643760329,7.206293680941458,6.591078495171562,-0.18574903783149843,7.205787108747952,6.526654766787216,-0.1447058916556097,6.851790755037359,6.695359694229827,0.2869811630044003,7.331974883381116,6.234386122923374,-0.4010595199397759,6.894035028592077,5.560843530813774,0.2718803599125187,6.791340519090689,5.626442848676723,0.3844876714529842,6.6947369880454035,5.311488890268218,0.9330466666067073,7.271902973503013,5.596673004446918,0.06345658895491152,7.194608321524152,5.71089078451326,0.27218176057107624,7.109171465568645,7.410901823539054,0.05499629117176107,6.925305708722896,7.689701774370473,1.006711240771339,7.281076846306942,6.6638560336387025,-0.1820495935585459,7.351143404188579,6.696654980091705,-0.2396622615337166,7.2097071653002365,7.379866261303955,0.026865653954945064,7.22787536633318,7.364225933889243,-0.012739528370393022,6.749816561271042,5.547778813074908,0.46797670032618016,7.224824533516589,6.671109776960915,-0.14669819298003292,7.046958557882543,5.547894590826588,0.1640123883721431,7.0171334965711685,5.421584269896261,0.17051776211945374,6.942949525600536,4.829813900722052,0.49473556600391416,6.722926911263813,5.4135354005994305,0.6739312491160113,6.985079090121281,5.084114923058636,0.3283202549255463,6.703020975237954,5.70312619412671,0.6219325218625918,6.6852204130965,5.668644373523127,0.8551549576684108,7.39372254262508,7.145876219004494,-0.3148127986112633,7.319569208228739,7.199907736397996,-0.2341213164579047,7.267601028489801,7.258692197677412,-0.15369075727992,7.308867069102627,6.692588865452685,-0.18131213381024547,7.219353411331022,7.371843753710585,0.0037816885713210444,7.251644360633573,7.374760640574462,-0.08106336808448973,7.238178517515038,7.358509006630876,-0.019342304325983436,7.285065300792527,6.584482369478895,-0.30603996212719414,7.315708999868092,7.301112453414683,-0.13794334657737872,7.36723401799752,7.273312255920392,-0.1983748465667342,7.433277922426922,7.260063006257309,-0.2587608703911267,7.438402067596684,7.67331120712487,-0.25406866529494204,7.429739041857093,7.466733061552526,-0.311672950515592,7.422574358343867,7.38361603550146,-0.30614320471076,7.425158517761376,7.3181784502516285,-0.27054671153792026,7.434521909838825,7.260799708997233,-0.2498130536473542,7.315716124652811,7.304528787687349,-0.13227624828213957,7.302793902608321,7.337302797393836,-0.1548134897618896,7.29221715969326,7.378853116916941,-0.17500027589538317,7.284784584274607,7.428257086635583,-0.1599605010376085,7.157333585310798,7.1079103786734175,-0.07327047894363495,6.8050172558368995,6.991784225020145,1.3157950890500232,7.453169608883344,6.682998192742707,-0.36595214323788183,7.278538285511633,7.330323358283297,-0.06684603273150139,7.264474672955191,7.354705084069508,-0.08127528589996957,7.371610060771808,6.7517602025423304,-0.25643111031798316,7.272296261619491,6.760778042560918,-0.11174264098750611,7.3618833046737,6.726963814285487,-0.2501241840900434,7.164565954278854,6.334604769734979,0.11770880212131696,7.031452176420544,6.466288603300226,0.17248118580081356,7.207383773003435,6.609274482864909,-0.09955684337103696,6.781133552502533,5.044287732719772,0.7114060136603451,6.818944785005213,5.21676950854182,0.5022379643128121,6.856398353315008,5.447934929939512,0.3257645946469122,7.250718851098601,7.586517079680431,-0.09999950401912086,7.2175715026728495,5.417408433572572,0.06159858982243771,7.178230578891044,5.009330688975445,0.19509695576713612,7.144683530042567,4.693124549652611,0.3230560409412031,6.922166528575792,6.104464961097559,0.41236877978373837,6.767688371259683,6.2992430382186235,0.589070788244255,7.280931500698679,5.956452545913762,0.25700775031620887,6.789080537377885,5.9056962920554925,0.521979674050903,7.295518072453481,6.1061193361092645,0.032098652476238984,7.228347739560037,6.506864964752273,-0.2832477090168916,6.703844600351448,6.460575238434219,0.7134588867873543,6.808117962146522,6.371365808970107,0.4684558420985196,6.900164480885661,6.384630733159572,0.3350512616989204,7.053550408704377,6.317485337012643,0.24142992062245122,7.170148935584507,6.226838125992276,0.1900324361394896,7.254036863342147,6.13953742635433,0.14367573684508,7.372873285102451,5.881328103360248,-0.07486700960940486,6.719822642561832,6.751753077757612,0.6299968875661852,6.742027034137976,5.920433909246333,0.5967494804450387,7.3931062487469035,6.624835012690771,-0.45370673619231977,7.243905419472012,6.341359065648403,0.008539113626762913,6.722539322975111,6.319612797729677,1.383556957194746,7.31377177090305,6.045327110496091,0.1234565774710204,7.215637123621694,6.637218601010519,-0.006484791886298238,6.846012554630411,5.991723792664189,0.5249605949174405,7.235932072893201,6.428002860135275,-0.23398750409490474,6.8604715927387465,7.33772885952002,1.1911961414091519,7.2898218070707985,5.910027092446816,0.29646598813140024,7.279119667944688,6.31328171402855,-0.33184288208023516,6.964118685957039,7.868674229071349,0.38820912463123214,7.033570374917443,8.091877347306545,0.5242734094313121,6.727595070211572,6.884004044186476,0.9852337553561301,6.889503665510919,7.724557646171793,0.5764247851973319,6.686136660411338,5.945437628738495,0.986584080179961,7.247188520270435,8.21949791614666,-0.1068655143304402,7.424304968552064,6.685635075567135,-0.34866908538148805,7.184283083509666,6.4780017493779365,0.04556900703072258,6.715956021894938,6.171430100191102,0.7899446530511088,6.983037126820872,6.024127313565297,0.36607328684305374,7.055618733708246,6.009873469256863,0.3205742557741221,7.24298774720023,7.409996975879766,-0.06222712385811141,6.760894176551834,7.052910603036629,0.5924983885827569,7.420105620438802,8.421120773947077,-0.16701873581414586,7.202845285137559,8.309136257650843,0.14505738845672134,7.120149333863374,8.224828680073266,0.31584889816404277,7.414059528126427,4.950311822278781,0.10075362908417762,7.601180599110196,8.4226454778769,-0.2557301873563188,7.132051286736132,5.979167072075773,0.293621707276798,7.207943068603861,5.947157551769614,0.2891044824403166,7.263722295688885,5.928306440121373,0.2993920036256985,6.706964543579811,5.923577364264268,0.7237416878028599,7.1877863401559,5.820553689708872,0.29624995129975484,7.1018699861888175,5.783707509296354,0.3011443889571922,7.019200396618093,5.781540506024131,0.3281926099543185,6.946053081824045,5.819150463358504,0.37028552636366585,6.907193793489231,5.873684634313918,0.41236250106720496,6.684285641341393,5.946737189471205,1.2823411967617449,6.936795849038907,6.01745495267614,0.41406082709464476,7.482406875455417,6.862753661284179,-0.3048682912801872,7.229666537211487,6.988268143761416,-0.13585076390803838,7.269060184400211,6.629491059504508,-0.21266796625093073,7.368893380358529,6.886125092597263,-0.26571588484905045,7.45919717675545,5.694153596491088,-0.0432128908203575,7.054954703772454,8.018210635706497,0.21629837803944374,7.148257322057518,8.120228290659599,0.054820503807538834,7.384865010262666,8.270844814658117,-0.2645806171989662,6.9806930726483865,7.935799675821064,0.7715017915672554,7.256934513287283,5.873640104409425,0.296644352663845,7.319019887326919,6.09681080487415,-0.12005331272532367,7.568886799893757,8.273339914266641,-0.349494024127164,7.295371301888274,8.373770167184395,-0.025266654662594836,6.7799964368614125,7.205963803408978,0.8972624353565272,7.368195863934559,7.279973217154,-0.19108069235619551,7.355333490081706,7.323003354463201,-0.2137910549721363,7.349164138993696,7.380359296406496,-0.23810562966237195,7.347930838758871,7.456382174313051,-0.23493861832496024,7.335089126781703,7.640372614891379,-0.18425790944966228,7.256604635754803,7.325549752521701,-0.07239568340364154,7.236322511095791,7.321941761540099,-0.06019927653742704,7.218172122024645,7.312517096314069,-0.04880402944788952,7.113652242678299,7.250842109874236,0.00464401330282739,6.826137255178843,7.056838496852104,0.3459406713383753,7.335797330382753,5.982899746789953,-0.014901559600467984,7.320476905801914,5.786177315919127,0.20571818405678485,7.2841540408269925,5.812772712317469,0.2684792326022376,7.278920886451033,7.328781554870149,-0.06917180737819288,6.865336395744745,7.450544125714465,0.42665281536741845,7.370762923868742,5.760536640673104,0.056700300328261725,7.292606172938907,7.839565921102686,-0.15672735165954926,7.419870502543081,6.070738367674168,-0.34717065409531517,7.361310471982309,5.998746692961511,-0.19223853666785748,7.432032510058075,5.9505995352672665,-0.23644640089107657,7.269862435159548,6.327145120134394,-0.13571682908780103,7.5497952267612565,8.083748680420864,-0.37224343946934474,7.544969610071212,7.862131539264073,-0.3322851976215593,7.41064248137529,7.869873330339523,-0.2715573845152345,7.108680567901519,7.6371550621123685,0.04360008947239599,7.157182539874761,6.782629757293482,0.018293083758533363,7.197609993326183,7.765156094456468,-0.05638036409695917,6.961213911227183,6.8302575181817256,0.12086911170810255,7.079400552621133,6.959030164710871,0.03592114679089947,6.914268704715001,7.110285781898665,0.18322995886940496,7.382552305142943,8.088042788170885,-0.2871027519086171,7.239753807416365,6.433630015106185,-0.06852646330357326,7.05026588294901,7.8017717880833315,0.13113079441640266,7.154336188379599,7.929945240217625,-0.0018006854925482244,7.0286314741503695,7.476985626762881,0.11791525389102035,6.805877217352459,7.313413394231694,0.5667058218325104,6.9463530352607075,7.554300940617427,0.23784283643100942,6.831714536656721,7.495786508678854,0.7815929804037298,7.02536119796444,7.183906894876513,0.07524303125541573,7.285102349673065,6.216155223784906,-0.050083462663768286,7.254933873738244,6.5597693412032605,-0.3150120254039628,7.231023808700418,6.6276799392289885,-0.21626999022532978,7.267698638040448,6.437156071063519,-0.38707392377600464,7.2339228836024985,5.6774370703446,0.21647816752883225,7.0702979276643925,5.620239298622062,0.24276782160292865,6.937013867451302,5.627765921199003,0.2851976957995708,6.84127528527088,5.683182496741841,0.354872234667008,6.790891657653404,5.777128126847777,0.43463787331111065,6.808003253112549,6.0483572814369975,0.5755518654795653,6.692967903999725,6.572397309638864,1.0295045848643016,6.873971634823931,6.216127437124502,0.4495627832802469,6.952646357602824,6.228418403242906,0.35715403603301316,7.0601764584928635,6.195801851278706,0.28126018352472526,7.166976268949225,6.134784482468418,0.23768722667976033,7.250089020129459,6.068013137519227,0.20749034066587324,7.304198910154868,6.008253293211808,0.19123975317504277,6.767430454052863,6.659272659629098,1.387699307030257,7.251023791884566,6.679217781970911,-0.17667516806058378,7.305360962542505,6.2030869436536795,-0.21153356693398406,7.2961806774323295,6.536125030635446,-0.41300854092158223,7.365310326123444,6.620054994622927,-0.4063410337920144,7.314960897472618,6.577159515744911,-0.37025188402082176,7.286847921929171,6.727475373828296,-0.1650625148448377,7.372043247682711,6.624245080516054,-0.4365468257868,7.401122344034027,6.675899057248893,-0.33928841570109614,7.313279448278981,5.904983813583613,0.26246969934145103,7.342228161069943,5.9192796941218875,0.17754395762970876,7.354490628049472,5.927327138461774,0.09142923963682617,6.8893511951179365,5.92177408125194,0.4505624351061992,6.823887960643117,5.8918663724378275,0.47082946412758825,7.501892449182867,6.083057120452976,-0.34557532573696653,8.210098900145617,5.763016421994483,0.04149047133146823,7.5348025422774825,6.63589624096671,-0.37455131309443024,8.700829847308615,5.184900346494621,0.4811962930728713,7.9379926845575115,5.912098623603808,0.0024691628525517068,8.031894497237428,5.91474833104073,-0.020956511972277367,8.131137761021028,5.897231691570321,-0.01943169115145457,8.269273799627621,5.815103229398988,0.03289633057100845,7.854817235271752,5.892859567427628,0.04136845104380166,8.038537646509237,5.448201040648759,-0.02708297102134463,7.922150725735257,5.487571532287149,0.011804481086502228,8.15391712272398,5.464585195588115,-0.0266185185512497,8.23882104478252,5.523647167232327,-0.00715700419204103,8.367783210585186,5.894533891836547,0.05063782657727165,7.9497970278796215,7.959150445258464,-0.33252726218238055,8.245024594837181,5.717062273036686,0.06640126247919215,8.773364430616844,5.851751340796324,0.3976906545452996,8.49995509190367,5.797118135333318,0.13250104637249388,7.9940419409833785,6.463690906791752,-0.19230633344744733,7.60425921858719,7.032815860215722,-0.38512458267694055,7.610655137829259,7.192790788942386,-0.358155268670575,7.741453360653959,7.095629387253619,-0.3734904326498007,7.838864129807884,7.166374937118958,-0.33873660112462495,7.719494774150613,7.206116986280432,-0.3519990984342946,7.8092513870811295,7.227231998273072,-0.3126639190101683,8.000733538791277,7.423984353239717,-0.2712226086932598,7.482350589656138,6.50857277564937,-0.5202636251214752,7.485152055007571,6.361906944777426,-0.5334327209564718,8.364538583624244,5.4175217176496,0.007780652462256194,7.7870013968827845,6.120993749166706,-0.10189519771574758,7.777036672975068,6.4987583846992205,-0.35159621412339864,7.787972505039957,6.433671338857554,-0.31622604419014205,8.328219281041681,6.436214887002166,-0.1573252101572657,7.490269075392614,6.203842170833873,-0.4583497357440402,8.06884648070302,5.287305589736426,-0.06702298900571656,8.230941745361998,5.315430677413895,-0.04123177763443803,8.522261367901294,4.895993176061111,0.36850945112298217,7.64161232743245,5.501064449587615,-0.04584244290925883,7.830917144932533,5.57581056607256,0.0605436429875818,8.07892662612318,7.28031805673439,-0.2543749197130893,8.842540390408631,7.408361125308329,0.40628189807884835,7.712641443729598,6.596124267709417,-0.3043402779376673,7.627217412386584,6.653223004924364,-0.300108133549747,7.9559421546995885,7.290953222884145,-0.24009328874425184,7.936997352132295,7.283043286889331,-0.24782169858340147,8.294910200002812,5.21562526811598,0.012622289481221337,7.801087808750327,6.58306311236291,-0.3091456335211674,7.876295611285051,5.348755076739908,-0.06820147849434886,7.879766093921579,5.208845322977569,-0.0694010361940442,7.991380833890906,4.569655236628906,0.1707940367794014,8.393915495976806,5.040786613508953,0.16787839675284988,7.913403627535985,4.858060822218212,0.04992966193988922,8.441462034319255,5.35610536089506,0.08716031911403313,8.565018625955766,5.271203220032699,0.2774525649812843,7.607537332036311,7.119614975009464,-0.38380912476832735,7.728198411163101,7.153910838731886,-0.3695884997686446,7.82291244930096,7.197730402187931,-0.33472784100259134,7.693807787803918,6.633164598505521,-0.28168205983988726,7.948746122133599,7.286523744224466,-0.24281591389978058,7.892197418298943,7.296834732669515,-0.29013706413064116,7.926412771954044,7.281195117733274,-0.24737706748704377,7.635155847520273,6.520838092542786,-0.41910170134300573,7.800080364191088,7.247780589880567,-0.2955864334578642,7.714333580100313,7.234857655357605,-0.3155645301939536,7.614305877519172,7.240623743630532,-0.3235875053513212,7.665390583952979,7.638537270347816,-0.3153827591238152,7.635376715846555,7.4354908805605815,-0.3801808281502777,7.6247436871322165,7.355629168647536,-0.3757362983828804,7.6193523625354995,7.287121513662373,-0.34086708987516456,7.612312362754851,7.239954013866964,-0.31554883340262,7.799672114026701,7.247363789974518,-0.2902516395749004,7.810939248581014,7.270049816997653,-0.31372858449667973,7.824221984732275,7.308070518171065,-0.3398085027206164,7.838619749692029,7.350214332261247,-0.33767834794436047,7.927517113585458,6.999553802755997,-0.3018549526431792,8.938452817336193,6.617431648889465,0.6467163081564651,7.867963175556413,7.264627143348173,-0.26653519056180813,7.876020594594905,7.280847428238997,-0.28229385619770986,7.6008678210610405,6.719211336032958,-0.31620418000703626,7.776347706292761,6.691806564090561,-0.2407779137608719,7.612807535292808,6.690512703185626,-0.3084536165404016,7.900501354888707,6.198614003807216,-0.11447478441012013,8.06343164431673,6.278427267184174,-0.14267517215608558,7.821228150193434,6.5133307068845845,-0.2757428838281989,8.290936707565137,4.682979568691509,0.25089766853107826,8.182470409963049,4.8973614909663565,0.09557781809272821,8.103078221362972,5.156697598663718,-0.03486910274919267,7.908219634174585,7.502899893742105,-0.3079585998571106,7.651656848929017,5.303874276599998,-0.05885909896558243,7.669388300658698,4.888293064976266,0.05012540983380023,7.710092195757211,4.548525975066828,0.16054445507264714,8.218762638363678,5.866700920332549,0.0025241849418453236,8.491976045497085,5.990204076083669,0.06365746892031529,7.798552810347378,5.868870417279424,0.07107922913841531,8.356346506154566,5.609556040175455,0.0443453224721494,7.70265320803231,6.029277820438519,-0.10651484133256169,7.68748026649515,6.428877783698744,-0.4174259519771436,8.640535644147286,6.101105625102644,0.11190027684940959,8.404651834069568,6.080465123772276,-0.024315957900393956,8.252234876972608,6.131370998109641,-0.0819495354488429,8.051840332057711,6.127859191721743,-0.0762026506972293,7.910085615292439,6.0878991241478735,-0.05053325366280906,7.799728399825979,6.03292357277913,-0.036202506209316365,7.542004987149719,5.846714474239367,-0.1339771347790877,8.63832411097057,6.419848544024607,0.03558044849162729,8.443910110348636,5.594577605261119,0.07304143937987773,7.469450454444277,6.609340743362793,-0.4830236222336259,7.776475952417699,6.249064604401049,-0.160613610014324,8.897475330504477,5.889716824888165,0.6974158754463156,7.714609309268931,5.9640504163378925,-0.015803074474716402,7.844998569450771,6.54033649088273,-0.18260202042120385,8.308525663600442,5.723293965990986,0.07225536967458565,7.700578470722195,6.350463828040559,-0.3706117079140735,8.916410870851637,7.004544001973046,0.549639157046998,7.7947246635179654,5.8260821664114255,0.10198616117814965,7.5904756100701976,6.260583956334408,-0.430851985361062,8.495819866852878,7.687069878895348,-0.058745247132271215,8.559372946544588,7.93204277683884,0.06883955306206009,8.824552446429074,6.517791534597026,0.33313309153300114,8.650676350237555,7.489040050028621,0.05113063903029025,8.677994912284856,5.538737105027513,0.3668567014527904,7.997919961305822,8.151155556166973,-0.32076475470554106,7.485746262053119,6.672216968506216,-0.366614258387781,7.873147881396284,6.360709268466196,-0.16306966802908446,8.610390680002038,5.825219711221215,0.19942788974817305,8.108997492507353,5.816318005193544,0.004415482006183166,8.028167522351023,5.832370145165004,0.0008947352832619052,7.9079467549198545,7.3208317200809105,-0.28655685980944345,8.652456121460313,6.743139213032581,0.01817234231406144,7.818094669874106,8.39207160169158,-0.2829862516826639,8.191617208585045,8.230359650450472,-0.14854055098355376,8.362342724973908,8.114361742922139,-0.055006115581939734,7.947301928271098,5.833994952320126,0.02158896742266544,7.877327992590805,5.830898520881336,0.05595253190707127,7.825786587456523,5.831118320489911,0.09042028662707297,8.541523935867046,5.569946512009751,0.15458010853244436,7.872311431670297,5.681476467040924,0.05790595305863447,7.946847367006038,5.608056629231384,0.02478700914571087,8.028887838086092,5.583760757101035,0.005246432288965629,8.115363487653601,5.599988166776577,0.0031756546614516985,8.176662997938752,5.640880868670138,0.018234514410090077,8.818404469695219,5.497074926384322,0.6139436343471133,8.167500524790375,5.792453538777919,0.021765406036740886,7.8155112229350685,6.906562537563145,-0.3090359563664024,7.702768629544755,6.557473023088391,-0.3296415239866958,7.607823748382007,6.851381079916028,-0.3368023333982316,8.33352368326483,7.877694919003823,-0.1462249625525149,8.174877526888222,8.024679227752697,-0.23151698499366033,7.789529982979487,8.237563520279652,-0.37981505951477623,8.716046250032559,7.719761953577568,0.23410602043571155,7.8196371857657265,5.769110962842946,0.08344881280320118,7.604465837344035,6.044219918950789,-0.2140290450466965,8.009322466769792,8.320130512950426,-0.2424539971010177,8.816956000961888,6.877399368752147,0.27023217455753745,7.712889386237812,7.233951382741374,-0.308998039152727,7.722323313683977,7.273916437664546,-0.3358723486078578,7.733918900813826,7.328393966581446,-0.3670016240269613,7.744501343556662,7.393560097533491,-0.3706793043090931,7.7973722335194715,7.579219162692962,-0.33278079319360865,7.883249401170601,7.259042737085577,-0.2804572648168208,7.895352985450901,7.245175056108901,-0.2883149004388077,7.911032499181567,7.233726952022732,-0.2926549630502656,8.022193390364308,7.128827321650874,-0.280858724170773,8.463669988287759,6.7911153758935745,-0.1349898227345802,7.619405798420891,5.926192872734541,-0.1109884936574971,7.699981413762759,5.70889014496422,0.08157457695430179,7.766681510864763,5.719749385593381,0.08966137459728325,7.867482252587894,7.265473567772767,-0.26863441931939397,8.535400895879707,7.207630290554706,-0.06584495038236723,7.588521994100302,5.710503908703029,-0.016985637058050264,7.881493854215888,7.773190001705387,-0.32469581014423526,7.52125405165621,5.968224115226166,-0.2421463177259267,7.686266915657539,6.252943337201965,-0.26145900409918454,7.710665740927074,7.840628226504259,-0.35315311317417025,8.128242960989779,7.50917326668701,-0.2521108412490722,7.933989268024018,6.661777021457756,-0.20088092279671588,8.01586586905554,7.666828365509232,-0.28994663199407894,8.172199320312425,6.629243116996293,-0.22318439341035634,8.039120453899235,6.808593185287266,-0.23827689167505015,8.299097435982052,6.890717016348531,-0.2119512129082193,7.756191690323272,8.051437069242628,-0.3952880880783108,7.771331857850725,6.345130926678537,-0.22540249474798496,8.25235314839894,7.65553486925146,-0.21000251749277038,8.105398051267414,7.8255094333309625,-0.26506788567887546,8.202746834794285,7.313175426422086,-0.23829049556087262,8.651093150143605,7.025934030655832,0.016010212283260886,8.374611604259686,7.360204705393951,-0.17536768100487474,8.772617040699842,7.2052748367266695,0.18550711799286676,8.141230731053682,7.01641033092221,-0.2499121549498023,7.688548984202971,6.142764953831947,-0.18426328643562975,7.656717583514782,6.4881096814585,-0.43722359127527716,7.74520170989452,6.5455639454309145,-0.35662693555353536,7.584206511996124,6.382650755486217,-0.4839390234802784,7.756048482150423,5.56551275847924,0.045780162271587994,7.903301395283195,5.434816420076019,-0.005598654440474645,8.046167578464601,5.386974915646211,-0.04181317954932544,8.178624451171839,5.404768353002946,-0.04349589227900255,8.286055517554287,5.477469656273596,-0.012292308973336693,8.38864600519878,5.759535608420113,0.09103361370036248,8.812392576349495,6.180675220842218,0.3639184179698045,8.30244608479989,5.955535942359688,0.00798500506443062,8.185720736751765,5.997266162696945,-0.027185275693797136,8.048021447448434,6.012122763792589,-0.03461625916836518,7.922410067899021,5.995952352394798,-0.011054477820730053,7.826430667995103,5.961593790566849,0.02019822614426959,7.753062484874774,5.92594991757563,0.03843317889560701,8.92701468794863,6.254564225725492,0.7048139401889875,7.757056639188134,6.601302561243042,-0.31465053163929263,7.590597443888889,6.149409528060702,-0.30868612943670926,7.559434348007323,6.489661459570255,-0.4909962563339647,7.523330926401741,6.591212441124275,-0.4509343933984251,7.5735627961047065,6.531479670998788,-0.4500935797417976,7.738810065523284,6.6631086437217,-0.2796116641954603,7.500349933291247,6.599072503626057,-0.4734866525884653,7.514120717195746,6.6599915504072245,-0.37046836615151213,7.7555283728659505,5.828645307714015,0.10075907286500184,7.696218102474289,5.852240813506505,0.059085583626069395,7.6487007757491865,5.865944268195412,-0.0073657638632007,8.213799513328562,5.67868212647421,0.038165172882299814,8.299541310070033,5.61430613414748,0.03051787148106426,6.997900140222764,5.878808067005208,0.3262306891572353,7.085867719710389,5.860032121835751,0.3263488937887106,6.991844785690255,5.755097936258007,0.3264326322741088,6.916245832474468,5.898029311219591,0.3263637890417634,7.006719198747696,6.010996335328547,0.3263287885368323,7.99685409351189,5.693572214058033,0.05039289540384867,8.095880051361567,5.6790636586959025,0.04986121391044618,7.993412110014237,5.563740824519675,0.049860167457690605,7.904150669621677,5.70590771008093,0.04974071042265139,7.999918463419446,5.827803514399489,0.049758605878019314
7.487755560452601,7.079877794718877,-0.3637175303094069,7.407883150133229,6.525198381222385,-0.5115399725813798,7.475464427613047,6.739943313392296,-0.30816665873108173,7.352895153007109,6.117333442505771,-0.2895353941097907,7.396216265459692,6.372380149823001,-0.5232658259030196,7.405954821894371,6.207045600172577,-0.4603095788564062,7.448908939135197,5.828903710547904,-0.1394916398305448,6.909754492014082,6.0000738403712806,0.4523586097784077,7.447373260142315,5.551742156815074,-0.028070390375310048,7.433864273289379,5.364754177058976,-0.013854617621045246,7.413655307832695,4.610546949357312,0.21380190145193528,7.4913228964332825,7.143882472261211,-0.36153052389216495,7.501461940846616,7.2074496059976845,-0.3376428990892902,7.512148271323306,7.256319115962371,-0.30067414416912835,7.513605562989405,7.254054434830407,-0.2921933480232838,7.511848974257408,7.308836487070707,-0.31545514355213045,7.514783510727334,7.378856323025533,-0.34674215342815,7.521378735358019,7.460746138091471,-0.35047788854665374,7.541381043316822,7.662370456982054,-0.2861839127764115,7.43118556454959,6.628302657364014,-0.4732177446648517,7.386958722166636,6.669103973566558,-0.32994181188453897,6.673678943002431,5.624629187399999,1.111212330965368,7.156829208197494,6.053449196401858,0.26646820848115865,7.06815532630453,6.0895194811270255,0.29745732424627647,6.9871683907207185,6.108308923356878,0.34837637330768434,6.886971571790673,6.065437469115205,0.4682779178534078,7.23257559467984,6.006750302776996,0.24875153690275745,6.9729980998745615,5.6707319810352805,0.3025955244403857,7.0868293253803945,5.664752809531902,0.2699539503807804,6.884314954024796,5.722126275534436,0.35531420845614126,6.83883177657713,5.799270806881764,0.40647859648890333,6.837598957710453,6.174497756868208,0.5208992857844925,7.253598363110943,8.035650907122067,-0.13310623491376478,6.882314651967709,5.967913301722424,0.49712222719681015,6.6881734723366435,6.255904420956338,1.048521442835216,6.7587427321910125,6.115455709723291,0.6640687498689676,7.086226455576227,6.61985250353682,0.07619695772745907,7.384637744681801,7.061083364204593,-0.31282103987357607,7.414169813741215,7.220753360576861,-0.29250001617019483,7.293602979028549,7.144791052639831,-0.22626778013048462,7.240939522447572,7.23580729037948,-0.13799428600510355,7.3440544877701255,7.249255705207173,-0.22387816919646122,7.291356113198128,7.289970795350255,-0.14315406498320501,7.1822680335747195,7.530972631544181,-0.013037284990008832,7.342094804600554,6.541502945193222,-0.48275538903639553,7.319467233806587,6.395114612426218,-0.4889637543941063,6.741148340388567,5.74386094341514,0.5002931727181925,7.247201957245462,6.223097186861524,0.07131052671510422,7.207195916103733,6.597492162265977,-0.1847549653226246,7.206666445341918,6.53245348462217,-0.14393034447875158,6.852379957093455,6.696116958987995,0.28855430545389693,7.333714486755404,6.241263093537422,-0.40135175354952685,6.896177094403228,5.559733744780587,0.2700818865149758,6.793771178082029,5.624571465823005,0.3831047872516141,6.699345091627325,5.310615969816388,0.9297448677744615,7.273822293420923,5.5982792875019385,0.06101413978546883,7.196604363031245,5.712299355204111,0.2702945789462551,7.1089716073603695,7.414050094914856,0.05834976122885725,6.926071170389967,7.688141359580014,1.0117572521150053,7.281899751139867,6.670771485790848,-0.18100939838458263,7.352275180513463,6.703309352526354,-0.23845057366753855,7.206034358443223,7.385886241013833,0.029994028179309587,7.2246499233300305,7.3700669658569895,-0.009776011714349433,6.7525615351681525,5.545295155493213,0.46616159364503196,7.225465864140634,6.67742086893822,-0.14547147940773122,7.049062311336408,5.548169476243928,0.16177265847127467,7.0194746585361845,5.421590689873048,0.16786354304988232,6.947064009114481,4.8322815369340395,0.4898156375755699,6.726452141840903,5.412588974310128,0.6713900816522335,6.9881631971588,5.085846011163011,0.3244567032311617,6.705670236286641,5.700245878487123,0.6201757216986473,6.688554007177571,5.666604531974132,0.8532335813204285,7.394446137098522,7.147119868857343,-0.3123459057814626,7.318528011109316,7.202402887376992,-0.2313991659717542,7.2654042071365055,7.262251611375711,-0.1508376041159378,7.309708724234182,6.699382860066594,-0.180167436099165,7.215866979670041,7.377768164407375,0.006816247803166403,7.248974936054878,7.380291523717721,-0.07822103207754003,7.235146698998318,7.364224259563419,-0.016409338821207212,7.286491823265219,6.59213118172609,-0.3052323226832982,7.314312910764582,7.305338274460006,-0.13512885063603203,7.366891566510222,7.277001255828,-0.19561198865720944,7.434174259536203,7.263076103531054,-0.25608113053211323,7.439183209717628,7.676577803655418,-0.251225837326484,7.430505732642764,7.4669173585454685,-0.3091874309711593,7.423369635457277,7.384294265668079,-0.3038021102755417,7.425980646051208,7.319450131117107,-0.2683802802573605,7.435425606316482,7.262559459786349,-0.24764151000195664,7.314405550332599,7.308902759992441,-0.12976700160019541,7.301381139681594,7.34168576527716,-0.15235387556470348,7.290543022835771,7.383327963712465,-0.17238396425934754,7.283002161999259,7.4328238596793526,-0.1571332310475118,7.157707858869524,7.1111229831745275,-0.07074630498071953,6.807790395171114,6.988733286808129,1.3184012592924568,7.455760704108081,6.690050492507063,-0.36476820998694737,7.276338526610654,7.33558153035696,-0.06411326180523007,7.262101962842761,7.36007970781279,-0.07853985916775318,7.37300791583547,6.758082140809852,-0.2549750675359055,7.272785442871204,6.766805225056661,-0.11030430799052315,7.363121136091966,6.7334257634763315,-0.24880064032763136,7.165958481319452,6.337169275244198,0.11781376935806796,7.03254681419532,6.467907221912973,0.1731792727238532,7.2079847776559935,6.614887735303218,-0.0985452625351987,6.785624596993104,5.044805257307749,0.7072864444961011,6.822246443453998,5.21705356918042,0.4990521588128074,6.85874287019204,5.446406336002349,0.32344773362835544,7.250792809424179,7.590277632539851,-0.09661052078778522,7.22007139083385,5.419486702760989,0.05861373945944933,7.181381544170011,5.0126436497408,0.190710108438049,7.14858856231643,4.697010308635,0.31745876370912895,6.9244791950442135,6.105033045709416,0.4119384074140916,6.7699499820847775,6.2983853637882214,0.5893557399525398,7.283034942154095,5.9591595751569635,0.25565538936352383,6.791617664431685,5.904886327928691,0.5211505260744824,7.297185992474588,6.109831775332651,0.031374174022452565,7.229589750141475,6.5137481306155935,-0.2825836184878775,6.705195636653574,6.45971004536767,0.7142133900414908,6.809999492562268,6.371253510153513,0.46895320685834063,6.901834521560766,6.385305507397434,0.3354529308781669,7.0552827020226605,6.318709059786833,0.2415762015156246,7.1719287451720595,6.228691191545574,0.18975977344644138,7.255721947054698,6.142190063828618,0.14302484837421137,7.37460274162947,5.886229431542307,-0.07656164808457828,6.720276645714536,6.750989512960126,0.6318986354955328,6.7446009458273215,5.91863724657656,0.5958918623203614,7.395281318434791,6.632098029204427,-0.4529070983746185,7.245175288542094,6.3453999445564,0.008570791950948307,6.726442165272039,6.316992377330289,1.3837702326268437,7.315494421562819,6.048801540535695,0.12248274791326287,7.216139910089658,6.642190753833752,-0.0054725582605783885,6.848424960151229,5.9913699966501355,0.5243285531782276,7.237195458675598,6.434244140732101,-0.2335884883781966,6.862158419803587,7.3350541974313295,1.194994309208035,7.291738073263178,5.912835871782566,0.2949037011924361,7.2806256007736145,6.319750186008922,-0.33178511659679044,6.963868826752604,7.871160090152651,0.3930672820266703,7.033233059610701,8.09407013132509,0.5300912242296224,6.728774544549861,6.882159302538267,0.9875963183173561,6.8896346030651054,7.725702428738178,0.5811940158573046,6.6892929858855155,5.943541612907539,0.9856367242242922,7.247558975888355,8.223483332171234,-0.10170702204172373,7.426579240183004,6.692776233642921,-0.34761398974734015,7.185214684449694,6.481448988920744,0.046064557544348,6.718781585609168,6.169175257379651,0.7897239910079342,6.98529992189504,6.024936875202683,0.36528287177935614,7.057853093729077,6.010776560925389,0.31969384917140625,7.240076549240899,7.415606439657527,-0.05919249736643559,6.761028079072764,7.052331775475316,0.5954464797818223,7.420358136884691,8.424987219623395,-0.16126861905241005,7.202349441472367,8.312819230669483,0.15093096743057902,7.119598078423879,8.228103908779053,0.32172884652824485,7.416985343996844,4.954478828043789,0.09582564540924483,7.6016551967163535,8.426478004056394,-0.2503819487615872,7.1342728986096935,5.980493398752982,0.292559719699486,7.210199575943641,5.949138468039835,0.28786126795480327,7.2658759563213255,5.930750226400698,0.2979636573852145,6.709717872796884,5.921077586581723,0.7227582321963771,7.1899250501772825,5.821855620952031,0.2946407028034288,7.104011827411199,5.784088606908046,0.2996747502909006,7.021311772431151,5.7816400718641745,0.3269132106224737,6.948199912740771,5.819241403603823,0.36920998777467007,6.909289156337817,5.873805396553253,0.41140354752356006,6.688338085722888,5.944500076130475,1.281221170357758,6.939023607222744,6.018232620926563,0.4133463061566673,7.484778267258975,6.866702034308747,-0.3033557478954179,7.230081452464022,6.992488039761029,-0.13366400973590412,7.270011244115152,6.6366074383306275,-0.21179788045065207,7.370188109907472,6.890188302637017,-0.26393440495028325,7.460931417227504,5.698187854853042,-0.045585579244198815,7.054730427674872,8.021286073183076,0.22143210602567803,7.148107549174808,8.124065398224586,0.06002096456093548,7.385460811613021,8.274648878198596,-0.25957045776117027,6.980861061362945,7.936054107547941,0.777136144321206,7.258954355366399,5.876034803388165,0.29506497420964106,7.320657295949563,6.101904678758718,-0.12089239821377468,7.569450119813643,8.277259176180467,-0.3449397571020634,7.295294720062936,8.377696857987354,-0.019395922416222674,6.780587142329212,7.204547137070534,0.9006984438350701,7.368003241326415,7.283090525894905,-0.18873986970231396,7.355041540536837,7.3259142351284465,-0.21148283911201649,7.3487563021529745,7.383004437836471,-0.23564902842362043,7.347514219329497,7.458851302619511,-0.2322856108382084,7.33550884392667,7.644241606133361,-0.18117679541169252,7.2539411295126035,7.330440746944126,-0.06942525026587722,7.233184877992562,7.326739439895852,-0.057214948789786765,7.2147382021643685,7.317141268037321,-0.04583643539174919,7.113773187431851,7.253770815229866,0.007507808580780698,6.826351801541235,7.057432652612696,0.3487107219793656,7.337535512630038,5.987266063787022,-0.016063603666564136,7.322287039734585,5.788691011908293,0.2036525464328351,7.2860792208815175,5.8150619338621725,0.26664609426705116,7.276756829890849,7.333560562550085,-0.06630825170447537,6.865417907373631,7.451458665091825,0.4305371368409424,7.372848290733658,5.764073115626103,0.05456056350388366,7.293278740540493,7.84314659739664,-0.15303400810474296,7.421682882707322,6.0773445040535226,-0.34824641068293866,7.362957235317783,6.004487046869156,-0.19346967637770984,7.433800850815892,5.956758428815192,-0.23789680728824608,7.271153561249998,6.33244180682713,-0.13593385730531438,7.550559486671034,8.087497710280378,-0.3683534503456788,7.545833443478089,7.865662288096926,-0.3290701537183643,7.411671395853027,7.87331574163918,-0.2679966945460438,7.108912460559251,7.640124133641076,0.0474371986917166,7.157550371603897,6.786679975456426,0.01975961901355277,7.197991818715301,7.76856461902305,-0.052505407019894416,6.961677544662992,6.832143912378427,0.1226330311163294,7.079721020065311,6.961838594988928,0.03797698407449782,6.914462007293425,7.11161254766089,0.18580003318017946,7.383497565383141,8.091509003575476,-0.2827830162503814,7.240815527948843,6.43868015081595,-0.06819648994758365,7.050382781486669,7.804508058801241,0.13558821818628117,7.154606571177169,7.933547850927074,0.002625210467920594,7.028680893760802,7.479217042729761,0.12152381703866144,6.806023117258191,7.313340907912475,0.5703969187432801,6.946426933931354,7.556296013767416,0.24174001321329924,6.8320192052676365,7.495420415787842,0.7860099460190574,7.025618799731839,7.185827530822723,0.07796392387260491,7.286628644781059,6.2207270391444345,-0.05048973926522839,7.256234315127033,6.567240355024284,-0.3142661948655005,7.231923554643419,6.634466751697394,-0.21521628051044672,7.269228796071447,6.444387460817804,-0.38657164493160184,7.23571750125971,5.6790563588335905,0.21423450151161824,7.072416033821209,5.620794621896193,0.24080466534411346,6.93912052246313,5.627669190455051,0.28367660950657914,6.843644758441598,5.682732011847645,0.35370991828319676,6.793296578448962,5.776377075482766,0.43366412310577096,6.810551766910056,6.047501023523162,0.5750806060568102,6.694998158051185,6.57057822992111,1.0308446552631412,6.8760721703075465,6.216335923620471,0.44950851783778883,6.954707486087872,6.229145838040915,0.35704532130693467,7.062257748882212,6.196813916191228,0.28098629855166113,7.16901416183986,6.136308876483718,0.2370385551364814,7.252034892247656,6.0702397617987485,0.20657122728438898,7.306056587418162,6.011060893137992,0.19004931663474559,6.770961891212338,6.656317575344149,1.3891224836689748,7.2517220555525865,6.685860333584488,-0.17550550572264248,7.306899607487108,6.208901954593208,-0.2119502012788324,7.297862973933167,6.543765488489,-0.4123551073171487,7.367047628551726,6.62738410041653,-0.4055209349545367,7.316586855853347,6.584800541447769,-0.36953587417811906,7.287581407107502,6.733964498194948,-0.1637808549338567,7.373957115101605,6.631457390960993,-0.43570749365433414,7.403068743044638,6.683064756466586,-0.3382577051454895,7.315230042487942,5.907927399901835,0.2608611540887294,7.344041660753016,5.922379885124411,0.17600776361135292,7.356327805308138,5.931147151319044,0.0899856949201318,6.891456752106777,5.921918468814485,0.4497396713752906,6.826314745714029,5.891710487214583,0.470034105741121,7.503753701236922,6.08952161896321,-0.34668191543981264,8.211958969910029,5.765069347288307,0.037886487909948426,7.537922024369513,6.642468672537801,-0.37385437007917416,8.702605913993782,5.188531271412382,0.47488173836708736,7.93980886050084,5.914777739650597,-0.00028008337627105656,8.033870802192034,5.91702104242071,-0.023843891021231058,8.133160465967583,5.899634377034239,-0.02247867523587217,8.27125541956096,5.817124233168624,0.02941055478469655,7.85624654492618,5.8961842657377,0.038802734435512624,8.041170087539642,5.450009302586114,-0.030879225974655884,7.924425703925733,5.489756309243429,0.008161372660575882,8.156613241528955,5.46629676386747,-0.030473816518950744,8.241497452477999,5.525534066717284,-0.011068426940143252,8.3699243982308,5.896827754429381,0.04734532184129773,7.950053371499299,7.962833356213153,-0.32937924920011036,8.24696817527538,5.718971898243487,0.06261832418006039,8.775417051394141,5.8548249742908745,0.39371166148342857,8.501996354679008,5.798982555302822,0.1287265211827875,7.9961493953199945,6.466965861379516,-0.1931349268617439,7.607578428172891,7.032106419941213,-0.38337531260552277,7.6133819408030705,7.194222100909107,-0.35596219551146163,7.745550812491662,7.094979469529627,-0.3718896763560439,7.842947778631436,7.16649365297776,-0.33728318588203915,7.722590451864899,7.207354828593484,-0.35007477281102206,7.812305459979952,7.228621310349675,-0.310899570525811,8.001598739755527,7.426559287045278,-0.2694204934452453,7.4848894347405945,6.516037753169715,-0.5199511554364508,7.487431321964545,6.369211163984788,-0.5335244109896965,8.367003401390047,5.418618741269884,0.0030585661121210707,7.788911118607636,6.12480874303261,-0.10345367874311219,7.779616519487373,6.504309583858874,-0.3517331546932721,7.790411879609497,6.438869705624352,-0.316574367602352,8.33011432540603,6.439319363835261,-0.15883042801799552,7.4923383686211515,6.210808904470217,-0.45908580125526255,8.071735444088468,5.289002802292198,-0.07165169530690683,8.233536863137168,5.3166129566213085,-0.04598358143155988,8.524346719380988,4.900239786194477,0.36154038911539355,7.643955848696635,5.50424121831481,-0.04927743026445211,7.832928453044462,5.578576989221095,0.05717139037751765,8.08011291148537,7.282651556864921,-0.2530321530189098,8.842907827142128,7.4114454978294795,0.4077356887039297,7.715413735791897,6.601866175100461,-0.3041271504521675,7.630088417976684,6.658820981516769,-0.29933013555170607,7.959164116707653,7.293163297386504,-0.2386473436730651,7.940043309869127,7.285142848632493,-0.24629618750604568,8.29720233733815,5.216841210786045,0.0073671811319676525,7.803702807171563,6.5881961379215905,-0.30903695848051393,7.879211893837375,5.351410872510377,-0.07236402343720094,7.882544780449771,5.21140398075556,-0.07397759426879222,7.994383542631195,4.574927035455116,0.16369094333388914,8.396369431839094,5.044445388216609,0.161824990919553,7.916678185591339,4.862565411718507,0.044002848369760504,8.443565728682996,5.3572436022350844,0.0815527105897994,8.567104868304856,5.274088900759696,0.2716957301433719,7.610644797874225,7.11976981793074,-0.38184889756944185,7.731809514106626,7.154254540818708,-0.36782509304020994,7.826508530980946,7.198487796710218,-0.33310685608728574,7.696573698105666,6.638765227653341,-0.28122326433129086,7.951859130463552,7.288660301768858,-0.24131545230843693,7.894870831280346,7.299031657714293,-0.28851328572209745,7.929428240598603,7.283230197858991,-0.24582236729242096,7.638109579342756,6.5275948955857555,-0.41907998280480313,7.802657405277104,7.249401078067752,-0.2938705250486602,7.716896681492216,7.236599002379987,-0.31368191978231813,7.6166528301661005,7.242688985058954,-0.32144740930214205,7.6660952802283635,7.641628457703246,-0.3130196359475106,7.636947309070185,7.43497452288145,-0.3781838001215504,7.626525357668372,7.355509726661349,-0.3739154320252079,7.621271981549796,7.287573568374823,-0.33920877501828567,7.6143297148450815,7.240930258490771,-0.31381036810643276,7.801983274266772,7.249101781001854,-0.2887211902910875,7.81322187909125,7.271730064407882,-0.3122614389830287,7.826569103006187,7.30977642238004,-0.3382230098457373,7.840854837006334,7.352077074360321,-0.33596514306661374,7.929468146874057,7.002176713351391,-0.3008628972889612,8.939139672561083,6.619010196079936,0.6453122214087124,7.870393319574303,7.266718976390273,-0.26496775924707455,7.878581232162804,7.282959405275559,-0.2807279989484354,7.603768804091244,6.724530227110599,-0.31519884817032817,7.778945951537349,6.696394165079981,-0.2402523909963251,7.615744962399543,6.695975861799786,-0.3075576649170104,7.902470838917975,6.201961113112616,-0.11589333552470503,8.065282741870114,6.281476504789095,-0.14415106493028806,7.823747871854065,6.518085087622871,-0.27590123249439963,8.293413379006292,4.68769540007098,0.24373238746119968,8.185394930087439,4.9015078793582045,0.08943242959619517,8.1058880897557,5.158320795670265,-0.04002987189118139,7.909055374367736,7.505923604964685,-0.30590264567292635,7.654088479601413,5.30775768283706,-0.06291017779028328,7.672481709524982,4.89311259665976,0.04462173245982826,7.71332364461504,4.5538219603308905,0.15381442965789793,8.220803910819383,5.868967473266627,-0.0007225149510315331,8.494188976931433,5.99254224349157,0.06051459316296173,7.799804106582208,5.872755006374363,0.06849331514039299,8.358685080794261,5.6113713962988,0.04017560384143222,7.704442360490542,6.033525275769838,-0.10819961940096663,7.690117432827003,6.4351341931971175,-0.41768678168599926,8.642531291971517,6.104127315779043,0.10887526471193032,8.407018706488577,6.0828943267897495,-0.027069799531510026,8.25476557645409,6.134005001688364,-0.08435699493632955,8.054128225268911,6.130463319741901,-0.07821867155008577,7.912297046636239,6.090852065682334,-0.05245529034974532,7.801785880725691,6.036464800524196,-0.03810747837464889,7.543612944293948,5.851906471592336,-0.13611530615151515,8.640223854115854,6.422722628919143,0.03362436352006804,8.446061296122938,5.5962964444403624,0.06863181240803343,7.472000420381306,6.616466171019801,-0.48242789925580776,7.778507695119426,6.253316213948381,-0.16167261441855535,8.89900251080001,5.892310150264472,0.6933836504025902,7.716389301704313,5.968240746964758,-0.017826479251457583,7.847496381421028,6.544359806948426,-0.18277116468859103,8.310544572968656,5.725025181401279,0.06841946514822148,7.703020699427525,6.356320011789315,-0.37111974356167154,8.916758665540451,7.00650155595362,0.5496550085409795,7.7959631275698476,5.830032488053577,0.09913920241946741,7.5926150001021036,6.266961309705093,-0.43148130328439127,8.496316123935497,7.691266163470403,-0.056572606958142334,8.559740022647576,7.936859359177619,0.07196909160571494,8.826095883383388,6.5200497590768745,0.3314235327828775,8.65138905989798,7.493217019293182,0.052689260931803324,8.679871451390566,5.541884950472128,0.3619233512911563,7.998153973049451,8.155374721765787,-0.31703783267195573,7.488540858944552,6.679119023481161,-0.3656867223961764,7.875345260790795,6.364361838905175,-0.16394657064188362,8.612146226274293,5.827093675911281,0.19543486002163246,8.110931957928146,5.818405509655493,0.0011353346326991704,8.030091107816975,5.834544747628024,-0.00219273184457042,7.910644499265244,7.323170678691047,-0.28487689317881487,8.654049953336228,6.745942794339432,0.017378061152554337,7.818493070511367,8.395962530351884,-0.27806271849218334,8.19182910439219,8.234907928743807,-0.14445123049213643,8.362569529142384,8.119131272309636,-0.051320333161349804,7.949032198414937,5.836604909098289,0.01866698290906149,7.878600472688469,5.834107916434225,0.05312721114923047,7.826889778433935,5.834852239732631,0.08760444047598774,8.543387713668608,5.571649331063644,0.15004347591515926,7.874188691414717,5.684245599866616,0.05462628526472683,7.949150492017173,5.610130382393415,0.021335017777950382,8.031368108631476,5.585683156699993,0.0016424356215723468,8.117755931030626,5.601892586960598,-0.0005403843737849307,8.178889494576524,5.642798300830175,0.014461573810002754,8.820015164661223,5.50034465556164,0.6086288676192463,8.169376836165391,5.7945864514944265,0.018301769227459498,7.817998517740573,6.909777295600056,-0.30801585220353245,7.7055825397892015,6.563544748872502,-0.32955570976187953,7.610395383652643,6.854777896680949,-0.33551953783680544,8.333827746859352,7.881691783811961,-0.14335780522545968,8.175148281252795,8.0290385798019,-0.228175420350428,7.789713519789068,8.241473936279963,-0.37566217780310407,8.716472632101672,7.724045605694814,0.23656161724508687,7.821058473933351,5.772745960722565,0.08041270944415495,7.606242280557274,6.049658812845876,-0.2155138183153177,8.009565742604913,8.324424830705716,-0.23796488400926175,8.81806830850876,6.88010341674037,0.2697331742564266,7.715080233347038,7.23518161698934,-0.307399576384956,7.724473172931811,7.274869833151567,-0.3343872640782046,7.73595620369344,7.32904473991533,-0.36539047620066717,7.746330410087121,7.394109071593356,-0.3688891787321604,7.798115215996068,7.582417521499714,-0.3305168230109198,7.886255351454847,7.260718782831074,-0.27880755398050905,7.898793760679797,7.246676762156016,-0.28676974669847877,7.914841784308435,7.234943604560745,-0.29123637683185194,8.023685437994693,7.131248573019998,-0.27985767692987634,8.465314648804934,6.794181642629547,-0.13551072162457536,7.621091690698196,5.930968641997597,-0.11286019136074663,7.701555569028748,5.71243154474155,0.07868399609178788,7.768263896733028,5.723212652622441,0.08660964517247047,7.869961476664935,7.267152244523763,-0.26703493549232266,8.53650388115295,7.210949956444571,-0.06514025826628372,7.589679038408055,5.714900032923149,-0.019644786868733513,7.881908417878706,7.77648601470049,-0.3220468941990156,7.52301631787572,5.974230251343031,-0.24374650608767137,7.688343028793464,6.258263879492503,-0.26227678021834877,7.711038297733289,7.843923344543852,-0.35018124150685986,8.12889405755441,7.512145420875059,-0.2502002549549902,7.936395448725477,6.6654511241384755,-0.2009425718388406,8.016466677810053,7.670041013213788,-0.2875719251886414,8.173985298368162,6.632578329733988,-0.2238534504655723,8.04104466781679,6.811859410043207,-0.23811693760791897,8.300595795975788,6.893711456669876,-0.21212004790990424,7.756408882475212,8.054983359742906,-0.3917716642220603,7.773544352109948,6.349986315785259,-0.2260796950844596,8.252897107628412,7.659039708205843,-0.20772124953715057,8.10578476100676,7.829331899969252,-0.2622134022831146,8.203877949130778,7.315589911579082,-0.23703768664053124,8.652394555516986,7.02899301784381,0.016133155717238737,8.375498449777124,7.363320667469231,-0.17417172976904316,8.773524353758365,7.20886627877627,0.1861809911345188,8.142673124378716,7.019059205704235,-0.24945524131364907,7.690445234375368,6.147610191169623,-0.18554265774572123,7.659592695165694,6.494806189404544,-0.43732414319272306,7.747906707967518,6.551424642927747,-0.35653562552983065,7.586720273128032,6.389577616707101,-0.4841188831398789,7.758138391948868,5.568389130881538,0.04233484622467803,7.905737452608636,5.436974559060216,-0.009460569531429174,8.048920456322282,5.388800914773744,-0.04588484012276578,8.181226862138775,5.4065182321568255,-0.04766845244028952,8.288643153865523,5.479119861611055,-0.016552037994734682,8.390771864094736,5.761353787998799,0.0872397946571224,8.81434277265039,6.183324169863959,0.36097918484770747,8.304703291899209,5.957865115346953,0.00492942364961798,8.187916864173662,5.999852930632165,-0.029919958279509683,8.050119069809998,6.014580484110542,-0.03706048145397396,7.924404325563883,5.998695648644025,-0.01342315746229687,7.8281019315508225,5.964867241464848,0.017978052672065443,7.754621651424563,5.929694135325314,0.03617801997759882,8.92822388100054,6.256332700805398,0.7019895990417643,7.759741056475546,6.606788899222424,-0.31442942756587505,7.592515947025532,6.15544464817554,-0.30975355671589627,7.562217107387769,6.496893430133153,-0.4909012129750049,7.526333527022758,6.598031609596656,-0.4504284109328873,7.576487163922559,6.538504986249808,-0.4499294934132159,7.741449017464733,6.668283044471522,-0.27914428544877146,7.503140854863893,6.606019990807891,-0.47291163324611385,7.5170717080573315,6.666649737626192,-0.36964187522229136,7.756763050669859,5.832681979698838,0.09810059260872135,7.697631214405172,5.856228820052349,0.05663696473496122,7.650166262814023,5.8705295189057916,-0.009546906936524963,8.215875485800925,5.680598807641059,0.0343860790066044,8.301911277841615,5.6161558736808015,0.02657565038864185,7.000643884806755,5.8805538327771965,0.3386412908568062,7.089017757021759,5.862083284444937,0.3388377045563019,6.994625875946016,5.756792714498129,0.33892103562926257,6.918689222043206,5.899446603755991,0.3388524244492006,7.009458896009519,6.012676384681781,0.3388174619199253,7.999637631361832,5.697198749311454,0.04909907682689416,8.098968626636958,5.682807905032212,0.04856260799194218,7.996085972846507,5.5673683141032075,0.048560876567323615,7.906442938549682,5.709466365952973,0.04844155858524901,8.00283868474282,5.83129381140272,0.04845945739601654
7.472169186516583,7.068997917911465,-0.36341524797552693,7.392559326210387,6.506446933887392,-0.5109718138409072,7.459627726946038,6.722784089355169,-0.3074615975658873,7.337153480241223,6.102112325266545,-0.2893241863067543,7.3807410431655125,6.354933274247162,-0.5225753927439732,7.390344998087539,6.190836911930695,-0.4597694314272003,7.432417232421659,5.815104752651336,-0.13983016110913496,6.896212059878489,5.985908452802988,0.45103042620666056,7.429793317594005,5.539403835244011,-0.029157889645213448,7.4157877277713915,5.352690251527615,-0.015269889061204453,7.394018478846252,4.60329733239788,0.21176583718622746,7.47577084738435,7.131607796704193,-0.36139998005784546,7.485868297398623,7.193360814421766,-0.3375341547431898,7.496509018667186,7.241188595264021,-0.30025649811027993,7.498057057306698,7.2404895957313435,-0.29166859909593973,7.496369645413467,7.2957233583974475,-0.3144503929316203,7.499361903840232,7.366232003018243,-0.3451495297701298,7.505986399920019,7.448267384591951,-0.3478648416310323,7.526925809115111,7.6439986311503185,-0.2822997032105572,7.415753595545991,6.608930362828033,-0.47255083876458975,7.372391447526949,6.650501991189614,-0.32932717669747785,6.655762620429445,5.612363244757354,1.1089493368074428,7.141197529865636,6.040891201394794,0.2654835823956334,7.052866174881619,6.07606090422972,0.2963273589835771,6.972203193204217,6.094298890001979,0.34717217522611393,6.8732410721840465,6.051514856550656,0.46693368776413197,7.216343179524675,5.994702478459786,0.2475666306470453,6.958779984477496,5.6626193912192395,0.301370484172484,7.071011719210086,5.655926275144638,0.26863812444355645,6.871065142814773,5.713462185305193,0.3540232195076953,6.826149267451987,5.789163905803047,0.40515284872741725,6.823326247976165,6.1610920996703396,0.5193341646209937,7.238587435253303,8.010110124938967,-0.13008647738937576,6.869185026065637,5.954483695073709,0.4956631996478326,6.674051804539805,6.239540042136864,1.0463108367215403,6.744408987410385,6.103272820930157,0.6622056603416571,7.072176481401874,6.605345056984937,0.07597446164466887,7.370533374506717,7.049409575971803,-0.31255201010873435,7.399805313227672,7.2060672464150795,-0.29256539220823297,7.281349424975721,7.131658283954264,-0.22630172090659875,7.229596438212424,7.221370571890937,-0.1383552867613745,7.331170385563751,7.2342234880182605,-0.22419105608550338,7.27936122284615,7.27421152333887,-0.14367623626542989,7.1673371258180785,7.512892486859359,-0.012859414527496157,7.327184026072201,6.522658318776505,-0.48206306333085275,7.304556493895849,6.377732889726574,-0.4883269044508426,6.7268714233468625,5.737507627011718,0.4984290654233092,7.2317524571168805,6.209510794664838,0.070872816133111,7.194413935792973,6.581581917225995,-0.18436611547083478,7.193700003411682,6.517468798339592,-0.1435833837238704,6.839109557871715,6.681395210617087,0.2873558057559965,7.3183608458062075,6.225063712038936,-0.4008510772519262,6.881470493945679,5.554431969652578,0.26782568414872404,6.779282877625175,5.619597143278143,0.38078528414367646,6.680312223548654,5.3011527244371575,0.9275200260078479,7.257588418480865,5.586269513982793,0.05942244336808058,7.179672369860163,5.701847628980676,0.2690598885308604,7.094365272264224,7.397003626392726,0.05791755332796367,6.910251781926505,7.66605018202304,1.010880342351915,7.269186975324725,6.654007655173443,-0.1801852178495529,7.338813870789345,6.686274696673279,-0.23789730006933663,7.194571086247421,7.369443276557993,0.02930478209930258,7.213100618111642,7.35351632688055,-0.010468700463473585,6.737700582943156,5.541398437165844,0.46384698795849233,7.2130366201890155,6.661623407965898,-0.14509509020939196,7.033762794977855,5.539972350123335,0.15995716334164597,7.003661016526854,5.414067459221769,0.1660402881054715,6.927312917010481,4.8249459598995745,0.4875450187197638,6.708991825941307,5.405254234188185,0.669041705110123,6.969980332025019,5.079360101609557,0.3223128932701992,6.691308488831804,5.69415970075326,0.6181402907047642,6.672086357227167,5.656964819211247,0.8510096206488156,7.380324345580417,7.134013407506889,-0.3122713747737206,7.306004269123248,7.188344088375942,-0.23160832643181561,7.253856628503759,7.247220043927477,-0.15127721175977907,7.2968283891947845,6.682633214875879,-0.1797464876463029,7.204374856905645,7.361363894370516,0.0061121571547666596,7.2369462440819685,7.363646486944165,-0.07832069659692907,7.223573522605319,7.347645584111688,-0.017077237339074222,7.27311004798168,6.573848834908725,-0.30464615562187675,7.302082618642352,7.289107395374011,-0.1353886608359112,7.353656411222297,7.261298164729067,-0.19568947013665397,7.419587071111269,7.247537189188488,-0.2559646247145942,7.4244345582061495,7.658283678568399,-0.24770564835674883,7.415446405517388,7.453799649458926,-0.3070676992407267,7.408533207697756,7.370922339658676,-0.30238016250940863,7.411236053296647,7.3055577058409265,-0.26756891470568944,7.420807298169332,7.248335029957222,-0.24730410583527454,7.301872136585716,7.292701945361487,-0.12981918606565945,7.2886003896092095,7.325631720904513,-0.1519136244351395,7.277723587114962,7.367179883361132,-0.17170785969149793,7.269976283037109,7.416451172902611,-0.15636981312046588,7.144046148510507,7.094864456060705,-0.07101670590688944,6.793607034884859,6.969257866587378,1.3166585945592388,7.440115471425498,6.671416512303685,-0.36424768762117987,7.264489527804001,7.318948204518305,-0.06447590155491144,7.250055151899795,7.343454431267736,-0.0786383473970865,7.359042903043291,6.741226868479831,-0.254288745780337,7.260230821597276,6.751035616754259,-0.10989857713361624,7.3494048158958645,6.716414162789827,-0.24820414328670085,7.1508292172208,6.323611979826127,0.11725078292525903,7.017659495469177,6.454243828401628,0.1722050546636466,7.195268663604041,6.599677685392419,-0.09824673313056996,6.766040996345893,5.037015520560263,0.705023648246373,6.8045371689812955,5.211030494251666,0.4967463644882722,6.843774295343097,5.441992952759484,0.32123763928408416,7.235866812453682,7.571567204498637,-0.09552067717397665,7.203531506503045,5.407387142731693,0.05692150232647317,7.162791851135597,5.0043541807482494,0.1887554285491674,7.128799710076984,4.689527066711673,0.3153444305778004,6.910142274370012,6.090827358243551,0.4107286677361793,6.7561554505643135,6.284888259021389,0.5876883458423963,7.26641088765883,5.947497255187072,0.254506672039778,6.777852168510476,5.894328847701704,0.519567357051561,7.281296093373533,6.096235182705421,0.030945206628855134,7.21607225498556,6.496926887352808,-0.28205122238736263,6.6922073041006795,6.444037581918891,0.7121907044924195,6.795994868486826,6.35738012815555,0.4675951329602694,6.88717057558754,6.371469626365608,0.33427110510631497,7.039807043225835,6.305369727525693,0.24043621765600212,7.156129667390265,6.215769791497629,0.18885302538117157,7.239698154754873,6.129150025399835,0.14226148218838602,7.35806231265106,5.872501289558174,-0.07682816171131907,6.708420111165851,6.73479507725595,0.6303416279823547,6.730288912415074,5.908832199144741,0.5943871506212317,7.380178572534436,6.6128043704109745,-0.45219643280249894,7.230703602273848,6.3312846196609165,0.008483265605187989,6.711360460166486,6.299356056062966,1.3813170290780143,7.299224755853102,6.035481954756866,0.12165627325625537,7.203431243090931,6.627171192952409,-0.005416271409903692,6.835309503443808,5.9784477172008925,0.5228141849927702,7.223498147274226,6.4185656976258425,-0.23316076492850832,6.847432843253199,7.3146752765509975,1.1938200930114797,7.274914078311695,5.901550657725997,0.2937267767318817,7.265881838165124,6.303681604544433,-0.33134428899973495,6.948523961832717,7.845902832889948,0.3935403812239865,7.017633896300127,8.066333722141682,0.5308458798392908,6.716606156557704,6.864055948111203,0.9858180447636711,6.874214551695986,7.702329182183477,0.5809626974904596,6.67376239171193,5.9301925724531035,0.9835037198867201,7.232925752365017,8.194682267055503,-0.09848374765929409,7.411365471317957,6.674147090335714,-0.3469755371645463,7.171060382738835,6.467223318198144,0.045932639580814866,6.704628589794294,6.156726730259239,0.7876187894280469,6.970846437244552,6.0107659570388305,0.3640514495466287,7.042952896666902,5.997398924266414,0.31850479465896236,7.227968046625615,7.398865965941133,-0.05929805296135215,6.748791422934186,7.034738407753882,0.5941259146565138,7.406233549011407,8.394957366120295,-0.15756327438068063,7.18789823618165,8.281737930115181,0.15333862262410364,7.104602095532216,8.197909895619926,0.3233503484832634,7.39831771707064,4.945721061758678,0.09411317841698046,7.587599395204398,8.397144672898035,-0.24637273606756274,7.118954696313067,5.967980501411449,0.2914056076326499,7.194130211669332,5.937378472531924,0.28666793919527506,7.249181935799968,5.919425277515348,0.2967381456494307,6.6952777822106535,5.9113263404070695,0.7210006407438694,7.174305077415957,5.811511269295904,0.2936257577887371,7.089344279690225,5.774730596530884,0.2985193100550074,7.007633154257821,5.772299031015123,0.32576564786035717,6.935144129475775,5.809093569996712,0.36801080991457147,6.896464496128846,5.862415928040396,0.4101113099978506,6.671725124508346,5.92932575614554,1.278826844801096,6.925038146405152,6.00376600647964,0.41207253522531484,7.469133551720038,6.8512243646247555,-0.30261235497243494,7.216745655349189,6.976450522002475,-0.13339775879397944,7.257193764624674,6.619625126786813,-0.21129420805087767,7.355731366091428,6.874634093633198,-0.26319045683055214,7.444017922529606,5.685682820357474,-0.046284433717123104,7.039487053612707,7.994243617744003,0.22289754251743374,7.133326496470707,8.095398734246146,0.06240744647479786,7.371021180894731,8.246956481344185,-0.2555568823943655,6.964753123922559,7.911401862345211,0.7771495292605191,7.242475664596827,5.8649033139664475,0.29391357066854534,7.3048487510758395,6.0875399982846785,-0.12098412840742893,7.555384263130691,8.249729724657964,-0.34056132314788706,7.281019480130184,8.346804618048706,-0.016289540685506983,6.767539969911392,7.184982064174007,0.8993876947396481,7.35450616141716,7.267764799266377,-0.188591967188461,7.341353166141525,7.310831845753311,-0.21082320111755343,7.334971151079687,7.368018256147528,-0.2345465199468624,7.33330720509142,7.443775441511658,-0.23083375157453673,7.320633483147448,7.625325459504205,-0.17890773709439103,7.242533973815219,7.3140566299656165,-0.0700009111018389,7.221982107596027,7.310694605763681,-0.057888387608017074,7.203798164513985,7.301328154243398,-0.04651051526739867,7.09994020241295,7.237226412765463,0.006867536107367361,6.813860244131798,7.040468355092967,0.34778906631292344,7.321167510257358,5.973615874042654,-0.016514437552015194,7.305689257126324,5.776776396790819,0.20262468946368883,7.269057557303416,5.80362743631645,0.2653022993911958,7.265064798019603,7.317014045078952,-0.06674058359882573,6.851158233438042,7.431482862751324,0.43016057030942206,7.355982380165726,5.751132784738725,0.0536852462643226,7.278173705837429,7.820934398921555,-0.15021290186286307,7.405771341792444,6.062073802695864,-0.3477241795302613,7.3468264107020795,5.989950277160815,-0.19355762822518977,7.417589624837318,5.94202649943462,-0.23791332177149394,7.256696003004252,6.317563465049972,-0.13570515056264598,7.536283727579043,8.062680151847784,-0.3639890737935696,7.531377931265771,7.844028404845044,-0.3248861208542723,7.3966722593711305,7.851627802612829,-0.26414098153204985,7.093580231080016,7.620049186327733,0.04788260128500446,7.144595819557059,6.771279581856819,0.01986577321201219,7.182607741244595,7.746830493225255,-0.05083345550019569,6.948309924335936,6.816776416139442,0.12235368395161841,7.066417379453592,6.945907868973385,0.03791197215412176,6.9014414012450365,7.094842412331801,0.18541199263274452,7.368644013613201,8.066804462416995,-0.2788315491202674,7.227130384927248,6.424035386746251,-0.06803247499732884,7.035095373944527,7.781417103876258,0.1364932583139801,7.139377855598979,7.9083918267177165,0.004680432100823404,7.013890728914554,7.461231941539855,0.12136851593019941,6.792307877055558,7.294013902775313,0.5695350684316123,6.931784949625957,7.536123732772479,0.24172146482573262,6.817495326136937,7.474040770209369,0.7851412698484004,7.012039055686584,7.169517321715527,0.07765085722882223,7.271419791736332,6.20656404587194,-0.050568625207705366,7.242844008195939,6.54939025105725,-0.3137046615825248,7.219213130810423,6.6179483812140205,-0.21472678551820784,7.255035612456131,6.426822851820614,-0.38588338532583893,7.219428590483262,5.668103657644245,0.21306590609706608,7.0567693370737565,5.612268314505459,0.23925850032918328,6.924707490471586,5.620341652444688,0.2818039193037164,6.829665597756253,5.674987345310666,0.35184377914127823,6.779738685051876,5.767547896348196,0.43184367123147555,6.796640536417317,6.035225251978335,0.5734632520337759,6.6822876260937,6.553263547552162,1.0287532733071971,6.861659581452886,6.202468178823898,0.4481326536017721,6.939597673802494,6.215374426553408,0.35576274082056353,7.046615711105178,6.183536882223193,0.2797854292684027,7.153164430308608,6.123590028099722,0.2361101803015155,7.235878900950178,6.0578236295454895,0.20547021931993387,7.289694754086109,5.998614884796302,0.1890090647605735,6.7564839732337925,6.63767538531937,1.3869188916858448,7.239205370750654,6.669532129026374,-0.17506168415959703,7.29155353819437,6.193770150051039,-0.21175468199276978,7.28364126169375,6.524849180994391,-0.411722724357963,7.352506581879123,6.608289672513747,-0.40487125786786426,7.302615223576204,6.565850516756574,-0.3688991588565182,7.274875679558119,6.717696965594457,-0.16332214300320275,7.359153832775843,6.612270343301065,-0.43505187820410035,7.388271465394467,6.664440738737486,-0.337634018168287,7.2982868307426205,5.89637322578558,0.25967450429180133,7.327514682005767,5.909913764037115,0.17496725389147277,7.339700597561725,5.917795463752481,0.08908655824787569,6.8786097868043115,5.909508443860485,0.4483544686238726,6.813329061374005,5.880226549907122,0.46868834191912107,7.4878387223274645,6.074463800516194,-0.3463656236290231,8.197395778974832,5.754649115042991,0.037389686329756165,7.521478874811637,6.6244199933675345,-0.3732559729897675,8.68664852003966,5.178666389235847,0.4726205698344506,7.924879824850178,5.904516605895682,-0.0006849523324007247,8.018818820032262,5.90689057328108,-0.02427004830467743,8.11800777813374,5.8891144391837695,-0.023041850672006276,8.255623933331789,5.8059953594536,0.0289190196211632,7.841651237563515,5.885348516981264,0.03822322593970423,8.024378817332375,5.4386575943586415,-0.03141926901855474,7.908264541960494,5.478098091896788,0.007491726957226365,8.13968885214326,5.455039640374757,-0.03113166724300515,8.224725025200083,5.514207142018253,-0.01172697767531633,8.353300407195213,5.885361672109803,0.04694808161953843,7.934799502857158,7.938921680162281,-0.32564325183333553,8.232113940911232,5.707921742925882,0.06209004566652569,8.756736200547184,5.841449497500196,0.39260316720153493,8.484820404719152,5.787758795857399,0.1280593098579561,7.979096020546534,6.454079567066889,-0.19250208471038344,7.5903171736519015,7.021848515049042,-0.38282144027221493,7.5961452511390135,7.180703447502466,-0.3556732548363921,7.726676836302401,7.085015175768613,-0.3712835703473447,7.8235071154111075,7.155707992188964,-0.33663360619724253,7.704175166707213,7.194857654723178,-0.3496946711236057,7.793567465030757,7.2161668296934405,-0.31041007963585626,7.984754147994673,7.409608372797868,-0.267819906558487,7.469158439801059,6.497430337677463,-0.519197946820405,7.4717923098611205,6.352162164197471,-0.5328033718546018,8.349855896781893,5.407832283837956,0.002238551294896899,7.772590368170119,6.112398213608549,-0.10363610263593244,7.762589626127814,6.491050455879713,-0.35121411069144454,7.773395319819144,6.426460908013763,-0.316145760122177,8.31180770960487,6.4260769204780095,-0.1581655326091398,7.476624153019359,6.194880869552609,-0.4582965014607696,8.05357395854618,5.2757562154752025,-0.07211040929413637,8.215991442025766,5.3051803270344005,-0.0467227222680425,8.508255021808617,4.8917320586876425,0.359159008355404,7.625602783835583,5.487370324253204,-0.04985832048643832,7.817483488715973,5.566503755579853,0.05641916863223866,8.061988974283427,7.266853184412976,-0.25171456267172465,8.820160275133317,7.386041493334977,0.4076139243963891,7.698059809656315,6.587344574614422,-0.3037598955010157,7.61319714207861,6.643617236891149,-0.2989297411768464,7.941126053052721,7.279884583635622,-0.23776130448375704,7.922100892832166,7.271957374286388,-0.24548720925623177,8.279820836788527,5.206177673996567,0.006316476911430643,7.786298723196539,6.575583178611881,-0.3085158522336408,7.86066857581575,5.335973994137788,-0.07306264505120424,7.863808029464554,5.196040758596674,-0.07489658552144628,7.975854881309559,4.567236991806414,0.16158414386314696,8.379370316520797,5.035455748968269,0.1600410495075876,7.897887634350756,4.853323705423843,0.042387401881550046,8.4265972279784,5.347230517639615,0.081273200758563,8.550293123917335,5.26420707924937,0.27012192072393293,7.5933321868956005,7.10808571578714,-0.38143277423724137,7.713102876913495,7.142930451392734,-0.3673369651209253,7.807363994972795,7.186801738440663,-0.33252285074358845,7.679255797812833,6.624352440004762,-0.28079059664064226,7.933912064996749,7.275492903967442,-0.24050305993074447,7.877165107004561,7.285307340946105,-0.2873056296069379,7.911401862345211,7.270038858783677,-0.24506395632836675,7.621085952674268,6.510497291301569,-0.4184667276696527,7.784392296190323,7.2364541711657795,-0.2931569285625022,7.698860494777165,7.223384373189559,-0.3130431497218846,7.599515808397299,7.228257459453489,-0.32092271617316365,7.65172175823518,7.623606048649662,-0.30908092278032423,7.620965067709309,7.4225551525450415,-0.3755350990092744,7.610285947687171,7.342909026749359,-0.37202345744170046,7.604791370485742,7.274439071508206,-0.3378957652275258,7.597700400658817,7.227357933096584,-0.31303817210568036,7.784132749059674,7.2356108207631795,-0.2877737255236427,7.795534334519453,7.258435324323612,-0.3107972670677416,7.809049984689967,7.296423069018155,-0.33628988402114046,7.823679198714167,7.338493881176216,-0.33382867502316316,7.91113520433427,6.987981525483563,-0.30011339164440864,8.917622711499959,6.601284033250323,0.64421317771147,7.852558616843019,7.253197449900715,-0.2640763169643968,7.860761728347572,7.269330615106619,-0.2795677252239709,7.586907506552012,6.709509498026546,-0.3144475708010045,7.761623968584195,6.683843486701533,-0.23958446752605692,7.598861607410459,6.680817096049368,-0.3070764989550877,7.886120549643981,6.1899089420526225,-0.11588573834575464,8.048694472489986,6.2691561474639395,-0.14389161816301646,7.806421803334139,6.505899396104928,-0.2754484589354676,8.276455968234476,4.679998487120739,0.24138060922324817,8.167662344122943,4.892637629292796,0.08776990654198173,8.08766422975282,5.145992605383323,-0.04082456372243067,7.892807621470335,7.488210621366723,-0.3035168811670454,7.63524087098301,5.289492658478775,-0.06369523245100753,7.653541432501837,4.883640943547684,0.04299017675990541,7.694015140946372,4.546476421250659,0.15182138298485506,8.205504315771506,5.858188509706956,-0.0013570924070765756,8.476567517052557,5.980717510190017,0.06012108735674421,7.785424084920654,5.8615604891413,0.06777128903098803,8.341950020073535,5.600181951273586,0.03955308555020257,7.688197018691669,6.020537728735742,-0.10843524685557943,7.673520161769514,6.419930986641857,-0.4170909945482098,8.623714385105629,6.09064745297217,0.10892745310077344,8.389490521352004,6.0710491558001,-0.027212675009156112,8.237535987133686,6.122098876502544,-0.08421372753120553,8.037632787108153,6.118761740381629,-0.07815630193318436,7.896274175612559,6.079257244920858,-0.052509284436075804,7.785907624780493,6.024324272491095,-0.038495561544127484,7.527212377590868,5.838196980854753,-0.1361805240208994,8.6198894425967,6.408245677058438,0.03365337149952693,8.428977950700075,5.585220659139761,0.06769656923417246,7.456220193110235,6.597263541533373,-0.4817159190436103,7.761857205457764,6.2409309303219285,-0.16160729866709694,8.880539470778524,5.878689888676076,0.691758967707156,7.700537240349958,5.955302868483317,-0.018288007759655382,7.830022103934401,6.532532487149617,-0.1820959447161953,8.294520448527617,5.713930436772404,0.06796811041993812,7.686459119548368,6.3424159916696095,-0.37064074676897124,8.894436975220705,6.985494139557511,0.5488249406829271,7.7817733589788745,5.818946761272964,0.09837867329223314,7.576698415717158,6.251750845773842,-0.4309093460041425,8.476064066727902,7.665846099758666,-0.05489972906439982,8.538718744066468,7.907022982261556,0.07314541458672508,8.804344966276453,6.503687912334196,0.33085568263768866,8.629239539092312,7.468135184127077,0.05371575082969913,8.662507081449196,5.53025533220467,0.3603865462872668,7.982669237893135,8.12832210999691,-0.31324056553598406,7.472666948137005,6.660669838918776,-0.3650635722486536,7.858613531411437,6.352066878401561,-0.16370728605700421,8.594851322001448,5.815696733435623,0.19503540247881918,8.096430522976478,5.809016416945546,0.0007023189995810095,8.015367198738652,5.825303532709767,-0.002694006302481527,7.893159610044776,7.309232608775699,-0.2836620812099522,8.632487789209579,6.729101395406353,0.017694092315944755,7.804114322679469,8.367018717454041,-0.27405134873014764,8.174770380062569,8.205111795179402,-0.14172281078478569,8.343783205012747,8.089128360004889,-0.049403079708010916,7.934305296676882,5.82691130274373,0.01808427270623414,7.864305791084976,5.823945354574044,0.05251380651151133,7.81284506150167,5.824164369687029,0.08679330490916419,8.526383500024384,5.561045443867912,0.14893945431011668,7.859862913078695,5.673863115136541,0.05388621751856795,7.934588309712494,5.600049688900159,0.020701921070629764,8.01643525295847,5.575257960307017,0.0010083245614237453,8.102862314200358,5.590976561191912,-0.0011354908329086403,8.164000240772696,5.63176670380943,0.014033915292058012,8.80327975640875,5.488717836068489,0.6066070206305827,8.154929601872551,5.784627875264945,0.017856545376047302,7.8002815582022205,6.896098285793822,-0.30718265106494286,7.688443055149763,6.548565388943408,-0.3290560521648543,7.593942300424632,6.8405004460567795,-0.33463511551274944,8.315654695842703,7.85609627978816,-0.14112157474536846,8.157974480813474,8.001948967628135,-0.2251181148820383,7.775563427220097,8.214905610605218,-0.3712840592203648,8.693992637204971,7.695488515342821,0.23687104449273189,7.806891832521424,5.761866302995094,0.07958937763772991,7.590110247035412,6.035717324894523,-0.21548464980680113,7.994032424599338,8.295136250760882,-0.23449298835116614,8.795251572559375,6.860396689113073,0.269582382681797,7.697605424405673,7.221943708842452,-0.3065089173788012,7.707133292908577,7.261938855043353,-0.3329059271978051,7.718874778446302,7.31627522461664,-0.36326498618636205,7.729664117112962,7.38130280270856,-0.3662763995469129,7.782990741684821,7.5644364137420785,-0.32731730860451796,7.867666393110853,7.247961708741905,-0.27839525217136724,7.880041458082571,7.2341061584934465,-0.2862995289316601,7.895872410876076,7.222791325773227,-0.2907029193308203,8.004977491544388,7.116355669566436,-0.2790127876817032,8.444744194482924,6.778000785908573,-0.13482834569042287,7.6047842596054505,5.91750391766052,-0.11317735959313656,7.685627146554234,5.699642189458193,0.07763307447271764,7.753210375023006,5.71142420701358,0.08573132826984392,7.851740154521439,7.254225683190901,-0.2662206918023752,8.515266349776274,7.190772453995572,-0.06421395450216441,7.573162886036104,5.700580114568674,-0.020215207702692372,7.8665393185846115,7.755475901483955,-0.3182944903743341,7.506902992389625,5.95973436908113,-0.24371975551671754,7.671898169974968,6.244837647954212,-0.26207893735494925,7.69676420726716,7.822933978459592,-0.34597296970791347,8.111590208670442,7.493088685246858,-0.24817894410466698,7.918828465721906,6.652709208432171,-0.20020374582536352,8.000077383935349,7.64965462533437,-0.2847319353713456,8.155636423373549,6.618456098066851,-0.22271565953247152,8.022886243559139,6.798030002426323,-0.23713774694667403,8.281003376181046,6.878091403631044,-0.21070547160572328,7.74234068340905,8.03134819110631,-0.3874278685252052,7.756572399224941,6.337538638877503,-0.22582091429137244,8.23520717383814,7.63717787477448,-0.2056559466245538,8.089072895138614,7.805520854801175,-0.2591964531426881,8.185246128908362,7.298630997348741,-0.23549477805526708,8.630560029562488,7.009494782718199,0.016665706252940123,8.355861746276299,7.343599493225687,-0.1727870246617734,8.750531957492639,7.1857991043195275,0.18650214613522081,8.123566353257795,7.004394148284932,-0.2483885817442679,7.674087610016795,6.13447607473835,-0.18550520071831864,7.6427400053386805,6.478220294569323,-0.4367018246467935,7.730786214022999,6.537236334462605,-0.3559821781420665,7.570546082088743,6.372909579624685,-0.4837674968937814,7.741445423580319,5.555150168562044,0.041227867297852216,7.888612202098208,5.424328459482753,-0.010370080053583683,8.031345346754195,5.376868311151581,-0.046438023176049496,8.163854467726715,5.395139362517197,-0.04831400394832884,8.271571504562079,5.467940910488064,-0.01725482601898525,8.374250482710742,5.75022401423744,0.08664448196218336,8.793961658874451,6.168733451631845,0.3601968191124828,8.288237274701833,5.946365558588641,0.004689287716147666,8.171737589618141,5.988316196869772,-0.030167587425951346,8.034376715022564,6.0035427248384785,-0.03733484366550611,7.9088974103064595,5.987686883963953,-0.013589444997353747,7.812916881392616,5.953514482089944,0.01746661081111175,7.7393327810456425,5.917732176917885,0.03567715580743278,8.908129686310483,6.241014838709371,0.7006154802245167,7.742439524645105,6.593190429302263,-0.3138954998323544,7.576475134075997,6.140890088761501,-0.30947899874765633,7.545791685617131,6.478582238376172,-0.490201776925764,7.509883162319894,6.579194083624027,-0.44977460030413713,7.559665013066319,6.520094135343303,-0.449281682970914,7.724092742404382,6.654880871273269,-0.2785908680438929,7.4870856801045695,6.587034540233702,-0.4722248049032134,7.5009433636171154,6.648476101394497,-0.36903837655973,7.742375526722479,5.821096735929172,0.09726805378741718,7.682184058316972,5.843732801161874,0.05602495920606523,7.634199838108299,5.85688437426145,-0.010134777969273572,8.200942686064353,5.669532944582885,0.03393926777488154,8.28550243014163,5.604956551845476,0.025967748752829874,6.989944839532113,5.8647667850648455,0.32508929203710796,7.077393734271924,5.846786568703163,0.32525866431705686,6.983835171185448,5.742305337944556,0.3253423727109912,6.908678855205971,5.883344670915051,0.3252740415956878,6.99868766685081,5.995733556102088,0.32523899828875,7.98721949019182,5.6839136333408895,0.04315057988654885,8.085831755901637,5.669626808202736,0.04270996641109657,7.983470634102014,5.554834089933076,0.042708569234226744,7.894645784025751,5.696222922669909,0.0425900841913656,7.9904869396858755,5.817389478489073,0.04260802527566418
7.481224637558516,7.082200967112421,-0.36275242798686225,7.398765849558394,6.523921246686656,-0.5118522435130285,7.467527190487359,6.73647908326798,-0.3075477435391943,7.344483690556043,6.114171860760182,-0.290118188897633,7.386971478323882,6.371351236804977,-0.5235828051059926,7.397040052391157,6.205032518550144,-0.46092707682427947,7.4407438721563715,5.823960983240969,-0.1408757917508727,6.904118492011768,5.995138133785089,0.45256387549922755,7.439290756637258,5.547545091659214,-0.030157450586223666,7.425532792751243,5.360341664615706,-0.016463642589158518,7.4042771514856165,4.605369124595472,0.21022744973506305,7.484857782337564,7.1447290761110365,-0.3604422430773254,7.495036710596639,7.2060140985362215,-0.33635652851510983,7.50573608346349,7.253317600841681,-0.2990085984744751,7.507468288293477,7.2524027289935376,-0.2914672688923811,7.5056962135619365,7.307751407862441,-0.3144918700534898,7.5085077535839755,7.378026381125378,-0.345665705551236,7.51491541633362,7.460101421323048,-0.3492561325786202,7.534576261537113,7.655670408067482,-0.2844209535065262,7.4222421019480365,6.62612275558096,-0.4731330513951408,7.379033808102127,6.666023983485526,-0.32945451903409584,6.663979939068389,5.618083491057413,1.1113227784693824,7.150591375564433,6.047640386468093,0.2664068331320338,7.062111520467228,6.083904909780972,0.2975514781661427,6.981106559948748,6.102774764616147,0.34860800194125946,6.881377696913279,6.06032115104964,0.4686249046695019,7.225867885584732,6.00050490731918,0.24841300368958188,6.965684027672881,5.66836299672882,0.3019174993721818,7.079051956852234,5.661194246037023,0.26915921351778305,6.877693290832233,5.719986687652596,0.35479166348061447,6.832639590114425,5.796506996208853,0.4061984728193785,6.831645690425702,6.16901219838428,0.5214344136808843,7.246284123030155,8.027193813917158,-0.13002353605560424,6.876734989269897,5.963321952345519,0.49724201598365286,6.6807587599595974,6.2477217917133325,1.049989609578259,6.752226270456496,6.1106647333485435,0.6645333195490343,7.080418212942964,6.6149776941717455,0.07742015132041657,7.3794859043072405,7.063203670984779,-0.311672765429594,7.408701286632982,7.2187895541339575,-0.29104020261988306,7.2905397137543675,7.144440019324774,-0.22485948111685064,7.238807804526375,7.232791721166986,-0.13652421003484924,7.339761243109555,7.246081925672277,-0.2223608041280951,7.287771603446521,7.285101032004975,-0.14161560981250876,7.1772529483031775,7.522859494218124,-0.011114340643308959,7.333364259797826,6.540242987635056,-0.48269604307240566,7.310629160399559,6.393913329309004,-0.48913521016390277,6.7335151832650055,5.743386048089243,0.4996484938250663,7.240240273132184,6.218076384020837,0.07136046025620398,7.2010054421535825,6.594527994487518,-0.18396031536110077,7.200408817555338,6.529227503405889,-0.1431593893097643,6.84725048510867,6.690313297081845,0.29008592809559486,7.325048537473843,6.239162578204862,-0.40198645800762073,6.888087231774684,5.559968125805719,0.26831240083752533,6.78584442905377,5.624983831876253,0.38171181210990124,6.689106520597329,5.305436894382847,0.9290320708579004,7.265482192590619,5.594361255614437,0.059095476228649066,7.1888949595567535,5.707317670452757,0.26957355346009776,7.103784823103335,7.406912124800775,0.06045954637193041,6.920889481315171,7.675800436576754,1.0162871724167635,7.27605554809006,6.667650817861408,-0.18006542423337796,7.345582960698871,6.699689843572159,-0.23774411171844956,7.202980426205529,7.377633377810066,0.031817816728499974,7.221354755121398,7.362190910583422,-0.008158891718971785,6.743995271673313,5.545433410801942,0.46486391811906635,7.219644621129771,6.673626319356715,-0.14449110409348428,7.04085943901424,5.546630931773597,0.1599952673229223,7.010630934011528,5.4199300803372905,0.16593287906245677,6.936912909964449,4.827836411619122,0.4875147389531124,6.717007620096865,5.4098437072068215,0.6703112069452365,6.9786688002537725,5.08312445920898,0.3222591364939957,6.697651494855244,5.699375372474572,0.6202378144256103,6.679737093732293,5.662735644909576,0.8530007025675679,7.389281084763865,7.147480811280745,-0.3111108045069186,7.31488171257774,7.2007548313438186,-0.22997217302385534,7.26264858173022,7.25837039890104,-0.1493605273042924,7.303703900892248,6.695779033407292,-0.17935405129960794,7.2127101061096,7.369719202351727,0.008503804190417503,7.2456127423664975,7.373225617800838,-0.07682873851036322,7.231779310452542,7.35652226493757,-0.014836610754919204,7.279764872859576,6.590088196164542,-0.30473028532864394,7.3102091025081934,7.299894189406321,-0.1334161264955932,7.362044246302708,7.272766281211909,-0.1938297067868265,7.428411969213417,7.259720279853632,-0.25435041518965545,7.432491514497357,7.6696028027727925,-0.24937264018165717,7.424237732913287,7.465312987026093,-0.307934850914823,7.417511822913744,7.382742420909116,-0.3027243976532282,7.420368928537557,7.317616360646783,-0.26737463494434904,7.429954792011026,7.260185191384245,-0.2468530492936493,7.310541589008647,7.303710308554998,-0.12868822808600205,7.297327564493824,7.336388676615658,-0.15117593163029458,7.2865861858378365,7.377663992198759,-0.17117106548938982,7.279020160055562,7.426654845694959,-0.15580026174092879,7.152414711597971,7.106724516380366,-0.06931207175520668,6.802100669449619,6.977288304912488,1.3219251209729577,7.447325965725312,6.686940018625421,-0.3645483757119111,7.272907961754928,7.32918575172253,-0.06282269461888228,7.258590395322112,7.353416684391576,-0.07719738492013596,7.366276151567584,6.754357886264544,-0.2541554042035421,7.267195174432357,6.76216597930625,-0.10920522889705508,7.356399095420271,6.729780227844491,-0.24806552147838762,7.159638995366932,6.332174074791121,0.11825505133362357,7.026548992206701,6.462992917487868,0.17393186705691252,7.202044195481553,6.610945138414635,-0.09758647879418937,6.77532731859402,5.040222665231262,0.7057140776089191,6.812777259515582,5.21453707865386,0.4973691012948542,6.850136781196122,5.446133505189434,0.3217137731977482,7.245251065402407,7.582318332759661,-0.09477948865767967,7.211105342572078,5.4154315451057755,0.05633344541332458,7.1719587949469155,5.008765312905673,0.18809037661126715,7.138662443412178,4.69219687064706,0.314518457404135,6.918668158228627,6.099667760145097,0.41230412996428817,6.764086854206088,6.292544104609624,0.5902183594201048,7.275970824549259,5.95259516892135,0.25524673151441996,6.78509544447459,5.901741821452587,0.5210317988714482,7.289643352931945,6.10472269409204,0.031084859649504273,7.222602825432523,6.511587207856117,-0.28211588582765745,6.6994947658395585,6.452459431889979,0.7159400398924823,6.804292802072525,6.365412045398584,0.47003098616412703,6.895923803317499,6.379640616515434,0.33628025952932583,7.049092573685006,6.313364024808275,0.241967829414257,7.165610937049601,6.223392608215459,0.189859136267288,7.2489945643732545,6.1366997790628774,0.14284747185171345,7.366373690433885,5.881281442330444,-0.07783533671823296,6.715590814666666,6.743367320723848,0.6340570070890107,6.7374850863196745,5.915503701132504,0.5959722180809959,7.386582746783736,6.629956673792831,-0.45266924595333285,7.238627678006857,6.341003834060132,0.009057263279314439,6.7188188527674315,6.306967041496547,1.3856275231657622,7.308277548170439,6.043129391892344,0.12199855030447154,7.210592017589579,6.637376035294392,-0.004398843095733427,6.842782208284585,5.987060918907898,0.5244726692703495,7.2302407594301,6.43153200534964,-0.23320543959943385,6.857064176591016,7.3231668205130305,1.1991326768279855,7.284547837120922,5.906183755663146,0.2944650316130812,7.272571203479308,6.317376645614608,-0.33184001622977,6.957302092833818,7.859698221603973,0.3969919963778786,7.026804586754158,8.08113280698114,0.5346581386851476,6.723580458152945,6.8728291628427245,0.9905556897251937,6.883661672702263,7.714220070461096,0.5853174318674443,6.680917527603283,5.9372950942002545,0.9862445786291064,7.240151277816217,8.21426695181809,-0.09814094186149457,7.418356210471641,6.689697449495352,-0.3471218914087507,7.179191622266209,6.47666330998297,0.04693527306123114,6.712157019395384,6.163901019397647,0.7908641729592079,6.979420632683064,6.019680194078755,0.3653899599173558,7.051849292592409,6.005364051570994,0.31966785987897617,7.236808613748486,7.408115341472653,-0.05766379745626882,6.756715906156414,7.043965019560235,0.5983057197633161,7.413702111427816,8.415933897612602,-0.1577535531846078,7.195585983392438,8.301354920173566,0.15481928862185038,7.112858785519359,8.215684469210817,0.3259073214814427,7.407953014016329,4.949999213903626,0.09277008010507604,7.595557987925481,8.417739434582947,-0.2471743668819492,7.128054913711406,5.974704097276471,0.2923492792201039,7.203623328368076,5.942801412389782,0.28753191826913665,7.258889419583761,5.924104920430111,0.29754495925924807,6.70224863689685,5.917468717709062,0.7231566700642696,7.182937969087168,5.816349035875655,0.29417003438947864,7.097037554227959,5.779693289153785,0.29908669186423636,7.0144100311087625,5.777934741710271,0.3264368213626191,6.941611150684994,5.815622834097362,0.36888727559540924,6.903158054561849,5.869850527966341,0.4112484675262842,6.679492890585279,5.9361876364883575,1.2821483975154306,6.933298276211121,6.01308386125926,0.41351126243006847,7.477440556723587,6.86470567040123,-0.3026306855855147,7.224768615441904,6.988629867979359,-0.1323132075448106,7.264139431263303,6.633966446749053,-0.21110785814709845,7.363710238617616,6.888137069151626,-0.2629908369239454,7.453016682209524,5.693309451738242,-0.047226960771521165,7.047835247861021,8.010402889662977,0.22517094247390718,7.1409926967654656,8.11378269654069,0.06369528256752703,7.378201523907201,8.266539952567163,-0.2562727140145488,6.975042775100001,7.923273627480893,0.7818865034750598,7.251758402905935,5.869630175564006,0.2945838848575555,7.312641166502948,6.097744037395149,-0.12133938424793084,7.562881755752405,8.269357900251952,-0.3419888640720475,7.288352564869156,8.367447825548568,-0.015653722639024665,6.775775143023967,7.194226134964458,0.9042705481150582,7.363377040154634,7.2793547824435985,-0.18779909494210623,7.350192918065976,7.322423531634072,-0.2104229501954142,7.3437802715786376,7.379367006565109,-0.23451767553337152,7.342229617193223,7.454941116922002,-0.231031373025669,7.329410019918767,7.6364474198185475,-0.17925413180860567,7.250779454430295,7.3238859026660466,-0.06781090432767772,7.230668648909271,7.32044712365707,-0.05558845449894792,7.212831139739316,7.311180219396029,-0.04418732575465847,7.108622608479316,7.2482334764311025,0.009202302700236219,6.821698861950671,7.050023820671288,0.35122401925411784,7.329583026813008,5.982166888492224,-0.0167865481876277,7.314710841571083,5.783117116949678,0.20279798726513995,7.278553112637366,5.809065303235629,0.265919316791165,7.273096631824779,7.326958732935765,-0.06460868043075003,6.860011701455852,7.44210443254688,0.4339411161588349,7.3646001917772885,5.758920358481965,0.05332909147703566,7.286537060423423,7.834958235727595,-0.1505649120396922,7.413074872440879,6.074209404078232,-0.3492613610534333,7.354594982374982,6.000366074626271,-0.1943885083757851,7.425398943796028,5.9525186329496185,-0.23902947106696507,7.264034772771726,6.328858465299445,-0.13560326425639074,7.543612489939168,8.080161690093304,-0.3659110497411732,7.538809590727045,7.858519923620567,-0.3269475209832974,7.4045106751947145,7.865786213178664,-0.26563206216005153,7.102710471648978,7.631946392718186,0.04980460997878318,7.151978278568468,6.781502881559622,0.021101537532718668,7.191673037339989,7.760083272572942,-0.0500926544433258,6.956108843637329,6.826562989940179,0.12441453952027898,7.073992751130126,6.956511102465501,0.0395976676629044,6.909023201865357,7.105083442753929,0.1881673130619209,7.37608628323729,8.083962146066371,-0.27998600542827035,7.234464833107172,6.434737260649517,-0.06761637169138772,7.043657451748252,7.7952592051809075,0.1386602199866236,7.147675889013345,7.924377881361415,0.005822762589002776,7.022669508393054,7.4719185753584485,0.12402041263910335,6.801343141320105,7.3039993653412605,0.5737830604485301,6.940371623924202,7.5475617460805315,0.24476005745273063,6.826918971204048,7.4843223865167054,0.7900309988111222,7.0197654132424105,7.180166298966682,0.07992642628427282,7.279270058902798,6.216465212820565,-0.05045288523353239,7.2494181820772585,6.565305492536499,-0.3138244496813931,7.225897788010896,6.631718069086456,-0.21442624874239968,7.261228216487382,6.44278243721296,-0.38642669495453214,7.228026555968834,5.674452412228566,0.21324639334096337,7.064619052489923,5.618192421324157,0.23963325978814515,6.931694224636127,5.626352223854566,0.2824311962321296,6.836467812626075,5.681493721627897,0.3527321783761575,6.7865022824294,5.77468498875241,0.43304230796522325,6.804521342043929,6.042979879761519,0.5753497784884762,6.688801088672929,6.561798365124861,1.0330714220222459,6.870351533246195,6.21076595278602,0.45008953872938906,6.948620421770578,6.2235278810957295,0.35743716049188706,7.05607977393223,6.191310864753044,0.2811680412149479,7.162715385449289,6.130684407666017,0.23708472317361892,7.245325109505291,6.064338755593668,0.20626780339055953,7.299034850635341,6.00499667890668,0.18961326445809937,6.764388726317849,6.645377782143643,1.3917753195927822,7.245893967564954,6.682343588546343,-0.17461676388418226,7.29888391457946,6.205594256984529,-0.21214053754475384,7.289881860378737,6.54215247113445,-0.4121448283487067,7.358700870272449,6.624975071986246,-0.4052112922770113,7.309058571063368,6.582874591833497,-0.3691922402944001,7.281754096162077,6.729841456621876,-0.16286739090630556,7.365465938211019,6.629291700791923,-0.4354389518242223,7.395052964976239,6.679968481553808,-0.33773764682360613,7.307828299815436,5.901426066071535,0.2603524150402922,7.3367126195657795,5.916372295416345,0.17529991417837615,7.348699220682781,5.925474736333479,0.08913390392307735,6.885645912267069,5.917733567769381,0.44969876029697675,6.82032691015972,5.888288933509708,0.47001407705409326,7.495263114680459,6.08626933733559,-0.34756958234572416,8.204110806359903,5.759020389217112,0.035809189903145834,7.529017970083061,6.639625124919517,-0.37360376035572757,8.69601639621221,5.1780529149011745,0.47107343279770986,7.931867727153222,5.908071524305444,-0.0017635244022676817,8.025781992224653,5.910421000646981,-0.025488639504227566,8.125377718267435,5.89306050637061,-0.02431516395450466,8.263649384704546,5.81063233275918,0.02735967146491657,7.848875679219824,5.889310243755748,0.03737614155579636,8.033349441931984,5.4450659173790905,-0.03331617246026509,7.916915090145662,5.484270489950264,0.005978408443870501,8.148436760615823,5.461279440023275,-0.033058653389099246,8.233269943645952,5.520048030894169,-0.013611045134319195,8.363103430204308,5.8899542138620875,0.045323609605617925,7.944260858873562,7.954676870654374,-0.3277704161723889,8.23930240214348,5.712976704604484,0.06040542053320056,8.76975933894776,5.8438930861675304,0.39109610119270377,8.495599656616406,5.792140530026233,0.12623268045224717,7.988483699321499,6.461860897068764,-0.19331437940971793,7.599667435635587,7.034402650850182,-0.3825626073305485,7.605656464418922,7.192429853506974,-0.3547351959526332,7.73552056536597,7.0951480056793415,-0.37119592533574564,7.832395170627738,7.1643301164621995,-0.3369378681678371,7.71379360490698,7.204724022435959,-0.349098900104135,7.80313778251286,7.2246539894749375,-0.310206367359572,7.9934966274793045,7.419997996060606,-0.26932327638276876,7.47551612201111,6.514707027652666,-0.5200791040140185,7.478265009330708,6.368012844512412,-0.5339408364384512,8.359330028807296,5.413444101709594,-0.00019261226251026544,7.7810996944292485,6.119456758603584,-0.10430234344744327,7.770452294826923,6.501837593001269,-0.3518014876106006,7.781431468967175,6.43584151453004,-0.3167315261751225,8.323377345081568,6.432859103501344,-0.15952128939449503,7.483468743445947,6.208696989680413,-0.4597227922086101,8.064044994352892,5.284485617097828,-0.07476537654745441,8.225772266266342,5.312054230096911,-0.049301614015143325,8.517481112943916,4.891260525458898,0.3572637086210668,7.635946910161548,5.49828155651489,-0.05152581832504125,7.825452824019761,5.572667757394251,0.055262002993358164,8.071886549633401,7.27667566745172,-0.25312452696103505,8.842646502724968,7.3957485523658395,0.4084082265148462,7.705895092624252,6.599417041165497,-0.3039452576464965,7.621200030324504,6.655781690561483,-0.29895593549625143,7.950122446364432,7.286845340197933,-0.23878684758680926,7.931199906302203,7.279134786022528,-0.246375077700418,8.289899443102257,5.211634763409535,0.0038046568300910554,7.794722385434993,6.585050349318266,-0.30888914768794024,7.871702621784169,5.346233415166044,-0.0751537465441284,7.874957714460988,5.2056984198532525,-0.07708622420828556,7.986930197085974,4.568371279879024,0.1593556802358944,8.389151291244142,5.037350252413102,0.1577432074791266,7.908887000682885,4.857199170188106,0.04018580711399234,8.436563723816347,5.351710898873198,0.07879332679696283,8.560214527783824,5.26582899503971,0.26795926742376713,7.602703243853863,7.1203194408475285,-0.38088669203791053,7.7223243399143415,7.153086804224156,-0.3670004636527578,7.816549020647866,7.195454982287335,-0.33259120344302084,7.687436752130109,6.6358495876349215,-0.2809579900204361,7.9429387444595525,7.282515184104229,-0.2414256477005553,7.886354810605023,7.294024770327646,-0.28859022831779063,7.920587392863736,7.2774360434313445,-0.2459245166645046,7.628153768332924,6.525774485146358,-0.4191884516262536,7.794201228864689,7.245117216447192,-0.2929749607890119,7.708738670960039,7.233124919629968,-0.31239476217920764,7.609202037807059,7.239595235082054,-0.31993219821622804,7.6590928119383195,7.635187958106979,-0.3114222436151461,7.630157230885979,7.4343953022965295,-0.3771623715576535,7.619588147161704,7.3548256582339695,-0.37300390967727903,7.614326032119191,7.286503598184619,-0.33837142696626715,7.607283298794804,7.239337504647012,-0.31316755300540955,7.7937882905986005,7.245806396174043,-0.2885498021955125,7.805170435529552,7.2684482284811756,-0.31197481553198697,7.818541091800478,7.306348841682796,-0.3378898288139102,7.833038072790285,7.348439354360157,-0.33570501605574227,7.920644349865955,6.998315406206711,-0.30078808206607,8.937262762848748,6.60513267633818,0.6444911294166213,7.861957278704487,7.262158039548608,-0.26508503020162966,7.8701242008601735,7.278243408937799,-0.2807767288106397,7.594716448217695,6.721441010757092,-0.3146664343657596,7.7701653739282435,6.692751056776822,-0.23978094751499285,7.606741495311195,6.6929276234837,-0.30714003374791915,7.894669820966478,6.196511039055644,-0.11663241086200651,8.057950595115452,6.275937578650129,-0.14491975003284072,7.814891571883291,6.514541140383703,-0.27586494382943116,8.286529724458472,4.680078556462427,0.23926893521340406,8.1779148571143,4.895429066058805,0.08541493984840011,8.09852462760873,5.153132446524015,-0.04340952616082975,7.901395730966023,7.4992436971730445,-0.3055057460143249,7.646016908153878,5.301087871282157,-0.06564752831624343,7.664202566999897,4.887941356154581,0.04112572001916635,7.705029346190522,4.548043681768304,0.14984915608661079,8.213085805984573,5.862377057312672,-0.002702622791717818,8.488079196435907,5.98532871407791,0.0584438080274786,7.792920408277287,5.8656826993289615,0.0670513738035549,8.351039225171784,5.605353601061452,0.03745117016936403,7.696720743491817,6.028135461058175,-0.10919981130719557,7.680750000069591,6.433294112605792,-0.41794104877999816,8.637181236844972,6.094883371958696,0.10745842883524917,8.400557642901038,6.075895331343916,-0.02876596154231352,8.24779540313687,6.127405108263254,-0.08568320510396901,8.046671684751022,6.124280304729011,-0.07936208473689527,7.904430115259243,6.084810526116255,-0.05348181300144277,7.793929259179093,6.030474969924323,-0.039164883441355484,7.535607895239806,5.846809284681147,-0.13767735571708087,8.635074539725395,6.413836888685232,0.03233347227583618,8.439007179211544,5.58999585737561,0.06563522471381095,7.46288661873156,6.6142942101451165,-0.4823618211632905,7.77032058175929,6.248738474202942,-0.16212454700392662,8.893863663045405,5.879304322390914,0.6910525887775464,7.70870663264629,5.962190999870207,-0.018970361139042793,7.838772930951217,6.540028686914207,-0.18250842352758145,8.30287424820776,5.718906640498017,0.06612321384229583,7.693895676181751,6.353822007409532,-0.37148251250198927,8.916163041376697,6.991823019916265,0.5494794186063395,7.789335676950126,5.82288734374914,0.09752911018863397,7.583765040616025,6.264685722861753,-0.43207617481508237,8.493333479890616,7.678997860288827,-0.0558703471622743,8.558025954973555,7.921963616429854,0.07330920737656141,8.822997760884446,6.508875342587962,0.3302686036869066,8.649211979638693,7.480081937701496,0.05324036314701627,8.67352763584854,5.5319278376320105,0.3586527475126842,7.99316414097885,8.146339319009106,-0.3150105792526051,7.479921034170228,6.676055535501359,-0.3652920428209628,7.867294861774941,6.359466446329441,-0.1641943444406213,8.606358243131599,5.81980703787288,0.1934708554240174,8.1027743319368,5.812150948830847,-0.0007326769697150788,8.021820632720317,5.828125964028239,-0.003971275529307185,7.902161802645868,7.317792927353662,-0.28496816345558,8.649562265202341,6.736388664026957,0.016945915159144308,7.813301759558851,8.387163491866698,-0.2752186820937057,8.188237601803978,8.223291076857173,-0.14257969607038237,8.359826978651657,8.10586567323224,-0.04981243044217381,7.9410100379719095,5.829977422581622,0.01695288182372237,7.8712825638928035,5.827214296011469,0.05147045211409511,7.820146567300528,5.827643253434432,0.08594290456037605,8.536934777051837,5.564991377420177,0.1470347237168033,7.866392093289769,5.67774844275073,0.0527443477534726,7.940882596679444,5.604262518487694,0.019228473975832352,8.023066567143859,5.580217408038388,-0.0006052761336167034,8.109598492765171,5.59647578432182,-0.0028681260945617564,8.17086358023958,5.63718152988273,0.012193775259814776,8.813910983142922,5.488372462053828,0.6054587182841868,8.161326130217997,5.7884215937625925,0.016314066492950124,7.808987266640758,6.906691524587013,-0.3076831721612675,7.695761018004426,6.561519275813987,-0.32948686883144995,7.602095227855175,6.853013109808185,-0.33496722263754447,8.330152380495525,7.87063538995509,-0.1423423789359411,8.170968950693686,8.018701524886296,-0.2266265276130391,7.7839446966900905,8.23348139651669,-0.37312678995980086,8.715733486455393,7.708223210089956,0.23770199468516803,7.814092037964642,5.765708565202686,0.078658849312329,7.598192249278113,6.045304437414584,-0.21646662210275266,8.005212682835765,8.314479237409895,-0.2357041165881894,8.81595146774742,6.867844001223501,0.26935155464441735,7.7073674311316145,7.233095017203803,-0.30695367755628367,7.716922680216391,7.273177083590413,-0.33381686918335135,7.728515566055553,7.327455682780126,-0.3647766931950252,7.739145166594686,7.392559672204099,-0.3682847995551397,7.790768145555934,7.5759078221599045,-0.32961551156068064,7.877092178119148,7.255661381482996,-0.27863249791655287,7.889001887283154,7.241845036669707,-0.28675979490780446,7.9045668120645685,7.230529816216362,-0.2913279912228923,8.015052004969109,7.126436622885856,-0.28008594716810165,8.459540890474045,6.786048050336704,-0.13573118389867922,7.613301518041776,5.925637775752331,-0.1140517469384161,7.6941861568930685,5.706345841602394,0.07704717751340492,7.76118539056588,5.716725899275555,0.08485129913913579,7.861328615792495,7.262181534312023,-0.26662224629433257,8.532220161193154,7.200840266847147,-0.06498031930802217,7.58213251053992,5.709099712659686,-0.02126666834149597,7.875327934975412,7.769004163045502,-0.32073360103651344,7.514793670741377,5.9699054698395155,-0.2449152430349486,7.679750404680647,6.254680513459446,-0.262888603554728,7.704373628702475,7.8369253881917365,-0.3483537868211989,8.122331942573771,7.504499404552809,-0.24996741812709553,7.928252381437367,6.660563230897773,-0.20075438782458316,8.009727949186681,7.662278132287421,-0.2868608268402563,8.166872318309078,6.626632520750821,-0.22395900426106463,8.033348018006928,6.806492766283236,-0.23813153057768413,8.294226039383323,6.88682634613806,-0.2120917236139458,7.750122916809883,8.047643513601384,-0.3896902421863685,7.76485270954626,6.346099349871155,-0.2263417426019438,8.247653010631321,7.649741184136477,-0.20721144297458968,8.100321621028742,7.820314590457074,-0.2610527191816388,8.197037458646824,7.308804400440966,-0.23701297070012028,8.648499305148428,7.0184432988284,0.016134065123095412,8.370224479406748,7.354322300726858,-0.1740328099940484,8.771863900179754,7.195631548994213,0.18639463761199748,8.135341633843133,7.013498719073258,-0.24955759469706618,7.682322013330837,6.1431871816156285,-0.18625043182688697,7.6498380110402495,6.493102524748448,-0.43754146616394946,7.738450291167614,6.549204459971698,-0.356482329746874,7.5773687692668235,6.388183454885765,-0.4846015662802392,7.750658312630742,5.562415141013556,0.04029124153348096,7.898260247993863,5.431683513726457,-0.011966271249510715,8.041084202833332,5.384063544077418,-0.04865575832054697,8.173240823119698,5.4015564633839475,-0.0506189449309201,8.280601212489994,5.473807132661358,-0.01950038108659684,8.383569505026674,5.754891362537494,0.08482290407113499,8.809956743263864,6.172304313112542,0.359094075284566,8.297521713924223,5.951072281074518,0.0031517027161324573,8.180635265932787,5.993114736281256,-0.031555486348064654,8.04245686658681,6.008071645063982,-0.038510167150613145,7.916561956731904,5.992241158259721,-0.014609192958827484,7.820633549669501,5.958433617630068,0.01677200579677792,7.74727506669893,5.923275484085296,0.035037339089968804,8.924637531344365,6.242910348950877,0.7004495151952164,7.750530871338277,6.603929459666302,-0.31423456234619934,7.584061217027563,6.152034027985305,-0.31049248730040685,7.552532668449201,6.495312456434547,-0.4911174473341001,7.517111108769165,6.595562476040322,-0.45037681560933146,7.566633798273585,6.536560005479066,-0.45003845541802384,7.732505404060999,6.664969566981945,-0.2787755801357993,7.493916793540507,6.6037835073481155,-0.4728584563477237,7.508276365762461,6.663698001907405,-0.36933512227418563,7.7501236287724105,5.825770080023952,0.09661062290577908,7.690340135318226,5.849951175316056,0.055370660711946976,7.642509068779711,5.864509385083249,-0.010842833316190416,8.208060774463796,5.674857518906848,0.03212518708212562,8.293939118484644,5.610311708104622,0.02411978586271298,6.994262203536296,5.873572312080094,0.33732789014006376,7.081404281043881,5.854790740598357,0.33751771714902196,6.988361458106402,5.750726737731489,0.33760012681160767,6.9134231302867795,5.892770025659293,0.3375332023340003,7.003042125428365,6.004986711431292,0.33749707023571757,7.98861256453902,5.689552425479367,0.04836255212767825,8.087469985440539,5.674881369651527,0.04783903718150068,7.985240710007651,5.5602130409152615,0.04783697360261169,7.8961855891880335,5.701950896918666,0.04771797574074893,7.991677563220933,5.823313453321991,0.04773558568889596
7.48364497394338,7.081369522334176,-0.3620691790903169,7.40337074558226,6.520279467838767,-0.512186386625287,7.470683437443438,6.7366117345087355,-0.3079440566765452,7.348028409711881,6.112974772022614,-0.29117841103772973,7.391529271539847,6.367555783110036,-0.524092034621282,7.401145573821434,6.202375408850458,-0.4614907434327359,7.443732869131274,5.8251165842726484,-0.1419345500413075,6.902662239933666,5.99750793914723,0.44934976127131593,7.4414407642038825,5.547319733156434,-0.031386289673882545,7.427595567494281,5.3594721572174135,-0.017877943637631982,7.406467472618366,4.60768523884668,0.20692154800736462,7.487183887111798,7.143211495911058,-0.35964543300155455,7.497317853351824,7.203884987292895,-0.3356420379314526,7.508000813968679,7.2506078978305375,-0.2988354273321912,7.509825810840039,7.248351395651319,-0.28908332281804144,7.50803997699167,7.302094456073757,-0.3124477820687398,7.510945873297568,7.37087967759938,-0.3433874825516892,7.517496066906477,7.451591107708068,-0.3467598861172446,7.538513081208092,7.655449595528067,-0.2819730757286502,7.426788809220676,6.623441278890524,-0.4735506848386265,7.3836731691279445,6.665153458650267,-0.3302081462397974,6.667464789061673,5.6221492332394245,1.10626149723448,7.150005924372436,6.051827764090073,0.2638385489260097,7.061194156999377,6.087456146241977,0.2948023925225641,6.980001377735387,6.106036508458617,0.3457025735033704,6.879850135069158,6.062970712213327,0.4655307207782567,7.225876804839492,6.005572673663427,0.2460367965602008,6.9666531953902835,5.667251862707704,0.2991219849515504,7.080457379925979,5.661653686584947,0.2663943144553419,6.877886999534886,5.718321156742333,0.35196879069216264,6.832301240773896,5.79529358623787,0.40319106528534854,6.8305901726966916,6.172242666906572,0.5184090349510023,7.249597491837381,8.027844372650451,-0.12853511086469355,6.8753698852390395,5.965383935498016,0.49406752503184276,6.684772709058601,6.252656458040532,1.045849775058587,6.752279079869842,6.112906414746122,0.6611802384485216,7.081225687231557,6.618103714884394,0.0751664355910147,7.381615330283532,7.061705412463144,-0.3113408258728816,7.41036312532348,7.216407897935343,-0.2905178910522461,7.2920594654736535,7.1429772298280785,-0.22447221199168194,7.239589559325889,7.231514856040204,-0.13550017662254965,7.34109157025781,7.244022813528419,-0.2215766182310364,7.288457179413487,7.283342488610922,-0.1402767525760568,7.177185062327871,7.524825248645416,-0.008866091880719532,7.338037566519512,6.536661004328228,-0.4833528334656772,7.315284562216971,6.3903045150827955,-0.48987276473863883,6.73417721858865,5.740587827504828,0.49636105406916153,7.242103825401882,6.221175796050808,0.06959289768257945,7.205245724328075,6.595055919826979,-0.18553099412225996,7.204616267740373,6.530271735141063,-0.14482806326635667,6.846563701692088,6.694669560995792,0.28739439519985677,7.329176754554161,6.236613147658716,-0.4026863073231227,6.88937102198564,5.5552185588661445,0.26570279782722994,6.78660511349357,5.620522899702872,0.3788546287578037,6.692116131896809,5.308217372864802,0.9238652360820014,7.267771270669883,5.593285729267914,0.05725899312949591,7.190180065411096,5.709684642090473,0.2668840747598997,7.103186886414726,7.408732519457146,0.06140315857978803,6.922598354800742,7.687012143838589,1.0139242567304385,7.280153194429565,6.668349873381259,-0.1812849213682514,7.34962127666515,6.7004058757814615,-0.23855218657376817,7.202967860499953,7.377053194132616,0.0336441881483811,7.221339590612297,7.361158703238164,-0.005877735576928387,6.745525950596346,5.541641806877769,0.46159359087152124,7.223811133390482,6.675243277482557,-0.14599665671998976,7.0425475736711345,5.542951631983062,0.1575896235801534,7.012790084692995,5.416136423127464,0.16324370714340114,6.939442727016456,4.8293109221150425,0.4827433589203869,6.719337993150053,5.410059034014296,0.6661914587642079,6.980854419581617,5.0830670175272905,0.3184790433713064,6.699360579095096,5.6975255915343554,0.6166795179415459,6.682531872088579,5.6642882899497655,0.8486222100789791,7.391164699398553,7.14543168328714,-0.3105394747666553,7.316378990695815,7.198974656264845,-0.22924313600891655,7.263451233206545,7.256906736037344,-0.1480619943932358,7.307704025075929,6.696881203712313,-0.18048225741068616,7.212700227740584,7.368900164800949,0.010625369694855096,7.246200989661657,7.370670333440121,-0.07383518764459461,7.231778316376685,7.355368272275271,-0.012465801609206519,7.284212619776276,6.588482228404276,-0.3059208415047316,7.310896879532104,7.297802900808957,-0.1322891758906658,7.363336879371402,7.270317579219231,-0.19335509856424182,7.4301155300099815,7.256923825356466,-0.2542249168505362,7.435342013441811,7.669682862192756,-0.24699195153853545,7.4266492464478375,7.456880251976681,-0.3053822386800236,7.419547210242244,7.375316492076726,-0.30026859370818654,7.42213410592451,7.311799765225776,-0.2652096552615956,7.431519702397933,7.255921964022872,-0.24437114423863435,7.310763013198972,7.300953744022287,-0.12593890283860837,7.298027910177412,7.332769071844839,-0.14842989316631203,7.287798528572282,7.373189583900858,-0.16820962296203698,7.280693644146835,7.421581551272861,-0.15281186828561302,7.152646936231925,7.10730683643333,-0.06884247519502902,6.804734032863373,6.98728000357192,1.3179468932128797,7.451239352556116,6.6859561444078786,-0.3650078076728168,7.272777017063038,7.327342500968276,-0.060054932572832835,7.258805074569939,7.351127272912878,-0.0742932948808547,7.369742525822727,6.754947149817943,-0.25478902014362326,7.270845924002122,6.764517168526904,-0.11042448240676431,7.360176779443546,6.730360603984481,-0.24879674385030637,7.160712382803086,6.335665689516319,0.11629369557584873,7.026569060290994,6.466588387428662,0.17164610034844532,7.205969172170955,6.6127405168995805,-0.09925289632294833,6.778091072295426,5.04232145238045,0.7007852695576333,6.815103689296305,5.214382057724502,0.49338858062417945,6.852083551768864,5.442048103247933,0.31861938495426173,7.246027248250571,7.583718602618592,-0.0921124258381157,7.213749084701767,5.413032931569204,0.054273257660819314,7.174293407121242,5.009164613006731,0.18480508746458443,7.141144400352121,4.693842821343425,0.31034486124445343,6.917202402287609,6.102658519711942,0.4092899050542914,6.763785176024463,6.2964428539088475,0.5869652863024363,7.276706136351434,5.958136284052394,0.2528213897623951,6.784580741232441,5.9013598694855975,0.5179032979132017,7.2918422887097964,6.107412910702994,0.02948610146726031,7.226823125885937,6.510345589043475,-0.2834744881225501,6.700974095642306,6.457323128244063,0.7124883379165226,6.803515706820885,6.369571610711603,0.46688825356610153,6.895163589113423,6.38375503352885,0.33354581487416624,7.048625674839267,6.317166501565515,0.23975124262880698,7.165526586411069,6.227263865988428,0.18788807406506794,7.24960532444198,6.140425914974093,0.14103190911652835,7.369236966798668,5.882662018199986,-0.07897408275298766,6.716599429760569,6.749411634531971,0.6307872404154896,6.737916931256765,5.915664341646633,0.5925444594583558,7.391183212827603,6.627268574319144,-0.4532770114154333,7.241213044642588,6.343303903109402,0.00719519093526223,6.722931022495694,6.314396607757638,1.38101564848494,7.3095496715412285,6.046482367479347,0.12027681978288046,7.213996879829053,6.640203764785438,-0.006200450151302485,6.841690397522138,5.988660656226185,0.5213843566158382,7.234374468773477,6.431219193283459,-0.2346701519198308,6.859248248811243,7.334215967530598,1.1958567030810903,7.2855918702405065,5.911864104306624,0.29185441821866875,7.276624962085599,6.315602116810783,-0.3330258367370964,6.959419429016449,7.865911681079234,0.3963087425394188,7.030016830424088,8.088304959598211,0.5341645861207083,6.726548261710093,6.88042191520482,0.9868322565011569,6.8848387921431895,7.722352855785253,0.5835415035209234,6.684521353656498,5.940918795035825,0.9819973142923634,7.245226186416674,8.213482798065323,-0.09679302457064899,7.422522175879598,6.688769473568526,-0.34773170763206784,7.181089971747509,6.47959834366612,0.04487298896109732,6.713115344824337,6.166848850558329,0.787173557862541,6.978224800601543,6.022451224517387,0.3623584959226595,7.05098186471337,6.008430862286773,0.3168078058686203,7.237743200805626,7.405515455132214,-0.05482921682526174,6.75728340215307,7.050893569897901,0.5953465292498937,7.4194233126786004,8.414055864283899,-0.1556536573930818,7.20117704226684,8.302039649761463,0.15599752431114106,7.117529097488825,8.219129393925597,0.3264500091495028,7.4103346431249415,4.951176280892119,0.09019739295438405,7.600412019182051,8.41631307851808,-0.24461653618041826,7.127524213010974,5.978487526963169,0.2896979597618169,7.203510446382112,5.947718563909428,0.2849441695671406,7.259448060201947,5.929806465275999,0.2949766457231544,6.703788136857917,5.918675978114606,0.7192092021994868,7.183569347130293,5.820814348183396,0.29149238277318235,7.097437754639714,5.782918783027822,0.2964712268397486,7.014695543775225,5.780081243998416,0.32366665305247333,6.941415119265252,5.817316734202859,0.36599849864417183,6.902495619072216,5.871582442968481,0.40820753700639034,6.683406987638676,5.941892174170881,1.2773207752861602,6.931882127414391,6.015656084001046,0.4104076533331896,7.480108196939852,6.863843139490478,-0.3026097191694694,7.226603100902226,6.9890373552217495,-0.13238358992847768,7.268308160112335,6.634029536197239,-0.21239173225043886,7.366233518962774,6.887388660967355,-0.26313815386257206,7.455558677964491,5.6949753666827085,-0.048540302884509084,7.051196193257373,8.013861037277938,0.2257282769472331,7.145542763861441,8.11456981898056,0.06470927427858837,7.383207485181838,8.26540228572633,-0.25429638936749394,6.97696019098643,7.933264960073331,0.780531242142734,7.2527390783361865,5.87493479773647,0.29193875222840404,7.315536629674037,6.098484453516114,-0.12274500255170649,7.567773555821733,8.268296789152812,-0.33939870640838504,7.29445125809593,8.366259886916316,-0.014118998531841747,6.778254844937023,7.202866036640177,0.9009850409616117,7.364246885614709,7.275556879640402,-0.18522069392021273,7.351528871912271,7.317331720236931,-0.2079630619017369,7.345583212967344,7.372971695082038,-0.23178239076378337,7.344396929398212,7.447443387545888,-0.22810329177443334,7.3311940062656555,7.636973193336093,-0.1764962961096594,7.250982438741319,7.32246990885329,-0.06591434942324022,7.230847660539437,7.319240027539015,-0.053817514669555096,7.213007835484801,7.310221139371776,-0.04268706644866739,7.107872920129284,7.249014318822304,0.009845834311645131,6.8210885112642226,7.055873682312371,0.3486783402025585,7.332093331684511,5.984193935440373,-0.018238906828476155,7.316322738353702,5.786444167151934,0.20048094410767642,7.279863388059435,5.813306440648628,0.26331988364027875,7.2733060739008915,7.325191382923651,-0.06277456531356163,6.859661952745015,7.449185786041485,0.4320426868396563,7.367041701346307,5.76068557884861,0.05143099570435139,7.2886373293192435,7.836392018458892,-0.14846047815216457,7.416661963530285,6.072923816492633,-0.3497479357645525,7.357826286009151,6.000357583111014,-0.19555828562807107,7.428625911026415,5.95244625283935,-0.23994178408668654,7.267346885911659,6.3295619543695025,-0.13709236489843243,7.548258977493029,8.080260162620991,-0.36332573358365544,7.543087322293387,7.858960600525895,-0.32459777617579105,7.407521313964294,7.866534017117303,-0.2635618265658334,7.103601302403462,7.634721675541619,0.05124324127410228,7.154283950592929,6.784548698759084,0.019554422810547204,7.193214843665381,7.7622492953881626,-0.048027934834861244,6.955719591426288,6.8302661876883155,0.12206285389670761,7.074626361830169,6.959309772552075,0.038601639969931684,6.908432733357581,7.10975060906794,0.1861217660989005,7.379882900557424,8.084311755363103,-0.2779727286921897,7.237957529349629,6.436459917814557,-0.06931106299028261,7.045652133311839,7.798628895526522,0.13943345698213885,7.150628972465467,7.925879525992278,0.007002125993532671,7.022698329509602,7.475232756605012,0.12419482433833161,6.801305488214292,7.311639552858996,0.5712773803542593,6.9406710218284315,7.552581863176221,0.24411155570101636,6.828530909742352,7.49336666035956,0.7874130753508763,7.019450646821241,7.183050971116891,0.07931949616542071,7.282062213786613,6.218011423793173,-0.05207347510978414,7.253778678582845,6.563653583883236,-0.31507214964345825,7.230098578717873,6.631966000913119,-0.2158077269307888,7.265820952124954,6.43989914328809,-0.3873968406304394,7.229768185214826,5.675538046317539,0.210724967342992,7.065974894024077,5.61682697841501,0.23699725879902045,6.932668236094055,5.623675879081093,0.2798044010788314,6.836837030891164,5.678554667170256,0.34995549978640234,6.7863331084975265,5.772425941086211,0.43003607144917844,6.803589760537085,6.044734272544042,0.5722403011820393,6.692415907036428,6.56816374002182,1.0291159493759512,6.868985600436618,6.2141727354851355,0.4471525376678057,6.947681914998702,6.227158481853836,0.3548325422449108,7.0553595786287495,6.195090374519254,0.27883280208118427,7.16232661140526,6.134910337227098,0.23483052004863353,7.245653419394753,6.068956958291173,0.20419949539234591,7.2999034629511765,6.009575846668024,0.1875152020331063,6.7677968936886215,6.6541023656173,1.387435536035535,7.250056767288816,6.683507387388525,-0.17596579291016082,7.302244699671047,6.205128925394175,-0.21347592493918383,7.294596517308476,6.5389837276190494,-0.41306077012705794,7.363469321594605,6.622850273270848,-0.4059458724286866,7.313735842671436,6.580455232801142,-0.3701554755208769,7.285597566680214,6.731544751388722,-0.16403706988300612,7.3701049617991305,6.626718155832386,-0.43609890793903117,7.3994729567122555,6.679064164416507,-0.33843082344757847,7.3089693467460055,5.906732324184936,0.25780891199882855,7.338095242971552,5.920536577734138,0.17322850899443928,7.350420914389121,5.928464241669869,0.08740446861878304,6.884587436741087,5.919550737637222,0.4466132450398519,6.819507037190369,5.88801916371761,0.4668845597809786,7.498561813372996,6.085421093156397,-0.34811886526673397,8.206265408955648,5.764670238424157,0.035967773693259236,7.532316066861061,6.638953396269595,-0.3739968117833088,8.700237874649869,5.188713188346575,0.47085991813856504,7.933994104355919,5.913493642090512,-0.0021472406828326645,8.028138451350362,5.915904304169321,-0.025594248242928275,8.127616090021153,5.898555441011993,-0.024217971164463167,8.265390892846915,5.816932936577552,0.027822966371248294,7.850320525599218,5.894947458512119,0.03680979815780878,8.033976589995806,5.446679308730305,-0.03348361697265518,7.91739752726749,5.486086922600796,0.005411485950439107,8.149639950041108,5.4636443742623255,-0.032926773302437824,8.23475900037364,5.523505766958332,-0.013361565362512363,8.36437009304328,5.8963705003566025,0.046233904010018624,7.946648745166607,7.957729032453077,-0.32402372636493315,8.2411347405165,5.719007577727113,0.06077921485512296,8.76960840535546,5.85437919505118,0.3927379204079505,8.496666344980145,5.798801168987895,0.12743299441741512,7.990566871203164,6.466515757822388,-0.19328861043202833,7.602392244035445,7.03411755495868,-0.3816829110726842,7.6086284214054665,7.190966174090761,-0.35378197190147187,7.7391958038910404,7.096248622850728,-0.3695141810194068,7.83719948878746,7.165844162924774,-0.333889314638885,7.717419026943409,7.204636917334313,-0.3473324450630228,7.808082849276438,7.2252274107128125,-0.3072955303668524,7.998176602597708,7.422475180252009,-0.26393460959092463,7.480002100750297,6.511313983793787,-0.5203927310723436,7.482317703491483,6.3648072509510625,-0.5342715278755336,8.361487694551176,5.416663343800428,0.0006121312352232562,7.783059813750373,6.12394540284471,-0.10475634688384695,7.77234267449527,6.504446925726136,-0.35207003600728026,7.782840500821626,6.439223403127762,-0.3171155248714249,8.324687981984374,6.438395283205253,-0.1583264447053158,7.48722732246457,6.20655232326614,-0.4600981864413756,8.064862686091038,5.283096073753779,-0.07429672720829578,8.227578638122065,5.312851782594509,-0.048565931300264396,8.521536288689067,4.899742770743678,0.3565052706126766,7.636890594960331,5.4971483404307335,-0.05217767434041423,7.8261590765789455,5.575045373296329,0.054432613336470884,8.07636522197084,7.278846573571608,-0.24829601344896762,8.832465769310241,7.407292744321022,0.411390600706817,7.708467783997698,6.601589736171729,-0.304416402877237,7.623843611864773,6.6575992675428735,-0.2993864688670422,7.956707233580506,7.288917878974848,-0.23351702340993544,7.937914678984753,7.2807506085439115,-0.24110641673458535,8.291660736614006,5.2134649309315595,0.0042892591656891405,7.796367408962559,6.588875282744108,-0.30915459461786987,7.87191857675102,5.343888478314514,-0.0753571439367763,7.875397677302507,5.203492601168241,-0.07751274570250027,7.989213254717618,4.57253642571267,0.15732310363250043,8.392519049858954,5.042683532329372,0.15776705877636168,7.910909282440403,4.858943445447095,0.03900711911258354,8.438729992877866,5.355839964848782,0.07938659065693902,8.563674989371926,5.273346261166543,0.26839436558912527,7.6055779779419845,7.119465886989448,-0.3798162144825271,7.725965822669871,7.153549109870634,-0.3651527108578818,7.821423911071907,7.196514506366075,-0.3295475594991609,7.689833305603835,6.638422915321814,-0.28134789147072853,7.949590244220679,7.284345774054444,-0.23614010038503258,7.891870356827292,7.293687935175096,-0.283091246790183,7.927344935107088,7.278791745339421,-0.2406316540876955,7.631703986606457,6.52502389006033,-0.4194604531180645,7.79923485430043,7.245088047753762,-0.29034268102779864,7.712443898913683,7.232372170216214,-0.31096127832563747,7.612176591288409,7.237638528725997,-0.3193530463355237,7.663118427484578,7.635695054676675,-0.3086343272084711,7.63255774050765,7.426582313281272,-0.37428319138892713,7.622308421363544,7.348195030573331,-0.37034012027359026,7.617307659355133,7.281482601046353,-0.335966979763686,7.610534592542661,7.235654743597785,-0.31052592347063185,7.799211356486635,7.244593169554154,-0.2842823144786005,7.810100813042896,7.266561489286957,-0.3077322425766321,7.822805297701028,7.30368803508199,-0.3333281708242398,7.836709594972597,7.345296966872032,-0.3307422319658309,7.924112917627923,6.99983210846787,-0.297800099415314,8.932019597862125,6.619262940364915,0.6464124410234464,7.868359726043625,7.262446523653097,-0.259895188538344,7.876057040198676,7.278120277508874,-0.2754981151769749,7.597731132244608,6.723000803882114,-0.3148113372613718,7.7721012878626565,6.69697519496749,-0.23995549114473322,7.609577590671765,6.694559192476456,-0.30747926279914384,7.896835516087529,6.201634159633492,-0.11677850487323874,8.060230768553701,6.280774796492777,-0.1445760625644431,7.816265072861608,6.518742141172647,-0.27620928007173495,8.289701161354552,4.686471628361642,0.23801990323686095,8.180679137953483,4.898809622714057,0.08491354459456137,8.099336827147166,5.152808528868846,-0.0433458674889658,7.9055119058173435,7.501293968267809,-0.30035728905457304,7.646884286372554,5.298682956904014,-0.06638263125737669,7.666270694807835,4.889403732674174,0.03929488666908768,7.707094942028139,4.55116908036903,0.14708285206331947,8.21510129899728,5.868253586014284,-0.0024215037066886665,8.48810032376967,5.992281455715401,0.059717768984703046,7.793685097915189,5.871455697184984,0.06624052622580093,8.35294445909953,5.610369351951352,0.03827195295891827,7.698690557294369,6.031732860966145,-0.1097236534348333,7.6834753668350615,6.433336844744802,-0.41821956383392217,8.636147231498366,6.103588463494226,0.10892815453033793,8.400778887435141,6.082560056313197,-0.027666116795292354,8.248523022817405,6.133411461529006,-0.08492772450160724,8.048144347603857,6.129681717630379,-0.07896666736809471,7.906122136921032,6.089983941362276,-0.05350387114693724,7.795584860557711,6.03490720199327,-0.03959426962218335,7.538364261720727,5.8484808877613235,-0.13827367520867864,8.632539961053457,6.422099193311407,0.034398140314637136,8.440923122165337,5.595386647437616,0.06654132494442941,7.467264861563845,6.611700204597959,-0.4827124735363466,7.771975254134123,6.252973322499273,-0.16272651047103232,8.894561234454116,5.892854728974497,0.692096196348783,7.710292068814094,5.965681218445262,-0.01965476414963696,7.840225010327221,6.545432809423146,-0.1828761083168418,8.304560324332126,5.725085678895245,0.06681037602496032,7.696149945184728,6.355141816876998,-0.371899765412471,8.908031178197973,7.005396818007344,0.5518352536180869,7.789723936153436,5.828866265710252,0.09665395133559734,7.586874430216666,6.263860642890644,-0.4324182958328837,8.488340286292356,7.685825860269458,-0.05187883933586467,8.549814127453127,7.929562274263316,0.07710052707087782,8.817038386471822,6.5197667882650725,0.33248578755074387,8.641502596878583,7.487613968309731,0.056662585905371064,8.675788043369392,5.541384755035959,0.3596014636075606,7.994066621348591,8.148635952542623,-0.3112365543241693,7.483670607922065,6.675187737195407,-0.36575617743941785,7.8691102319751165,6.364258256574232,-0.16465513359129322,8.606965794985669,5.827363829737342,0.19444492093754168,8.105236202519468,5.817314242010488,-0.0008016447245938423,8.024306171536997,5.833186303173591,-0.004194278404444449,7.907250744038123,7.317439952591378,-0.2793505550464933,8.64537831204472,6.74455257146129,0.019091083639184468,7.815672643132006,8.387167244753556,-0.2720959610649773,8.185421424010157,8.22734935642383,-0.13858361938324412,8.354593578394915,8.111862586009467,-0.04572955492310386,7.943140450361619,5.835062568002319,0.016553241868385773,7.872763785992652,5.832789332531459,0.050838510345455,7.8209247605425185,5.833624929031084,0.08519252550407495,8.538876251159351,5.5713644051627,0.1477705525218616,7.867994441847368,5.682977952603297,0.0519710170760569,7.942870581530466,5.6088145799386275,0.0187759311719663,8.024830243990106,5.584324161525233,-0.0008970318404471999,8.111317863962418,5.600782599950749,-0.0028969994433688103,8.172670655779399,5.642189308131166,0.012303880032368247,8.817128817452183,5.50058400562945,0.6058505415537443,8.163710156119164,5.793781181495471,0.016413808433655353,7.811586159696684,6.90833589388255,-0.3060035511390815,7.698652818381305,6.5629023658967816,-0.3299101289858699,7.604879452022827,6.85308968543224,-0.33449629699180317,8.327471404836556,7.8764906816714255,-0.13785927034580117,8.169436502135344,8.02269123087986,-0.22240413735717005,7.78698893303877,8.234039112805577,-0.36994277135225956,8.705481447400821,7.717392680909761,0.2410696568970965,7.814877277737816,5.77149884552378,0.0778171436364519,7.600723899256048,6.0467764461792575,-0.21712066727654672,8.004884160353543,8.31639966220965,-0.23200103614100215,8.807585856831833,6.87821454481808,0.2717782287892489,7.71161079460643,7.230616242676311,-0.30362791326378824,7.720670269906587,7.269488747241759,-0.33054009736307743,7.731666534707368,7.322504087491536,-0.3610933745180418,7.7418005009473925,7.386532069806254,-0.36416081829377595,7.794851443945343,7.577236054231212,-0.32545230888710114,7.883205359976895,7.256802063957714,-0.274432836448197,7.8951073586912015,7.243226736079266,-0.28231626396932247,7.910591705926698,7.232232607443375,-0.2868786671408501,8.019348844881357,7.127766311698553,-0.2759279961094489,8.45834710712131,6.792327899234933,-0.1339710608402275,7.615634330190993,5.928204341608205,-0.11477266829287718,7.6950982400036905,5.709406228599759,0.07578028816174441,7.761648320998999,5.720873873786353,0.08392218607167808,7.867655503684759,7.262826761003586,-0.26251118946724167,8.528809218085891,7.207654606269475,-0.06215322503985672,7.583873830600627,5.710573642712359,-0.02245880182745094,7.878455241315623,7.771926122341644,-0.31677220312044707,7.517744574088726,5.970343754346027,-0.2456454333509067,7.681998564840836,6.2568938971281085,-0.26335455181631245,7.708326797114932,7.8385730428119835,-0.345430457248739,8.124354878288488,7.5083582655603385,-0.24490738838127585,7.929944647778696,6.665735207555417,-0.20038719762139282,8.012300212798024,7.666002250086609,-0.2820222075211293,8.168594141113566,6.631145713595208,-0.22307602797035153,8.03562143696141,6.81074733702983,-0.23626904908857246,8.295113491131845,6.891908785875427,-0.21016578167949637,7.753914692040812,8.04935555309671,-0.38651682970246787,7.766418377199247,6.350017869359908,-0.22690757347703577,8.247664996586431,7.6549689584277285,-0.20255582776777642,8.101084210027507,7.824216590638614,-0.25679138545603797,8.198801648828615,7.31247265716625,-0.2327614218351117,8.643416600620375,7.026440178342607,0.018630062818650043,8.369259062422428,7.359719640157002,-0.17032221215762416,8.762467206126875,7.204809946690435,0.18931859248666788,8.13784262340643,7.016870871688609,-0.24661271551533784,7.684403174452456,6.146035483976266,-0.1868355010670443,7.653101950313525,6.4923555203915475,-0.4377918186146677,7.740829257977227,6.551191909967646,-0.3567759405056635,7.580854717555538,6.386099118468575,-0.4848737828676371,7.751218139894172,5.5639209386021244,0.039243490764342,7.898913292470919,5.432158371860376,-0.012369542069565528,8.041903185849092,5.384681751143907,-0.04838917478144317,8.174712829414615,5.403535186439035,-0.05001837322663789,8.282458850321156,5.477022106888413,-0.018756164693068414,8.38511866262367,5.761127764980921,0.08577167095826518,8.806732814985603,6.18318695169502,0.3611895686932623,8.298972116978858,5.9572807500137905,0.00387661740374904,8.182198663245517,5.998834497544164,-0.031016619107791788,8.044432405079318,6.013682267642323,-0.038250313163544235,7.918526134384582,5.997673135898753,-0.014820186312719195,7.822185097827851,5.963686040437635,0.016280776539934358,7.748542237341473,5.9279504940137295,0.03424872559382706,8.922480909571556,6.256875383699058,0.701895096225063,7.752681412844092,6.607002778003984,-0.3145574006600263,7.587001176000163,6.152349987392268,-0.3110282559956383,7.556500301640166,6.492741454181745,-0.491340532535515,7.521036404184822,6.593640354559612,-0.4507154826912406,7.570509270991364,6.534614558363232,-0.45032554359187343,7.73459592882706,6.668473770944901,-0.27911361875740054,7.498129596010172,6.601371135297945,-0.47317302868737904,7.5118494710462045,6.662921878394769,-0.3697507390293002,7.750569457822457,5.831054410612978,0.095589718437547,7.691565023274981,5.853825216289605,0.05429938117729141,7.644184886006061,5.86705448545581,-0.011747417422814934,8.209855590081437,5.6803707633545715,0.032383333510614745,8.295698800311811,5.615204205153275,0.024530087662960155,6.995658754327005,5.873777708420841,0.3201876192561392,7.08356122751172,5.855782655384169,0.3203373510639252,6.989882564463382,5.750506041090923,0.3204232426938931,6.91412988512026,5.892547833285244,0.3203533277971679,7.004187036624418,6.005710812326339,0.320317480280101,7.994221137275663,5.691087902609675,0.04476372190178195,8.093172567328455,5.676860688412174,0.04427890425999784,7.990529844345064,5.561502443918718,0.04427709352647746,7.901554304330408,5.703483355413662,0.0441575990214564,7.997488045448038,5.825266115814976,0.04417582874110697
7.465668251501292,7.064108881014018,-0.3618224718179006,7.388031914946167,6.503408872803607,-0.5098468847026931,7.453854088144642,6.719702328328397,-0.3073484592605468,7.3324007096699155,6.097605041607056,-0.2891010076531204,7.376163763470035,6.351032378155569,-0.5215921421700043,7.385508680730376,6.186279817486273,-0.45896965301333037,7.426695932935209,5.810722475044526,-0.1401498505150319,6.887043477252857,5.982494556801473,0.4484688305797046,7.42403275583076,5.536703643503576,-0.029712745600704884,7.410127973584168,5.349579045453927,-0.015980894049328946,7.387317993103017,4.594398202729444,0.2099357328820398,7.469318842896267,7.126566741924772,-0.35961444208752286,7.479638387787257,7.188037898914993,-0.33589685294476673,7.490599396782092,7.235298814561552,-0.2990536908407552,7.49270919566185,7.23578257652691,-0.288266345110191,7.491066109867615,7.290535764491586,-0.31123220740672203,7.494159060817939,7.360565459159692,-0.34201808897697455,7.501063857151692,7.442485326773719,-0.3452750022013514,7.523088168420381,7.639067435727628,-0.2812283100045918,7.411099049364851,6.606349298885953,-0.47180297531957716,7.367781397550459,6.648255445523889,-0.3292443489539061,6.651186432115767,5.6103093407173725,1.1037777792036496,7.133000562953043,6.039227545937154,0.26379358826655525,7.044637639500833,6.073865897174819,0.2944749788506228,6.963942449755057,6.0918936668618535,0.3450482609791518,6.8643052441410175,6.048304653710065,0.46431700753515065,7.208412731059508,5.993851952252506,0.24605991175669947,6.953826070682117,5.657821372156523,0.2993707822464629,7.065795299377839,5.652941840673338,0.2669499175397096,6.865655657498061,5.707352275116302,0.3518119600730081,6.819953293616548,5.782896216856503,0.402739783425323,6.814914639254891,6.158759373580316,0.5166070763447081,7.236861628546557,8.0078474932494,-0.12976979098024746,6.860086356751495,5.950596812997514,0.49294904728606803,6.667900727685403,6.239837452752419,1.0415544291868961,6.7372172108803525,6.100783947326557,0.6587885184430605,7.066843805487778,6.603997974208513,0.07441473093931555,7.36369250786969,7.0439151932177655,-0.31129571892392516,7.393223298856359,7.200499919705426,-0.2908973113752609,7.274651891443982,7.1250692819791395,-0.22499939497626278,7.223030014409264,7.214195142804029,-0.13648713843204846,7.324554673095194,7.2278555577729655,-0.22238740890944825,7.272636571773318,7.2670622984368,-0.14147500133919283,7.161813169876603,7.508500720610339,-0.010601651268254077,7.322962733940468,6.52015371428295,-0.4813329883612673,7.300458922926379,6.3742053577032385,-0.48751147577511333,6.722140318145007,5.729286014210861,0.4954898187610658,7.2259276136114625,6.207447422543183,0.06976615295040031,7.189389022642029,6.579559825702982,-0.1849076442962321,7.188395925391557,6.515145605830999,-0.14421320017464018,6.833089455530515,6.681143445098347,0.2850930113553248,7.313891309127503,6.2208045095250295,-0.40030956328051454,6.877486869734548,5.544095753652653,0.2660139606755646,6.774937857518445,5.609445175620664,0.3784590706695322,6.676155227006206,5.2969157660092,0.9229763620558331,7.252781730463814,5.582287730781223,0.05858856990389266,7.173463948134821,5.700190680030014,0.26744162676936695,7.088028459424525,7.39269265247145,0.059417727079374885,6.90490146851152,7.672022210081447,1.0065070824256548,7.264392728002412,6.6524558632935875,-0.18083727973294111,7.3338306844661965,6.68418240792919,-0.23818934521815044,7.188353303191966,7.361103209244532,0.03169721967432127,7.206741940835538,7.3453521753856545,-0.007609481979550077,6.734070271810546,5.531408545574379,0.46109388128357465,7.207709464766255,6.659484264006155,-0.14577087507672645,7.029829266622912,5.531766572050945,0.15860665037935598,7.000493117014375,5.406225724635435,0.16454352319927015,6.922712575350634,4.817610661987851,0.48461125708356423,6.705221436017333,5.39949212747004,0.6653452334801527,6.965856896886689,5.072818185739285,0.3199513109021298,6.687107711561124,5.686997688516593,0.6146561610427347,6.667858815855806,5.653416012643789,0.8467165449550014,7.3735687818849325,7.128555067535695,-0.31071121761390813,7.2993954990465815,7.181950028073402,-0.22987859347351222,7.247252920806859,7.2401009157154785,-0.1491106574006207,7.291746234959971,6.680819516381455,-0.18023839343056208,7.198095317278497,7.353078869801521,0.008762855072292733,7.231256098930339,7.3555445640478645,-0.07496845324947166,7.21721350490507,7.339551294021311,-0.014143813424649968,7.269196960266319,6.572410662091575,-0.3046964260853665,7.295469994464244,7.281874223164688,-0.13339945975901668,7.347334107666638,7.2547253027651655,-0.19419801846053392,7.4135150177116715,7.241623948980866,-0.25478778388171064,7.420512162144538,7.653590239868291,-0.24679849675805068,7.410603921479602,7.447474965605846,-0.3044178056546022,7.403254433530116,7.364598939980993,-0.29931728250635126,7.405803951435654,7.299793306242765,-0.26436670145761904,7.415024553947188,7.2431427200262934,-0.24384273601265946,7.295550976643467,7.286283489712384,-0.12643714565487849,7.282860927085221,7.31845046374376,-0.1486414358210601,7.272498049624646,7.359487117510038,-0.16840315206427053,7.2652799801239,7.408427347820485,-0.15324183629504695,7.137636437528565,7.0911370385147,-0.06995912939886131,6.786532516547201,6.974273360565937,1.311028135918954,7.434946880406046,6.66837738595083,-0.3637975667877007,7.257924098844475,7.311772985807827,-0.06123616881638113,7.243946148488585,7.335796278237337,-0.07532462055457007,7.353912133803527,6.738459647998432,-0.25448956167894693,7.254780711624634,6.748642091480737,-0.1106315576004301,7.344398858854801,6.713986691363235,-0.24846706707579172,7.145181277226176,6.321934912864743,0.11591046131368836,7.012207118201985,6.45290724924814,0.1704394165502025,7.189859287577518,6.597368091062123,-0.09905291519511412,6.762011254752468,5.031201870058569,0.7013663199095516,6.800874886709594,5.204115161209567,0.49370124031260115,6.840803363286504,5.431966336523469,0.3191041058890083,7.231271727070189,7.567367661205545,-0.09331371392533465,7.199486221725152,5.402076453505245,0.05602039923626713,7.157654663936501,4.9978041800140005,0.1870552703781269,7.123243631096655,4.681172383691897,0.3130490896596026,6.901346066695632,6.088181983647464,0.40829105853331177,6.747813089698691,6.28372126945138,0.5845280376880463,7.25892003757492,5.9468403764735545,0.2529325638482604,6.771107542515194,5.888400368244252,0.5166893460695438,7.275496521365878,6.0936120518753665,0.030061170982830697,7.211762125577372,6.494721047786961,-0.2821694836483743,6.685475991686779,6.444486523348932,0.7087920838370557,6.787598071536977,6.356223051695768,0.46483522244517866,6.879193178458176,6.370178980581869,0.33207579495049,7.03211097504102,6.303848182468274,0.2387869883730414,7.14834526517582,6.214249925597917,0.18749889643887055,7.232171055481561,6.127514459800093,0.1410520204063761,7.352617839675944,5.868558313594625,-0.07741932407197262,6.701472813563299,6.736383236508354,0.6270005268030477,6.724468910982665,5.903889275575645,0.5910395554343221,7.375571314895719,6.610525564075885,-0.45157123833056384,7.225072328139668,6.328945554327479,0.00747163898344096,6.705512687714538,6.30113456909431,1.3753862365614757,7.292033224437218,6.033224919494746,0.12065228091397463,7.197902807010344,6.625209622204999,-0.006459134896485421,6.826936941019544,5.974139895311632,0.5200446455379767,7.218667632281118,6.415892710383273,-0.23340897694620277,6.840866586215897,7.320905502440206,1.1886046584222854,7.267896983178791,5.900868782364625,0.29196848272779613,7.261448954750656,6.300145734063797,-0.3311499830578101,6.945734956459747,7.847656218306342,0.3919409163814318,7.015321380252106,8.069258979160193,0.5282638927478678,6.708974320691326,6.867791029697573,0.9813221574647895,6.869704766459212,7.705820903987168,0.5782227048322923,6.668848361256312,5.928713865357468,0.9787555018831651,7.232901315834554,8.192036487302214,-0.09868437746255627,7.406359460770325,6.671297716992811,-0.3468034076398122,7.1655937589803305,6.465269107869535,0.04465252860271799,6.697592772660526,6.155358832422943,0.7838772153579079,6.962236851401421,6.007930064777435,0.3619004793227772,7.034761365485591,5.994783957683564,0.3165977429605554,7.222720293092235,7.390533127692169,-0.056172257471607014,6.742000132044463,7.037456509239733,0.5909278941510184,7.406598855458028,8.390873310614491,-0.1579767075888374,7.188252430652934,8.280993280068726,0.15229636713271194,7.10406222054069,8.198779319277522,0.32168772155422,7.392164137196521,4.938961391998562,0.09283827105856812,7.586153395675308,8.392375032780084,-0.2464590064984954,7.110962754654483,5.965916652270529,0.2896376255857844,7.186283285031827,5.936140783636211,0.28498705523102885,7.241729083739857,5.9186649714338815,0.29499521387531896,6.6900394085229955,5.907605221009993,0.7171910990533471,7.167588477921193,5.8105342269963325,0.29179743895287474,7.082589866756704,5.773220267179338,0.2967236106659235,7.000547815503849,5.769908167086116,0.32373851532641884,6.9273321114163116,5.805799966176755,0.36581967937142473,6.888136736672368,5.858780781008435,0.40778785018938973,6.666665394267255,5.92921396583267,1.273150053531122,6.916064222584421,6.000686421956933,0.4096934620942315,7.463016440316735,6.84728051688436,-0.30223987785268563,7.2111142681435885,6.972709125840946,-0.1330975525119133,7.25276539195397,6.618267886631601,-0.2116857293602496,7.349914881851878,6.871025344276542,-0.26298709633366807,7.4381080268757165,5.682224712532387,-0.046937691749894754,7.038448896120211,7.994437128518065,0.22207446872838824,7.132840019334584,8.094190834810986,0.06196858247841655,7.370611511603306,8.243292523790442,-0.2554514914459678,6.960704583326122,7.916326975177486,0.7736403397748747,7.235661813628068,5.864010524898259,0.29213295558028063,7.299684619633807,6.0837926074595785,-0.12132790937467987,7.553770469166003,8.245064186553446,-0.34003251604977497,7.281791820245479,8.344156538382713,-0.016949071464942195,6.760662262135411,7.189626286219752,0.8950857265871774,7.3484380226360475,7.261885832296465,-0.18519150370569615,7.335855238946771,7.304262954239881,-0.20759679528135552,7.329854743614343,7.360975342645759,-0.23136137983897326,7.3286911575655065,7.436461389231515,-0.22784942158798094,7.31654312031206,7.620771856553164,-0.17694398598998248,7.235825909096494,7.306244886520866,-0.06747742407884369,7.215467415461823,7.302794619463969,-0.05539898088566677,7.197392761355238,7.293455385163574,-0.04423271103627714,7.092949192367312,7.233144972742217,0.00831472676422898,6.806982647910994,7.042051892725643,0.34539589829456646,7.315689965950246,5.970205155919383,-0.017225071018915235,7.299252714677952,5.7749599632926465,0.20120124543646706,7.262379539441728,5.80264450266703,0.26374399556140604,7.258351741580372,7.309125436843228,-0.06425171163651126,6.845399457142407,7.434023399414905,0.4278910990058859,7.3497017708539225,5.747995028721359,0.05265887848062832,7.274926094261351,7.818151000639427,-0.14935602363607905,7.400618960855402,6.05727804746397,-0.34727063130376695,7.3417655172900655,5.985537781852275,-0.19364503981896442,7.412158921394682,5.937261037115463,-0.23781131738646488,7.251643007364739,6.314507284216006,-0.13610499267430867,7.534008686325605,8.058775338800777,-0.36324560930299643,7.528205673851282,7.83996433202014,-0.32410100381450346,7.393466245394028,7.848134297311755,-0.2635389650221232,7.089672965958746,7.617710872252532,0.04914508880699732,7.139142421914116,6.769233586473174,0.018827873839748217,7.179311713918715,7.744367000557341,-0.049654668281795704,6.9423535952921895,6.816182649692725,0.12055779060534996,7.060522933288424,6.944265911313842,0.03737069229555169,6.895228360314328,7.095147077126225,0.18395683625941706,7.366879227659115,8.06378202651274,-0.27841693196031536,7.221735009911688,6.421471956309743,-0.0688051388946988,7.032787247274531,7.780612919089583,0.13658341576518723,7.137643541228496,7.906699330659857,0.004960103326614819,7.0088797451539095,7.459193229013416,0.1218215277236939,6.785974165732558,7.297362420126087,0.5665099911902939,6.927370471395943,7.536288263633734,0.24097568272016717,6.811732892055418,7.478759660105688,0.7812775275716004,7.005661058714791,7.167682957130286,0.07756483337549842,7.265966907907309,6.203550332760573,-0.05122861509653836,7.238971427426315,6.547693338178723,-0.3137313112418071,7.214516230040949,6.616257539550889,-0.21515422184728394,7.250977390681125,6.424127319344266,-0.38560983261342485,7.213866951867177,5.665366567039131,0.21160374822322364,7.052072371849502,5.607100599458159,0.23760899513278105,6.920206390014679,5.6131263129253455,0.28001122421564406,6.824713482940877,5.666904873259371,0.34968959652399595,6.774019349117258,5.759861049087512,0.42931570162909266,6.788795755345487,6.031481671531471,0.5704786507497169,6.675222511205155,6.555394459274835,1.0241555145363286,6.8531559870979875,6.2003685855611,0.44562748380134065,6.931521873636113,6.2135111408050046,0.3536793007944671,7.038732333747491,6.181778913209457,0.27810483534362224,7.145226030535747,6.1222868470202485,0.23462053516864106,7.228261889409067,6.056868163977902,0.20416593020489765,7.282402028069624,5.9974585007079035,0.18770474834345804,6.750069935167038,6.641087812292658,1.3809882143277281,7.23414304258264,6.6675988204383,-0.17561501692710815,7.286784300557579,6.18992188444133,-0.21187071414628728,7.279606722146443,6.522939785396218,-0.41128815393268137,7.3479393429008315,6.606547492114052,-0.4044480456664332,7.298386063286267,6.564373535988686,-0.3686433556962082,7.2694803978936,6.715504752038671,-0.16390815273802242,7.354498189047903,6.610241416078611,-0.4344924785562995,7.383385384820747,6.661920833082777,-0.33751554196954886,7.291161600455581,5.895536034825789,0.2580411230570593,7.3205900981632315,5.90838201059754,0.17377523634147854,7.332927093834866,5.915094651848136,0.08804499958166612,6.869885910807474,5.905733751262948,0.4458578212716307,6.805983157330584,5.874230617990203,0.4660006288171223,7.482174408662925,6.069754275654268,-0.34580207453723194,8.190077286861012,5.746479099155904,0.03729435804499501,7.5160299321681014,6.621724547018437,-0.37288737242423936,8.67183387772884,5.175786316251366,0.47123059469756884,7.916830627502653,5.899647301161345,-0.000780983736162925,8.010779900581266,5.901047085232914,-0.02421348567053737,8.109975256059544,5.882827515647721,-0.022932334775270666,8.24781615990704,5.798790390269008,0.028951081899223536,7.833621438350997,5.8817665780629,0.03793193176317474,8.013809628602196,5.434848307585818,-0.03138481227075613,7.898326909920186,5.475377757176962,0.007328286457560483,8.129151694025557,5.449807989272289,-0.03094999923774041,8.214345656938171,5.507805792180834,-0.011561433275998657,8.344541558919017,5.879723909147498,0.04704512966159832,7.92909232395501,7.93638711341502,-0.3241646707251426,8.22463820776942,5.699866751313122,0.062006115542978316,8.74340365454217,5.840439738154406,0.39201617120258475,8.47456910321148,5.783221566313381,0.12812475166853066,7.9715092266180445,6.451345856003121,-0.19255362292162342,7.584138786374637,7.0164409233613645,-0.3812700491306875,7.5904511341340735,7.175060859879499,-0.3538729432147967,7.720899217462501,7.079395332897354,-0.3693493524741221,7.818351324977504,7.149467649765051,-0.33380661143888385,7.699005614272557,7.188908812526637,-0.3474025381318764,7.789157249367605,7.209724074066926,-0.3074829411798815,7.9797140000393245,7.404893257104392,-0.26396250093149715,7.464340569984031,6.494529247888801,-0.5181925777713712,7.466630802842057,6.348323027001564,-0.5317166904978652,8.339436840147995,5.401515616395626,0.0024281103667403263,7.765349909416022,6.1093787138740945,-0.10376724125675793,7.7555169679703635,6.488205534209474,-0.35084983051442664,7.766163993428211,6.423376458261471,-0.3158997156460025,8.303669000621166,6.423259247212595,-0.1578384851275073,7.471188536718328,6.190406356776682,-0.45747610010266015,8.043569869096665,5.271180481896115,-0.07191477799009802,8.206070556887566,5.299346652125877,-0.04640609358019044,8.49460153701928,4.88661245127582,0.35802372388122233,7.617928245470447,5.487264378272917,-0.05017108506777849,7.808504886501976,5.563938163487276,0.05603233123224639,8.056795537629773,7.261548406549702,-0.2483137603516376,8.806735270544541,7.387745635838914,0.4064573715902799,7.691156736217862,6.585115629419678,-0.30350016301684396,7.607105048254289,6.6411851329817235,-0.29877047520409755,7.937236005556876,7.27240499115554,-0.23370300352619425,7.918501417726623,7.264698897469475,-0.24128522644469727,8.269184089302028,5.200408450585131,0.006454990609044714,7.7792603746225595,6.572526452400464,-0.30831569460345426,7.851129927573013,5.333186192306207,-0.07301487472079322,7.854336537722248,5.194335852698394,-0.07492878352516477,7.966214839058841,4.559219970296959,0.16059835024774677,8.367383506049864,5.029280674412002,0.15972059932491828,7.888827132001331,4.846921238276633,0.041924383167603885,8.415417304249006,5.34135509204283,0.08116495520236361,8.537414115768518,5.259692733551333,0.2695489171550862,7.587401515753332,7.102613776124587,-0.3796154198240627,7.7076152985899515,7.137110053363615,-0.3650727697217159,7.802593897788688,7.180455409607742,-0.32956559158426146,7.672761705244351,6.621853123987203,-0.2807076975958368,7.930211156694275,7.268092334926917,-0.23633960835308507,7.873355273549774,7.278546139746619,-0.28285448011336467,7.9077989834093065,7.262947835436275,-0.24082171002414443,7.6145667746626975,6.508549820444282,-0.41782888564492693,7.780344399232159,7.229984536642539,-0.29044720318832945,7.6939619873209475,7.217251154514709,-0.3110279316355569,7.593985935220159,7.2223857088254455,-0.3194267248612254,7.647326907638384,7.619304942517238,-0.3078358174739959,7.615869593230198,7.4172032587162855,-0.3726842066061886,7.605129509303243,7.337511111400884,-0.3687603003563362,7.599786816584503,7.269463349013763,-0.3345432651218161,7.593004203889578,7.222770729361751,-0.3095162198919359,7.780929744106543,7.230448408248089,-0.2837367596448997,7.791875124961528,7.252684409774747,-0.30685490750871963,7.804866371396885,7.290267244634162,-0.33235485936250003,7.81915333269981,7.3323175963807135,-0.32991127538219484,7.905733227469127,6.983295769849373,-0.29777713376394055,8.904408303127425,6.604960525549278,0.64246137451971,7.849667275757047,7.247308329666327,-0.25981052151570794,7.857401784242838,7.263003244295744,-0.27523440779366226,7.580689229687733,6.7066585145135456,-0.3142408241194186,7.755016867495161,6.680663945352948,-0.23964267342795662,7.592737104772141,6.678157049647,-0.30690014919766057,7.878308683512249,6.18694827564986,-0.1159162663684764,8.040682215074371,6.266047264020952,-0.14383639329138043,7.799174176641499,6.502829210889168,-0.27535983249558393,8.264618541355832,4.673400225596466,0.24057345791058876,8.157195680616493,4.885767466168927,0.08746482153902946,8.077092229075037,5.141940027556101,-0.04079935411507756,7.8877011955621334,7.484059020254843,-0.3000774449962454,7.627445782639131,5.289038473154778,-0.06393664589523726,7.646041848320713,4.877153519631572,0.04218102097693847,7.686011526357228,4.537691497283512,0.15048423547916076,8.197642727288427,5.851353862729692,-0.0012686654836018246,8.466985903534237,5.976462805189345,0.06033637422470163,7.777351610450873,5.858546358910684,0.06730658564524841,8.332115766998236,5.593370213044893,0.039661122170256045,7.68137209993174,6.017135749519111,-0.10850436575537051,7.6668002802615485,6.416980286842838,-0.4164305223133434,8.613345564340001,6.088457607204821,0.10913915904099879,8.380537427213659,6.066825420172369,-0.027031284793580364,8.228925290678289,6.118303802468463,-0.08404649893276377,8.029714102379602,6.115218665588063,-0.07807926334540652,7.88857708176373,6.075862036855668,-0.05257580403978475,7.778508092799777,6.02105272966153,-0.03867111891409048,7.521073559119711,5.834003786016155,-0.1364323178477307,8.610245509689744,6.406461838353756,0.033976008915738876,8.418541511479033,5.579875314284369,0.06779254531777341,7.451539702706847,6.594728356167449,-0.48089850831418585,7.75461053585906,6.23788109379119,-0.16174678543657195,8.865332270542337,5.8802939810670285,0.689819966040332,7.693511612745269,5.951619035417706,-0.01852487051394442,7.8227094448856915,6.529827532850135,-0.18242885260313965,8.28621876173859,5.7062984412314135,0.06798871288143818,7.6796565563982,6.339098162270071,-0.3701585748916706,8.881542913786806,6.989165557103056,0.5472829837603908,7.773257748180151,5.815903913774813,0.09782284295472844,7.570577112834753,6.247769444096317,-0.4301308955943963,8.465805268605564,7.663968035098722,-0.05393953128443496,8.526426823083936,7.90560678161034,0.0730240928814079,8.793235399194064,6.504683276571379,0.3304396130646257,8.618132037354078,7.4667210198311915,0.05401349855997529,8.648980564678105,5.52770005902496,0.35969890951952493,7.976380944031304,8.125091219144515,-0.3120406306580282,7.46736106319505,6.657620253144039,-0.36477452531988985,7.85101982022407,6.349086674744237,-0.16389012709944537,8.583650677884906,5.812596786271543,0.19491185150743512,8.088684756993814,5.8013335148446075,0.0007015262249581101,8.00733886833428,5.818421109845662,-0.0026624280595263653,7.88884915347112,7.302227744209408,-0.2792254884059952,8.623090419906505,6.728108136457749,0.017980348327664885,7.799716899316291,8.362781018864021,-0.27388192992382604,8.166123610690834,8.202798592698958,-0.1412283697571841,8.333247386397378,8.087166696318379,-0.04903425998852941,7.926081775923894,5.821224940208761,0.018014540433352457,7.856081206425508,5.819713272863265,0.05217027156992559,7.804607086349373,5.8207205775136,0.08637746152032141,8.514851344044995,5.5567726613660255,0.14881483269658397,7.850125464402651,5.670133860063391,0.053582392770361496,7.924603495968078,5.595847983581121,0.020596344100105003,8.006738605690039,5.570163135737552,0.0010015794601426298,8.093763902445083,5.584779353532317,-0.001040728460351735,8.155556146672222,5.624754359343781,0.014065467384073528,8.787962322734655,5.487953792351302,0.6048602920310953,8.147467873929825,5.776578896507114,0.017819271931710318,7.794142625979773,6.8916104459390395,-0.30589803912790026,7.681455923590936,6.546556746189628,-0.3287856719289318,7.588032324307281,6.836525515187548,-0.33400182999263583,8.30643376063464,7.8540353408451375,-0.13955094201359056,8.149882421536658,7.999207263022298,-0.22369983967091875,7.771272264049201,8.211144019378889,-0.37042019084072303,8.680771752983086,7.695109945229934,0.23635015290767142,7.797857861044127,5.75846978945586,0.07916958693892988,7.5838006502578805,6.031515769291143,-0.21532322330847498,7.987385285595723,8.291913797973951,-0.23401512234194966,8.783992775212742,6.86144813602843,0.2691451162120855,7.693725434113217,7.2172454715547625,-0.30282462335238786,7.702786203376284,7.256763354275612,-0.32930419762583185,7.714125129207494,7.310827483346898,-0.3597255039961448,7.72486308202447,7.375835572533184,-0.36287322003313177,7.778181322602912,7.560405324902345,-0.32474630835612467,7.863952816319985,7.240987457466972,-0.27467965322710985,7.875930364775067,7.227065626340544,-0.2824857758878397,7.891409326926556,7.21581052416853,-0.28697828891911165,8.000063258864085,7.111072151633434,-0.27587434016221,8.436834249173524,6.7762094198062455,-0.13422046987863956,7.59824034110934,5.913541783043035,-0.11328645445464541,7.677683858927127,5.697424144091557,0.07697191307110901,7.744781146263367,5.708894843556503,0.08518700350658692,7.848384347549356,7.2473921533255234,-0.2627096302541427,8.506617445453996,7.189341427852486,-0.06339928429398668,7.566577019403131,5.697979298241231,-0.020936042475869235,7.8610779489575675,7.752642100607946,-0.3165063494211197,7.500955880912728,5.955118673189129,-0.24354289327834877,7.665221838136692,6.241299394198393,-0.26186435655944007,7.692504308094933,7.819689662044664,-0.3448580594134767,8.104855619518665,7.489727062430462,-0.24508464035324412,7.911546185123354,6.649657005520441,-0.20005308773592045,7.993789981454274,7.646622220605145,-0.28204050709648676,8.148429004530604,6.615653725056683,-0.22241609009792307,8.01624406656884,6.794778491428086,-0.23604345066311402,8.274080669665048,6.875664060332036,-0.20981574695037847,7.738193174946575,8.028402759372185,-0.38629152141813444,7.749461774148459,6.334441686964747,-0.22582642104176545,8.227217561214673,7.63461057439039,-0.203348804921175,8.08191351021878,7.802765807327039,-0.25734118662314975,8.178361864933414,7.294977708058967,-0.2328185484865551,8.620951495857026,7.00873269856532,0.017055296752868338,8.347769480168049,7.341034546567079,-0.17088972452869458,8.738829582156056,7.1858165719463045,0.18632960523102673,8.11757479424663,7.000647977672888,-0.24639977940031363,7.667367155516109,6.130930629097317,-0.18547842658575578,7.636023500306833,6.475824495598262,-0.4359994397005911,7.723727910775361,6.534824275382194,-0.355611995555299,7.564711587801029,6.36958582163756,-0.4826858436151624,7.732844088897896,5.553366437248706,0.040833157737175114,7.879139816404275,5.421339556610427,-0.010449668856909525,8.021399931979373,5.37228566710107,-0.04627133694745991,8.15400327786712,5.389212363298668,-0.04799154783384612,8.261560398535174,5.46106024996433,-0.017014618358668777,8.364929177723411,5.743936684950296,0.08670755047699816,8.781918494832643,6.168888539313133,0.3599011651760219,8.279971768018527,5.940845564101071,0.004765613873314816,8.163462564696365,5.9834301140824975,-0.030018224121953683,8.026312850852236,5.999041915422711,-0.03721357565733257,7.900973748514791,5.98376967093924,-0.013716206762229167,7.805172540863947,5.950396488659436,0.01717909676091883,7.731765747248242,5.914766105726288,0.03515521200489386,8.893836576888855,6.243934866873107,0.698682719667799,7.735510817852311,6.590451928808479,-0.31369013198126466,7.570299358167418,6.136619272002737,-0.3090465321320673,7.54031606149509,6.475986459956708,-0.48926866474950415,7.504941056574492,6.5768746271287455,-0.449076640905123,7.554127074902581,6.517943042864159,-0.44852379545792725,7.717614466614016,6.651945107268488,-0.2785352751613674,7.48229375082178,6.584546623055137,-0.4714383335224507,7.495595428944158,6.645633469879044,-0.36870771077777825,7.7342612770342996,5.818313133606698,0.09658812001079364,7.674737244195398,5.840829731280665,0.05543994370535188,7.627377587119786,5.853166726952298,-0.01059653091579344,8.193051606022475,5.662011134376324,0.033910957338589565,8.276051946396136,5.597537953794906,0.02603826801470934,6.97888934478165,5.861343795943844,0.29772567633755925,7.065049410884995,5.8435184817048675,0.29788968300973573,6.973307257375207,5.739045787547222,0.29797401724736405,6.898844143579637,5.879768662457068,0.2979049115664646,6.9871246641126366,5.992253619767841,0.29787034762648373,7.974460813939726,5.67664298031094,0.03515466257810226,8.072096196912971,5.661267021808463,0.03466561723591936,7.970136791791212,5.547892326081227,0.034664793095731956,7.883201712025303,5.689986215077919,0.034545570256836765,7.978360745202308,5.809930057317128,0.034563626419124464
7.464667062616294,7.071975845422646,-0.3629454202413857,7.3841975217664695,6.5106458023609415,-0.5121335163752424,7.452512227849939,6.723640073150018,-0.30779363933328485,7.331042064609776,6.102852197639342,-0.2904327214862959,7.3724840736084944,6.358670920186072,-0.5236590553792874,7.382984952436524,6.19315307434603,-0.4610900159552243,7.42783864536475,5.814013705411122,-0.14130484068533564,6.892026576560788,5.9800258900372,0.45081040792996707,7.4270141550817845,5.538094122995968,-0.03096220609249002,7.413400114668081,5.351069874585295,-0.017316550407866588,7.3922398558627975,4.597288517978802,0.2093407926456591,7.468363764307412,7.134173686527504,-0.3606512182791795,7.478661363634641,7.194945728056822,-0.3365884960246488,7.489534684624975,7.2417064101481445,-0.2994202652806719,7.491554685818238,7.241319041868649,-0.2899080196017468,7.489762130220276,7.29644190342469,-0.3129484583090407,7.492637184698371,7.366637300274301,-0.34385671548353414,7.4992906791283955,7.44842886864681,-0.3470669412539226,7.521281114356525,7.643113058246713,-0.2819661480471712,7.407613756570139,6.612579810499764,-0.47334422490061956,7.3648802830506055,6.6525462661989705,-0.32982927493118397,6.654709842424267,5.60851305621971,1.108616653302639,7.136350056567536,6.034314310565483,0.2652924535125452,7.048537576826932,6.06981074954955,0.296192403592054,6.968147641935462,6.0886148141410175,0.3470428195823898,6.869209518747238,6.046080355517371,0.4667714025801783,7.211146251349584,5.987975824360437,0.24724351273977235,6.955280618148823,5.658302318565957,0.3004381287426094,7.067454653448563,5.651671213311719,0.26783022660737493,6.867797934521405,5.7087913315014935,0.3531545314967336,6.822789294281381,5.784112783455189,0.4044912012929598,6.819162247803823,6.156471785963945,0.5192803722860104,7.234898679173807,8.01146617520824,-0.12881796644591964,6.86502594132868,5.9488487850613865,0.4953642902482935,6.670499542110517,6.2372483783674255,1.0470191441850645,6.740555628533007,6.098997705566484,0.6621012800175208,7.067736828140234,6.604039228396231,0.07629820751177532,7.363412548193432,7.052416945761776,-0.3120282809533661,7.392928589556067,7.2076215553899114,-0.2914169789730684,7.27533281987835,7.133530441953295,-0.22532488723914304,7.2243345420395855,7.221943520218989,-0.1368557138708189,7.3250005409846075,7.235084189487474,-0.2227475332799749,7.273606365656523,7.274131622828169,-0.14185701817548893,7.163580980464886,7.511282748140613,-0.0106694285913995,7.319059946342353,6.526780935045055,-0.48292568156342713,7.296667216717536,6.381108428162465,-0.4893494204038238,6.724590369277883,5.733420846402595,0.4972833180356735,7.227188984260606,6.207158036876657,0.07048064227893197,7.1874748510186866,6.58239778000339,-0.18474848198011767,7.186914766240259,6.517493336314457,-0.14394151041230163,6.835088414847254,6.679817703842984,0.288048207630487,7.311186774907529,6.227114966329304,-0.4021040886935327,6.879200777288297,5.550406748144063,0.2661439529599514,6.777079837300837,5.6154561884000005,0.3793006243081392,6.679365655722324,5.296203955475193,0.926518378948934,7.255046094312518,5.5848832357867035,0.057725897543488267,7.175713781439195,5.697274765936951,0.2683685885545325,7.090260338982349,7.395576909206347,0.06025087682358235,6.907346458939246,7.664136138927331,1.013930696595306,7.262451580742004,6.655063804631953,-0.18047837972596445,7.331855893380461,6.686991480072258,-0.2382102355000132,7.189610707312055,7.366846265914984,0.03181297811379794,7.207992576017245,7.351288276428946,-0.008001830761298128,6.735689714328546,5.537019087174431,0.4624285243989741,7.206050048479883,6.6617279605742565,-0.14529564463498634,7.03145570185238,5.5368197168948,0.1582543685329732,7.001647535053282,5.411349709631033,0.1641682427600766,6.92614199432089,4.819398737150773,0.4856660900260231,6.70720855042453,5.400803341683943,0.6678229582742985,6.967898873315602,5.074977220287468,0.32043712674579294,6.689044176569845,5.6901102296849855,0.617731131094148,6.670348859403631,5.653254092501514,0.8503560002141763,7.373359739150401,7.136477994714892,-0.3114671522351946,7.2999154241254205,7.189832466767473,-0.23037544550939695,7.248342846158522,7.247549629644912,-0.1496311263920465,7.290074848291248,6.683260661541845,-0.1799911486147817,7.199321212696415,7.358862925519937,0.008591920478060674,7.231629148741363,7.362199268096001,-0.0761396563867115,7.218455784168553,7.345588631964213,-0.01464777675733541,7.266038113472899,6.576403877799738,-0.3052586426739446,7.2962784269030685,7.288747134628681,-0.1336482645359199,7.347471455032809,7.261460770867477,-0.1942781192509491,7.41285424523936,7.248155914309884,-0.2548740903472643,7.419282426376539,7.6571706175712535,-0.24722167885108287,7.40899691009656,7.45384704918736,-0.30607542557198997,7.401975238109143,7.37125160278896,-0.30111648967288984,7.404804803468179,7.3062853223288045,-0.26604189119135707,7.414405139892315,7.249283902309077,-0.24548587359452648,7.296112107311505,7.292922182837416,-0.12777841346993812,7.2829820995553,7.325360900099661,-0.15014292340444044,7.272171326103673,7.366627349529507,-0.17001487171962415,7.264540526381342,7.415629081502026,-0.15467536549512628,7.139071585268803,7.095325978850182,-0.06984938080029551,6.790462878281814,6.967647972393286,1.3190912533562773,7.432531843070278,6.673467707129189,-0.36495122829642573,7.259038475277527,7.318201339220094,-0.0622566793257514,7.244703716633714,7.342326209206622,-0.07650973302597897,7.352145462016234,6.741623912063433,-0.25456612812276813,7.253599682479904,6.75049144721021,-0.10988787389471265,7.342449882749066,6.71698871102245,-0.24852013998933195,7.146574446843777,6.32115803384617,0.11713740238988261,7.013940969479273,6.452205788950939,0.17235572890379602,7.188601417482909,6.599358824505439,-0.09840624699436983,6.765158134269665,5.031480027104964,0.7034765657185552,6.802779057267336,5.206152913539594,0.4951637649714993,6.8418016137460445,5.437903272114879,0.31961172579198815,7.231794046797956,7.570153486646716,-0.0937693776120526,7.201345478494589,5.4060815010298855,0.05492829450980844,7.160650486122936,5.000026788961106,0.18673207855124166,7.12748820756064,4.683766531765729,0.313171461607558,6.906108301979829,6.085377979012897,0.41059536130277213,6.751748794891731,6.281021704717974,0.587887603612655,7.2611259993818935,5.9406323129311565,0.25411585692082167,6.774671757060593,5.889349728098266,0.5189678567073114,7.276709576497403,6.093917850348945,0.03030095078126041,7.209139043971057,6.498726231632226,-0.28269586192826557,6.687781142748442,6.442018358583934,0.7135011414854883,6.791832527226014,6.354068700718664,0.4678579883733521,6.8834305545934,6.368479511483406,0.3344562379916746,7.0360181183406105,6.301801702918614,0.24040202030988242,7.1518419446774395,6.2116522196862975,0.18865781420676428,7.235079214115077,6.124982654062078,0.14185665168600434,7.3536963566691895,5.870998422394943,-0.0782978685386416,6.703680300627431,6.733143034428667,0.6314503206727111,6.727182538296823,5.904464909440954,0.5937273581179305,7.372212560429105,6.616388102686077,-0.452922364666642,7.225528631414913,6.329824421794604,0.008266897751590313,6.709186616336158,6.2971717635192785,1.3826383976860679,7.294540600401476,6.0314236192027115,0.1210129731609768,7.197127784236736,6.626187454006101,-0.005280417282103627,6.831406639273328,5.972971522745458,0.5225069457085612,7.216737859156549,6.4193278173827695,-0.2338082303486244,6.844111608073315,7.313166262354129,1.1965643565573236,7.269691458347413,5.894270016015352,0.2932977585851449,7.259019995322909,6.30513164858731,-0.3322513039833271,6.945337691796765,7.844548117422128,0.3958490682849625,7.014943151633565,8.065350169037378,0.5336365428003182,6.711837068288895,6.862746510003278,0.9876434053806459,6.870826514776327,7.7005324095478045,0.5833394024741307,6.671330429300849,5.927157582944574,0.9834640037210639,7.229506797030215,8.196938107430986,-0.0969767825239838,7.403820390501019,6.676216244994897,-0.3474424041780398,7.16612694959728,6.46555187002268,0.045998250694420165,6.700648877302567,6.152798539599842,0.7884246080703757,6.966618070307066,6.004350485687101,0.3638661973071261,7.0384176693710305,5.990590737938907,0.31830091506868174,7.22280497041119,7.397195326770406,-0.05706053588416968,6.744290000900846,7.033318623431388,0.5958429131149998,7.402948989564023,8.398273659158457,-0.15628003415064223,7.185053266196221,8.283429270416391,0.15527097754207747,7.101814575223614,8.198275061070863,0.32570517986655295,7.3959870220453725,4.941142545872782,0.09192044371504074,7.583586992119151,8.400368290937678,-0.24526084905097287,7.114001394526807,5.960831614096295,0.29110084292249105,7.188875062964755,5.929903633124084,0.2862704226693293,7.243906946282677,5.911924414199324,0.2963423977429392,6.692212067251889,5.9071221136848,0.720575010460108,7.16958980878573,5.805083267341893,0.2930174274466403,7.08492105363267,5.768812091798835,0.29773345855763433,7.003097500723322,5.766721724624526,0.3249974109315676,6.93054662042738,5.803688741535708,0.36733174408512975,6.891970425929449,5.856992749096831,0.4095925572269297,6.670183250579552,5.926311414253307,1.2792844538034596,6.920893687209331,5.99767211439509,0.411855507631266,7.462195724069858,6.852878925004664,-0.30281540165466164,7.211385069224649,6.977020863222122,-0.13287540484731855,7.250497893173994,6.621197866259196,-0.21169923021935055,7.349389816475672,6.87627596908623,-0.26330734656051497,7.440449082089191,5.68416679197279,-0.047834823900632734,7.036399089712739,7.994113497821783,0.2252072774318075,7.130175619422612,8.096545043200326,0.06432859430979661,7.3671092498845505,8.249677765608771,-0.25450629038509825,6.9620307769568495,7.909591160770698,0.7801532291519053,7.237406266861995,5.857850645451605,0.2934164345437084,7.29965315092334,6.0866957419306695,-0.12186564981703052,7.550795023416704,8.252611813788148,-0.33973739588794505,7.278008148693072,8.349510745061005,-0.014699082508746023,6.763114677749387,7.183603300526181,0.9016223262408404,7.348426015765586,7.268565602650676,-0.18668696702740814,7.335344340198382,7.311240793236413,-0.20923533252002563,7.3289367713182765,7.368043198360253,-0.23312789259627542,7.32740577815491,7.443569351349718,-0.22953249748329846,7.316214744098641,7.623950766842648,-0.17782003159069637,7.237078603051265,7.31292957678152,-0.06786387404155475,7.216891384933377,7.309529975899263,-0.05572385433497201,7.199022690352583,7.300253038680944,-0.04439570323561821,7.095198040702825,7.236925788041923,0.008726887171858884,6.809421179417595,7.039179612115287,0.34934288537634983,7.316786911924319,5.971603295336229,-0.017479871449101396,7.3013575713531225,5.7721932127264735,0.20181340959244115,7.26436638834744,5.797948583324311,0.26467030984805634,7.259531037144849,7.3158984525676765,-0.06462844378979248,6.847055606997486,7.429955310936014,0.4324481297535903,7.352329550794931,5.748956091329103,0.052443734577570615,7.274315000839381,7.820897329348305,-0.1491599986067029,7.3993894659975705,6.063053483066669,-0.3491966671777304,7.341572084904703,5.98952387594345,-0.19479202635431503,7.412104385542353,5.941894635985074,-0.23927287731352545,7.250777935563208,6.31729785563343,-0.13626748714226983,7.531243942198172,8.064669964553934,-0.3635475291473823,7.526029041158423,7.8445218190251715,-0.3245675965063079,7.39212115769275,7.851828508774199,-0.2635550712406308,7.089819663141454,7.619165880131514,0.05003348871764496,7.1389507547963,6.770345315377487,0.020239422046179775,7.179109828484026,7.746396103072661,-0.04913169136491086,6.94386569233468,6.815698677847888,0.12313543592954398,7.061228330277213,6.9453327164243674,0.03877578411596643,6.896842026273791,7.094002529792527,0.1869497955165869,7.364386299648312,8.068565681140939,-0.27806219099963225,7.2211929497544975,6.423271866158776,-0.06834899506176548,7.031572978487457,7.7808555322956545,0.13872429937822553,7.136070014178322,7.908751033603057,0.006459484059106297,7.009684893777212,7.4600207755647965,0.12360113300707011,6.788268028287165,7.292567509862244,0.5717191981256355,6.927778181072083,7.534790671949889,0.2440347529273223,6.81373269498351,7.472480529582351,0.7877049559914953,7.006957678936063,7.169107197663202,0.07918414006411836,7.266190217714756,6.20530861987987,-0.05112348952647083,7.235868166023775,6.551920781000612,-0.3143732805792883,7.2124014667286485,6.619275950978907,-0.21511744432512908,7.247541100435088,6.4296524258744405,-0.3867751884526048,7.215896310453937,5.664499855654152,0.21214723584993753,7.053886812921405,5.6085759591421604,0.2381698772337377,6.9218823647814025,5.616168377420284,0.2806474744585585,6.826897530346495,5.67042090419056,0.35078092347952744,6.776841730193257,5.76281534652524,0.4309975421620001,6.792834709380307,6.030169114591132,0.5731709851373572,6.677893656260238,6.551718212267297,1.0300791561697689,6.857616901061767,6.198055948459726,0.4481344571936955,6.93564922020445,6.211003288972206,0.3557086078207577,7.042514533156381,6.178605085456623,0.27967934250910903,7.148615771061599,6.118232495254052,0.23596851927430065,7.230978796492301,6.052384863112106,0.20512471982613167,7.284756175198643,5.993267488288599,0.18855364234719793,6.7539543063986605,6.6357344828688385,1.388841354376339,7.2323470239015295,6.67013207532061,-0.17532443810382323,7.285527357920209,6.194109056613778,-0.21259064370335387,7.275917070751278,6.528406460283969,-0.4125160327399619,7.344577209832611,6.611331702795553,-0.40554331486309586,7.295057328363299,6.568987729857971,-0.36959102959461987,7.2681313237171485,6.717754918371619,-0.163506062895829,7.3512136458429875,6.615654590641233,-0.43574751242041787,7.380750299462696,6.666528484170068,-0.33809947664100676,7.29303377333261,5.889764105542204,0.2591886044635077,7.322723241961661,5.904939702121143,0.17425027963590048,7.335287478799557,5.914122107263915,0.08818340041626006,6.874241752543261,5.904003265959242,0.4479169179202216,6.80986327679346,5.874844385257978,0.46823074149643146,7.481496615133559,6.075280105349041,-0.3475825364300662,8.192595318095718,5.749036408054943,0.036453520720267786,7.513447035133394,6.626795160206044,-0.3737643675190928,8.681687929322505,5.170780858865457,0.47158751863769816,7.919677662154789,5.89928554677547,-0.0013063823954642775,8.013613403781372,5.901722768482612,-0.024983627036303628,8.113002864322771,5.884078676427177,-0.023820281131151425,8.250955725547366,5.800579489171201,0.02804698492216817,7.836598183098891,5.880456605322017,0.0375883387507653,8.020540543693244,5.4360897488761,-0.03275152436667117,7.904544711624968,5.47578931138457,0.00638561074592809,8.13550291983787,5.451649159897109,-0.03247239820116899,8.220236354832094,5.5098400493035085,-0.01294347293784299,8.348979801749476,5.880114726161581,0.04613855230901146,7.929280130881381,7.939865591040163,-0.3251374543376584,8.227491158554695,5.7023347196649015,0.06110086033721125,8.75349961143372,5.836027240582524,0.392264667856524,8.480933074630535,5.782347947789154,0.12715126111582614,7.973827483023436,6.45253629583161,-0.19282260070992951,7.582665837458184,7.024279082553165,-0.38250760720187604,7.589137375411967,7.181549182493623,-0.3547857206640453,7.7189640319769675,7.08577042077762,-0.3707986013406845,7.816591499922272,7.15469638689846,-0.33598114520844796,7.697541499969604,7.194493679936162,-0.34875177115489164,7.787667527874905,7.2144186248519695,-0.30936801152473925,7.978871089099224,7.4078177468384245,-0.2670757691331981,7.460680367791168,6.5015394493390986,-0.5201121923586669,7.463659905089604,6.355611776929281,-0.5339076117500299,8.345890095490816,5.40301382856327,0.0005930359920167628,7.767137719829095,6.110054404568029,-0.10423345201123277,7.755260084382012,6.491979626661625,-0.3516965474809993,7.766530724396636,6.426466766005263,-0.3166295231154819,8.30771193078466,6.423684111300259,-0.15851998456338343,7.469231611406981,6.197069403190111,-0.4595962492389013,8.050783700193353,5.2735141250415145,-0.07413393717760712,8.21272283174484,5.301554613104638,-0.04867361837923892,8.503733784791923,4.883960946295528,0.3575904313725783,7.622624474715051,5.487634251527329,-0.0516512288314455,7.813582821156938,5.5638971150153225,0.05552807676286486,8.056598488990707,7.264779344256408,-0.25115986379533645,8.822250728753172,7.383446951301978,0.40961321390697164,7.690520538749672,6.588777628951569,-0.3040606885004157,7.60609770914653,6.64467735936906,-0.2992533904020105,7.936443956365861,7.275731560437611,-0.23686832869922428,7.917556731978612,7.267928044216349,-0.2444595697687009,8.276534115041361,5.201662639951122,0.0043839954555316505,7.779432575790056,6.57567391959232,-0.308838312056309,7.8581052964370075,5.335032117046669,-0.07495040356200669,7.861490681969558,5.195294518666452,-0.07697288688859671,7.9734294532316605,4.561394759970445,0.15931190170518478,8.375554687257882,5.029182826592429,0.1583260783087962,7.895741856319354,4.849253814603903,0.040251173605784424,8.422822857333719,5.341510407291564,0.07984499279220199,8.54605714547243,5.257694217737138,0.26878336580518103,7.585926127913319,7.109861173924853,-0.3808460105130832,7.705860322617719,7.143240236570169,-0.3665867042801333,7.80086434777473,7.185552935738397,-0.3316805132696521,7.672081097878171,6.6253416406985775,-0.2811195351262265,7.929296478533543,7.27135891886796,-0.23954099213587626,7.872439344313335,7.2826643864893645,-0.28633936711540475,7.906911567351064,7.266212962274286,-0.2440273120802104,7.61261544698686,6.513501666116934,-0.4191430066581905,7.779003982996412,7.234550403106003,-0.2921833640141082,7.692707570301983,7.222453851273444,-0.3121326971392555,7.592901600014191,7.228320526097226,-0.32006883813098075,7.645840273087863,7.622561216408859,-0.3088561700893775,7.61439165493266,7.422710457958209,-0.3747763227263086,7.603656933601962,7.343363218967695,-0.37093740090367594,7.598373088116138,7.275116746562815,-0.336558532732846,7.591516314185314,7.228181215670104,-0.31138534733993173,7.779482329514028,7.2347842456086715,-0.28650533132322553,7.790615791403987,7.257244498144594,-0.3097946941307668,7.803883688052343,7.295036716106225,-0.33541555198200934,7.818276018862466,7.337180252612948,-0.3330929193203906,7.905336506603608,6.987693747781597,-0.2998175176705107,8.918461637100247,6.5972400266317175,0.6456046332211898,7.8482462406482165,7.251048027207626,-0.2630003616413111,7.856246639462912,7.266921597457144,-0.2785950222872947,7.579898819637856,6.710023189666373,-0.31478035044501795,7.754908254476782,6.683520802441469,-0.23973658646324109,7.591792802737101,6.681578274904107,-0.30741031354386145,7.880612459626961,6.18735747627078,-0.11640293525123017,8.043546665657887,6.266771527404913,-0.14443552713182073,7.799958119230954,6.505474258137797,-0.27577411940698693,8.27286229021223,4.673129896348004,0.23944352814445258,8.16457686382464,4.887461476160699,0.08580514464604452,8.085003600773796,5.143164698991066,-0.04288130482717263,7.886978803992918,7.486887786509666,-0.3029071572947189,7.632768548265453,5.290081048972956,-0.06580041608001058,7.6514560469893285,4.879581907818508,0.04080451442240784,7.692002488956551,4.540638927864305,0.1493982056659607,8.20060211381778,5.852999301980595,-0.0021797902615001137,8.472643393449317,5.975879983295363,0.05941124386145833,7.780619557490531,5.856889332427718,0.06712533109560372,8.337570562075216,5.594934909564015,0.038321739738189774,7.682994932615167,6.018414441919009,-0.10920610350165107,7.6656486521360785,6.422074222946023,-0.41783039680468687,8.620721848269696,6.086505256244605,0.10872031613692286,8.385254531129961,6.066972654980691,-0.027825264336847053,8.232771450203092,6.11881674612698,-0.08482527392734546,8.032559621869902,6.115336117751397,-0.07881354145497886,7.890920720466469,6.075592132275094,-0.05309600811999167,7.780588283721177,6.0208758297206515,-0.03910247062140388,7.522602431111724,5.836920675311564,-0.13770982316758523,8.617797750835114,6.404929089665278,0.03362962484250232,8.425112239403914,5.579958327880963,0.06645897547237989,7.448048608042168,6.6008734700166425,-0.48246954652972684,7.755918965840898,6.239323108657057,-0.16203502963329405,8.877269818256359,5.872467578787088,0.6920519112744571,7.695500886519267,5.952280370480483,-0.019144354242585548,7.823812186805577,6.531447123586141,-0.18225562050576624,8.289949851326663,5.708353143346797,0.066945845646949,7.679126935960088,6.343345351667732,-0.37139135921195243,8.896810237962612,6.982558452700204,0.5505545858695048,7.7771232922302715,5.814085137543396,0.09767801017695585,7.569366667040473,6.253401280238672,-0.4319721820762369,8.473674717070509,7.663539094239667,-0.053854802386403174,8.536923072518661,7.904871664668213,0.07483262716854178,8.804298874376597,6.500243009445886,0.33157092180801023,8.628855160604145,7.465632995628836,0.05492294154218467,8.658500561649106,5.523925683943719,0.3595339362152337,7.977519209342157,8.129990207221775,-0.312390305929714,7.464864655977212,6.662700290494167,-0.3655303927395371,7.852883287722405,6.350272491579602,-0.1640034890781292,8.591179508510105,5.810291060706789,0.1945551408783502,8.091308819136017,5.8035195788742024,-0.0001399249086917185,8.010173289152453,5.819746400563922,-0.0034640582615268526,7.888230465534556,7.306525561738841,-0.28272460358845297,8.631345689872685,6.72657625363185,0.01828857075521906,7.799477640410882,8.370078223783537,-0.27302569259869724,8.170366064992523,8.205708267432277,-0.14049394383052802,8.340227410935318,8.088185706805547,-0.04798301336844973,7.929169961921157,5.821344916638393,0.01731805245946641,7.859349850303792,5.818466308322871,0.0517394528455601,7.80806300086599,5.818933637944465,0.08607796275011453,8.522700615137527,5.555240677811684,0.14790724870235306,7.8551684051876896,5.669492286470997,0.053007334323327764,7.929896366291148,5.5960294914913975,0.019575602696775607,8.011880552652178,5.571254269255808,-0.00017070645724595918,8.098378823312435,5.5867948449384555,-0.002305752801478631,8.159526860841485,5.627101047495642,0.012912794713901672,8.7986845220101,5.481278924057394,0.6061775611974011,8.149957087419217,5.779106848056123,0.016940487773683732,7.793704786895161,6.896393531990557,-0.30720294713002105,7.680459624995052,6.550535495171735,-0.32950940735130874,7.587114531148764,6.841918179613637,-0.3349022223772252,8.311829406827083,7.854788855350532,-0.1400363650503732,8.153315463787326,8.002081912099639,-0.22412375682341412,7.77036318267745,8.21724757755635,-0.37055325328934763,8.694386501215124,7.692790019330279,0.2388632087041776,7.802198458344664,5.756983143924496,0.07882425849596836,7.584444888473925,6.034979588931737,-0.21647061234826345,7.989292361968898,8.297289236380015,-0.23344442845356322,8.796386610730082,6.857843635889582,0.2706784718243834,7.692190131572675,7.222100599833244,-0.3050496770332623,7.7014933671879495,7.261890785196091,-0.3317753785174576,7.712958046726064,7.316129452000403,-0.3623698096357009,7.723534977675022,7.381058772551323,-0.3656168842579062,7.776964791081046,7.5633322510901575,-0.32698162942424125,7.862746608116108,7.244995131302693,-0.2773788324854707,7.874494883880863,7.231292955720809,-0.2853934466498714,7.889890818380249,7.220099078594599,-0.2899138612220167,7.999572192108994,7.115231733043886,-0.27858031828494223,8.442285803384072,6.77574928056833,-0.13459871614417213,7.599876361347577,5.91579596469183,-0.11419801234862459,7.681508717803376,5.696791444046937,0.07682132682809545,7.749043711955456,5.707757164810362,0.08491089919784188,7.847238372354042,7.251355078761282,-0.26524600929967673,8.513660363491818,7.188388187237315,-0.06339257461321884,7.56905321857945,5.699415597602717,-0.021499701643577167,7.860696043920977,7.755427114741061,-0.3180398190752484,7.501306415716746,5.959448815953617,-0.2450214092543577,7.665394197376337,6.244571415768616,-0.2627819561199644,7.6910287375016715,7.8231838683485595,-0.3457423149876204,8.106398412849233,7.491631448706651,-0.24761315625510347,7.913061127634001,6.6514260966421155,-0.20035282683308872,7.994315355787612,7.6488141242464165,-0.28420746446617323,8.151349480922947,6.616697997309673,-0.2230239774087942,8.01790786092764,6.796554155630956,-0.23724676796218613,8.277681293762658,6.876229058432199,-0.2106702165924872,7.736779418996363,8.032852458073853,-0.38703803915326745,7.750145401557693,6.336725263309518,-0.22627758220727082,8.230650520026915,7.635677008815358,-0.2048820371528648,8.08385357898256,7.8052974045806325,-0.258518772743051,8.180667928924663,7.2965925861315775,-0.23503965722841483,8.629782001404994,7.007173041484113,0.017557862910219414,8.352518002291369,7.341176187415384,-0.17211176907020395,8.751730511162773,7.183493131565958,0.18787745814234125,8.119351439501596,7.002747092353062,-0.24828740806085947,7.668181827453738,6.133238218404001,-0.1861909734858205,7.634383411992086,6.48121434232906,-0.4374559753402736,7.723112781788745,6.538820625478789,-0.3564504713835542,7.562448767105912,6.3759738438485565,-0.484727788099473,7.737980616046544,5.5532071720362,0.040251342968349285,7.885405875547918,5.422559579025663,-0.011694024215290168,8.027995783846702,5.374478290946626,-0.04801819635897277,8.160158022368442,5.391577935108311,-0.04989757664756257,8.267407860529929,5.463361186520113,-0.018682041639921133,8.36985646432812,5.744661278799093,0.08565465073677124,8.792249233198069,6.164318659001812,0.36041628741379933,8.283688700548531,5.941659371947435,0.003950519605970136,8.166977125622546,5.984054520143959,-0.03090405642759777,8.029307860624591,5.999114972390278,-0.03801897777736541,7.9037038736898415,5.983193780719244,-0.014131787327352338,7.80782489375841,5.949337082323797,0.016886623536969535,7.734480086181372,5.913920249298085,0.03507685294715023,8.90675458584964,6.235860960236092,0.7015193786018075,7.73517663831698,6.593972628501729,-0.3142369687024954,7.570041896151522,6.141312537037168,-0.31044757848899557,7.537328822639945,6.48234730570065,-0.49107129905996477,7.501628393387593,6.582380721583743,-0.45047603625109467,7.551204425488245,6.523534149172141,-0.4500310958052881,7.717177873286373,6.655198139686677,-0.27884543455696437,7.478813467876499,6.590415237237733,-0.4729511704812409,7.493003229953308,6.650590234079386,-0.36952657186829546,7.737865471713922,5.816787830906302,0.09658839251622751,7.6776272165660755,5.840384245267499,0.055146266907218716,7.629494753228097,5.854485161408643,-0.011065015119944574,8.1964825054729,5.664455788070062,0.032833887325467416,8.280841366002363,5.599696340948133,0.024871853296367024,6.983381521448197,5.85972387315915,0.32256620853656714,7.070335394066541,5.841507257894295,0.3227771732108019,6.977749399894569,5.7373698705509995,0.32286004425729276,6.902622698231849,5.878343493588178,0.3227930988447697,6.991782793124608,5.990484833583595,0.32275729393269703,7.980177479737232,5.67950273573416,0.04485092204560693,8.078733920785842,5.664801221067925,0.0443081955418599,7.976741629713223,5.550218394760455,0.04430576338437109,7.887795475833544,5.691905272969146,0.044187759323196026,7.983196820014845,5.813196322803011,0.04420538413568342
7.48782354817396,7.090700473910154,-0.3599872340066895,7.40597821508353,6.525427703197855,-0.5092631512802781,7.473280567404968,6.741982499992908,-0.3054423039309492,7.351235547824703,6.120255284699925,-0.29035263407868134,7.394166096386708,6.373442258712035,-0.5218387818123219,7.403839562401227,6.2090254055657415,-0.4599818073020349,7.447138549296039,5.833280306364816,-0.1429352659374154,6.911829720829686,6.000423745703209,0.44856409400136843,7.44621923508072,5.558165194053991,-0.03414112910354456,7.432912696298997,5.371641328292669,-0.021414683326266365,7.411871090468388,4.618285064563059,0.20135508984157607,7.491724576092295,7.152606665581678,-0.3576873227431585,7.5022831492815625,7.213061908615692,-0.33358456537508335,7.513312781925346,7.259771622514001,-0.2962919651188966,7.515159962116125,7.2584995481928045,-0.2883074494623114,7.5136242085238685,7.312483959385664,-0.3110070500607562,7.5168988200117655,7.3815330087162065,-0.3413920551426771,7.523869929821257,7.462070635151514,-0.3438070588447926,7.545443170074058,7.663360540092212,-0.2774866000251319,7.429016656907412,6.628030296094157,-0.47095425004986535,7.385976360756912,6.670266014144584,-0.32772006223611494,6.674114306208708,5.623745792000074,1.1029705690067917,7.156697257516504,6.057412675292798,0.2630821622244902,7.068330494670743,6.092100039724117,0.29419936722819495,6.987594752458802,6.109969655188539,0.34517324706797364,6.888896038067549,6.065743514964946,0.4648423248921909,7.23187150504911,6.0118660007738685,0.24506113161108636,6.975044331803011,5.674504764325856,0.2978971572218934,7.087902623050201,5.66936800706693,0.26485097355083836,6.88693625970156,5.724504055292312,0.3509032826867848,6.8416119309463355,5.800138672579254,0.40226535453449014,6.838881068874165,6.175500367867124,0.5177914831632163,7.258280053015814,8.03065721291903,-0.12400948582518596,6.885002849262678,5.967903183497996,0.4931571136431582,6.690881457261426,6.254590608898313,1.0442293303155044,6.760789245839612,6.116394164995588,0.6602545872707851,7.087336781587439,6.623372437403211,0.07692759219900823,7.385794635853884,7.071509611503716,-0.30912880292883455,7.415864762454933,7.225875295895864,-0.2886257352851149,7.297044469095067,7.152410687745079,-0.22265349344875646,7.24565337916542,7.240467449285675,-0.13470459766402032,7.347030219774631,7.253559481417157,-0.22020630929506313,7.295484485515741,7.2927835546040685,-0.13974044860730614,7.185713379679991,7.5301184158987065,-0.008564075567908882,7.340624238781223,6.541756576543271,-0.4807483315147278,7.318061132291928,6.396340309140245,-0.4875424822458533,6.743237470793819,5.745161544563188,0.4947851995207031,7.2466952686094475,6.227463000432961,0.06982450913273508,7.20853375162024,6.600562755163141,-0.18325587966051535,7.207939404290337,6.5362385533113265,-0.1428006202555885,6.853806028262855,6.69909684817165,0.28868198983230225,7.331935650476448,6.243258814062829,-0.40103336658896194,6.898160444888585,5.564736152753482,0.263192934242586,6.795840772723665,5.627852062161829,0.37662535147017534,6.699513746478597,5.312051594649743,0.9202065380406176,7.27365184187195,5.603361246407079,0.05458819552370084,7.1967608284907385,5.717477715365233,0.265261168524965,7.111644447145804,7.413835857361126,0.06168365104349273,6.9266221279361675,7.687670343590612,1.0163310835481445,7.283519147783032,6.673358900729453,-0.1791317153860665,7.353323602592829,6.705480737118023,-0.23619173148183994,7.210281161276024,7.386175189180225,0.0329923231713034,7.228948228373734,7.370579629267027,-0.006790316775508234,6.754758829645795,5.548333520476836,0.4590516252248689,7.227575670870864,6.680676356824716,-0.14366736564326,7.050299108410292,5.553767095077374,0.15491548016953802,7.020417120532378,5.427087734146555,0.16036376424292526,6.9456897024672175,4.837764919650184,0.4783273371264708,6.727522898885305,5.415547846480936,0.6629892798188525,6.988047283099676,5.092489785194586,0.31476873328322763,6.70813035746884,5.701667292478456,0.6137704260462339,6.689694187894977,5.667192296757343,0.8458535267241963,7.395954126903169,7.155123021003607,-0.3085459470266226,7.321736963859844,7.208405475218103,-0.22776729012250774,7.269847733901896,7.265974499204025,-0.14744978243003523,7.311464161988671,6.701955273999279,-0.178289344741822,7.220121386613322,7.378268374281809,0.009786034264135888,7.253695596932758,7.3804626134050375,-0.07452273257695763,7.239513928029787,7.364792938237272,-0.013375220105367165,7.286411068004552,6.593196839093737,-0.3035154186632171,7.318406053284342,7.307377845933916,-0.1315326518382505,7.369824936434452,7.279965178797147,-0.19170623240767512,7.435964962023189,7.266359328410437,-0.25190808500705003,7.442963152406465,7.677455266100401,-0.2429876638296618,7.433071616508312,7.467713371552204,-0.3028399855034209,7.425724229252552,7.386345511736396,-0.29851722664285046,7.428148653252949,7.3224987831592045,-0.2640767497452294,7.43753777324273,7.266378569870757,-0.24390755707040637,7.318470904132089,7.310496387799212,-0.1262695334151361,7.305356779953573,7.34278070763049,-0.14837569976223433,7.294842390858374,7.383546948229765,-0.16785992762793567,7.2875427509300765,7.432024025890857,-0.15230355214695376,7.160083754532933,7.113165235157811,-0.06789630435513726,6.8101863503627005,6.9874393954828795,1.31793714359788,7.453569472923195,6.690751042919254,-0.36207517742377193,7.280928677106535,7.3364780604054705,-0.06084328471803163,7.266528225673251,7.360726576289515,-0.0749450536797238,7.373291249878877,6.760308921978275,-0.25213931658402794,7.275335825973342,6.769980250052758,-0.10809783370474252,7.363803784647457,6.735563691359286,-0.24633240420476918,7.166002997844897,6.341512836926672,0.11680753416736957,7.03296682854149,6.471739753023269,0.1725326405480873,7.20969679099962,6.618549244682844,-0.09717422952460086,6.7850976240446546,5.048318518765241,0.6967518961039285,6.823029668803372,5.221901433490932,0.4899092264057063,6.860596125815996,5.451188732168142,0.31583133402135005,7.254351231877016,7.589676436764437,-0.09087016257377689,7.219966742284078,5.424485504799861,0.05101963398356192,7.180344299603862,5.0193045345417895,0.18079346268406818,7.146785054864674,4.703675814879232,0.30542629165089075,6.92561444553271,6.1058918908939255,0.4087047408409543,6.771797499083039,6.2993847285247035,0.5867596025553276,7.282150866160233,5.964939642285282,0.2516950481905836,6.7937213615016825,5.9052084482766665,0.5167217114178911,7.29633467300324,6.114272615833571,0.029412846445123226,7.22985899082891,6.515985134707183,-0.28119902154594917,6.70750964221183,6.460188463010794,0.7118185831008134,6.810828445020066,6.372703244106388,0.4671290744623776,6.901513447511122,6.3876809393492895,0.3339333391136032,7.054483057060008,6.322115306983457,0.23983469222170814,7.170970857841008,6.233017368645512,0.1877398859672101,7.254486634745939,6.147028707766043,0.14065403937898735,7.373019731494352,5.89066760544771,-0.07980853320763746,6.722949845149105,6.752391417379681,0.6315738989908043,6.74674939362567,5.919690141431303,0.5913110096486662,7.393626622851053,6.63201541632056,-0.4506003928044653,7.245443861041928,6.349500180899763,0.008166981044052635,6.728506351301692,6.314515642803492,1.378942817110232,7.314184334360664,6.0537354184315255,0.11966469059310249,7.218001262744661,6.645815106603833,-0.004270148624254382,6.850932636854977,5.991127982428317,0.5203783015254864,7.237489298816051,6.437343148436796,-0.23273728805865462,6.863783081762433,7.334434189731414,1.1970907957309211,7.290896466199292,5.91882213777684,0.29047262596318074,7.27979271830094,6.32217231871774,-0.3312076214596437,6.9653373713946,7.8684460012428215,0.39919531718375173,7.034995020988618,8.089526817093288,0.5380239677711773,6.73157999642624,6.882194308702547,0.9871425899692857,6.890125353588033,7.724981673092319,0.586230506936928,6.690906399895176,5.943037159266995,0.9796884838734136,7.253790378941004,8.215412289624213,-0.09131028870840224,7.424893283225372,6.693603767573454,-0.345201396611776,7.186113887113332,6.485508799499366,0.04622405910576411,6.721562322065986,6.169718665364118,0.7856212530197312,6.986269942283394,6.026217279586333,0.36159180254384266,7.058384797625021,6.013176558015705,0.3160026364667044,7.2449720889407345,7.415305334812278,-0.05537775236800282,6.76329134832797,7.053746180394396,0.5969189599833598,7.428214216747374,8.415088762484695,-0.1494339466745551,7.208535889560276,8.302950244382831,0.16094803430338994,7.1237993488950035,8.220144263569727,0.33070794478694276,7.415750026339688,4.961634671050854,0.08575445622962921,7.609051162013938,8.416928816208689,-0.2383196944639642,7.134414221171876,5.984154022032112,0.2886922786687237,7.209699641586334,5.954024389433404,0.28381064892071595,7.2650501964619565,5.936441614257095,0.2936211435293935,6.712383432846374,5.922381807936154,0.7176298159005609,7.190521606820109,5.827509293561989,0.2900067109268757,7.105383846074819,5.7895401911759885,0.295041693332022,7.0233411098544325,5.786402407850371,0.322447568055136,6.950857816179999,5.8224573412578104,0.36495023909730323,6.912224527089598,5.875424805640391,0.40728171904515964,6.6893471289625275,5.942655893293975,1.2744770985537186,6.940530853161257,6.018946858171854,0.4096127863306681,7.483438633160896,6.870771295092209,-0.30013052510181565,7.232500059419584,6.995288486000334,-0.13053150574104788,7.2712901307792634,6.638828318567414,-0.21019618453555916,7.370722158602736,6.893999300932583,-0.26056277805417716,7.459501543875373,5.703690496398835,-0.050420621044934916,7.058104727480354,8.01598096722115,0.2292501519690912,7.153236645245508,8.116488378882542,0.0692508396916137,7.39225477799486,8.267315772515731,-0.2482014537404959,6.981289967293748,7.934501934523491,0.7837770124965012,7.258488858492627,5.881796579593228,0.29051562973618894,7.319571943250436,6.105743660384789,-0.12246756338511838,7.576265138920968,8.269995324027047,-0.3332963666042395,7.302650860515151,8.367235963314004,-0.008372969339464121,6.782638280357009,7.204629160468513,0.9023827992061262,7.371090596935542,7.285756145706973,-0.18509975272530174,7.3580961973990195,7.3278357941348,-0.2073216573470368,7.3520037809441705,7.383883317462036,-0.2307143959211978,7.35086568419854,7.458380550650027,-0.22667992491230599,7.33920393395089,7.644079171557599,-0.17417827535009137,7.2586014566678365,7.331842293761559,-0.0662569386168835,7.237905484476319,7.328418739117847,-0.05420059924385703,7.219798557667942,7.319147918476704,-0.042957450974120084,7.1163272484704985,7.2545949570410775,0.010120573163629477,6.828191368696046,7.059603423445327,0.3505101466925258,7.336292059622371,5.991654628323759,-0.018768353398785968,7.321637193324848,5.794341291849321,0.19870560311201182,7.285417638534666,5.820767655982989,0.2617554813515508,7.281490242689225,7.334824007464576,-0.06295716736070252,6.8660414590867305,7.45240429560378,0.434306929090889,7.371424828227777,5.769043760054463,0.04976560409896849,7.29681357157122,7.840875126543416,-0.1448654806013488,7.4196325254443805,6.080238748406475,-0.3490261936057158,7.361292417752278,6.008071157210636,-0.19560808432373214,7.431887197728576,5.960231542003499,-0.24014480487791712,7.27100364681449,6.335999802221476,-0.1361075874070854,7.556492044178162,8.083475021499117,-0.3575935206240955,7.550574226159555,7.864604835645483,-0.31935218720689196,7.415886854501967,7.871932268794245,-0.25851538868714546,7.111559642191057,7.638864735810713,0.052530834670721754,7.159636212418809,6.789690631887853,0.02152538853373601,7.201179950544373,7.766298789574107,-0.04560353592930473,6.963185178425406,6.835172455559036,0.12419320391189304,7.081450320022689,6.964131573214509,0.04026369385342755,6.9161362447081105,7.113500891743404,0.18814012615804587,7.38882053365097,8.08747938318584,-0.272366901746074,7.2414708558090615,6.442567561237182,-0.06788334866122346,7.053149695124457,7.8016011680890065,0.14185884653479186,7.1584510809923945,7.928858485476122,0.010493545571738733,7.030614381855624,7.479621697550629,0.12532271549206792,6.80712339493833,7.314443025104974,0.5732598919833027,6.947980148892049,7.5561057896783925,0.24602416224609136,6.833042354636876,7.495550776109383,0.7897566526144714,7.027393931515297,7.187138673037074,0.08054368949962673,7.286126009333136,6.224755655701183,-0.0514374787743785,7.256311010243005,6.568716713039167,-0.31267520004376037,7.233319603099906,6.637012494830492,-0.21343500779806834,7.268704648629516,6.445822931264758,-0.3851438399208663,7.235811015888086,5.684032137771274,0.2086497635133333,7.073391711381744,5.625474672842215,0.23483594344612385,6.940885038560492,5.6316786185022565,0.27788779783494194,6.845629120273272,5.685291028128916,0.34839300703183185,6.795497277024608,5.7773311282792195,0.4286922531531667,6.81264854463706,6.047945876815056,0.571169788355976,6.6981504533825476,6.569874763891796,1.0284567667835245,6.876808125106132,6.217464567533027,0.4468188222856208,6.9545707053751995,6.231245729002659,0.3545003890669306,7.061747064654379,6.199860056633022,0.278438473285576,7.168409605678331,6.140505852717355,0.23433606634154458,7.251118666543153,6.075325762204612,0.20345490327989793,7.30508454892237,6.016462571850459,0.18664177538130847,6.773666058674174,6.654328383825687,1.3862555519212485,7.253676355472438,6.688717861945375,-0.17363767716889603,7.305821425587982,6.212091211576825,-0.2124768766089783,7.297090078482494,6.544245138744738,-0.4105327686522475,7.365616757797666,6.627758065062954,-0.40336011345398176,7.315772823807132,6.585332070349357,-0.36768655737060596,7.289799702961017,6.736835765680483,-0.16168721593560254,7.372426096811128,6.631528678639116,-0.43343006189336136,7.40181564583417,6.683955244192684,-0.33593131088751976,7.314182196420628,5.914026025630258,0.25651861950449895,7.3430465248415855,5.927906244988206,0.17210142249694374,7.354973379653652,5.936286613604512,0.08625603143762221,6.894331394284784,5.922684326451194,0.44571275010010736,6.828876934800802,5.891671724617774,0.46596959831639095,7.501948205342648,6.092621697092809,-0.34760018760195466,8.2128289454145,5.76793131858926,0.03340229265956689,7.534467698577844,6.643402084950292,-0.3717723389403528,8.7029837676818,5.1944684559238254,0.46477462345772946,7.940470350456274,5.91910078262815,-0.004100619444268112,8.03469221841293,5.921059135700782,-0.02761262298939749,8.134153464750222,5.903490257134703,-0.026353771604619557,8.27153749143941,5.819534420905773,0.02518960201214844,7.857049355559589,5.900595486326469,0.03483072889985286,8.041574960034282,5.4516783204363,-0.03632478431008638,7.924477846343129,5.49177324786439,0.0024845217244603424,8.15725248154178,5.467825468878688,-0.03576912868403079,8.2420339189478,5.526976568490972,-0.016240627643425067,8.370241907004091,5.89981300027343,0.04346731626730331,7.952489136689873,7.95933980921069,-0.31989609251407986,8.247688057695347,5.720764798170006,0.05789450308613658,8.772674911669709,5.858734976752293,0.38828701263699,8.501749449182027,5.802005806877032,0.1239910015519613,7.99508616660632,6.472205111304357,-0.19247787286907442,7.606259012327413,7.043345102121086,-0.3797189952421405,7.613283570637795,7.199799553928038,-0.3519461074795777,7.742849150616706,7.1045828312081385,-0.36826745349445195,7.840625700205926,7.173267718085946,-0.33374143672519724,7.721598026662606,7.212925080453411,-0.346236760884653,7.811572520415156,7.232973969460813,-0.30710419598530747,8.000667615392656,7.427213660810703,-0.26412594463625744,7.482463732504651,6.5162545151516715,-0.5179903561269468,7.485294365111817,6.370710683993186,-0.5321681054731863,8.368987648849858,5.419931692523983,-0.003426753202437473,7.788107203230827,6.130203119685683,-0.10537478847582758,7.774521306951116,6.509792235070659,-0.35063864579675025,7.785515307260972,6.44511384781961,-0.3159335988197207,8.329945300565974,6.444626397491488,-0.15862429391654517,7.490228018067358,6.213056135179571,-0.45864078441468986,8.073413163044792,5.2906383435762745,-0.07842113817821765,8.235772605230137,5.318297586463818,-0.05270886271910485,8.525367985402243,4.9070954644187506,0.350187362287564,7.643094293847855,5.506819357188432,-0.055457919551786534,7.832732425594403,5.581617683598107,0.051593325694892,8.078241344291909,7.2838084823345195,-0.24874059322302108,8.836397639724835,7.4080349133978,0.4113034069542551,7.709592780715899,6.606285307991827,-0.30267529731005177,7.625678634317663,6.662476785948129,-0.29729180840889,7.960276939592972,7.29441480285125,-0.23473964706368597,7.941118858933747,7.2868593227653555,-0.24245885772397546,8.299717679048968,5.218569453945412,-0.00027601357395541155,7.797811313052524,6.594419028147436,-0.30763418241205515,7.879870440146516,5.353391159501905,-0.07906246451338303,7.883183534555055,5.212887165654064,-0.08154583775622105,7.993943793980619,4.582552247454321,0.15129266283344295,8.397697332941572,5.050346711212369,0.15227893243123103,7.91628953600669,4.869419972464309,0.03384743515870291,8.445316384001702,5.359353161614582,0.07458878044842275,8.567973567078834,5.278736075074617,0.26292856459505587,7.609838636593726,7.128395207324917,-0.37803518930241703,7.729927441041395,7.161755623640791,-0.3640874689418855,7.8249310824044125,7.203974238170933,-0.3294201922388187,7.691107438521216,6.643323693815653,-0.27953931197204396,7.953076357552991,7.290217313914642,-0.23744587828502908,7.895325608664041,7.300835749424906,-0.2841059964285539,7.93033508939406,7.28505917725536,-0.24199006983074753,7.633735817665251,6.5290094654042035,-0.4176789668425724,7.802561103165002,7.252955869680433,-0.28990179597366916,7.716659385180314,7.240793128817768,-0.30957587736857567,7.617029241580208,7.246418049051495,-0.3172065416790564,7.669280496050854,7.6427971201829035,-0.30446239247774626,7.638425032810053,7.436438159417741,-0.37158317578761746,7.627672619724222,7.358151071193268,-0.36844140609464215,7.622115400924957,7.29129768627931,-0.33470281936475815,7.6150929805546115,7.245343377860254,-0.30987251654851844,7.80172659390443,7.252486948165952,-0.2847798038631147,7.813085469313699,7.274782812150795,-0.3078180675253275,7.826643572372947,7.312212441001139,-0.33317688693454034,7.84133264571104,7.35387020259527,-0.33047323905740694,7.926669234879643,7.006113589047375,-0.29778801092903306,8.933088828422637,6.620426356034121,0.6437190909290093,7.870568263051517,7.269345317993524,-0.26106303375230444,7.878801470128704,7.2852059824711395,-0.27646729257273084,7.599811697826651,6.728151453255778,-0.3125088861251558,7.773487256620553,6.7024826325414,-0.23824442115854327,7.611521908048441,6.699557217925988,-0.3052757004996315,7.901813544025481,6.207683491870048,-0.11713001792451384,8.065570486347445,6.286874216082912,-0.14479035205228447,7.818499446130577,6.524657332138352,-0.27497051184570714,8.294222460510737,4.69509804313297,0.23166339632471902,8.186436075674726,4.9075765009267664,0.07948304297231809,8.107865354072192,5.15998027623916,-0.04779163961003526,7.909073275739781,7.506648822834307,-0.29943491513293324,7.653513900934807,5.3095990211055435,-0.07024747607155368,7.671355723178767,4.9002711598250395,0.03446072051733335,7.711914583594586,4.561837033802483,0.1413849810339793,8.221578821333631,5.87223001058049,-0.004763082295326057,8.493988726852713,5.995874921954081,0.057083488895747894,7.800688267693795,5.877289089351454,0.06422300045590928,8.359560758586115,5.613109540322846,0.03482852414919112,7.703761192945396,6.038385008975746,-0.11054720033888889,7.686433188956665,6.438375060827323,-0.4166817068967887,8.641159530378308,6.10838116574207,0.1063002158634352,8.407491948891444,6.086778706975449,-0.02962695223160747,8.255733838696079,6.138581706685293,-0.0863615087135985,8.054892901162862,6.13528072727029,-0.08013614468033593,7.912439106002531,6.095833595672994,-0.054760544668864305,7.801756525064929,6.041248423330125,-0.04086178257839332,7.542331754675547,5.856292380261593,-0.13939919106422405,8.637970436491836,6.426628505624928,0.03262959993080633,8.446754504998998,5.598686284195849,0.0627575483449805,7.469325378339064,6.616182545063408,-0.4802062300944449,7.776286532773863,6.25905747827941,-0.16253012106485593,8.895372715607518,5.8962754221611515,0.6873519082522994,7.7161747854389064,5.97265475522717,-0.020877424284488664,7.84224127022618,6.551054477758199,-0.18183168867876365,8.310620460583971,5.726741053216252,0.06370171611321288,7.69947961170072,6.360912504809923,-0.3706698745286494,8.910250640315423,7.0057601162948195,0.5504837932179583,7.796760159201676,5.834352126969343,0.0944184582239948,7.59024655410727,6.270085685629836,-0.43109030922645813,8.493549736498732,7.688026666929883,-0.050387733514230676,8.556200643949332,7.930355043501059,0.07902383126883306,8.821438473295574,6.522789485193895,0.3299666808902163,8.647037440182917,7.490537306725845,0.0575556618606989,8.678929091694318,5.546278960102602,0.35452544305172307,8.00085575411579,8.148598100277576,-0.30663449501352263,7.485883723914971,6.679957296326068,-0.3633323975157623,7.8730468481994835,6.37024960159217,-0.16415152587978957,8.611119334937758,5.830222339467196,0.19083600173234141,8.112117716803048,5.82229129458171,-0.0031093641035063384,8.031154640300652,5.838694283181694,-0.006402717015944311,7.911354457757792,7.324451435058408,-0.28031028432718214,8.650996905128892,6.748735539918765,0.018252269149822035,7.823966158801667,8.386394756619907,-0.2661755387539509,8.192356744280046,8.226351416139822,-0.13483997826273444,8.361115753638693,8.111452817451969,-0.042967592270408854,7.949908643066875,5.8408543152643535,0.014395995999654685,7.879666623196454,5.838584891916539,0.048800513469658316,7.8280097160557105,5.839310722558633,0.08299287797210347,8.543604613906114,5.575048506515313,0.14380851422602856,7.874494946250279,5.687860119405058,0.04948612968238461,7.949304318683471,5.613165483087111,0.016141921902782966,8.031661332089094,5.588225343601541,-0.0035553859279141738,8.118254317351967,5.603798811467704,-0.0056082381075466484,8.17940367825088,5.644554718690141,0.009573506878693568,8.818545127780697,5.505410811028295,0.6002373992419873,8.17044856008833,5.798006790040398,0.013969481138211863,7.814497935030568,6.914688146657315,-0.3048956371178819,7.700021223176411,6.5674196960842215,-0.32832086792654264,7.60800000816309,6.859656144847,-0.33225238376059396,8.332733887019106,7.87759210871522,-0.13567740492064656,8.175434948898083,8.022910030876607,-0.2190248079126678,7.794642173273051,8.23481908397425,-0.36420583510114946,8.711068031603173,7.718777371108939,0.2420459235141782,7.821777620851867,5.776849022801186,0.07544230289967598,7.604910684811614,6.053963465368659,-0.217382469101552,8.012530332003655,8.315137215232566,-0.22710858188944855,8.81258312566802,6.880749773885143,0.27054386246153056,7.714999631065992,7.239558824770535,-0.30345805060559455,7.724430084563128,7.27862967892156,-0.329903945712296,7.73613958213824,7.331795971727454,-0.36007860867300373,7.747058041900171,7.395917069275884,-0.3627386737517026,7.799704102630729,7.583461445080878,-0.32289972010246176,7.88610253535036,7.263733225400012,-0.2750620201332736,7.898386426148376,7.249870109562349,-0.2831410950960177,7.914003365461929,7.2386772808291795,-0.28770283556619525,8.02109634507972,7.133719390660298,-0.2766316912533868,8.46337342554258,6.797691516147836,-0.13367718385565083,7.620188404306181,5.935467426247529,-0.11583501642345646,7.7012612283970725,5.716621470380966,0.0732585920176124,7.7685172586844065,5.727381722580261,0.08125697087911608,7.8700622839097525,7.2699895505909256,-0.26304283303591824,8.533457950497043,7.2118347310352435,-0.06149814020498495,7.588587512639625,5.71883780155123,-0.024609632885739804,7.883780732471672,7.775445609693184,-0.3132139832029463,7.521421988480467,5.977954708575481,-0.24600861764041568,7.685878749840759,6.263173012847986,-0.262867455142371,7.714661836540363,7.843272469970029,-0.34051897388062924,8.127785254030778,7.5124647323778815,-0.24432015722707306,7.9328015595484915,6.6711881789466165,-0.1993300597640836,8.016732096820332,7.6693125651513885,-0.2801005880420213,8.173191537154036,6.637095161845202,-0.22203801169079254,8.038856212955647,6.81642058350658,-0.2356860195825801,8.298982940323391,6.897385085302333,-0.2093408749000574,7.760769363995305,8.051775784590921,-0.38118076720108085,7.769889103540598,6.356037288882021,-0.2262184861879505,8.2520202368542,7.657760562492235,-0.2011454826372501,8.106326037246543,7.825900994533907,-0.25393692329023093,8.20174942750322,7.317377704127207,-0.2324310949591776,8.648886045667053,7.0301932076686064,0.018640061685880054,8.373111735178577,7.363882175782097,-0.16956918841620824,8.768061949719511,7.20742487338843,0.18918631375235317,8.140438295808279,7.0225849917285,-0.24637870396866565,7.68879490004935,6.152627260072663,-0.1869150197070073,7.655506461048009,6.496594018584075,-0.436057367495056,7.742559816065219,6.55600309629399,-0.35514030124384327,7.583825607533613,6.391316150056529,-0.48299397027964613,7.757868892013642,5.571442514321894,0.036246398742999016,7.906162826704619,5.438836427288987,-0.0156716502569001,8.049990604661176,5.3905428561476185,-0.05187992657826129,8.18264265740485,5.408332298860706,-0.053462135825875154,8.289843959317778,5.480669143642698,-0.022276779807870795,8.39103479914389,5.763565645036516,0.0825027552189367,8.810534979113893,6.187017450839029,0.35759283024762567,8.30530055312866,5.961124844615051,0.0014921158142441758,8.188809189114268,6.0037817368524955,-0.03298308660224324,8.050792332174534,6.018906949957856,-0.03995813267112253,7.924742238260868,6.003255803603732,-0.016480839682063063,7.828509994024047,5.969431097976789,0.014575887786128729,7.754813775702735,5.9341233746118,0.03248537805923654,8.923222947804911,6.259230651422295,0.6980559949852416,7.75400563436927,6.612031378160905,-0.3129321759820006,7.590654900654074,6.159193586568742,-0.3105499985675155,7.55889651407156,6.4969845489639155,-0.4892552394568924,7.522967006479544,6.597699340808762,-0.44840040796739095,7.572437513610523,6.538524723856087,-0.4483012164578215,7.735878040807216,6.673728051708938,-0.2773587467569599,7.500132381605725,6.605760087389742,-0.47074949775103697,7.513964140989533,6.667617106440447,-0.3674313630490621,7.757605212742582,5.837129311075618,0.09343029565846686,7.697532660974945,5.860529064765521,0.05246783781784914,7.64963353977015,5.874631629887174,-0.013450567180854422,8.216472707881882,5.6823029006057935,0.02960891893010907,8.302387966153463,5.61777773239063,0.021601391188492004,7.003504589557236,5.879680018957961,0.3382007565055432,7.090478128146449,5.8620740827645985,0.3384682662525006,6.99777205967505,5.756647983727916,0.33855316028808186,6.922920641087824,5.897884934684637,0.3384838776688024,7.012049223232946,6.011273791384,0.3384477553902838,7.998104937936621,5.6974398723813495,0.04433228282205452,8.096542823643528,5.682997374794032,0.04387107515111435,7.994172553564431,5.567921683406561,0.0438691070214201,7.905926940654021,5.709812844014183,0.04374865581386619,8.001552722567403,5.831327654465613,0.04376751589686274
7.5068396057103755,7.108411282435906,-0.36679183166707024,7.427221273080491,6.541404868903328,-0.5163025663955572,7.4942109197458295,6.757686483758891,-0.31174767785423924,7.373610113804693,6.132745222847757,-0.29253926548480463,7.41571836141944,6.387812085485083,-0.5280489044129467,7.426127663757095,6.221780746873549,-0.4644474363388782,7.4702508686807665,5.844460513095288,-0.14045668372422787,6.931537486421372,6.0226123309857895,0.45239155506161083,7.468505382427346,5.567882783933169,-0.02730766045834348,7.454555787946699,5.37953430996234,-0.012733716351387666,7.433138914641532,4.623243778926693,0.21710599882816461,7.510642935912852,7.171334560839286,-0.36437117120984563,7.521110135214687,7.232971954816006,-0.3403653297217232,7.532046228448643,7.279835616044186,-0.3032412021309929,7.533244910040366,7.279119409153962,-0.2917335550700946,7.531377911639901,7.33357114657637,-0.3151072876888793,7.534283481508924,7.403062513916144,-0.34661208157220297,7.540935199393577,7.484397741706026,-0.35070623680308216,7.563466410564871,7.685999259644007,-0.287339885798827,7.450518725555497,6.64506473721453,-0.47782940826792974,7.40704096456583,6.685596900804383,-0.33387097453484965,6.694494449077344,5.649172980750912,1.1154770425052682,7.1766289165637245,6.077880344125399,0.26603507617779976,7.0878142587346185,6.113621355235043,0.2968974192572119,7.007106605445351,6.131590857450839,0.3478302408463187,6.908940515735208,6.089231722991312,0.46830482157735553,7.252786297334863,6.030479170340883,0.24871606601094018,6.995856010183751,5.692301215623494,0.3027833202371962,7.108993111187046,5.686426460702585,0.27036332098607246,6.907371579483669,5.7437126476491285,0.3554540559073243,6.862282710379667,5.8210386893638955,0.40656793953024334,6.858386459123569,6.199110868899158,0.5211418323251666,7.274869343116765,8.058834265641675,-0.1346221015232571,6.904959920753515,5.990936973360769,0.4974424069460789,6.710464004308264,6.280858523211655,1.0512748487542511,6.780095468005806,6.1406056292068305,0.6649765202320291,7.107017466631579,6.642791745287472,0.07319975500897571,7.404511367575309,7.0882009532731525,-0.31610493815497703,7.434206791980848,7.245662826408744,-0.2951342869383206,7.314939760547852,7.170291700706714,-0.22908738690499234,7.262337152092519,7.259547376151857,-0.139644439797935,7.364902696302989,7.2734383588909886,-0.226115342743764,7.311923400191819,7.312763978338429,-0.14445061377058754,7.200413132404242,7.556229290042399,-0.012785230577328869,7.3617448100345175,6.557973407541441,-0.4876317306269497,7.3395566919842885,6.41083148957656,-0.49377604595052804,6.7626284542569035,5.7650726961561185,0.5010496201171127,7.267968882719339,6.244521387804159,0.06991119292465002,7.228571070761007,6.61698470958734,-0.188409877811312,7.228051427638061,6.552133676709975,-0.14727118097865802,6.873176631750827,6.721343630132712,0.28610606843370434,7.354003771490481,6.2564202861091065,-0.40544815148693303,6.916475698406605,5.575709595757472,0.27081925957898817,6.8144305120964175,5.6428993800767655,0.38383618864274366,6.7187654282833735,5.332719968370313,0.933578093780298,7.294019657490894,5.615711037175678,0.06177638466329735,7.217872998379789,5.733885888839949,0.2709181222192118,7.126919011985374,7.439216666325737,0.05814266888886869,6.944958145673711,7.716508100657405,1.0129700206891465,7.303839983304053,6.690074980811621,-0.1844305895319353,7.373336354085176,6.7219619125279655,-0.24190452838141507,7.225848483889886,7.406072441276156,0.030425555493311128,7.244187525988163,7.390431683619591,-0.009214108077542473,6.773193578053708,5.5646409113277695,0.46722555247425435,7.246960147272773,6.697312816111428,-0.14897591375555544,7.069419464004168,5.5632896247749075,0.16252277588120234,7.039864850733734,5.437527769082411,0.16857828012083825,6.9655015610748325,4.84859127211774,0.49249976634431514,6.746362981209065,5.433091146160636,0.6734620887182106,7.007142344312129,5.1028054053937515,0.3258449632018452,6.727254838697733,5.722719637303944,0.621796374655453,6.7097713850701135,5.689934945254146,0.8558908214695758,7.414549700475812,7.173517490822063,-0.31535120545463663,7.339723949880808,7.227408128036063,-0.23381246715524723,7.286495911256866,7.2856117316927875,-0.15225831646955992,7.331354622058821,6.718614610265572,-0.18341298114242144,7.235568740876069,7.398024048477832,0.007344954176676174,7.268622189204034,7.400468586965423,-0.0774012385241465,7.254686175492762,7.384744915137934,-0.01579242168035382,7.308253018573756,6.609729004854144,-0.3093387218758843,7.334656893349075,7.327730700967568,-0.1362367388506873,7.387483227110436,7.300072391968355,-0.19764031129151455,7.454437134908997,7.286402990203245,-0.25874568756266586,7.46011175217595,7.700044634287618,-0.25260516949368267,7.45019207231315,7.489707107754512,-0.30962758126661455,7.442976395110745,7.4073804838002175,-0.30390931790860914,7.445648232791041,7.3431577402008035,-0.2681149888770913,7.454917465278489,7.286841863487274,-0.24716680847292133,7.33381560042513,7.331172353838255,-0.1291657147115648,7.320926735510442,7.362939917739562,-0.1517347197344758,7.310311577300149,7.403823751778507,-0.17197003259878646,7.3029486559666195,7.452793147037226,-0.156871857950281,7.177380862320726,7.134451335547428,-0.07265100704639683,6.827596710617299,7.018245695442605,1.3219591494375702,7.474649608403758,6.706469828557195,-0.3686814795743543,7.295739411760234,7.356917203910194,-0.06345948425739845,7.281614696832377,7.380830794448446,-0.0777358883379356,7.393599576770761,6.776622364932355,-0.25867479058569576,7.294387767818704,6.787352602293673,-0.11349676802382874,7.383961519178167,6.751986134507859,-0.2523669922834014,7.1864856960209975,6.359829267575528,0.11621117962917378,7.052878086904807,6.491751431734485,0.17102023870898314,7.2295939171281836,6.6349749403458675,-0.10174243343499773,6.804191326764625,5.0643532438503565,0.7105577815730608,6.841479116028404,5.2353601474946725,0.5007612968093842,6.879437366432933,5.463088206601777,0.32431306135100524,7.269740100956839,7.614850323663087,-0.09679684437672481,7.239878848209452,5.4346575806915,0.05941317443441783,7.200441008720329,5.027849922712345,0.19207637282761328,7.167303931444104,4.71096554220974,0.32005077708872903,6.945395589403069,6.128585933532175,0.4116527761481986,6.7905926879557335,6.324509975093861,0.5893239062805413,7.303865715288134,5.982001541889025,0.2558896830345062,6.81401379690979,5.927027302234327,0.5217791009933953,7.317962553899905,6.129760312694488,0.0301878361872605,7.250752755815216,6.531652446937047,-0.28658595206736104,6.727557189510672,6.484858119110415,0.7143609777547866,6.8302049331147305,6.397100616960591,0.4681846496378157,6.921596363238505,6.410223214064004,0.3341378991960951,7.074802452118216,6.3428983368282905,0.24047191356984174,7.1915098659125976,6.252218824930727,0.18895543161267264,7.275923639686706,6.164098930671778,0.14235431703455761,7.395743908777419,5.902769189020338,-0.07744126605493745,6.742352365579278,6.777302832955801,0.6312308994017476,6.766363165835166,5.941593749555557,0.596865387927208,7.414571858573214,6.649036040090861,-0.45753343984566,7.266565060032313,6.366077136265595,0.006396282012632851,6.748242130824233,6.343937623074185,1.388400919275208,7.336128619882978,6.068550355564429,0.12220972504988284,7.238063313777148,6.663453813726295,-0.008194674353328912,6.871437578493427,6.014856996895042,0.5248986573272484,7.258257917838519,6.452465839817836,-0.23718094469620649,6.881070632644671,7.364829074237427,1.1974858585867423,7.3133665356323005,5.935296561229337,0.2954820931224423,7.301214606150569,6.336251622384986,-0.33572814474694956,6.9845410849619505,7.894659918547907,0.39236308019363664,7.054243311615712,8.1173495122167,0.5293002114859987,6.750387177608227,6.9097625096710935,0.9890870762291556,6.909455155416806,7.750533646161722,0.5805261587930574,6.711415372941884,5.96760628373966,0.9884932749576452,7.270305489829261,8.245142407708169,-0.10365363634630709,7.445756878946045,6.709148099233511,-0.35154940601753354,7.2064051108081815,6.5031028106003985,0.04356826966978125,6.739793462718,6.19571925044196,0.7909381115162284,7.005679909883588,6.04784111182146,0.36506575608566905,7.0779253142972465,6.034589140020311,0.3194430376591753,7.259987678990557,7.435506971954219,-0.058506423542289826,6.781954603855579,7.079187611071832,0.5942639111408803,7.4441300457303266,8.44698837949491,-0.16381145240682873,7.22555399562764,8.333730481121906,0.1495743164061635,7.142032263968301,8.249575456743267,0.32066778628685316,7.437061612659045,4.9683179053774955,0.09756228155593485,7.625030897253365,8.449724547135405,-0.25281430887470707,7.154575891429916,6.004649261766014,0.292499215617222,7.2306825230102305,5.9729009968527675,0.28806002396439645,7.286828997495234,5.954000854546082,0.2984624912437798,6.731438430442724,5.945106165382463,0.7243545923982339,7.211794531918248,5.843536306000418,0.2951446735464779,7.125988371894484,5.805994770782517,0.3002284603352216,7.043103506841123,5.803601696263086,0.3272508185369188,6.96990101557516,5.841650008611894,0.36948830682865125,6.931395960508933,5.896716454542878,0.41166376584973274,6.71000654681351,5.969967550667659,1.2858311757478915,6.9600542430005845,6.040649737048463,0.41327978805825055,7.503860413775792,6.887662309233138,-0.30685598747442533,7.250767051361927,7.014497403094967,-0.13658412063576592,7.292018280951347,6.655773531255781,-0.21527987675657778,7.390057855073097,6.912030498156803,-0.2675668216710975,7.482474275896053,5.714327079218552,-0.04552040754404584,7.076547938371636,8.043762470744209,0.22065165180117402,7.170508993016722,8.145422392070534,0.05879053636477617,7.40848910344766,8.297608493692412,-0.26200931620321627,7.000550667723662,7.962021964205069,0.7772976582332075,7.280713362612245,5.897797197874233,0.2956095915296715,7.34145299625551,6.119214487885743,-0.1228454524794818,7.592835181728062,8.301106613972607,-0.3470269428051161,7.318813138929213,8.398709459142335,-0.021463190038881058,6.801164244748558,7.232184270192226,0.9012581856929434,7.387503955653167,7.306358143857206,-0.1882663862611998,7.37477091219763,7.348232659283228,-0.21108268190542032,7.3685945212411195,7.404642886605051,-0.23556324722830846,7.367391550985384,7.4798403214145415,-0.23239586782334862,7.355272501261087,7.667936836374589,-0.18186059645355956,7.274004462540747,7.351813693734347,-0.06977959571613723,7.253721940867102,7.348148315557633,-0.057556333689996006,7.235694541687126,7.338670368088203,-0.046329113880947535,7.132241958803235,7.278234514812548,0.00659027146466228,6.846694131468597,7.08352416516663,0.3462981156275614,7.3584940027124235,6.005332588898802,-0.017053619763996455,7.343690964093126,5.808963955834403,0.20449006717169999,7.307503931926097,5.836694457344507,0.2673761324800471,7.2963962921316075,7.354975868666832,-0.06645106194299992,6.884914705155274,7.477637377666368,0.42906180358575435,7.393305803285848,5.7812863478471295,0.05476149846600543,7.313647443125173,7.86723677129209,-0.1542526122461273,7.442308078302003,6.092168028285763,-0.3511222148755821,7.383882178893921,6.020297167195935,-0.1954519534683446,7.4547402004992716,5.971778081658614,-0.2398297531442228,7.292353511521721,6.351032502906881,-0.13848485876014696,7.573495451360012,8.112121630784468,-0.3702075068489677,7.568439116488311,7.8901553917792535,-0.3304692821845789,7.432810831844513,7.897421818172483,-0.26965879623792655,7.128108401471733,7.6653579197479145,0.04723625566693091,7.178746087031632,6.808783056368215,0.016976268850264088,7.217711458701954,7.793047172525728,-0.05316645050492774,6.981853522180272,6.856323611733163,0.1193525143349694,7.100034806840563,6.985541773231724,0.03543917962711301,6.934414465196973,7.137148190434469,0.18310789407249495,7.405383395924684,8.115656204708776,-0.2849231119433645,7.262464382458248,6.458557887048752,-0.07081392877846346,7.070867602885999,7.828841791935539,0.13489633031540027,7.175815499955866,7.95657964957217,0.0017679790536856105,7.0475715799656635,7.504883974920303,0.12067729828443709,6.8259019735547035,7.339914080652065,0.5691674981330382,6.966005479096397,7.581598167235837,0.24046367129369114,6.851926301564843,7.521882094737084,0.7857800995685459,7.044989804229647,7.211353514302213,0.07606647002877281,7.3076032859757385,6.239789561842801,-0.05247762293717432,7.2778306656179605,6.5848919219983575,-0.3184826896352767,7.253643315360191,6.653955137714135,-0.21894523259650053,7.2897217013722155,6.460826590311796,-0.3909861956774447,7.25738017127046,5.699096961141262,0.2150728593707683,7.094076422971396,5.6402114599064195,0.24147456747728835,6.961190738964114,5.647036868683613,0.28409517642087706,6.865685050496898,5.702436043464296,0.3539597692137678,6.815717826077748,5.79715762119441,0.4339588324587932,6.832632316946268,6.071495952964242,0.5759373329723921,6.717310141628188,6.596822270506069,1.0329757448395984,6.896564146170112,6.240942497685047,0.4492216515991848,6.974264016431373,6.253199499435105,0.35649008098162455,7.081647159883469,6.221037378444574,0.2803889889256609,7.1886278836956485,6.160464287920492,0.2364808873064078,7.272384777098384,6.093436758056369,0.2063611755418432,7.3268915523756295,6.032876533524327,0.18995372984573072,6.791942902342592,6.684743456665734,1.3933666561196267,7.2734040495788825,6.705464851623407,-0.17900026975619895,7.327627773031249,6.225612668169448,-0.21479588315324163,7.318244176170112,6.560359334287516,-0.416962767626853,7.3871265532199955,6.644359251984339,-0.40992002186606835,7.33732086847868,6.6018085571988845,-0.37385436782533304,7.308953500362598,6.753697311449171,-0.16714354331405,7.393480923733059,6.648466362554426,-0.44029332322721204,7.422625254812886,6.699629409455955,-0.34219484698565394,7.33663611179122,5.929926439107329,0.26135029149983663,7.365377308453796,5.9430204451173205,0.17643936775205976,7.377112522748901,5.94936266441568,0.08988112236634496,6.913953249189439,5.944930330157917,0.4500097829587987,6.8494739005265615,5.913687770209575,0.47024182348312,7.52448316946116,6.105019724779002,-0.34934773546648895,8.234077654553813,5.784031807592988,0.040385140034548545,7.556401551380268,6.659706236155992,-0.3775224710906393,8.728250401925573,5.211673856149126,0.48250525822919843,7.963012645592145,5.935551379349461,0.000833035291250671,8.056953686471836,5.937636742225937,-0.022546721281055362,8.156086869916981,5.919793398209866,-0.02088042314248821,8.293323403565774,5.838205496631866,0.03207257558456061,7.879413717980567,5.916829216599329,0.03998280415760136,8.061010762628433,5.4692377934082055,-0.028669311282571462,7.945233988924941,5.50895832733354,0.01013569897568009,8.176402986125398,5.485678029514586,-0.028058148739684194,8.261414313752027,5.5450892494797275,-0.008507112321810763,8.393119185600977,5.9197951851532045,0.050421588268248586,7.973023102176561,7.989866830088862,-0.32923941843159343,8.26875579176549,5.73872671834498,0.06562282487382404,8.800272795810539,5.880067860843183,0.40033923580748626,8.525995577502897,5.822969302947223,0.13309103730210725,8.017902541521247,6.491354015535919,-0.19435608812898356,7.6259751181136295,7.060273173218436,-0.38612588849001994,7.632724045715919,7.2201417016428335,-0.35812258774244354,7.763857095696426,7.123450912353271,-0.3735953503883621,7.862667914563237,7.194272480314509,-0.3373288215795447,7.74226152805737,7.233996945515188,-0.3512343902436804,7.833443528421827,7.255217255053078,-0.3107218160201789,8.026671429873808,7.45544282662012,-0.2668986165463144,7.5043114382745255,6.532771788244522,-0.5245183957847342,7.507075482231108,6.38515740246084,-0.5380586908936108,8.390025629292705,5.437885515138856,0.006919601631894499,7.810567079797462,6.146503971779811,-0.10392132045847159,7.798568112665538,6.5257105029465965,-0.35448131096401225,7.809902336875398,6.460482782413395,-0.3190603637431537,8.353155984770222,6.465311103315054,-0.1581413360034103,7.512432023583741,6.226132311292394,-0.46265057546446553,8.093227206696467,5.302913038700427,-0.06821265302326139,8.255983435556498,5.332979432543118,-0.04214698519581602,8.549409538683598,4.91966158259175,0.36834577993135365,7.66538436650933,5.5211306279693355,-0.047618343242169396,7.855059824603614,5.5972433351570015,0.05897111257336812,8.104764427669624,7.311185749981529,-0.2505533341416033,8.863479126038797,7.439764900542106,0.4124522545980144,7.733627732621229,6.623023148518089,-0.30688364042259453,7.648761504793716,6.678910158830288,-0.30240951402749383,7.982574671711553,7.319401400676372,-0.23581013578736673,7.963504412399005,7.3114159082835775,-0.24367894078013302,8.320399169036511,5.233524599296974,0.011440275806898824,7.822627517780243,6.610315837046633,-0.311619755047967,7.899574727507168,5.365030048269303,-0.06987213704429958,7.903484559532641,5.225975478467533,-0.07157556870307838,8.017221358720466,4.588803305179088,0.16806469026845186,8.420703872534627,5.061569900905714,0.16684914439896922,7.939045446753726,4.8760612372890355,0.04711555881278531,8.467810558056897,5.37735638342091,0.08697913196819874,8.591960948246388,5.295226323233893,0.2776912852405344,7.629426063089678,7.147314468478036,-0.38427662550219455,7.75072520648765,7.181866804878656,-0.36912289925264163,7.846944242735748,7.225714820528139,-0.33301018159171847,7.715013501248764,6.65962618109441,-0.2839481333208788,7.975302527099639,7.3148768601423235,-0.2385752295731608,7.917755089036952,7.324554230488372,-0.28594841535763144,7.952724855401534,7.30959608518726,-0.24319720319276222,7.655747023694072,6.546768558029316,-0.4225306150293081,7.8245095265047535,7.275555529358896,-0.29353340907459985,7.7373116950086676,7.262189907961395,-0.31452043315959877,7.636400145552667,7.267124015908716,-0.3233399590190254,7.688854080322205,7.6665187181408525,-0.313780861985219,7.656789169049309,7.459339077876218,-0.377987210379499,7.646368430274285,7.3803268764268815,-0.3733614841788859,7.641242762001037,7.312820445747938,-0.3383700287895277,7.634656803631254,7.266610805781789,-0.3129575055050375,7.824658200190549,7.275505494945407,-0.286891675735852,7.835616451521908,7.2974162793894415,-0.3103633998599826,7.8485067459912665,7.334969251044711,-0.3364506059388595,7.862504230553395,7.376823752705338,-0.3341942772584368,7.9511101734005205,7.027736508904074,-0.30098666039390914,8.96345002852121,6.650218281803865,0.6527830443176679,7.893873663478799,7.292996096346383,-0.26264694226011276,7.901749794939255,7.3089113284998,-0.27827597310101654,7.622288296616849,6.744643941717061,-0.3184685951196913,7.79804703998792,6.719212878895429,-0.24267416487747148,7.6343022740728195,6.716038552748239,-0.3107465651854224,7.924554765830065,6.225017973426268,-0.11622768651826669,8.088216617574242,6.305899317608074,-0.144144007798823,7.843199524274787,6.540474228812439,-0.27817831664754666,8.317786657875066,4.704276298514969,0.2494269790815226,8.209263444572764,4.915802142368432,0.09359786399565642,8.127300642282266,5.1730190552311015,-0.0366364791298463,7.933125660860678,7.533966120371938,-0.30426599179904995,7.675457723499275,5.322149126354823,-0.06110911209956919,7.694011198798218,4.906617968383915,0.04688744432718117,7.73465772676176,4.566637345226262,0.15723805848239725,8.243222515784874,5.889493629567117,0.001379476456564255,8.51765198166499,6.017648202390376,0.06392962904985827,7.822694706849785,5.892750869885231,0.06973403424519369,8.380659187087621,5.631697032285315,0.04360219367223034,7.726092549949832,6.053462835565582,-0.10860162660969164,7.708884285596399,6.454440769595968,-0.42092433166198717,8.666669475358361,6.129064834346996,0.11337939935165181,8.429599276475582,6.108382752142777,-0.024991435670880673,8.276660514319367,6.159111214424291,-0.08316271240576527,8.076222653883667,6.15448088684458,-0.0773663931290383,7.934312906015031,6.113562028716192,-0.051806871418133275,7.823592467183239,6.057512049171488,-0.03773630924974048,7.565260501677108,5.868311203228012,-0.13654595822708493,8.662925471674736,6.449305809217357,0.03670886429556585,8.469559618196994,5.617689898229155,0.0725767595506663,7.491532649069514,6.633543241342755,-0.48689108728656666,7.79918496550612,6.275014503716175,-0.16307066387729938,8.924574004017831,5.920671144777925,0.7018024739898753,7.738254486314261,5.986964955707103,-0.017542940692161647,7.867233197405413,6.568220455423925,-0.18454222881703197,8.332289490013432,5.745902010627926,0.07179134211124837,7.722531529264108,6.375838850337239,-0.3740198611153052,8.939632218145922,7.037438896456868,0.5558320314043811,7.818596888385062,5.8496176315713,0.10074611200800827,7.612767462507286,6.284038567577529,-0.4348411357323661,8.51720167194359,7.718142796423814,-0.05446396123168573,8.578817622600244,7.961869001855261,0.07370331564187263,8.849088513942114,6.548260298328614,0.33695494835946715,8.67135484079291,7.519543343295155,0.05533345435519804,8.704911492365104,5.565296004755804,0.3684155824055287,8.020535781225423,8.181443595895715,-0.3172315165829751,7.50726489822503,6.695669543016993,-0.36951088932509635,7.896464731320178,6.387293157139472,-0.16531653893918957,8.637292126867143,5.852741923305002,0.20083887285773788,8.133708621095495,5.836987873440751,0.0030162224961460924,8.053269724084396,5.853798364206948,-0.0005535535139134677,7.933220726246306,7.348434226491854,-0.2822250955431537,8.675695683551721,6.773418732914408,0.020019338425015028,7.840890078703616,8.42077749460019,-0.27977262749449705,8.21295884339757,8.260487247547816,-0.1441214253023779,8.382778501887534,8.144487463315631,-0.05031547175490867,7.9722775894155795,5.856370133060268,0.02023199724678732,7.902066441298905,5.854112508845924,0.054707449014202186,7.850170747628433,5.854664674337639,0.08926619607405017,8.568140278761758,5.594282727433142,0.15482627689988773,7.8957056377898205,5.703244814019474,0.05644540218460902,7.97006106489803,5.628955861203471,0.02351535625468801,8.05217468520633,5.603983328042596,0.0038806015413879675,8.138902193215623,5.6203953304442225,0.0019325957990883537,8.200344452979737,5.661813103152826,0.01709673396019543,8.845874875041469,5.526010055450486,0.6169082804991086,8.191806437706559,5.81306284646513,0.020581823514511564,7.838073856001539,6.9338276330044835,-0.3096868184382985,7.723663736563624,6.584465199929032,-0.33242066898422135,7.630153706417271,6.877561790704442,-0.3386411751044113,8.355439698357314,7.908956180036298,-0.1416787407685016,8.196929246870466,8.055437643743128,-0.22725494352134418,7.812570600669016,8.26686735004496,-0.37702230565008626,8.735464649573306,7.749615157285537,0.23974692832046562,7.843255991684296,5.7918968600047425,0.08212401250065465,7.627494019951679,6.067086491581217,-0.21699712930524326,8.031446857252636,8.349845850929277,-0.23867226059646207,8.839501205540344,6.908328666335975,0.2742154570784918,7.736433948440609,7.261515158156634,-0.30615025653952566,7.745414410884494,7.300602756751335,-0.33301022626530197,7.75662068995129,7.354328280400821,-0.36424320372999,7.766916342692591,7.418744013880835,-0.3678804598859088,7.82161396351843,7.609034180483694,-0.3299474723928337,7.908715300074216,7.287102042437415,-0.2773547814730312,7.920780026721011,7.273118138644661,-0.2851486912031066,7.936335725874645,7.2615809176715045,-0.28964698600686567,8.04706188292512,7.158317750781534,-0.27839205740766865,8.487420474257785,6.821358134032595,-0.13437845179900057,7.6426801792228325,5.948856959450776,-0.11321111396271262,7.72360155093543,5.730827714009787,0.07997146055463755,7.790482551445765,5.742142996620254,0.0882631568569461,7.893109566507093,7.293542901008081,-0.2654336357235156,8.558139114282703,7.238826695971518,-0.0632539466840415,7.612513001775829,5.731200470390277,-0.019149155653057866,7.905134265623097,7.803899636811426,-0.32175485093027023,7.544217456918435,5.989965948350421,-0.2454200713591643,7.708821385190871,6.277809997875522,-0.2643838065119225,7.734276035664575,7.869837131238831,-0.3510382955490299,8.152527993563265,7.540517769429615,-0.24790700507746968,7.956681147953819,6.689946320891222,-0.202263044362035,8.039917683456272,7.698267697831435,-0.28627272323684677,8.196291665487152,6.658103705369683,-0.22452116591756402,8.06250607681441,6.837460637847927,-0.23862160075280478,8.323059570279439,6.920604252296758,-0.21176011212519044,7.779640094042765,8.081218947459181,-0.3928041871568396,7.7936275717221974,6.371493718914414,-0.22799225867975859,8.275511867141134,7.6869999479137805,-0.20582955989852583,8.128422127921748,7.856760994662229,-0.2610213375679402,8.22717504982438,7.344113397498438,-0.23493044591842693,8.673488451139535,7.056810791805018,0.01861134294608325,8.397939643951945,7.391433801444036,-0.17237905276066065,8.793550314969664,7.235940425090556,0.1897422227647823,8.165256748354787,7.0462521010042325,-0.2486040916739675,7.711430322465638,6.1672196485188016,-0.1869332706884146,7.6774448044921115,6.514017460514289,-0.4408341416287246,7.7663395173828,6.572792171262121,-0.3594834791157525,7.60600995757697,6.406751540545224,-0.48792139414218244,7.779505715903682,5.586621029173353,0.04390521179682226,7.926679798848664,5.45443296784557,-0.007253028506336053,8.06941725887187,5.40601823979924,-0.0431394200210434,8.202208592270859,5.4243383402981245,-0.044760853317359274,8.309896945645235,5.497992213451489,-0.013478335640699739,8.413431013145379,5.783610088965012,0.09097574801376465,8.838431183869021,6.210091278327919,0.3672341671538187,8.327461169111773,5.980925087221682,0.0072667879700454435,8.210766621309432,6.022392894343775,-0.028201662626588145,8.073010444537692,6.037023671625204,-0.03579032795369813,7.947151021738894,6.020610954446242,-0.01251696570857923,7.850676809982004,5.986228377662816,0.018837511338707386,7.776946098265068,5.949845853894513,0.03693053740885311,8.953449578819491,6.286655367402988,0.7101852932340709,7.778361357389461,6.628391841085427,-0.3171433309292013,7.613318555832997,6.172445385619027,-0.312104016692804,7.581051362574139,6.514353405861999,-0.4950136829070376,7.545321787901864,6.615641642973836,-0.45457716545939725,7.595036695921564,6.556548856311684,-0.4537854155395222,7.7602703430266216,6.6900256611754685,-0.2818291088992575,7.522499662355001,6.623351946092444,-0.4772694695726911,7.535798809460295,6.683638410904969,-0.373402516865305,7.7793127260230825,5.851949950017209,0.09939469143439539,7.71986469502516,5.875083361093706,0.057472325016276825,7.672309844113501,5.887451153330775,-0.00902444288878819,8.237471417343016,5.700066556596939,0.0372197234751625,8.322797246997292,5.635913861176409,0.02942457126104678,7.025466376086359,5.90123885074492,0.2855830077816219,7.1134954936236925,5.882803313706344,0.2857559168864504,7.019888253759706,5.777375443655653,0.2858392331196258,6.9436486735949785,5.9202705120813475,0.28577052514824575,7.0337106178746245,6.0337128230069235,0.2857357691003045,8.020484317257264,5.713850680124406,0.03708172956791632,8.119524579648788,5.698799256381004,0.03658253298570484,8.016768189889724,5.583751198171108,0.03658231799408438,7.927754109183999,5.726833895647386,0.03646189755773651,8.023775866887483,5.848486139049121,0.03647958271259351
7.489890869026814,7.0906997441955655,-0.35996272453192896,7.4122564488196705,6.523504514034022,-0.5118355804586301,7.478706424400394,6.740376214475647,-0.3068124366941602,7.357196980883156,6.118692646056652,-0.29279453644554093,7.400622801074887,6.37122536992973,-0.5245116200825437,7.410425411346723,6.2067706822553275,-0.4626172682300854,7.453262989359645,5.832799816947292,-0.14487633910298908,6.912022430168798,6.004168667540373,0.4463928804815142,7.451797731568794,5.55695487727281,-0.035939388431816544,7.438131974479035,5.370415082633041,-0.02362442422371077,7.416527443548234,4.618487922127936,0.1982184295420907,7.493481641890428,7.153127569314881,-0.3573824804294262,7.503679265698095,7.214294773619489,-0.33319518754134286,7.514377430123366,7.261295680216732,-0.2960287543339543,7.515849105101623,7.258733083379594,-0.28635557962335667,7.513913253567724,7.313317679448125,-0.3092765475301496,7.516838778003667,7.3832165367487255,-0.33976340166956004,7.523580389883229,7.464595029296385,-0.3423518900753264,7.5459906343437915,7.66773466171173,-0.2763545935894774,7.435376862019741,6.626393418763873,-0.47314992269686473,7.3918177069341455,6.668188560333863,-0.3295607867161337,6.681069994518544,5.630509035821488,1.1004914004723705,7.159160438496581,6.059506213597778,0.2613380631147271,7.070219647102318,6.095195757862144,0.292328577337842,6.989261123819287,6.1135474877993365,0.3431443904379664,6.890103457055143,6.069499913450125,0.46270136012337426,7.235463648827559,6.012713509080792,0.24360291793404973,6.977273104725573,5.675908854161138,0.2956507641702682,7.090495820240244,5.671214325063831,0.262881463531377,6.888775099262269,5.725766478684924,0.34852714060257867,6.843371359308095,5.80203082938106,0.39981510717880014,6.841177394236343,6.179735784738093,0.5158234167929403,7.255862461547006,8.037628473955003,-0.12186260050257985,6.885196447752643,5.971610710729739,0.4909431345107988,6.695564281804396,6.261004472079041,1.042686980623287,6.763972212564524,6.120274839262442,0.6581355547619396,7.089426289006047,6.624545981812001,0.07509456762015729,7.387956699178691,7.069967237731048,-0.3093350598014205,7.417095008123182,7.2263890328158,-0.2881236261629896,7.299122860907849,7.150069423005897,-0.22244037078578194,7.247006029907024,7.238035514935394,-0.1334318201314531,7.348481014345265,7.252993265756065,-0.21929565929253048,7.29630286355368,7.291509224562004,-0.13797997942297952,7.184066968857762,7.533822220981909,-0.005527955044770772,7.3467433826001045,6.539823421605416,-0.483304809818965,7.324163439183716,6.394101216987581,-0.49031157631700484,6.746148118036203,5.745708601567369,0.4920473809463068,7.250658835582222,6.227871107464409,0.06809264743552243,7.213625960087704,6.598425890010417,-0.18542452980435856,7.2127689090587,6.534157045126634,-0.14492908036197547,6.854403217478436,6.703192891587519,0.28694725321487535,7.338252017621395,6.241161102580554,-0.4036342249609156,6.89940196160526,5.561006974608775,0.2609668020850561,6.797748008940498,5.6256576421431665,0.3741541562232969,6.7060264363373205,5.3173485078962495,0.9170185757742674,7.277136863836851,5.603092315653645,0.05281789758389066,7.199863232166043,5.71893003503593,0.2635222687139666,7.11039979650867,7.416581633130767,0.06401811222554006,6.923656077913581,7.695974564419495,1.018278406179228,7.288806875643597,6.671156866019174,-0.1810489661157509,7.358396281907103,6.703694145225946,-0.23778698533768658,7.2108729866908785,7.383547378410504,0.03598405807226984,7.22939798068801,7.368220282803623,-0.0035436449028338293,6.7576805168241485,5.547493803975095,0.4563010178351247,7.232381259810601,6.678690644032865,-0.14561129645703919,7.051931376018355,5.550615052626896,0.15281118018855389,7.02255491811905,5.4251444219286,0.1578248752316657,6.951078858758418,4.840614942543999,0.47464111662014535,6.73242817136391,5.417925799118586,0.6600483222467,6.991766678990603,5.093248202353092,0.3115739897488098,6.7116635789623675,5.703377268338634,0.6113005146335996,6.695316150558062,5.671483846934849,0.8432436481533302,7.397649504243816,7.154729014082887,-0.3083478156265536,7.323593022525476,7.207045490914095,-0.22705943108537538,7.271014154031479,7.26415346767451,-0.1458349287535398,7.3165947231497075,6.699951498927076,-0.17988422431980852,7.220660623525435,7.3756856108183255,0.012948314702288265,7.253316977209615,7.37891987327054,-0.07104962834479625,7.239903629491127,7.362684389135414,-0.010120128053298245,7.292497471422403,6.591030438036349,-0.3058456027403459,7.318740915826331,7.306553963923056,-0.12977333257157378,7.370859172868801,7.279845629942663,-0.19075376998440985,7.437066008348951,7.267290759294824,-0.25150795697741163,7.442383717645383,7.68198652191783,-0.24157989960456416,7.432472728208481,7.470022543799528,-0.30111241454530324,7.425420952271002,7.387562398663683,-0.2966875632923196,7.428314390769919,7.322875010556919,-0.2621030007661858,7.438129122395743,7.266165612436448,-0.24171994135054198,7.318323085624171,7.309806764916664,-0.12339690990373905,7.304986744154545,7.342069531106659,-0.14549932990595907,7.294246511500728,7.382999778418594,-0.16489877709655215,7.286724854841025,7.432048480818916,-0.1492161403409533,7.161174009300164,7.113626928752657,-0.06726510321353689,6.810840497288727,6.995253350814088,1.3186837046054216,7.4594883741635005,6.688898250132051,-0.3639252263451291,7.280662038784768,7.335408490580074,-0.0575967525344435,7.266215523894044,7.3593617121011725,-0.07159559061700327,7.37835159567477,6.758626695456003,-0.25365443931874493,7.279674504945191,6.768288840625748,-0.10953967330020697,7.368881253106358,6.733807866656026,-0.2478985341629011,7.1691063659538,6.342286706815623,0.1151412985755177,7.034920125228024,6.474003043411224,0.17074496851408283,7.214386040284808,6.616746247031406,-0.09908391367278635,6.7912281465368265,5.052669830817207,0.693200359094129,6.827456734543228,5.2232468717865705,0.4868084158869921,6.862663563710559,5.448970012722418,0.31319548822745685,7.252482742846941,7.594101714362132,-0.08795378117935282,7.223131953697256,5.4242937880870015,0.04879023792253213,7.184511180830365,5.019823813594162,0.17776258629776961,7.151801350584476,4.7052458002732,0.30190687571520597,6.926818325262693,6.109772755563441,0.40656095261949704,6.774573406157895,6.304537245394192,0.5846607643435994,7.286704890257987,5.964841291038089,0.2502901619758729,6.796319828232432,5.9073179796483934,0.5143734889497792,7.300698636926233,6.114460154452519,0.027664480977578197,7.235236195185086,6.513654844387881,-0.2836493090904243,6.710683888351841,6.465779774261887,0.7099094673107991,6.813199170170545,6.3776981729590965,0.46505562118885124,6.9038447943521195,6.391845932125069,0.33199410396533846,7.0570202056306695,6.324834096135979,0.23826528861838023,7.174078260151175,6.234495783929032,0.18627198847510587,7.25841079796769,6.1476412914622784,0.1391560404244838,7.378669602961738,5.890531686927655,-0.08155326063589757,6.724400982940843,6.758336495981124,0.630073729004669,6.749832296627604,5.922029025264376,0.5887301078707158,7.39960460733993,6.630369222871798,-0.45287339304852714,7.2495764699732135,6.348910670259423,0.006302982219395846,6.7336124989505795,6.32256169877372,1.378268270066225,7.318775140825826,6.0538148813902,0.11817551412313608,7.222449592769838,6.644474200788402,-0.005763970507592315,6.852726192503213,5.994289051019674,0.5182570014249537,7.242593144034723,6.435178346589013,-0.23512129014595157,6.862467482984289,7.342443154017805,1.1983691057319887,7.29596916980861,5.918448591202693,0.28909663220330123,7.28530451736201,6.320088229539431,-0.33384969609287063,6.961354914856592,7.877228022679034,0.40117951708702687,7.0302612471718575,8.099470195957979,0.5403188015221748,6.73305990781291,6.889120914361326,0.9865725983794419,6.88655118731596,7.733247014910473,0.5875176159615466,6.696419193770931,5.9486457360690395,0.9775283748802549,7.250883437141404,8.223552218603874,-0.0891361813816098,7.430746504796486,6.691768871964638,-0.34692553986126784,7.189498048465019,6.485283745848721,0.044400667274089076,6.72490223657927,6.174510768148624,0.7834802035936073,6.98717767697507,6.029952926534419,0.3596256885017523,7.059908652983827,6.016383427255737,0.3141304813451531,7.244635235671219,7.413831511817232,-0.05197523509227171,6.763123004764571,7.0599877982951575,0.5961021192852342,7.425836643410694,8.42344118908808,-0.14685932799784474,7.2046062466793,8.312479462602504,0.16367349537637402,7.119204890649411,8.230197572672358,0.3333567981672103,7.420608061717111,4.961130435034255,0.08304574133894432,7.607914353741388,8.425359215101409,-0.23571127031301603,7.136684596120321,5.9864230053025596,0.2869739023681274,7.213151801240543,5.955008020870872,0.2822605673466196,7.269551748323919,5.936599962288678,0.29222585777555754,6.716029405460364,5.925614450471819,0.7150611318831225,7.193715566631873,5.829534894599696,0.28827741584170696,7.1072838955130395,5.792926623005155,0.29317571292102895,7.024485065486365,5.790192544660133,0.3203528135286108,6.951247844693421,5.8264956433425175,0.3627556270948314,6.912375375476083,5.879671666775609,0.40506387627442836,6.695869454716553,5.950297448805053,1.2728319201917209,6.94097535369936,6.022703643829025,0.40753863785895833,7.487793874786963,6.869728887043671,-0.3011025882270891,7.235157049873756,6.9945945195738215,-0.13095693599646924,7.276808161237541,6.636699421736605,-0.2121614180405147,7.374487022815201,6.892976930971022,-0.2615898708746786,7.465397177722033,5.703342330318317,-0.052226335401875594,7.054397002023593,8.02470853664589,0.23169145945118347,7.14948403291038,8.12523021224405,0.07165789638187048,7.390403073621713,8.27509863294646,-0.24607081669316025,6.977075597957658,7.9434441274298795,0.785858662803258,7.263096770815122,5.882256367258254,0.2889665281850412,7.324518523553469,6.105060400945564,-0.12452864106377591,7.575519678699176,8.277988506341263,-0.33094819154589566,7.2995078921521594,8.376041703850891,-0.005790250268709166,6.782333211772413,7.2120159590698245,0.9023655522277402,7.371396790569191,7.285142661635235,-0.18264159839202496,7.358044762641463,7.3276351375699225,-0.2049413469069545,7.351582654924439,7.384287494024569,-0.22827822877244616,7.350076754946688,7.459860571033001,-0.22411008729757076,7.337623846276509,7.648762603658702,-0.17175677848448523,7.259186564622894,7.32983837191237,-0.0637376610822227,7.23875281388313,7.326032266760271,-0.05171590162035458,7.220684153212588,7.3164792137764145,-0.04068221076367974,7.115921429760423,7.256201859458659,0.011667607450397308,6.827478838188735,7.06475006437063,0.3495245453241705,7.3412552613270226,5.991684385953991,-0.020558012722181686,7.326280398006605,5.794740191467944,0.19722686267848558,7.28991063187729,5.821164743160863,0.2602331927859991,7.281498412209911,7.333175309363068,-0.060341024849041004,6.86360902932159,7.458952895525579,0.4346609249907875,7.376954787882907,5.769589094964543,0.048081712473202184,7.294796250555106,7.846868309065089,-0.14267714892552047,7.426074079344686,6.078407682589349,-0.3512574533063798,7.367087292716196,6.007207562287141,-0.19780668229882517,7.438092045312958,5.959100403883325,-0.24227948444123323,7.275613138338531,6.3345383095342696,-0.13803811290193832,7.556174710755825,8.090362780988372,-0.35562804813112864,7.550829906668126,7.87014701288782,-0.31779424971550124,7.4147812555532004,7.877605210694295,-0.2569213893193049,7.109589091833148,7.643901227688861,0.055236319382469166,7.162612172299749,6.789591763748504,0.02024367916359344,7.198945574367102,7.77215228308566,-0.04296577971390886,6.9634690215961905,6.838003025533244,0.12258848912303999,7.082683964105662,6.965605945002118,0.03969489974311069,6.915502684804878,7.117766727649826,0.1874892487110275,7.387457584602732,8.094159616869774,-0.27051120969143644,7.245990688255359,6.441089289210014,-0.06978772075032202,7.050429041144718,7.808637558588269,0.14421327430158773,7.155546848966637,7.936177019203916,0.012974819023185735,7.029000626357149,7.483600599328084,0.127052445111774,6.805546317679447,7.321118127249543,0.5732279656518382,6.945300538010458,7.562223266395626,0.2472173096124191,6.8308521397013955,7.503203680809288,0.7903260947685031,7.027210944091925,7.19011481147674,0.08084059075303511,7.290619374575152,6.2240322033544615,-0.05337537959876602,7.26217911301618,6.566347083192704,-0.31513481573786645,7.238589532114709,6.634875514471886,-0.21554220627181464,7.274383177419202,6.443463648549933,-0.387879227732753,7.239336064916179,5.684546744918932,0.20694257353754328,7.075697786083881,5.625620921570792,0.23297532028833465,6.942961116690855,5.631276602737231,0.2758860497812958,6.847597433724823,5.6850882842338475,0.3461302765429395,6.797653890191889,5.778153901088,0.4263163086101702,6.815316128993435,6.051242302261542,0.5690969903873512,6.701357575989635,6.576456292418344,1.027360687164832,6.878750739514542,6.221764084117138,0.44484232757473563,6.956747374299668,6.235009871942269,0.3527129961885205,7.064101215421883,6.202761366168731,0.27683398868330594,7.17120336019365,6.142357094144518,0.2327803090932992,7.254956925102053,6.076076104498798,0.202069098495615,7.309483053463113,6.0166743397514395,0.18526295260134218,6.776549899878693,6.662038755737225,1.3863460829677112,7.258696719317632,6.686585923603714,-0.17552314386666393,7.311058116460676,6.210648089489707,-0.2147843542647825,7.302932531164062,6.542052324697485,-0.41307065447644337,7.371555081191853,6.625914268770952,-0.40555242922944973,7.32172633401139,6.583222860026703,-0.3700306008317471,7.294432609935479,6.734914474973009,-0.1633480793574189,7.378313805571161,6.629790249963685,-0.4356751971112186,7.407606127013377,6.682078918982804,-0.3377150488189644,7.319235752277354,5.913556555337471,0.25513620799802417,7.348034663310193,5.928055120748259,0.17068755919689718,7.360046212091059,5.936343987813293,0.08480717015406562,6.894480691886304,5.926691824935068,0.44349404976262474,6.830706683453545,5.8938529379202516,0.4635779746612038,7.508054361466788,6.090706578761804,-0.349709707919091,8.215830203092965,5.7658942210608,0.033413656999406835,7.5405067911956465,6.6413069622935295,-0.3733272080421554,8.706082643245479,5.194820514133644,0.46586449874851493,7.943966058672168,5.917694215172172,-0.0043430060019651,8.037975002074884,5.919552347436385,-0.027724608686650765,8.13732447144036,5.901752495616038,-0.026328781298419493,8.27456101524607,5.818560791116002,0.02548235038034255,7.8602681093879445,5.899306834193839,0.03450066281423861,8.04393585615348,5.452108730384378,-0.03681372464529825,7.927372638083997,5.492397971976618,0.001878771571057683,8.159586407569781,5.467861499422469,-0.03608124893794,8.244468684440674,5.526636518866588,-0.016398434460273836,8.373859147112306,5.899423056587955,0.04412230784420109,7.955859959017273,7.965263990649165,-0.3167625977125144,8.250565012475603,5.720047695175667,0.05805889586664543,8.778409336447709,5.858996914997738,0.3905477972896799,8.505978340472787,5.801903198653779,0.12475427873134064,7.999376332853499,6.471177341890472,-0.19301912626604412,7.608607409981149,7.042726277196024,-0.3796246747948155,7.614963277595576,7.201245066520627,-0.35126133035710383,7.745108829318552,7.104155160142599,-0.3673421558193847,7.843020848705267,7.1731876971435,-0.3315076677908848,7.723287540057621,7.214149317371638,-0.3448540583977327,7.813682893930393,7.233952044683226,-0.3046695640207423,8.0059753405685,7.429552194918298,-0.25976972925117997,7.489047365393443,6.514181053755107,-0.520315759923182,7.491484470565768,6.368219987161634,-0.5346924879008748,8.372410288800378,5.4197151248734,-0.0034419269816173582,7.792665892157578,6.129115584444323,-0.10610789293912655,7.7806443610851925,6.506590947096415,-0.35191312051674467,7.79162416873547,6.441930653780916,-0.317168529379694,8.334310021134131,6.444084689686591,-0.15816833959019788,7.496631767885552,6.2106509415729985,-0.46102567206219447,8.076751926501966,5.288665819257527,-0.07930088913190349,8.239113898061456,5.316816950872853,-0.05319028384954763,8.52758358442441,4.90681749989921,0.35028743304076365,7.647924091171091,5.507710450656631,-0.057018230834820396,7.836278523804883,5.581341971964583,0.050999087303959606,8.084033295144387,7.285017882991245,-0.244855851493012,8.842770161017631,7.409310959800689,0.41633348232537154,7.715937721416212,6.60354751858058,-0.3037694643595618,7.631321401312224,6.660322514616748,-0.2984516436536257,7.962543816210188,7.29537807554651,-0.23033435800639046,7.943484056595956,7.28784714961611,-0.23808389166468008,8.302569899207247,5.218141642695332,-0.0008001631605182442,7.803914508658051,6.5913370369901525,-0.3087049944949743,7.883424173629154,5.35178598759578,-0.0803445120860481,7.88678606680865,5.213110924280076,-0.08311997906164305,7.997205184448077,4.5822019359452995,0.14931490486586124,8.400879784213084,5.048847682696595,0.1521458649151806,7.920541898601586,4.8681022517732995,0.03209259095854104,8.449088548084148,5.359516915866975,0.07480964895574707,8.571687487418624,5.2785259501365065,0.2636603719345824,7.611817429725389,7.128992527483969,-0.37755994474719623,7.731891562326332,7.162211454597337,-0.3628115769475204,7.827228150501099,7.204453660223222,-0.32702927313048913,7.697061921174263,6.6406930513651,-0.2806663641963453,7.955328758504288,7.291143444879909,-0.23303592705827253,7.897783699979497,7.301333225458524,-0.2797003769547581,7.932837229669926,7.2861601423493685,-0.2375926648815732,7.640247708992841,6.526690291070287,-0.41935357114793825,7.804704535729711,7.254260303758178,-0.2875110521486027,7.718283559923219,7.242357134142377,-0.30816886968193186,7.618432123898492,7.248265224680087,-0.31656223886130797,7.671343973116737,7.64716971514057,-0.30305267789554274,7.639338607443772,7.4388150484272755,-0.36985020656357903,7.628715310204894,7.359780968344978,-0.3665730737343934,7.623399739970931,7.292039712054167,-0.3327370048169926,7.6164463609069974,7.245516529408198,-0.3077281114039387,7.804502037816037,7.252982570443723,-0.28136133667956686,7.815831938690308,7.2750469998052285,-0.30442375009208245,7.82901426766221,7.312402160711652,-0.32974080219198965,7.843294648701222,7.3542400835310096,-0.3268438877165614,7.931670727603827,7.005132967334786,-0.2959186594625341,8.940720683528777,6.621939177683849,0.6481341899357482,7.8735388529418735,7.270296142062921,-0.25687016322956696,7.881613100739246,7.285876360061895,-0.27223012463999835,7.605318957946402,6.726336121453919,-0.31363250314613034,7.779097105899719,6.699858806220112,-0.2390829452469246,7.617099487980681,6.697571435420574,-0.30643308733453056,7.906162407668204,6.206615243715958,-0.11764813495612325,8.06954756410841,6.286281773268078,-0.1449820890037704,7.824419561480095,6.521744778643355,-0.27596985200987534,8.2964635888808,4.694867069176542,0.23081259444138197,8.189849863372649,4.906118382982457,0.07854175591558038,8.11064465829288,5.159492471426438,-0.048951024118073234,7.9135935106834125,7.5097948452952386,-0.2956151576929297,7.658005492584642,5.310863227002484,-0.07213522482940796,7.675948661590371,4.89946982032027,0.03211923454131796,7.715864280271464,4.56156319171898,0.13865483134985773,8.224729415982315,5.870517192431697,-0.004571563642987242,8.497996785382378,5.995980336411353,0.05792931547305213,7.803597927412728,5.8758038853223375,0.06383601896244268,8.362581296758098,5.612554101972183,0.035076633236230136,7.708382552777837,6.037446775382033,-0.11141877283299076,7.6924622238463884,6.435481380438702,-0.4183628732784609,8.64606696756969,6.108204822774106,0.107675736600858,8.410787921566694,6.087005287670656,-0.02896129316951848,8.258495230066769,6.138659368157484,-0.086078809368676,8.057956697612994,6.134863958317726,-0.08016642399460377,7.916106196062955,6.094839247450745,-0.05497439563959421,7.805610072174666,6.0399452003451195,-0.04132148406559537,7.547894399940664,5.855739835879194,-0.14084920863677247,8.642973883240389,6.426495892029793,0.03449042149562365,8.45075772983032,5.598230939683804,0.06323853536531326,7.475998371315404,6.614447467898703,-0.4823059122100255,7.781315313679446,6.257189097656245,-0.16354649968326337,8.901618621606499,5.897457971200322,0.6902383814686205,7.720247219269207,5.971145821153275,-0.021820523320593935,7.847937840299287,6.548614255329701,-0.18262747166697324,8.313433484463408,5.726028513837303,0.06406909878484535,7.70557325073601,6.3578769071061165,-0.37232046720416506,8.91760098334953,7.007212136054068,0.5553228986963276,7.79928272539315,5.832829050801027,0.09401983925216369,7.596421884119519,6.267435206879862,-0.43318131765587736,8.499000718700879,7.690732435330278,-0.0462163302355445,8.561012852680504,7.933367717162088,0.08375360390172806,8.827577113325438,6.522934810396606,0.33327602627712766,8.652364367476649,7.491480192440832,0.06150430161001152,8.683828550345108,5.5462795295138685,0.35606744721317835,8.003690108831432,8.1557745982511,-0.30319127131797424,7.491873066914194,6.677991883626522,-0.36493225684782865,7.877787031004108,6.368556532989995,-0.1649556739300214,8.616450221653102,5.830656476353959,0.19191938077448,8.1151488108305,5.819603940579756,-0.003191172389629223,8.034261589629748,5.836545315329453,-0.006528414475688368,7.9133845955823325,7.324954892297022,-0.275768245372229,8.656016460131022,6.74851677320954,0.02059541289252755,7.824423839605032,8.39501661398721,-0.2632162490895817,8.195994676823528,8.233103845546085,-0.13063895099140174,8.365582401401259,8.116726725911352,-0.03838562361295937,7.953044239788041,5.839093651750136,0.014219654503857827,7.8825492970795805,5.836927851000884,0.04847314419349313,7.830689866595787,5.837677592396058,0.08271952317156356,8.548401653387664,5.574790023623885,0.14432964152805855,7.8772059190335275,5.687701505549405,0.049012171224103396,7.952227117925114,5.613991908461357,0.01571066599407634,8.034580309937539,5.589384846845752,-0.003921176894936582,8.121213765949225,5.6049440307304526,-0.005810137561404433,8.18241091712839,5.645218298885414,0.009444872266969589,8.823249789951872,5.506194924897772,0.6022431448129921,8.173468922989672,5.795373710469,0.013974137203001214,7.8191047042669535,6.913151142131288,-0.30437149903491173,7.706548663221599,6.564671484259128,-0.3296318659794064,7.612404245862552,6.858565833041935,-0.3328670642714512,8.337793840874324,7.882069434065837,-0.1311528050446821,8.179695733835173,8.029020886582177,-0.2149134555975105,7.795790349403083,8.2424522615538,-0.36148847768321457,8.716367255593527,7.720147396354015,0.24711075756321213,7.824245584399332,5.775727491228016,0.07503964273490107,7.610342902663841,6.052470837139224,-0.21890278481916842,8.01470628054367,8.323030744738277,-0.22353135949036607,8.818520322834248,6.881011728543637,0.27408482549150204,7.7171184838987665,7.239739634701883,-0.3007901959791004,7.726569574904963,7.279019951829863,-0.3272766022283974,7.738104112755377,7.332614161975526,-0.3574407253178886,7.748735253223306,7.397185327688175,-0.3600112990754821,7.803265659709304,7.587207516026492,-0.32011791773130005,7.888465943867164,7.2645827062098345,-0.27151561092985194,7.900647904624679,7.250427103814812,-0.2794903254767417,7.916270190852199,7.238886861797816,-0.28412930579557205,8.026803391823274,7.133536609187664,-0.2735190434686113,8.46835722279946,6.797222512594096,-0.132146366138401,7.625234342547992,5.9346840753378185,-0.1169605823458389,7.70504062418138,5.716094707734071,0.07243137914225242,7.771615378406093,5.726305165916549,0.0806797321413167,7.872708896704136,7.27106549153072,-0.2595427658105229,8.538879260299186,7.212218456983499,-0.0585687280368472,7.593899929469281,5.7188704977972264,-0.026070648263903245,7.887508356902146,7.780304250152717,-0.31038204175209755,7.527323036182099,5.976700966383699,-0.24790394866477425,7.691720682190677,6.260742793437074,-0.2641759751170687,7.716811884944963,7.8486394527889205,-0.3385696934026915,8.133023529837239,7.514850162928882,-0.2401640407875924,7.937714292097869,6.669559699376105,-0.19953016503703316,8.02143220596513,7.673281963713103,-0.27635858204970487,8.177741343759882,6.636439882157106,-0.22195389004752683,8.043761879072717,6.8154836888867925,-0.23480575614996244,8.303990949707085,6.8969919512242015,-0.20811270755345807,7.762527214998701,8.058147787193503,-0.3787711443061241,7.775725230428704,6.353380597797548,-0.2273554238544397,8.25713763842016,7.66115419253812,-0.19694406079464305,8.110783697353325,7.831026412424148,-0.25008089036438147,8.20714418342963,7.318370858019299,-0.22896687319586542,8.653953690890667,7.030263386234326,0.02150917971455754,8.37867560277031,7.365328270346352,-0.16622899542813557,8.773458119854194,7.207669384134044,0.19310698380055336,8.145758794753247,7.022184147291194,-0.24429657578512928,7.6941264144468,6.150828494540189,-0.1881295414099007,7.661748138883512,6.4940524759275,-0.4378237962331196,7.748812259472168,6.553061366201496,-0.35645176543666685,7.59007813785908,6.388693667067475,-0.48497724472264075,7.761567488971214,5.571464137995941,0.03534955588234428,7.909485797723269,5.438793779539435,-0.016434727498678046,8.052816530501438,5.390157203174692,-0.05235842807977423,8.185476193645602,5.407706071665412,-0.05371936201148979,8.292678874353383,5.480050590388212,-0.022317565679786756,8.39416312806232,5.7631359000078035,0.0831152831510679,8.81656165463402,6.186969380985386,0.36044735587242493,8.308723268908,5.960634468183576,0.001968958956810155,8.192080192506364,6.003164734221873,-0.03273385570533284,8.054295335687922,6.018066869418365,-0.03993612081498618,7.928501350046488,6.002213564444259,-0.016735822823005505,7.832150133240878,5.968373596194233,0.014162658794454152,7.758468700475331,5.933006693852184,0.03191003534600386,8.930530189929339,6.260638692396945,0.7017545590328477,7.760127899929984,6.609122628394043,-0.31406430410003705,7.596700675261234,6.156991846532461,-0.3123007585043481,7.565570186137843,6.49499009830948,-0.4913360981117637,7.529765132500184,6.595943151505432,-0.45033289985689545,7.579514021348494,6.536528552383263,-0.4501861958226046,7.741720554368612,6.671007844667209,-0.2783841627977724,7.506907110962905,6.603924706595841,-0.4727798203260308,7.520052362852021,6.665539687977166,-0.36901840092808225,7.760375318155495,5.835611971072409,0.09290454656437745,7.7013150903822565,5.859565905614331,0.051463447685282424,7.654071043684438,5.873346459056561,-0.014361900765387368,8.219399585331894,5.682412673596295,0.029598015193802528,8.305063333024574,5.616899250866319,0.021640771049690147,7.004765761611045,5.885589383094427,0.3168033067451161,7.092079439487681,5.867419116956636,0.3169930594115834,6.999151435652328,5.762704165899598,0.317078020299,6.92390563520156,5.9042708851621635,0.3170086567420821,7.013170138049373,6.017002329329927,0.31697247093532505,7.999107524003304,5.697799662952291,0.03912667785209192,8.09752436213256,5.6831542152520065,0.03865514269873969,7.995433327703423,5.5687756929835786,0.03865380299945935,7.907072222238096,5.71043082682817,0.038533007245221934,8.002302570310265,5.831301760198592,0.03855151514900122
7.54726151405956,7.117056844152883,-0.37417324463716073,7.464270865184935,6.545399518323074,-0.5205553171307729,7.530630433010645,6.764555576309355,-0.3154137807076802,7.406970748710634,6.140757157380973,-0.29388334664872573,7.452546658632512,6.392736265922553,-0.5317483187023485,7.46165625322695,6.228501385694828,-0.4667508114861906,7.502466406064862,5.853088953778916,-0.1375359425861562,6.959018236099562,6.0301404469250715,0.45246312117537146,7.50133388510443,5.578430772746976,-0.022108347526647733,7.488197071762652,5.390880717174456,-0.006152245035918897,7.46674579239448,4.633254996923696,0.23057873351923422,7.551012228638194,7.182421426770471,-0.37222538111383807,7.561131135081618,7.247108359275113,-0.3480942588009897,7.571735714650389,7.296253751768673,-0.31111583321873115,7.572615370399541,7.294383408803659,-0.30040492311228534,7.571138293726291,7.348402008187678,-0.3247423042828467,7.573900470085192,7.417409139245364,-0.3567005853642682,7.580033705039787,7.498649788938247,-0.3606564395317966,7.600580973369334,7.703217028531013,-0.295872130640021,7.487124006361813,6.649096461240855,-0.4820958078928963,7.442908410990131,6.6921222290886435,-0.33796384627411985,6.7112425639879705,5.660509172764479,1.1203516430556026,7.20415780629187,6.082242141761263,0.26719702316673194,7.115860569640599,6.118803012918416,0.29709947605468207,7.034874934155125,6.13829798947638,0.3474488436299911,6.935296900486224,6.097153309574255,0.46772112800957094,7.279632699368363,6.03476723559264,0.2507123648645383,7.021045427727492,5.697413166970366,0.3034299261749431,7.135200818477214,5.690757367790195,0.27233392979062426,6.932040455017457,5.7499564805112415,0.35539972637366507,6.886361393281346,5.828127647398654,0.40640668676470854,6.883178730013037,6.207464862579718,0.5199598661197933,7.309148444879821,8.077453959563897,-0.14707937696699597,6.931756071196273,5.998435590689337,0.4976456304932284,6.725197428523178,6.2927133900547725,1.0515418614758418,6.801956704953279,6.149362454216939,0.6644353984948296,7.136074027237977,6.651313508914818,0.07006857285185313,7.442003683619464,7.099167167703918,-0.3242260751187791,7.471833182565881,7.262078982647697,-0.30398349414676684,7.348757308881146,7.18594649675547,-0.23845372983707283,7.2945295405404895,7.278780264236856,-0.15026699859616724,7.399639090247627,7.292220802364986,-0.2359794070326894,7.344888399515372,7.333726513616926,-0.1550972143713406,7.234527419598923,7.571914081329167,-0.025333591978037643,7.39799081021603,6.56250839284486,-0.492344549519166,7.374718614793832,6.416456885203847,-0.49808536882629917,6.784881498037527,5.774235122454254,0.5011932649375906,7.296951459178831,6.251926159842246,0.06965582008997546,7.257788870040472,6.625574982267594,-0.1931314238438938,7.256548182941504,6.56083074319949,-0.15137027306239398,6.89952542724077,6.729962469275101,0.28162759933480974,7.388278064041148,6.263412544156299,-0.408530835126808,6.94362712581757,5.586218376555534,0.2723784990749423,6.838958836649096,5.652507743841001,0.38455748494649283,6.738955301746484,5.3427990777651715,0.9397113263725961,7.325782391256911,5.626315062678335,0.06554371599550578,7.244901340249756,5.738295311178627,0.2738177668475336,7.160128457251441,7.454381184995362,0.046580246620970024,6.969494592232585,7.7269720317503845,1.0062741534155868,7.334354736818886,6.697949590260756,-0.18848932357889966,7.406589660063608,6.729708887731779,-0.24578820885750122,7.255380561710952,7.430685637335582,0.01855987502975835,7.273854048775194,7.414854699179014,-0.021184442883876428,6.7959359341294805,5.573096964352686,0.4689430561631547,7.276040294171295,6.707090703465099,-0.1536191751269066,7.0993032707921415,5.575229484845542,0.16503863835835347,7.069442969567864,5.447972022858139,0.17181248682071884,6.9941622024751,4.857337270371638,0.5016908918539092,6.7680792136302665,5.442357054136861,0.67736156544513,7.03653395916737,5.110637653367055,0.3323646592431697,6.747742546921444,5.7319264029817925,0.6232218611750437,6.728519776539928,5.699796045512349,0.8590150890326085,7.452156974000966,7.187199361499173,-0.32406584059484705,7.373963600820211,7.2446004807915765,-0.24373576085585916,7.3189457182358115,7.3055388477137155,-0.16314042559978092,7.362715755076572,6.726973931990522,-0.18733301815609357,7.265161359429947,7.4224950967526775,-0.004578575813478028,7.300301027813226,7.424031628985521,-0.09016029877262512,7.284494444946129,7.408861865304903,-0.027762215036597208,7.340443559186797,6.615686018410064,-0.3140285064628514,7.367758016329245,7.349068196987932,-0.14705039909730752,7.422419881888133,7.320047436918382,-0.20753265278357336,7.4918503651833985,7.304600452737014,-0.2676069889492537,7.495842483660618,7.717166162409875,-0.26238286889909157,7.48669134180767,7.505248639720976,-0.32081673752952333,7.480185614190567,7.4237028325776535,-0.31525428490116786,7.483048077035529,7.360120484083755,-0.27903568614844604,7.49225222745968,7.304055324052075,-0.25723609032422773,7.367178503706229,7.352624069250791,-0.1404889207003994,7.354400572718135,7.384550988419943,-0.16386262261166892,7.343722210948906,7.425187072571337,-0.18456202195890897,7.336313904957267,7.473543067153199,-0.1695591636443766,7.210281012597858,7.147479466031139,-0.0820415089172743,6.842338491229308,7.029794707304157,1.320699865996439,7.511368264366747,6.712391560585397,-0.37234615021926043,7.327490126848099,7.380045259867689,-0.07523392569274553,7.313384832583801,7.404265878915195,-0.09017295770295253,7.427465008468979,6.784873618385051,-0.2631206013621683,7.324176374815869,6.797740374546512,-0.11768066220310869,7.417568164958972,6.759968185904166,-0.2564773603781323,7.215037457365262,6.367471234755939,0.11505673792856075,7.081370614420579,6.499719023922877,0.16869607307372522,7.2578125089979,6.644627265622809,-0.10586841396549067,6.828528325766842,5.072879791365574,0.7178667399156138,6.866678021395999,5.243246115717786,0.5057410332266349,6.905279006212424,5.471918286733068,0.32695590460885127,7.304565352466893,7.630275801891614,-0.10926301078441822,7.272245883338022,5.447122811220827,0.06413300636679634,7.232695042232203,5.036492630728918,0.20031963681523424,7.1990123932249634,4.720400013483345,0.3313397000161126,6.972551181061276,6.13598781863679,0.41096833398709137,6.8136673011968805,6.332840162123392,0.5875984000380325,7.330258033863347,5.986559521743739,0.2585509849458039,6.837546946191783,5.935809903639244,0.5215922973049313,7.347851148846393,6.137303720600302,0.03053410385066388,7.281799603799296,6.53890668468275,-0.29118564017371956,6.746139395808576,6.495212579038579,0.7119758490454128,6.855365705768463,6.405219784440857,0.46553944923024526,6.949231707724221,6.4179411251975305,0.3316896282192566,7.104179343010773,6.349444022554663,0.23894916298650887,7.221087597802835,6.257904667075491,0.18859377374496095,7.305349736054288,6.169847401658721,0.14298090556672502,7.427184206308012,5.911176319168785,-0.0754889454964986,6.762613600140012,6.786999691889517,0.6265238384993124,6.788241811652571,5.950655527070276,0.5966291085662039,7.4513962293709985,6.653386573848081,-0.4622389493408159,7.2954579068685845,6.373931117122271,0.005024619827250094,6.759957440923516,6.357138861363616,1.3909288804369555,7.365742974291488,6.074999308471622,0.12387062170138066,7.265822533905898,6.672610060561641,-0.01138070924817944,6.89625107347092,6.023025120739135,0.5247741546996918,7.288368368636207,6.460115890577898,-0.24097409936061356,6.9001894670448936,7.37533107869084,1.1939286143834158,7.339092556953164,5.939850732695407,0.29863314295935234,7.333621212806563,6.3434311313833405,-0.3392402604337459,7.015387837249637,7.9082298266547015,0.38127202802997245,7.083778922750099,8.132395910951708,0.5188408659266789,6.766979643943826,6.92013215112991,0.9856410147823506,6.939372829812508,7.761358835156172,0.5708640328626255,6.728218200749706,5.978791617066371,0.9905391142113132,7.303813920153488,8.266529086056568,-0.11667121604186394,7.4823310286602025,6.715435255437309,-0.3554675092932608,7.235031001025351,6.51163305846677,0.041449070653423965,6.759640105828342,6.204071597690683,0.7906598201343112,7.03366075134176,6.053941295395213,0.3652378978122515,7.105537508564839,6.039439869510979,0.3200453150750359,7.29154530124817,7.458837486636629,-0.07131239390350974,6.805587075748641,7.0880919579827095,0.5881105774489803,7.479533035699136,8.471363517501478,-0.17639916089386393,7.256649185759607,8.355572024364896,0.1367737317140379,7.1721836092078615,8.268752580718921,0.3088170341503285,7.470568856509485,4.977554262871627,0.10794750056499235,7.663579511247956,8.472732428036194,-0.26388087589923215,7.181413547585571,6.0088424626141625,0.29385948383753385,7.256980847495648,5.976860385877678,0.2901937441475353,7.3127437154050625,5.95814764391098,0.3012747964519715,6.751319192813559,5.95444563991129,0.7244552934252204,7.2376570742960284,5.846579644501597,0.29754803422603576,7.151764564314061,5.808327513390251,0.3016365217484534,7.069003141693287,5.806748717566855,0.3280473036329229,6.996067645710235,5.846311736317409,0.36969710955244484,6.957840586220404,5.9024155782794265,0.4117708945000853,6.724029090960583,5.9825140365292935,1.2898338345833906,6.987910772733364,6.047804478780402,0.4132673121385048,7.540854640264431,6.895069841931545,-0.3113949788618482,7.282884846844871,7.026707316197605,-0.14412027645232034,7.322524513124057,6.662661641144518,-0.21932450794333413,7.425026614193642,6.920748196687134,-0.2734338352577099,7.514160526671467,5.723658856704234,-0.041004105334974894,7.107186504928478,8.061133766621765,0.20855852981106093,7.202483021974673,8.165163803939674,0.04599509008494067,7.443991505039576,8.319066310775076,-0.27471392061905775,7.02880473642034,7.9738623174564776,0.7681853499838144,7.306376239872314,5.901995449536041,0.2984524034306813,7.3731054350323575,6.127295129291544,-0.12302114143955169,7.631189841578844,8.321809862500853,-0.35853047795421256,7.35183610400318,8.422233884312872,-0.034588126288014664,6.822180191199263,7.241591169877743,0.8960268912110088,7.422722174010398,7.325770929944218,-0.19910834171541797,7.409972179971993,7.367526641079264,-0.22279625596186098,7.403568171505037,7.423103978989468,-0.24774175826641745,7.402136940082556,7.497456379754136,-0.24471706859902867,7.390560297931049,7.683883226682788,-0.19368196978991,7.30503168462707,7.374731508770611,-0.08119878344275971,7.284324674251871,7.370740106625435,-0.06918109901000967,7.266036717186839,7.360970770219133,-0.057803664322664816,7.1657036695443175,7.292323954179219,-0.0040325894888076745,6.8739086770409035,7.092151411671998,0.3398284809681635,7.38929740453874,6.0133732627879315,-0.01571101689727526,7.371630507355237,5.815164186411351,0.20829174089569047,7.334124794232992,5.841562454870439,0.27064741553621835,7.327955742676234,7.37772434404745,-0.07799590617960414,6.914911523198459,7.487068132462437,0.4206892284389665,7.424088935548983,5.789761619492427,0.058530120152403914,7.3485510052526815,7.883520669153676,-0.16598148802494922,7.476625443935448,6.09995560052758,-0.3520084537831259,7.416298108246231,6.028677696892686,-0.19486053746949875,7.488063117670558,5.9802486364424094,-0.23852296780613144,7.32253382544062,6.358972671394422,-0.14057732055161587,7.611530824982967,8.13025407814229,-0.38109728778216395,7.605846730219512,7.907201173840546,-0.3401674403368948,7.468873298563032,7.914443290798144,-0.2802894686925796,7.160711551534674,7.6802550048835565,0.03499489375989005,7.207605512416194,6.819008272911603,0.012503925587021293,7.251489446051836,7.808878870243522,-0.06541102667717566,7.010963054218275,6.8651515178117615,0.11454951887847506,7.130028184792663,6.995911485324799,0.028836086310984783,6.9638076321409565,7.146834767192184,0.17623737058627542,7.441231477676804,8.134220408665952,-0.29693064554623066,7.290940000671595,6.466935371629958,-0.07331706591567125,7.102147109003978,7.8445908879293835,0.12288105375433704,7.208649208203258,7.9740836640578525,-0.010818212309363012,7.079485228482657,7.518283017580564,0.10965538166112682,6.853105678171904,7.3488926956373275,0.5618129536419733,6.997299736824682,7.593623956564963,0.23033191235957032,6.87780194169615,7.5314191145903,0.7784212871748104,7.076016748729077,7.222844043972967,0.0674420910480569,7.337818918580206,6.247605961289202,-0.05334319340505167,7.309613344375912,6.591338608590896,-0.32325537804400073,7.283486565761229,6.661761928098153,-0.22362867856690927,7.323131246364718,6.4670514174209695,-0.39568333038901066,7.28582538988255,5.706065741721188,0.2185164853985102,7.122063288803393,5.647289264905679,0.24384502387783624,6.987584841653669,5.6543873991225775,0.2853609876321459,6.891077007122282,5.710606212377542,0.3542830094889386,6.839722446607236,5.8058898354469575,0.4339932157713463,6.856382897269927,6.079823804783137,0.5754484683981353,6.731593557337658,6.608325706665324,1.0310947005493432,6.922703066833255,6.24879865414127,0.44782634862994924,7.0017674997786425,6.260459823473884,0.3552272470488682,7.110026045148055,6.22698562709124,0.27965448510696134,7.217037456430109,6.1654892375073835,0.23701152958017935,7.300262345882889,6.098363910727404,0.2078110149385181,7.354795988006027,6.038139010520376,0.19226139380657314,6.803983924635772,6.697382255282475,1.3942055622859457,7.303281685445329,6.714357892044211,-0.18347776386989378,7.359735097444468,6.233516426329857,-0.2165506911887291,7.353026647859117,6.56563016788949,-0.4217642189821717,7.423157703892715,6.649407349347641,-0.4144581246189584,7.371833229323486,6.607168114083378,-0.3784551865820177,7.339778086718586,6.76321531905637,-0.1713061855710636,7.430017299539198,6.653072820413123,-0.4449754814099385,7.458821727331677,6.7059868357863985,-0.34621422296801546,7.362896270751479,5.934790563141652,0.2647609121997824,7.393305998652956,5.948710685572761,0.17972582928824948,7.406942095428903,5.956523361002834,0.09252473176449356,6.940589161622004,5.951491486564788,0.4501171785043703,6.873850654145397,5.9220885633501466,0.4702065763460016,7.559573112887477,6.11244914769449,-0.3488320584201955,8.265213184093056,5.794140557273019,0.0533435123966647,7.592073814023298,6.664966797659805,-0.3801037800088823,8.756644186403271,5.220384378556388,0.5068482139410351,7.992953999074073,5.9418417776097145,0.010239166281534904,8.087792779944609,5.944993996766184,-0.01242883244296043,8.187731128631283,5.928165566239343,-0.009746252186481542,8.325092095923178,5.847473268725594,0.04505136459049514,7.908747734721996,5.922619723560241,0.04854959450924711,8.096749795813828,5.475824803531115,-0.017394078207378767,7.97906790241502,5.514979513016998,0.020527517432174566,8.212281976750742,5.493561901254861,-0.01584395665200332,8.296572768283927,5.553998835746701,0.004522769070230963,8.425536891364452,5.9277364833454165,0.06367114008920104,8.010981927607393,8.002432504670802,-0.33625722995174934,8.299938812555316,5.7482763237037195,0.07918761407511186,8.83055604296132,5.8875244677636465,0.4202070026615785,8.558521069871885,5.831212531343055,0.14872371717235355,8.054761993096758,6.496095100115904,-0.18935859251342435,7.667588105362172,7.067052569539426,-0.3919774761045882,7.6737958388492675,7.232956503428001,-0.3648240145888681,7.80581798342257,7.129629904176597,-0.37832100863616014,7.903617364627999,7.201462965145037,-0.34190329196078184,7.783109541318436,7.245168532101901,-0.35718666142638883,7.873188295761353,7.26563986923486,-0.31635213091362907,8.06070683272397,7.464351810705827,-0.27262711106471443,7.541068823545373,6.536089350756516,-0.5280580894106202,7.544305211716929,6.3898437171317735,-0.5409291435643404,8.425489613449596,5.450261778234496,0.022583300854893178,7.844339455382191,6.152159014513918,-0.09844085655018811,7.836201207038446,6.528746947312859,-0.35350249857165206,7.847088737764314,6.463943969017206,-0.3172513290963372,8.389899372211092,6.4703658857852435,-0.14965858645227956,7.548722115095816,6.232387487029642,-0.46402964513676687,8.131573561766018,5.316915493879183,-0.05629710051241349,8.293259016251696,5.346285107653811,-0.028335132368105777,8.579736675997816,4.929440746686417,0.39200935288051436,7.69993766043686,5.533036094832049,-0.04044593996648269,7.885949751112451,5.6041227378113865,0.06881785150793582,8.139019117023908,7.3187229389703505,-0.2539431119212529,8.899423489270566,7.445828180398555,0.4234940713251963,7.7707628422204,6.625999767169262,-0.30677799498912167,7.6854484121973625,6.683707476576191,-0.304232553844066,8.022209716053819,7.329432819349484,-0.2406082103841301,8.003052131888243,7.321635545058342,-0.24920741839772845,8.35767804057215,5.246654423579729,0.027263323346514688,7.86040821577713,6.613827853089786,-0.3107110384581468,7.937830099347268,5.379132513498583,-0.060136701824198724,7.942436114385582,5.23900399735746,-0.060744587911742115,8.051784200792827,4.599363537125839,0.18739643592730054,8.454150058501373,5.0729915391643265,0.18663509808485998,7.975181801080206,4.887580451073052,0.06255134521522608,8.502746740649778,5.3898355887233045,0.10449586580711835,8.623762443378029,5.304803393525321,0.2987837070007,7.671010739864981,7.156930751010223,-0.3907782019518733,7.792315124406675,7.190634889978761,-0.37474281815307664,7.887339435276421,7.234432863769209,-0.33837040947943603,7.75212388245416,6.663544162221843,-0.2844391354485689,8.014917455853192,7.325013766974467,-0.24388231791483972,7.957101580307727,7.336457887697967,-0.29276577911969787,7.992234801702616,7.319995144679222,-0.248920885580415,7.6928388098879195,6.54896112124228,-0.42335178987309907,7.8636711082342865,7.287211492386303,-0.2995958260693965,7.777391778948946,7.275215795989476,-0.32089289257987497,7.676783659801804,7.28212338588286,-0.33027039535850095,7.725416874884416,7.6819054339112816,-0.3216801191100673,7.696209868483613,7.472445646462888,-0.38689581658953415,7.686325202618342,7.393772330813134,-0.38222080982130163,7.681246408431461,7.326684969631448,-0.3467419134447756,7.674231368731584,7.280734418050933,-0.3204249934433526,7.863305778892212,7.2874672229257556,-0.293219888864387,7.874651045793738,7.3097487311320934,-0.317467482290398,7.887870953652538,7.347435676261289,-0.3438818458350839,7.901848740813131,7.38959611500079,-0.34153657472537335,7.987820047319859,7.0346987164724775,-0.30337772347728875,8.995895507199789,6.655194595925329,0.6710562764878893,7.932488411300501,7.304459335324487,-0.2686753086503058,7.940945427403508,7.320614771896663,-0.2848937152861615,7.659762177789298,6.7496616004654015,-0.32094187178333444,7.836009230050846,6.72349828891651,-0.24249017135947068,7.671388963183834,6.7209237915529485,-0.312878972616392,7.95912665099409,6.230239207231834,-0.11004260390127434,8.123890900601802,6.3109483385486005,-0.13721912235463768,7.880716945536264,6.544158114892063,-0.2762631901310458,8.350120737515509,4.714401807118909,0.2711535265101746,8.24370889615368,4.928015604086304,0.11144293231170024,8.166584290381506,5.185867202718724,-0.022756933026572224,7.9681073058207375,7.54414403700719,-0.3108909497278928,7.712213442662612,5.336065556558306,-0.052756422323752876,7.729420454674328,4.9169790762954335,0.05978557040707572,7.769503530488307,4.576902229576637,0.17362253477452663,8.274917334283419,5.898549892407846,0.01354308693628812,8.55098310778041,6.024457068493659,0.07799188240820475,7.851582288671832,5.899136210185274,0.07831490338897297,8.414363544153314,5.642219066703318,0.05846938303001519,7.759242790300312,6.0599463069140596,-0.10370538220466669,7.746526463867942,6.457853713985208,-0.42095530102229367,8.700288195562019,6.135140397829586,0.12849972725540212,8.463980283131354,6.11412894633599,-0.012492935766318183,8.311486801425092,6.164250699404546,-0.07280839181612263,8.109593629349904,6.159575916490077,-0.06918898425882988,7.966204727913776,6.1187987149261565,-0.044628588776355595,7.854510654064775,6.063233554660688,-0.0312841706561109,7.597883983226371,5.876555275184844,-0.13283719612630177,8.699018138849278,6.4546502770876435,0.049650081996117944,8.503274677365678,5.628178958654959,0.0889449631123772,7.5272328701293505,6.637347183066917,-0.4905840292105384,7.834411809594323,6.2800185535837,-0.15870141666174584,8.952846816726614,5.9275760249677205,0.7248914948688274,7.768662556669492,5.9941118104760776,-0.01117019576987344,7.904590859874821,6.571428159447827,-0.18176179046020785,8.364339212242644,5.755467939252266,0.08568885342425511,7.759461987905557,6.380125956632588,-0.3730873524156718,8.974355402658249,7.042077652850342,0.5708892387963985,7.847138881007344,5.85643852241331,0.11005362869912799,7.649032240112953,6.289516400145597,-0.43503740403669033,8.55418081402163,7.725063723187077,-0.05238462920425641,8.616728062712983,7.971306444726042,0.07650982498871545,8.883736533854696,6.5536702880948265,0.3528139915511747,8.707979452710756,7.525767254768792,0.06148840919718676,8.735767405333814,5.5735697435012534,0.3894486896795389,8.060119440448476,8.196019090372074,-0.32464557707162706,7.543646186237108,6.701438127311547,-0.3728153477076112,7.9324454313779045,6.392252025461293,-0.16065283945990858,8.668892794768984,5.860142675409129,0.21815838653299746,8.164791311277167,5.846473627359191,0.014479272756160877,8.08391384193023,5.861796686097072,0.009936071783435573,7.972570770782437,7.360449996823665,-0.2888444208171288,8.712922860141456,6.778184509764869,0.030689791345024264,7.881275684530025,8.44049748608843,-0.28890302573241994,8.252909464917616,8.274357878957614,-0.14814288381213228,8.421876434623274,8.155894467299584,-0.05133808487805129,8.002293536254404,5.86325370547311,0.029962417714854705,7.931238411884972,5.860235082242713,0.06404661000676343,7.8787656570503595,5.861134795289077,0.09858356332443602,8.601046121621417,5.604414284953003,0.1727383124085984,7.925835835614527,5.708425697637786,0.06648209418317506,8.001123766027723,5.633436835852661,0.03376196319382898,8.084000518107466,5.608696517907752,0.014961080206828287,8.170719675267382,5.626251667292505,0.013828752320267907,8.231975377284696,5.668926790605105,0.029628881203544854,8.873624790731705,5.533603071644308,0.6410803324093737,8.22292308925372,5.823236532207114,0.032813237365940696,7.876439010573774,6.940348474055461,-0.31171318698670064,7.760831614772315,6.5866788686493365,-0.33242892765867804,7.668055153854392,6.883155807387652,-0.34214803128044496,8.39328045945539,7.917665352328833,-0.1438008595171449,8.236069214912062,8.067011271036908,-0.23227574651514948,7.851947618013907,8.284010453240862,-0.3867971866213245,8.772319680506447,7.757808693549658,0.2464575539958207,7.872438296112035,5.798073578356668,0.091765996222054,7.661737105232631,6.0743395666597575,-0.2140073990398033,8.071842214336813,8.366616431808243,-0.24537546728831172,8.876269488635508,6.913508228725666,0.28751410267124566,7.775794358492424,7.274215796457052,-0.31280926455443,7.785247792467638,7.313382683587672,-0.34054163428800505,7.796491340219018,7.366869764595573,-0.3720655495266804,7.806426149327319,7.431377614089394,-0.37583390378187936,7.857333002315313,7.621573083897761,-0.3370399570212948,7.948099435519782,7.2974707999102115,-0.2829009914686282,7.960491263536546,7.282762354065469,-0.29039348886072963,7.976419622851,7.270394881338177,-0.29435740176374503,8.082073584911033,7.165499514911982,-0.2810049053208091,8.524617790595315,6.825967438712103,-0.12716239129403248,7.675653287837502,5.956491484226908,-0.10877034222896172,7.753795085111141,5.738743018705679,0.08827579146072444,7.8200171171845385,5.749138429317812,0.09751303866381315,7.931745574971616,7.304636269339178,-0.2712870328947416,8.5943448353565,7.243659936818745,-0.05773749874651058,7.64277293071874,5.740670310068134,-0.01272708680296652,7.941683249408091,7.815489182338943,-0.3286181531152909,7.57810175751905,5.998022267100363,-0.2431987132917836,7.7444405049578995,6.283356660905402,-0.2622050170839701,7.771152526851946,7.884367373628837,-0.35963924803033387,8.188100755965616,7.548761513358197,-0.2522635371335163,7.9945335112295135,6.694561339696024,-0.199732647476516,8.075872298412326,7.70782375990137,-0.2921705743478582,8.233435978320951,6.663042013459501,-0.21953188606986476,8.09981498062704,6.842627173042751,-0.23699711339780827,8.360157982105997,6.925739598364734,-0.20764782554490754,7.817626717156101,8.096129452264345,-0.40223772381430317,7.829771410617932,6.375983408426278,-0.22503474882636962,8.312407288100712,7.695037949260801,-0.20864307937754475,8.166141597178756,7.8670521954785855,-0.26622894518098683,8.262802726767406,7.35054240833301,-0.23640936295629406,8.710221572006233,7.061402142382005,0.027201819524985883,8.434215254068834,7.397054564235459,-0.17123268318780982,8.830737274968271,7.241489450727596,0.19999887675747763,8.201660921544976,7.052300427440043,-0.2481716246485167,7.745911850974804,6.173316597744344,-0.18320847898506,7.7150178826120674,6.5166001048548985,-0.4414353684520308,7.803918987175826,6.575374432674277,-0.3593610425730236,7.6429204951196565,6.410663191637769,-0.48943610711117636,7.812108811426688,5.595346595783097,0.053322968217517086,7.962124500595232,5.463400382406382,0.0031531425532441647,8.106307814267362,5.415936221218408,-0.031843102723743175,8.238812766637837,5.434928690848009,-0.03210568598653137,8.345374321396712,5.509074071652168,0.0006025841198985664,8.44576109394248,5.792902377336203,0.10550399123115829,8.870654161748208,6.21631586130653,0.3852560430009525,8.360109271527055,5.988247916369758,0.019574886755198768,8.243543423451683,6.029061650867886,-0.01757346202169441,8.104927442419953,6.04308098528699,-0.026741721692122442,7.977930367130286,6.026235720957132,-0.00412291763033402,7.880628120362897,5.991745765737112,0.02636201254391328,7.806563685079629,5.956047358360072,0.0442981414469824,8.983278750921434,6.292330868743659,0.7314564541917584,7.815787176468949,6.631715380542621,-0.3169144515676067,7.648570205945035,6.179226337101434,-0.3105581463376585,7.617407613066066,6.517135921223275,-0.49724443977823685,7.580379693416693,6.619231862024318,-0.45757737379839497,7.630731389071142,6.5593078212754685,-0.455704971378757,7.79781154017479,6.694224663635681,-0.2820455566966894,7.557714231235155,6.626841457320119,-0.48073280709753835,7.571700614380268,6.6889639211098055,-0.37634970762379627,7.807934744610474,5.859038091398387,0.10811514464849707,7.7492922218870595,5.882215730990871,0.06495914987377771,7.702404707993929,5.895928117129428,-0.0031518732324506706,8.268936678054045,5.708366958410237,0.05017896449416887,8.356337066987123,5.646029953173588,0.04320183722731747,7.0552065865396445,5.904532697633352,0.34214872522711187,7.145099094651307,5.8857433081380215,0.34229268558243553,7.049329082124502,5.779342569922866,0.3423747503721442,6.971301181645746,5.923897659925459,0.34230828818975334,7.063892828896502,6.038232850018046,0.3422729640658689,8.055273454175662,5.719341523479364,0.06312710828770347,8.155959653515524,5.704937160586995,0.06260219919395513,8.051907409904272,5.587959063420713,0.06259981515137357,7.96004069068132,5.731608709720596,0.062481877796059834,8.058155257985792,5.855204282302732,0.062498739580797436
7.696006605292151,7.19805409308677,-0.375936872847568,7.616631218950828,6.5988499471247355,-0.5351611056291018,7.673865915740486,6.820752399959882,-0.32034846420015006,7.551422686126955,6.19359563343887,-0.3140878192630438,7.60572823344484,6.445988626842793,-0.5489414842092895,7.612113967663046,6.281191185475651,-0.4844654198781099,7.644048434746105,5.906811034580996,-0.15148596080617838,7.0716819053764235,6.078913237152479,0.4147911657580888,7.643710818210402,5.6252091393457615,-0.03696462970453732,7.63325919558369,5.43443152595709,-0.023898109048887443,7.613203614164542,4.678150924509854,0.20754926723019448,7.699917450913875,7.261895496290749,-0.3727365569830837,7.709438816819896,7.3246878249374365,-0.3468812251961221,7.718800068446108,7.37286411068441,-0.3076668336401914,7.719191297908082,7.372707618899621,-0.30038077356638226,7.718568228764939,7.426718295123019,-0.324116470315185,7.7216379310434204,7.495663793807739,-0.356166585551702,7.727086163550898,7.576951133019705,-0.35902862830326143,7.743722834171804,7.7788733523320825,-0.28974331694523314,7.636236161989705,6.7022649349063,-0.49448940696791505,7.584929316047942,6.7439033416443,-0.34939519145761355,6.801611136283344,5.694173475004577,1.0728652933234044,7.3246871004384335,6.132458785015531,0.23968009618383732,7.233262571167342,6.168749664607562,0.2658367742751313,7.149102593405888,6.187575771217509,0.31313480874551863,7.044713878963412,6.146511892189407,0.42969909119390065,7.403358273748204,6.085353308795959,0.22842781159571238,7.139937681009665,5.742664555568638,0.2663753034407848,7.257364479521898,5.737157638641864,0.24131055855096667,7.047283676929372,5.794895137740058,0.31559937323119847,6.998605313372868,5.873158780360274,0.3656487832303371,6.9876327759625285,6.254685389426971,0.4815628957447213,7.432152762149427,8.148093983572215,-0.14892223051937342,7.043073613219139,6.047778616969454,0.4592650351904514,6.807715764888132,6.33357028994282,1.010226286778365,6.899233754530695,6.193756472217681,0.6228617553026,7.2584700650014735,6.703199538621014,0.04597362765111406,7.585932022669,7.1777971009446055,-0.33188995973429614,7.615891505468098,7.33793746271626,-0.30765141539576984,7.489141853776847,7.26139993897225,-0.250212274043518,7.431536937996321,7.351879721542577,-0.16427885856468263,7.539988642851288,7.3662146588288735,-0.2441318482335706,7.482106968451367,7.406207003830572,-0.16491160656170195,7.356228164562507,7.636833873667719,-0.03764845771138849,7.546967741753487,6.614675903360553,-0.5099928253035427,7.524019235812748,6.468456065445105,-0.5185997376233884,6.890253589380404,5.810981189118187,0.4547154078534433,7.4263661886072425,6.304900415370226,0.04975138054180746,7.392839997213157,6.678176792032813,-0.214422340231327,7.390410752053905,6.613925322392767,-0.17291013216352621,7.007773848264108,6.777799752029254,0.24725620490564054,7.535389523176093,6.315320160040777,-0.4303827465662236,7.061271579192919,5.621826453497701,0.2325846472697708,6.950770266656615,5.688192735729413,0.34058507980783675,6.838072273141233,5.374921902295959,0.8894893428808135,7.458849101436067,5.667220663070643,0.04239858731758365,7.369239442169129,5.786253313624474,0.2479313247740767,7.2785966473229795,7.516406924781355,0.029093174435775814,7.039174359581474,7.776278921399998,0.9948448106812897,7.4709569287851325,6.75150333619263,-0.20470477093887976,7.545884615743024,6.784214466207605,-0.2553451004378737,7.384921223103219,7.500254219494891,0.003947172808338381,7.404580503567368,7.485704830503512,-0.03408355753383501,6.904361033979555,5.606818094387508,0.42261371734410363,7.409488984317124,6.761163805907351,-0.17234752472629813,7.224606257071684,5.612125774088277,0.13209947685749804,7.195235791962556,5.482936372002221,0.13603766099631306,7.116774723363845,4.890462821784131,0.4565216291507403,6.871631066990484,5.473623299559751,0.6286911195671874,7.16195737922772,5.144113907707899,0.29188061164660617,6.849022351082459,5.7669403436840705,0.5727957950293466,6.82393439958393,5.732330301780518,0.8108125547037638,7.59651622861338,7.264923902126022,-0.3303149215409463,7.514441358984443,7.319038906205947,-0.2537923179482924,7.455767807173528,7.377792152907264,-0.1750601848395417,7.499909357969152,6.78135414414118,-0.2000862935559306,7.395299671330561,7.49266002093859,-0.017918283887701364,7.432554134597451,7.494439390491564,-0.10183996090851176,7.415776911169837,7.480092861221209,-0.040068590031609855,7.480352956363521,6.666593501962394,-0.3338401525679755,7.504486742674238,7.421708384512752,-0.1551259456832082,7.562413336012385,7.393572465705851,-0.21302102331469708,7.635173321951344,7.379635278372559,-0.2693120148709084,7.632037690263529,7.791589758844217,-0.2613432956109063,7.627248751849377,7.581605314619178,-0.3245096242276365,7.622290280668369,7.500189739083566,-0.320131272983211,7.625679487007463,7.436950394551624,-0.28396253939507826,7.634777745495349,7.380724924874055,-0.2623928229800745,7.503579669921662,7.4256264751245125,-0.15051107947498038,7.489605533139185,7.456898025619227,-0.1736361254463752,7.477742586453355,7.496474508192828,-0.19480935978162936,7.468955138038036,7.543799507610508,-0.17992461831393444,7.338304059212109,7.206446689545098,-0.09919667157486806,6.907051098780122,7.075412350746237,1.2992348258903297,7.657064059346748,6.765934631846413,-0.37968072144894977,7.4615051147834635,7.45230252843905,-0.08664833751128473,7.446784744027222,7.475700223762055,-0.10149100143528306,7.567563074930358,6.8407529194547525,-0.27230338069462007,7.457694250024243,6.853651899715808,-0.13063975852899545,7.557293301553563,6.8151447776716,-0.2657083568267336,7.339890712030111,6.41962700609584,0.09244532006649787,7.199729134783218,6.549656464776632,0.14144536684077386,7.389786958411759,6.698889494048276,-0.1255237088146931,6.937671324670553,5.104447225008343,0.6682648399883366,6.9791996075599965,5.27469833262549,0.45968510876900753,7.021418337999923,5.505501980219528,0.2841428717252065,7.429418502909637,7.6976106460862415,-0.11855617925595921,7.4066047537835775,5.485286646770074,0.036525631419584995,7.368877917166306,5.075327074304978,0.16805492473113315,7.3341831088793255,4.758022230419178,0.2956244149668002,7.083720905320141,6.185224771950653,0.3744587816771446,6.912066080883414,6.378792793251896,0.5470391309504451,7.455959799409496,6.0377185860542175,0.2382291510854571,6.943295610435918,5.97882442429669,0.4787640202500429,7.480367446343593,6.190497675699246,0.011680306430164487,7.420893323133641,6.590379104774014,-0.31337776495827524,6.839334350405598,6.53724579684404,0.6683301354610409,6.958028297675221,6.452329442122772,0.42633184623085574,7.057607787731442,6.466228231008869,0.29635640800702323,7.220308528982009,6.400095237456333,0.21057706176943367,7.343198774480795,6.310166074128783,0.1651097117580136,7.432089006237105,6.222694411421627,0.12326012488074566,7.56560258062647,5.964077971576318,-0.09301321974254172,6.855779753289539,6.832235709167796,0.5875128149776957,6.888863275792393,5.990464587538896,0.5513570997310349,7.598177504828759,6.705724417648748,-0.47694788237263336,7.427132708553109,6.427582729654964,-0.014680260114136293,6.832259617634917,6.399160633741619,1.3568685405062504,7.495847816554668,6.127810399408088,0.1061186142978564,7.395637287866264,6.727358682396859,-0.028152183243518286,7.004175261712959,6.071335702073262,0.4854004764047008,7.425997418614383,6.512455614436013,-0.2631165748441309,6.965061734002694,7.421934428201892,1.1776313811844081,7.4644849791854915,5.990932976144758,0.27732572099091857,7.476074789746944,6.395414973892729,-0.3620452383891317,7.110637492303892,7.967330033162548,0.36796176894009625,7.1723532154311505,8.190430082850733,0.5135897817319337,6.845756309573987,6.963781544263237,0.9533762989596468,7.026357972206836,7.816181428525243,0.5533869648145223,6.816777798425836,6.014891433696591,0.9457109183762371,7.42528885858881,8.337354858296736,-0.11521018249025583,7.62650179337661,6.7682986720953355,-0.36426105067002573,7.3624530600019025,6.564804289945029,0.02057823103828064,6.851113255207004,6.247054965920488,0.745822594173055,7.149283718156801,6.102090684778372,0.3304077932569772,7.223512263576167,6.088012944638373,0.2880279976323008,7.422720509620857,7.528308994413383,-0.0833947200286957,6.896092326850852,7.135651544904048,0.5554991963784877,7.608484227654739,8.543315435055481,-0.16331408625864502,7.365665488584104,8.422251651544906,0.1391461126511934,7.271828377630845,8.332031239617887,0.307225138294495,7.617030417901842,5.023131268085733,0.08695416665320216,7.8017740413385805,8.544975262272851,-0.2419072514022573,7.301918994749604,6.057820173160098,0.26558082236149666,7.379911312492951,6.026246506580859,0.2654548048160486,7.437295256077363,6.008363335424167,0.2790034116368486,6.8469582534210485,5.9924877510066,0.6774126813767855,7.36029332847201,5.898124291527186,0.26998912711160455,7.271757376728487,5.860139895514115,0.27014509816273496,7.1874952446075175,5.858466302815674,0.29312781404080257,7.112152419720533,5.897299811661028,0.33214516450833326,7.072155727724812,5.952822879554553,0.37306432486045554,6.805882057909884,6.019704280577864,1.2483738185229416,7.1019449532580525,6.096127333479297,0.37659315574190916,7.6844291112137615,6.957048050523277,-0.314845622580272,7.415510295536492,7.0856350316877945,-0.15885884755745663,7.459782980651777,6.715131312712191,-0.23616299313000536,7.565351179472202,6.981644791697328,-0.2824741467544467,7.653674128508651,5.774821443845818,-0.05452501391450787,7.210693702704517,8.124631083338882,0.20138620325264284,7.313964515184355,8.232173541944263,0.04370992485404883,7.576449055210173,8.392267535779684,-0.26717059958145206,7.107294653901033,8.027480838441914,0.7601841115165485,7.431127596059257,5.953191649547413,0.27466139854557503,7.5116150883711885,6.180251810789572,-0.14232828207969553,7.774005443526532,8.395397371475468,-0.3417258487702776,7.4707960900063215,8.492202030347695,-0.028472015592740707,6.899219264550623,7.28796731743624,0.8694073172480314,7.562109770929854,7.400253071018543,-0.2073873643434717,7.548381239309616,7.441703108015593,-0.2310362570553991,7.5408290616955265,7.496508559646,-0.2565790354440657,7.537991199098214,7.570307477156199,-0.25309086706919215,7.520167799109323,7.75460553370569,-0.19922312091485853,7.439130412053618,7.446055898029546,-0.09303807345445612,7.417923601717663,7.44125029613831,-0.08286943561045272,7.399507561543784,7.431438406131824,-0.07325239621491095,7.288951911582206,7.352307900453736,-0.023202537649006344,6.974680182775203,7.141642427165263,0.30902042418495557,7.52472562234131,6.066362740912182,-0.033460434619282185,7.500918585081242,5.864837184804305,0.19030073456010924,7.46094145455862,5.891694000620255,0.24919965084234838,7.462003570097977,7.4495986981574145,-0.08848140489275622,7.009958937259128,7.540421893255473,0.3970005040679256,7.5577924813670805,5.839267803717848,0.04124735840077753,7.473437613373644,7.954214427699401,-0.16933828415373064,7.623897219458474,6.15331928482774,-0.36903334824768813,7.557693949502584,6.081893101554508,-0.21349332874329785,7.632562952041178,6.034344956443703,-0.25399839263364415,7.459022981196945,6.412221901779493,-0.15999462426895045,7.755997296291709,8.204883113474626,-0.3682593342652532,7.749726757415084,7.982169946254392,-0.3303992124719027,7.603306957774628,7.988615813889901,-0.27707309724458196,7.275534190034534,7.743882948451612,0.022098542671149374,7.333446293392609,6.873602428779426,-0.006059084927674688,7.370373283109847,7.8761474865586765,-0.07325922801410946,7.126109893025926,6.916297155064753,0.08701325860318768,7.251643835389046,7.050495381012571,0.007616987729062111,7.07306135147938,7.198681509223935,0.14872805346609722,7.575089895079318,8.208054970112624,-0.2928520516075368,7.423677572804683,6.5206511471653466,-0.09272635209798555,7.210807449048091,7.90761102928936,0.11108263242436076,7.323772058196818,8.04113184866876,-0.01627005997468556,7.191950188980986,7.578523295857634,0.09015135811573316,6.942158147000181,7.398622948260322,0.5347016826984097,7.101113228401857,7.651273863309545,0.2098590832568126,6.95707050999239,7.581140186258832,0.7569165757288815,7.193170245303139,7.278565493865822,0.04505042913555955,7.472817442226516,6.300998263736546,-0.07284319012140965,7.449365409478237,6.642612584941449,-0.3447408513739835,7.419458090607402,6.714464773628829,-0.2426408066434569,7.467223585419304,6.518392159271953,-0.41753380201760854,7.413467932845192,5.75238660769867,0.19476161076916979,7.24529577511903,5.690075346390408,0.21308917150222828,7.106364397180341,5.695800337517282,0.248440715495427,7.005457624949426,5.751413243287261,0.3131277901614207,6.949630629723868,5.846846063296068,0.39119645198727837,6.959862729152473,6.12561589192602,0.5350903311326823,6.812751757462531,6.649989433796653,0.9931655125531953,7.029926854298835,6.29694831430612,0.4108492572415831,7.113287709659258,6.309296675324398,0.32166705238680027,7.226564577878561,6.277199920464521,0.2505569318039125,7.338173649391451,6.216866541436235,0.2118588137098668,7.4251439587880785,6.150019191866096,0.1877790931372978,7.482522830879464,6.090157461689189,0.17432615414587094,6.870851506062552,6.741659568229983,1.3667223608925723,7.4383037586904495,6.768241436674047,-0.20042169131343465,7.500389700808574,6.286039532808103,-0.23736373702559246,7.4977264424711425,6.6164559974125305,-0.44163018606726157,7.566546602828231,6.700339941053592,-0.4293619274700752,7.513786411885139,6.657367731649865,-0.39678482977077534,7.475159023006325,6.818158693526801,-0.18480570394511428,7.574778360507747,6.704797783423074,-0.45986179596352367,7.601625395587147,6.758433893661583,-0.3563414388581151,7.48993155769083,5.986200186403389,0.24617119972588714,7.52286365990192,6.000542730929224,0.16331306743192112,7.539051865639563,6.008665813758192,0.07653074288614814,7.053418009993311,6.001340766581749,0.4112653460756191,6.98298946184811,5.967901877317603,0.4294631762058358,7.708678092866059,6.167859979831074,-0.3596540747087596,8.40594607696867,5.867396115285211,0.0838586540977152,7.739499729479506,6.719521776674333,-0.3842075270673428,8.883875610210067,5.307081626841312,0.5629686452625967,8.131000154080004,6.012417269599112,0.02623239106725004,8.228487291013671,6.017303290879755,0.008836221207132108,8.3295751879955,6.001147687597276,0.016759313302830803,8.465289065858961,5.923212605275216,0.07895723155309686,8.044305154304766,5.989857819623336,0.06058242556079228,8.247122854385658,5.5441174148647825,-8.566003878709302e-06,8.126750967423574,5.579557370377021,0.032091957884052266,8.362639873524259,5.565887160926576,0.0074494544096527174,8.44458071083752,5.6290826732687975,0.031975041857337606,8.567141309289644,6.006165929946085,0.10262289528492917,8.15715601710992,8.077560383071486,-0.304106124802577,8.440260523278733,5.822872753514661,0.11191398371075674,8.958960513451752,5.975135999869088,0.48619570462358647,8.700178887833609,5.912013661926236,0.19460935277543312,8.203206622780172,6.565110753023575,-0.16836087839631683,7.818313629092996,7.147831822153479,-0.38767574907902197,7.823174292908511,7.310620952282492,-0.357724756502623,7.954617249145432,7.208690462959414,-0.3654726167694799,8.051792851507528,7.279311003340583,-0.3220076348402992,7.930846436835546,7.322546205882635,-0.3438572795578398,8.01969174965363,7.3422627217680745,-0.29746636312121494,8.20824261535457,7.538751198553047,-0.24118474477086338,7.695072726076441,6.590506616598657,-0.5395012621916785,7.699342923203978,6.444484566911207,-0.5541421644634561,8.579446924866707,5.524309612104883,0.05673808668354431,7.987292878709229,6.215858038823148,-0.08970000655675368,7.983399421063592,6.589748066141831,-0.34689936031180724,7.9939111771076075,6.525945061385046,-0.3100492127701442,8.54029354971124,6.54762352057238,-0.10991998132795015,7.700796992704311,6.2868075017519764,-0.47627690573287434,8.295270160172485,5.380278485679474,-0.04037466822005978,8.453089227136433,5.415496382247093,-0.0024144895059599863,8.71904339289075,5.010001534892014,0.43386065875207663,7.8531489901866856,5.583861618957728,-0.04584722238549608,8.028918968964167,5.666635267875691,0.07732502586023997,8.286991310057733,7.392561789595753,-0.218091633357114,9.015188881125335,7.530633911716108,0.5125137648679443,7.914120652837191,6.685568855367095,-0.301999168496982,7.8284051757148925,6.742216707963793,-0.303496323047439,8.170357113455498,7.404185651610377,-0.2091586285638424,8.149914649568398,7.396647239477358,-0.22165655334518714,8.5180188278439,5.316673269150687,0.05526970266774021,8.004578700437408,6.676219920223945,-0.3020397630817805,8.10001260719472,5.435197321403953,-0.05498843857016543,8.108344345736741,5.294608651994406,-0.057001204345136953,8.206437888336469,4.662120659555007,0.19472176332396882,8.603619834123622,5.146957928546742,0.2206145652937757,8.133669208409465,4.946382915131659,0.06762248992211856,8.65541209439783,5.465535717181962,0.1424178369487253,8.764046373001719,5.384648301420014,0.3449717627908043,7.82159778307656,7.236388784368108,-0.38522096532989153,7.941103169230275,7.268878217687965,-0.36160915791071363,8.035292386699311,7.311456299633705,-0.31921620810100215,7.894645395119969,6.72318919063083,-0.27999248862039944,8.162528177222013,7.399748819712,-0.214703400563557,8.105828160697051,7.412804291757845,-0.2686959643118639,8.13866680253667,7.395349661761814,-0.2219414172971863,7.84155048563719,6.604939361250447,-0.4241473911724636,8.008938735441397,7.363558645481478,-0.2803910762753784,7.923870960428366,7.352168072146031,-0.30616460759670877,7.824398696224685,7.359022557219601,-0.32081024175260403,7.871057881058007,7.758648238146079,-0.309838360919487,7.845978623547523,7.551611055867904,-0.37875503812821865,7.836655770368504,7.472577633056306,-0.37510917801708105,7.830575774729839,7.405449177872749,-0.33957490179080446,7.821972349061449,7.359197161479481,-0.31422117236090386,8.00871703874628,7.363827434611834,-0.2760174795556643,8.022561490207103,7.3867252256223175,-0.2999769106530329,8.037676712920335,7.425105560340885,-0.326051878841071,8.052733975713275,7.467925624953844,-0.32140283665640523,8.135194278812158,7.104724131436068,-0.2815425315981232,9.10980845100254,6.743024524352868,0.760485774789195,8.077319849402272,7.380108376221946,-0.24583804338717566,8.088128650037785,7.396684188926544,-0.26181992539293514,7.803522257434397,6.807631723003708,-0.32000704404467817,7.9779432190670745,6.786460413118933,-0.2334493821118195,7.814886748805713,6.779164708152138,-0.31215318051734914,8.103844482425046,6.297049744166632,-0.09404448747275845,8.272880242963565,6.382192142577041,-0.11188993940007297,8.025580477555328,6.607577262122751,-0.26622868295492036,8.499113026343549,4.786863811255638,0.29623727320210985,8.400229779829841,4.994469363002179,0.13167866745964135,8.332116730500319,5.248971373005738,-0.006437910174284479,8.11558716227627,7.620103742675342,-0.28444682169783325,7.8719461168364875,5.386187861802778,-0.060489746289809236,7.884198119487279,4.969431039685401,0.051274792520998466,7.92271393551953,4.630896563745031,0.16430468016198474,8.415891274791829,5.972767612626143,0.04473279009386772,8.693339617239115,6.106207288117134,0.12387154543834493,7.985843880701921,5.9638711271107745,0.08839934406029547,8.560754126073432,5.71843549763894,0.09417725191517805,7.901850537711308,6.121470308627112,-0.09976953520111662,7.8976868419373085,6.516073762460261,-0.4207095981189379,8.840417986473891,6.217518590539523,0.18522251727815392,8.608699296638239,6.194084670266337,0.029330759167638113,8.458028861343346,6.241043073188167,-0.039582304036297936,8.253448455186561,6.232156368409348,-0.04506376161527132,8.106141868765633,6.18796265368546,-0.02853892986790631,7.9918956208794425,6.129009445259135,-0.021380234454880166,7.74133488545576,5.932804247584591,-0.14070923057187373,8.840914992790399,6.536868332863136,0.10899863368094403,8.650089924716989,5.705601722288215,0.1295567004403144,7.677878915721726,6.691199661623493,-0.5003938021605684,7.978391683950337,6.342919949584974,-0.1503254718864818,9.067391932334615,6.019406511487362,0.8037936083563644,7.905428113791351,6.056741394143657,-0.00620344418422697,8.047219089297462,6.635635659536261,-0.16891095426484107,8.50508724512768,5.831922108319801,0.1210365015949685,7.9091969576083585,6.439322511510173,-0.37244080290543585,9.088489343321019,7.128378299406367,0.6616217274990827,7.98017684949534,5.92094492339378,0.12075976561616655,7.800915510019251,6.346130929169169,-0.44128568679102415,8.689649743813506,7.804419187200921,0.010000154327170274,8.742727265320198,8.048881090011843,0.14743556988417245,9.011990942523205,6.638732892776882,0.42850181130917475,8.83892262053035,7.607817688571378,0.13268973978013124,8.868237299216197,5.658638972372362,0.44664421726561193,8.204923685418832,8.270508233225602,-0.2869428566089843,7.690381595027782,6.755486631714719,-0.3786185379878115,8.077421279262783,6.458074719221748,-0.14659466426716578,8.807853929756659,5.9440412271312635,0.271729102031255,8.307087463421086,5.918319339004538,0.03938087916291097,8.225614652464184,5.9334418067078065,0.030728080019451008,8.122131561776277,7.437109059833424,-0.26259031688035184,8.853006881161383,6.86064766209509,0.09336151131825142,8.022567286199132,8.51298066177249,-0.25607254271873,8.388785593568123,8.348110770504983,-0.09619669100519104,8.553771404676215,8.230934648648015,0.00933013991265049,8.141551033070217,5.933958736746914,0.046667799579286934,8.067265252229562,5.92829931277987,0.07784178043474461,8.012872040532235,5.927139389875021,0.11090691877538081,8.745131877513325,5.684424254161907,0.21952575649425313,8.062411833404084,5.774335305014366,0.07837033641880096,8.140954045891206,5.702451600620327,0.04801464888722809,8.226479704274547,5.680342426775321,0.03325872390839769,8.313528984062573,5.700366130238309,0.036881784941514034,8.37408695778199,5.743625965746486,0.055943181093121214,8.991657153486655,5.624629177893336,0.709797605715366,8.364625000794272,5.895582024523364,0.06117379221237635,8.023056323026598,7.007012399811268,-0.29685072009285995,7.905956273565015,6.645647511267755,-0.3296271908617278,7.814556377260047,6.946559478447379,-0.3390759257426317,8.531345987016113,7.994140843291766,-0.08987529003445022,8.37810358025825,8.141902415086989,-0.1860232471613486,7.997572795072075,8.358465310265204,-0.35957628162824223,8.89205520396132,7.8389075132718595,0.3279252068585815,8.006635553108781,5.86240141915402,0.10304508575901158,7.808080805165388,6.132857983966545,-0.21790326361616397,8.211628199198644,8.43966715859474,-0.20244286240887827,9.004096801379392,6.998793683113817,0.36498928537166725,7.922653802102227,7.351731923745831,-0.3007283746039791,7.934387063466403,7.391518511030491,-0.32768666556162845,7.947148388916763,7.4455472997289815,-0.3588744458590463,7.957523214649088,7.5109514472838415,-0.36084098520149566,8.004629415367663,7.698220674247318,-0.31660355149085667,8.093840600182594,7.37290395812961,-0.25866545673102587,8.107543774337703,7.358255312774731,-0.26465532016551646,8.124107995058244,7.346019973601024,-0.2676134948786233,8.229937738018988,7.237712444047784,-0.2512799138877775,8.671022874429562,6.906123015556441,-0.0772983495805195,7.818801216922456,6.015539860304861,-0.11073018629967697,7.891995177764603,5.797663810682522,0.09021086891670518,7.956910288491997,5.811224620783414,0.10494070344118134,8.076115007559196,7.380271388497768,-0.2474040932647614,8.733972419360043,7.32502544147314,0.0014734497602413986,7.783599983831921,5.795911609842185,-0.01840935553854132,8.088337305750837,7.890767876452413,-0.30263464468556195,7.724569254012205,6.054242234830553,-0.2536226946190619,7.891630030266762,6.343185840719316,-0.26083555765290806,7.9176938819232126,7.959798141520562,-0.34231919081367634,8.334109102760367,7.624325398369633,-0.21431357481840344,8.13892472418197,6.7619868367755025,-0.18099859752447595,8.222243558600182,7.7831602129367035,-0.2599353902814619,8.384497283965494,6.7372104198485445,-0.18882884691240465,8.246873626728402,6.913315841664717,-0.21148454205269795,8.508235193298557,7.002364014203824,-0.16821061277484023,7.9645689674596225,8.17131707463534,-0.37951189054050455,7.974635881115394,6.4380162398065846,-0.21830151166223502,8.455506880311626,7.771932651877078,-0.16228846735659738,8.311302598624344,7.942767343441668,-0.22625494852137873,8.40992140300172,7.426634977737598,-0.19470446591025659,8.847275369543476,7.143973140460018,0.09222357243004357,8.578090662731867,7.475926991950199,-0.12163988474174599,8.958696795814422,7.325975984165933,0.27759269887376503,8.348985240802394,7.126144668978101,-0.21491816923695267,7.890878724799972,6.233916176489223,-0.18060416441847105,7.8650554068127345,6.573625789813519,-0.4424198447000567,7.950215917698234,6.635582046609991,-0.35479044497544904,7.796799631179493,6.466425294737863,-0.4950158460564451,7.9578282287296265,5.652398137954886,0.05707667110463475,8.115531375852989,5.523833616259482,0.013190477907056297,8.262824196792847,5.4825469537877565,-0.014922152218981254,8.394208468610472,5.50608520191747,-0.007667447245118357,8.496659148218175,5.583391419104357,0.031307911288461276,8.587541752234532,5.871047952513129,0.14506442048877624,8.999210055599747,6.302445812745846,0.4569946817189386,8.50264640798437,6.065491168610786,0.055058958359903896,8.38698883603906,6.104046107589235,0.012112191323532114,8.24671278794959,6.115762705476326,-0.0037752079464393527,8.11643192811453,6.095983882676573,0.011593261129460831,8.01634891125077,6.0579889814279495,0.037187582952614893,7.94131037594532,6.019676025116722,0.051324177316364725,9.097660776208274,6.381640074336256,0.8167878602363997,7.959707579145104,6.69263054715571,-0.31068955668640497,7.79743356780769,6.236641017241966,-0.31527685797160315,7.770627829171497,6.571918145661908,-0.5041760492091438,7.730601432716627,6.673344383678442,-0.4649853170738012,7.781575009116708,6.614047762724384,-0.4607254440570669,7.940240290916923,6.755392446844244,-0.27617972205129504,7.708644765911891,6.680890040801498,-0.48959754441405584,7.719026836634252,6.743257813032044,-0.38135368021076216,7.941671176449139,5.922293940538583,0.11588638910719747,7.883846012971503,5.943310207636577,0.06750692101073882,7.839820382016463,5.955637558183748,-0.0029632062313338374,8.41017352865499,5.783093048970535,0.07955990718131609,8.501289421350526,5.721819632485008,0.07507558097716072,7.165581323243996,5.959202455531228,0.323058565926287,7.258354145160888,5.940101401549393,0.32312035210694234,7.160288133523301,5.833850000168524,0.32319866592111857,7.079271756938702,5.978479200521448,0.32313558922661295,7.173931174261108,6.092938088865212,0.32310040574374804,8.178118671281643,5.796437596118837,0.07852179067145544,8.281874173594924,5.782545327723773,0.0781327630072356,8.17622483088609,5.6648540870752075,0.07812794622089099,8.079766482537611,5.8076785604100305,0.0780119867592671,8.179314819136675,5.931929415037679,0.07802808422150453
7.743214523185835,7.138481432845885,-0.3777734304023391,7.670510419131258,6.532631681056295,-0.5380395120562278,7.718319244617812,6.7617981485904455,-0.32041702336529193,7.592021158115182,6.13692550310615,-0.3218289125485006,7.658704373578802,6.381444083120309,-0.5523576854244567,7.659911867399426,6.220284388455549,-0.4880988742516568,7.6768232689146645,5.85377937599318,-0.1545232207679169,7.076286489935821,6.0315001187422395,0.38056880112495406,7.670725244897554,5.575737163059327,-0.041934948141864756,7.659124653517563,5.384136368953671,-0.03054546542965469,7.627798298905487,4.621418031136495,0.19935587811287495,7.747289003827129,7.20242021310048,-0.3744454557822019,7.7559324969073,7.266644466521026,-0.3478796455579375,7.7638781666929235,7.316699590959858,-0.3087036124134036,7.764667543250287,7.319836191326148,-0.3049948717381135,7.765379063489664,7.375909320788605,-0.3293971278758307,7.769390105649635,7.448548544578193,-0.36097993975757003,7.774851582178023,7.533868976605753,-0.36292495097930616,7.790007612079399,7.728372802123738,-0.289900928645873,7.687881749636083,6.636791179361092,-0.4964442785587951,7.631836014063288,6.681000591924437,-0.35374835838847857,6.785480166203178,5.646788622586273,1.0217659520607771,7.335039079196682,6.089811617346808,0.21688294378154305,7.242522704890036,6.1251482932270225,0.2385789494495257,7.156668092014069,6.143286652642382,0.28198688798943095,7.047421980934153,6.100343126138151,0.3938566848963094,7.4145923765585735,6.043493956617246,0.21027063102504742,7.1489660836680695,5.6915700628192685,0.23727041813290334,7.267826008235654,5.6875950652509575,0.217552517127375,7.053953981834855,5.743659183565499,0.28249308922356203,7.003500925104092,5.82227099619322,0.3302503709440423,6.98830092080089,6.211576736002224,0.44375316807609627,7.4685230154927345,8.108730472053042,-0.16334906569008392,7.04614960684854,5.998376580789975,0.4235804519074227,6.792428842583475,6.29694835134994,0.9605201533606118,6.893874904028075,6.152581831939773,0.5805280206464849,7.281772381640906,6.659838091268768,0.024885205794243557,7.629842748144466,7.119361218753696,-0.3392944320769085,7.658211283564888,7.282089574047518,-0.3140311832837727,7.5276116354935025,7.211320343673273,-0.26330894103691527,7.4654909444422595,7.306537178787118,-0.18196658163189391,7.577560788832853,7.315705481121864,-0.25565509727652186,7.515462445428439,7.360196041500159,-0.17970352194449413,7.383843456304898,7.596990265521489,-0.05891534125832804,7.599510503370386,6.548859677113652,-0.5158184718549714,7.574613783018697,6.405485825757812,-0.5255983157429759,6.887836714033121,5.761681479395712,0.4121237235038962,7.449740178778487,6.257537194828432,0.03483804682631567,7.428622373416477,6.625877597898149,-0.2289877764709938,7.42358550217785,6.5636184956149295,-0.18785364341237712,7.021195215150195,6.740456866760141,0.21305782413092936,7.580794709596627,6.255512930560782,-0.43883979461964495,7.068678197528139,5.569100272396892,0.2007237027827787,6.953042101238663,5.636714519663101,0.30208305445656564,6.827367586171758,5.322184366591399,0.8408384121031695,7.479774695225453,5.618217156114804,0.02877516628607387,7.379697607372115,5.739541088968295,0.2284223494671907,7.302128204335214,7.47831128480404,0.0038815678043404734,7.012779523889319,7.767938229497553,0.9592564299769972,7.509047229004717,6.697293468246782,-0.21523816148046848,7.586571215856126,6.728300467776746,-0.2604065404049387,7.406121897518373,7.457525089685306,-0.01858978554209313,7.426639920875154,7.44271508786387,-0.05441559638708249,6.902870913214684,5.555468928722753,0.38144644187614585,7.443173575069791,6.712336318130344,-0.18596284550928524,7.238461921193572,5.560471197153387,0.10822424690634298,7.208157791200986,5.429770984671269,0.11065756096966382,7.120000649809752,4.831744351055658,0.42302383330070664,6.867175954093365,5.421203545679503,0.5835143601212908,7.171956766012755,5.087342317654398,0.26238056752296146,6.843253879500174,5.718904839350869,0.5282332655048321,6.81388258353976,5.684028452906158,0.762395558498857,7.639987138021377,7.207550079385592,-0.33755093265042396,7.552674881858662,7.268414976863386,-0.2663753896166864,7.489440412925112,7.331782089894246,-0.1913423093277105,7.537997524134537,6.728270190319751,-0.2084272880796635,7.417016735793654,7.4498418245269695,-0.039033733039035755,7.45953926146729,7.449926168871455,-0.12116660947482842,7.438531031663928,7.436696361948412,-0.0599533917063436,7.524964520681961,6.604561547282007,-0.34472932571894654,7.537223286305672,7.375636102783819,-0.16947377396895824,7.599220704853436,7.343374030572239,-0.22396516537394168,7.675973337443312,7.325427428384513,-0.27587248621098454,7.675103221000629,7.743411326656301,-0.2668516513118695,7.669333923659462,7.539268456436484,-0.33418330897946025,7.664706518982096,7.454004974863748,-0.33085163978867776,7.667731381114239,7.386857505059543,-0.2951222130265835,7.675761395244349,7.32868009233595,-0.27240605530313167,7.5357404118047615,7.3768198071739475,-0.16649999378155914,7.521645534681869,7.409208035456339,-0.190371020221811,7.5092281728548524,7.450968578462274,-0.21166307865662923,7.49984720742931,7.500209816021414,-0.19711174183609687,7.371021674159452,7.162818741135005,-0.11846078703461989,6.878131347282634,7.055266004971295,1.2562093478140137,7.70484000912048,6.702641764757356,-0.380493017370988,7.489534128863429,7.406144245165203,-0.10489266782703968,7.4746642930198375,7.430046134787064,-0.12025759866495718,7.609064482835898,6.784927963058941,-0.2772093575877999,7.490990330366511,6.807422671822379,-0.14073219955272165,7.598557484366884,6.759164730723735,-0.2706087367957241,7.360945769006696,6.374268325812551,0.07354050754012234,7.2181608862785875,6.506815102725432,0.11642733139609701,7.421169072752934,6.651066279442287,-0.1402110172851817,6.932937148902311,5.047496463357465,0.6253605090324196,6.9812210421069505,5.219148017762741,0.4209936216754332,7.0263921243757945,5.451800357756372,0.24997012175196984,7.46262179494609,7.655881361159958,-0.13616095685473717,7.426291009227881,5.433516017744787,0.020435389722407,7.385119434849677,5.018216360213952,0.14881604402768903,7.34452024858704,4.699412399909073,0.27437839283092036,7.0885452555595325,6.140573936674018,0.34031868420467903,6.910333585472058,6.339476644158243,0.5057806838578971,7.4680890386091425,5.996843243860741,0.22191413799698434,6.9429351977370795,5.931599649388038,0.4388923746677296,7.505593436231815,6.14131357169489,-0.0009928396533362565,7.46184899890089,6.53278090566577,-0.32624455524986096,6.835404088328366,6.500487835105361,0.6231302949791704,6.961434723960877,6.4125592164252545,0.387345499747291,7.066781531114968,6.425412717811362,0.2631313763672481,7.234497016110925,6.35783487558273,0.1849056238440803,7.3602212727143215,6.2671531709916,0.14528608452703465,7.451584220087835,6.17881292307473,0.10774523681104572,7.595912532230842,5.911900198707866,-0.1011439852386159,6.855726029106514,6.800795513199693,0.5428522309904673,6.884527099626861,5.945333359702493,0.5077958018104127,7.649422170334409,6.640464844143123,-0.4813779546349144,7.454554294440653,6.379256176406521,-0.028886729929230335,6.805620442239357,6.367463106907063,1.308435257785595,7.5174485024289295,6.082892497531673,0.09367285376613618,7.424670444386828,6.681782759563468,-0.04174778941565172,7.005838056427354,6.023256360183583,0.4481625930853952,7.4632295067614844,6.458059025370042,-0.27606187801229026,6.93633182854489,7.408251411993671,1.1380646380564512,7.475179009788748,5.949833166525381,0.260289958678787,7.517764973943708,6.337928168500511,-0.3729122765480559,7.114332998217066,7.947410018509476,0.3377106327193494,7.168728612383648,8.175799364647428,0.4869539177975634,6.832216304641919,6.93744848999453,0.9069653694059896,7.018892686634927,7.8000381010466615,0.518318795066976,6.803198245679777,5.9716004954291115,0.8962003817721662,7.461600291218433,8.297783634420139,-0.12955049138356414,7.674223012072281,6.704988988566283,-0.3662892405255413,7.387589210270249,6.519199303528121,0.0037766734666350855,6.841424256027491,6.208649194267563,0.7004305350278474,7.1565837476695835,6.056722682202539,0.29985813445271653,7.231883783215545,6.043676702696964,0.2605426087384568,7.448718675050831,7.484812287355914,-0.1034164165198474,6.89455686770229,7.109229804929784,0.5138761639776098,7.651437783900061,8.495812621002514,-0.1674789310992516,7.389588964215569,8.391650239130383,0.12215610109951645,7.283472244583612,8.309466407469115,0.2853066174092259,7.637650727589948,4.967168207274875,0.07957242915530831,7.848323436034968,8.491340208069287,-0.23656700792665014,7.311045636312004,6.014776869995468,0.24198088306617618,7.389078572797658,5.984647195826519,0.24523370471270148,7.447098110209778,5.967582604796724,0.26066777358299764,6.838413090840179,5.949291776758641,0.631083444017564,7.3694494090712235,5.848936064211769,0.24869900922706495,7.280764574858081,5.805881159919307,0.24566869535043342,7.19516083234007,5.80226768960535,0.2649700335157162,7.117484016420021,5.841601350254789,0.300586888512481,7.076203587375002,5.899013896743347,0.33977139213605506,6.784672046458152,5.9788703291211025,1.1978842423760927,7.107819019612195,6.049875651570724,0.34383422586866924,7.729100902875279,6.900789698492211,-0.3150862985931525,7.451507084661681,7.039313389594224,-0.17310996363959683,7.499302934095238,6.658446049138843,-0.24645548120277116,7.60813236969556,6.927219755773135,-0.2888301114112512,7.681667662033826,5.724737935619276,-0.05803333573236488,7.226110160523378,8.099068358812548,0.17659042941032746,7.338920360826677,8.200954164275405,0.024241057965450803,7.621545283144237,8.34567968781851,-0.27407615892984766,7.090351810493552,8.018174202640889,0.7287661347026386,7.441323766625778,5.9094170867883795,0.255737774558643,7.544379579533932,6.1272049976271665,-0.1521821132756374,7.824353061688951,8.342212918992612,-0.3391369172113525,7.505860166210103,8.452688871539982,-0.040457505673557444,6.8842646949995725,7.267819520209155,0.8265729539502439,7.598760775863849,7.349405011648861,-0.22092561507069716,7.585321189417343,7.39247397333207,-0.24591089247852171,7.577509605512695,7.45039474856304,-0.27142260114754674,7.574334076987412,7.5271978435812406,-0.2676081146514729,7.558719559880116,7.709538782089333,-0.2120138826449643,7.467160529927971,7.402899511023931,-0.11131527339205254,7.44579545866717,7.398158205436919,-0.1028952905719819,7.427125801970736,7.388629457185569,-0.0945255336376031,7.317501222678386,7.311978470344175,-0.04721850518663604,6.983170333623946,7.1111531443407845,0.272943863138575,7.552299297213561,6.015373407987449,-0.04341433927090871,7.516686519761228,5.819617753801095,0.17794510906821007,7.472857017193984,5.848507854462843,0.2327340485773503,7.489875831592371,7.406413858710823,-0.10586052143279656,7.012008169627785,7.516544504070086,0.3617990981587928,7.581124878056236,5.7925046515082075,0.03255904867104104,7.509752261217595,7.914234576345221,-0.18204363821050298,7.666466215946958,6.095566496851312,-0.3730584373672389,7.593336785710788,6.02721802125298,-0.2205460880483827,7.67038065860128,5.978860597081354,-0.25715583637817346,7.492560432779238,6.3602325618199815,-0.1719072231994978,7.806864225815313,8.153654288423096,-0.3674303897696406,7.798204152222979,7.932468814374396,-0.33039946038629775,7.646729639337376,7.943067366106228,-0.2836267592148918,7.299647615537144,7.710094589692737,-0.0013666494366966772,7.360790056370723,6.8305935771253665,-0.023270109593581827,7.400247349969558,7.840263144447863,-0.09139069044515637,7.146639044830472,6.877090379475481,0.06039958995929498,7.27774475896877,7.009455491646395,-0.013916663368977206,7.089848627993973,7.164481838594217,0.11851973120591958,7.620140985853147,8.162883866563664,-0.300946613537252,7.454118875773395,6.471244857891259,-0.10616109953543983,7.2305933868341015,7.878040760075321,0.0856910267495027,7.351274284172371,8.007595835880387,-0.03553202911906269,7.212152252848795,7.545625280621716,0.06201560980261801,6.9378911175801194,7.375998711375923,0.49580705523397833,7.113364840485068,7.624254394653434,0.1788465955695722,6.941908647766591,7.565364740798632,0.7172593944281832,7.216727032422336,7.241313048393912,0.01912044922683001,7.502867744210454,6.250135077485046,-0.08504750688508028,7.493165981919134,6.582091348840898,-0.3566558953747667,7.457421281261324,6.660104821247055,-0.25500933588905556,7.513726537894073,6.456895505951244,-0.42839722585822404,7.427480480752675,5.704751569989487,0.17757816386117206,7.257389657166295,5.639159784761344,0.18923354302048712,7.115111561396932,5.643601559791659,0.2186446682546859,7.010781211727664,5.699623505933958,0.2778882799995938,6.9516969170778955,5.796684742803067,0.35263523381439527,6.9586636157540225,6.080942485122844,0.495682476114052,6.798766202689211,6.618121522664659,0.9438282634085855,7.033712780942027,6.253697004032929,0.37528939484019114,7.121061802588235,6.266236917471591,0.2901838786904074,7.237609106154887,6.234323756907284,0.22423403549985865,7.351534526124159,6.174220121205359,0.19099531254936955,7.440219360337302,6.107505186501078,0.17160240985733444,7.499359884550062,6.047212677138852,0.16094689640674467,6.841508600371976,6.7159414981882195,1.3206994300980548,7.47451651019403,6.716837566736898,-0.21204037541983473,7.537695470456423,6.231294569424143,-0.24766121784955195,7.547291261648262,6.551613483916508,-0.45043642109455356,7.615874747984218,6.635541873814142,-0.4347990607272926,7.56214235430419,6.592895354745194,-0.40525587712039796,7.511023914411375,6.768514697800449,-0.1941301332139465,7.625198042063104,6.639771346199576,-0.46483272111520646,7.649012703773147,6.695435729992604,-0.35954446389469363,7.502516669887681,5.945136195786111,0.23174917516596877,7.540589130274922,5.956830863550335,0.15243432404184634,7.561273679645174,5.963001697642601,0.06666251798325215,7.057027143719823,5.949504079403521,0.37679747802739355,6.985763381547997,5.918678744615526,0.39252438667706085,7.751242374640444,6.11074559529135,-0.3579843413282815,8.42724138982772,5.8173707339569845,0.11849528846719985,7.784998134730433,6.658233386048046,-0.38116250060534085,8.866343814353352,5.26445030234523,0.6178879695680781,8.153274378426994,5.969323919019839,0.047713076407989205,8.251875800697754,5.9721764880038455,0.03493896323501369,8.351929820012428,5.954340542712517,0.04742092372864656,8.483305868588179,5.8737437544220565,0.11610605018111879,8.06517346659875,5.947466839082874,0.07716326496839997,8.268449103943217,5.49719707916901,0.026061312660285996,8.14776892749678,5.533905251761904,0.05160736788278621,8.38277894423092,5.5176300372894715,0.038370295721737224,8.462717918723577,5.579560773342664,0.06598073453199521,8.58218843867389,5.957987174050802,0.14345762123964556,8.200766011506937,8.028432493427445,-0.28569173134324777,8.459844443876408,5.771464702464184,0.14838143636374346,8.944457490724325,5.933469642803381,0.5457165595225025,8.70805975721126,5.864396670912675,0.24116021529767767,8.235200130811975,6.5196945562175355,-0.1448218076585786,7.865289625329529,7.088437121784551,-0.38341474691524247,7.869094492425204,7.253544420127961,-0.3534860438726698,8.00063346255526,7.155301281098306,-0.354631022854633,8.096148746888053,7.22962234553477,-0.30690631643386584,7.974956737240039,7.2692158876900805,-0.33453183765294675,8.062243041296759,7.291923259544315,-0.28462373009234937,8.246619778341831,7.494913423722831,-0.2201061412792974,7.74815191135148,6.525268491871904,-0.5391028725659499,7.752003636416313,6.381328740426995,-0.5537986580875613,8.597973807145657,5.473407288227213,0.09675718947451875,8.015831304182962,6.167870505938458,-0.07565290083438155,8.024770362914747,6.539639470566915,-0.3336651454464718,8.033418902237749,6.476767610225469,-0.29633867293938326,8.563852554896231,6.505298346308362,-0.06995983217260826,7.748505869241585,6.226644096208115,-0.47511534200113426,8.322249982347401,5.335032821734674,-0.016170057192246182,8.476849561329963,5.36700978122622,0.03007442456829485,8.710530253523666,4.965028239867995,0.48005264005530013,7.880884678357329,5.539917489650863,-0.041586656011011004,8.049010350806382,5.621281306851857,0.09305425535766647,8.322857694162796,7.348911921634946,-0.1922532462704486,8.9956141378843,7.500305694635231,0.577068595906136,7.953843257229028,6.634804401468769,-0.29146510622884697,7.869859358660238,6.688255647333847,-0.2982044536430758,8.214097464178462,7.356536794554793,-0.18756461084300008,8.192510358233035,7.348054781245262,-0.2033021977029468,8.538282521572325,5.267140310220848,0.09032778612479744,8.043501295417004,6.629074032286595,-0.2884932747021845,8.128779194826404,5.391433236089408,-0.04033828255467314,8.137507753142891,5.250199352140448,-0.042357768097943886,8.215525550900049,4.611901898492227,0.2154066023628716,8.608857111151606,5.0997924800598256,0.2605293848788914,8.152187273542516,4.896799792759893,0.0849289821301594,8.668359523064634,5.4145738639354,0.1856013069909963,8.761809452295287,5.338165817641799,0.39337071368924764,7.868577612980793,7.178134809023352,-0.3809309141039226,7.98640666222689,7.215655787158188,-0.35169465019501644,8.079039100118683,7.261404303785433,-0.30546955648241153,7.934210489043428,6.672714661193538,-0.2713863538050582,8.205802882745566,7.351605894415647,-0.19506373319369108,8.149102577388216,7.364793889612363,-0.25354477654628316,8.180530577748774,7.346194880315584,-0.20427177469074245,7.885611566107677,6.546550660571885,-0.416102100252676,8.049865328520568,7.312782985630036,-0.26846744024452723,7.966354334994362,7.298949792242598,-0.2975484195469863,7.8686143784642875,7.3032664925398505,-0.31641972320589035,7.916207657292713,7.708840237902954,-0.3046884476532603,7.895035785043212,7.508647134037287,-0.37659959321917785,7.885165334062921,7.425431706162696,-0.37369575080353484,7.877869908710851,7.354360422110337,-0.3386787228677391,7.867432836749658,7.3063108187514905,-0.31294878672407994,8.050583336786444,7.31246939768259,-0.26571897254681043,8.065748017389817,7.336988370713678,-0.29027818035333897,8.082562819399406,7.377895377789095,-0.3156561185315643,8.099121704808205,7.423519901021027,-0.30921373349687775,8.172811267998778,7.058453067765909,-0.26292578702756497,9.079067460063849,6.7111713569278795,0.8290712045982279,8.11756716414451,7.3297542211674305,-0.23115331301008238,8.129958573865531,7.347433372485036,-0.24743177149576356,7.846755496297739,6.752141081592785,-0.3149073597234283,8.015834187750293,6.740646461312275,-0.22196381194986636,7.857362698731569,6.724213011082454,-0.30706486758143214,8.132323819970289,6.250628167498961,-0.07419528570747119,8.30115452463222,6.336980916631675,-0.08417859568343126,8.063278962861078,6.560601563292952,-0.25149401950376327,8.499510796106874,4.7396042822859465,0.3307145351731494,8.412238188994985,4.946202149643755,0.16123701031387153,8.357518894395294,5.202390887099809,0.019334157047587928,8.155613672425757,7.574917999372311,-0.26735048593258004,7.901156156707152,5.340759946903599,-0.056612446665176036,7.90504032190448,4.916670815696369,0.05624053969481726,7.9358397045864795,4.577676116926987,0.17016559358620564,8.435971389927875,5.924683052694319,0.0794439076581691,8.704319049488742,6.05990686142982,0.17038361831001164,8.006134588134474,5.921559788826944,0.10309452705238491,8.576128621923939,5.66834725330429,0.1341831337906552,7.930567822610226,6.072082724492712,-0.089369174577621,7.942486327288662,6.460355786750644,-0.4110977592580218,8.84275839624627,6.175416801648485,0.23851693022399997,8.626432454045228,6.148402821982662,0.07283711986173894,8.481900850405255,6.196914517006595,-0.003176634502890845,8.279621485574284,6.188098730778289,-0.017763005680922817,8.131672854644902,6.143799927627627,-0.008351581167435658,8.01678360229463,6.084491435617729,-0.006880850596333236,7.7736419256819,5.880627550537365,-0.13900255476615658,8.846015385548705,6.4970016021999655,0.16368717522379359,8.662046673281228,5.656455061177766,0.1741006379774487,7.72848093589872,6.62665544018618,-0.4998722994486598,8.010565910233206,6.294245006975408,-0.13636345987625942,9.037631318382857,5.9829112882921525,0.8695844245097543,7.930334974548099,6.011731462446079,0.004460669929100709,8.08246477811009,6.590505598318107,-0.15353998062709498,8.520501724506238,5.781647660054171,0.15958281136322566,7.951467918638607,6.385389524123459,-0.36259865731330015,9.060360316992089,7.098497888208809,0.7294090801063815,7.998367699523485,5.878257258189775,0.13625565275539006,7.846349634195643,6.288229885519117,-0.4356211928073273,8.70594970681546,7.764774956133435,0.05414724440217062,8.748806726299705,8.00994666414848,0.1966992114845433,8.99708331544038,6.602666322652501,0.49135861195420694,8.843668161739778,7.570611391560723,0.18545983196872912,8.85862810906252,5.614677216767833,0.5014362742808056,8.246396301873537,8.218360097588224,-0.26530542844111643,7.737953454587079,6.692769151101566,-0.37762817069794763,8.109202656203793,6.411760468274059,-0.1285969542390574,8.808404295934718,5.8979498603975316,0.3231874106803122,8.33070892711827,5.870842164793392,0.06919962920662011,8.24937646871202,5.888085536997823,0.0567743544653407,8.166552485102862,7.390322832101776,-0.2455630621689986,8.858042024002122,6.82296870420552,0.14774473117993184,8.06626994307706,8.457844689931088,-0.24052869152391723,8.416466940488586,8.300458143121341,-0.06425730180552411,8.572320871260931,8.187712102191199,0.04912875590528963,8.163850582511996,5.890762208374526,0.06866495274507728,8.087539856615878,5.8864044172427805,0.09641660187513242,8.032015325838492,5.885168448194745,0.12772279404374784,8.750258602451787,5.636564213715877,0.26812945461410137,8.078289372612145,5.725092253955298,0.09710767807267681,8.157037433796344,5.649950093720809,0.06978614229654459,8.244800968246645,5.625681630601761,0.059131400425495056,8.333963753745206,5.64529024891095,0.06689569269949042,8.39531164875125,5.689700429849842,0.08849476094377631,8.966968779999927,5.585235273407766,0.7710834765382484,8.387309749402636,5.84669733462374,0.09402914329076459,8.063198222975759,6.959592845327029,-0.2822595653253421,7.946826096124577,6.593070531460663,-0.32030805605912854,7.858855665718144,6.89286709724525,-0.33341729382306684,8.556961549862592,7.9513309491902975,-0.053965748619225484,8.410973744719538,8.094803562727286,-0.1573274224154886,8.046115249204217,8.304855583303913,-0.3467668138461614,8.88510646609627,7.804765709688843,0.38632291468188473,8.02372146529743,5.817108689775614,0.11987008551280294,7.843701077600435,6.079696063143227,-0.2122256220930995,8.248332617337534,8.38714682784833,-0.17812263994607255,8.990047411148264,6.96443723844619,0.42723879773799756,7.966569881652491,7.299551736923327,-0.294494090961161,7.9799179148361805,7.34107799008347,-0.3219277423132595,7.994442443491665,7.398351404448219,-0.35213164581315953,8.006264348664452,7.467639202105221,-0.35276071404911313,8.047389065073498,7.650560458539045,-0.3047078892048872,8.135659386482544,7.324316534069539,-0.24220167871796608,8.150784418035093,7.31018200789582,-0.24672565794513582,8.168071404195432,7.298497793063176,-0.2484707568503753,8.265947609281984,7.193121429343924,-0.22819001954606946,8.689416052620823,6.866229423116362,-0.032658252961635194,7.849106324565832,5.964705885936305,-0.10457469820892026,7.91291101893945,5.7528195560900794,0.09864971075964937,7.976269481268312,5.767403558321804,0.11807709235639466,8.116327951083226,7.3310056893898805,-0.23177093708818375,8.748596225884407,7.286512245444252,0.048846357793565096,7.809115571010423,5.750474855402569,-0.015099389204761659,8.131524350927261,7.843702519384101,-0.2872657085495794,7.762292204659865,5.999438454460291,-0.2524094620204589,7.92944755670142,6.290727054829351,-0.2514241605795514,7.96552026314334,7.91004403211878,-0.3350110504990721,8.369242758278764,7.58181549243245,-0.18853613649153236,8.17276008467862,6.717352283505809,-0.1616051382340734,8.260992198820508,7.739046326606223,-0.23896974040673408,8.41489035004936,6.693150502881333,-0.15798163175412533,8.280687684595598,6.8683719136446575,-0.18744405294783084,8.535564038469296,6.960250298678915,-0.13266904692615433,8.014442866512201,8.120271229410877,-0.3691321225255386,8.010253043177594,6.38865228056056,-0.2056173192974261,8.486791380601742,7.729337355396571,-0.13058925145947803,8.348229482232568,7.897051398608863,-0.2017084635548113,8.442733355323371,7.3843098733209835,-0.16349093495007236,8.852866020639686,7.1069568329796775,0.1456047637730524,8.603554230826523,7.4351579787763455,-0.08360018699466293,8.951056534565517,7.291435936665066,0.33792106555103696,8.38159019359796,7.083051338898651,-0.18673891935953887,7.92447989107878,6.182815314532704,-0.1705707911161433,7.909916434264302,6.516235717201801,-0.4338960085389802,7.991729006631468,6.584480384376151,-0.343598291488382,7.845888263422389,6.405430317086656,-0.48928325447787885,7.980137786845309,5.606456166301924,0.06846541777039959,8.13988669619248,5.477698396864387,0.030835162571190466,8.287711333726548,5.435258052859735,0.009522554495150208,8.417230364939954,5.457127027511949,0.023410025968858054,8.516295320659466,5.533279157204762,0.0673259693804693,8.599925261338152,5.821913433843949,0.18677320677735587,8.984714253366187,6.263912762201327,0.5193745411567098,8.521352376869425,6.01794086425142,0.09326275079255224,8.409260905723833,6.058058494769473,0.04494459551394972,8.270637731548838,6.071123217462711,0.02271365290592981,8.1395832007307,6.052329567370966,0.032109381126142346,8.038325292054566,6.01471198973048,0.05211398588250838,7.962934424137621,5.976103185819332,0.06312364871009672,9.067231857946233,6.347500891153686,0.8846783676019947,7.999521847348452,6.643850873083703,-0.29926616961830343,7.8380701914912425,6.181328835572628,-0.3093605701521544,7.820166121921677,6.508495501588642,-0.49998858831250426,7.777929790305824,6.610338774433339,-0.4628440508818217,7.828066375521808,6.552189476491242,-0.4558386042696598,7.97916962911331,6.707466693797021,-0.2662703196319962,7.7579639700932805,6.617096414477836,-0.4883225309429098,7.765740230298101,6.681301924710718,-0.37923213249896676,7.9613621590493935,5.879737249123352,0.12843717532258767,7.905163594407958,5.899355599472289,0.07613025513124941,7.864645148030641,5.910352804387884,0.00355928233916687,8.431054907625393,5.730401622306878,0.11405762477312194,8.517630412334569,5.6715422459090705,0.11187810969083008,7.166352552901392,5.909908014126795,0.2957248785991458,7.256038705870862,5.892019443731642,0.29613815237040236,7.161309193636265,5.783229296736231,0.29621510757359737,7.0831198236228055,5.927738552729373,0.29615428232517044,7.175016230952892,6.045435318324076,0.29612019765818154,8.188465434156901,5.747523884683329,0.10378558072205951,8.289251158682282,5.732602144627747,0.1033144215893833,8.185571774338403,5.614524027253277,0.10330983716788147,8.09330987484888,5.759992790276421,0.10319592499429964,8.190963324358968,5.884989306574193,0.10321151428019278
7.805272558965801,7.125345348260234,-0.3744899226639228,7.742644352637439,6.517429353202004,-0.5422610956460173,7.779505250102341,6.746855584282365,-0.32169518689088566,7.65530122495203,6.1184601139626205,-0.3316210470705139,7.731658664327153,6.365550342040584,-0.5572127940331266,7.729325140697073,6.203471156688499,-0.49315472901312113,7.733721717894066,5.836461264354413,-0.15892528232080683,7.10138357093546,6.004047680567129,0.34000404548273994,7.723827980530284,5.559738738983761,-0.046365836922787014,7.712612104932197,5.3694457855000595,-0.036000240908144625,7.677245266832176,4.611633267296592,0.19295928207431695,7.808990802999056,7.18290583758061,-0.3703842716269612,7.81610430952737,7.239713902203988,-0.34351485120624636,7.821756846113425,7.284270967769451,-0.30421329411383713,7.822316488956891,7.28575495644049,-0.2996111443829641,7.823346577069798,7.334126656965974,-0.32455587088094656,7.827244654921648,7.398786266109178,-0.35748892799702264,7.831510313098703,7.476401103543911,-0.3607445720111711,7.850046863784126,7.699418057329574,-0.2903113306843172,7.756474292622611,6.621218643265494,-0.5000047340387405,7.6921563677347375,6.663009864700977,-0.3600015885896489,6.79215931986263,5.615393709162312,0.9621356566293461,7.3711673882494715,6.061831163822562,0.19029733693303008,7.275994296102469,6.097074995590665,0.2066816589567432,7.186908938382518,6.115987758624586,0.24538003094236,7.070732694894255,6.073862765621793,0.35107018694761966,7.453281667825434,6.017028804928537,0.188958833821233,7.181472921714051,5.671450068423966,0.20303750645674914,7.302319809138845,5.667980354728009,0.19047775521153476,7.083431839828107,5.722851968792764,0.24319109370243067,7.029891715356224,5.800166483750445,0.28828022009943166,7.010047413141985,6.185864706512846,0.397718270238787,7.517960699021045,8.08531121995133,-0.17798674544347806,7.068326518401464,5.97244800129902,0.38100132308835644,6.793975641430433,6.267225842056535,0.9002949425926079,6.908145658838459,6.128609215348805,0.5290929890717259,7.3264873163520905,6.6340170564672105,-0.0023031390907331498,7.68783460140628,7.10536221433804,-0.3433076826472258,7.713634999692362,7.253285600825659,-0.3159382342939096,7.5806586808710215,7.191660867205053,-0.2743293643504814,7.512429730096359,7.284539999162067,-0.1976836513641521,7.627715436514944,7.286700882326296,-0.2633851951730632,7.56013676482832,7.332558506067833,-0.19155228475686278,7.424705354715531,7.572186350009409,-0.08024855428630814,7.668883713602817,6.531982225137925,-0.5234236829820872,7.645503878515014,6.387618109587923,-0.5345584535279879,6.910364808159912,5.742412493241261,0.3621526932899915,7.497523664540719,6.233138701409631,0.015966094594393153,7.486726442072319,6.602720936684889,-0.24669897712638494,7.481344375549431,6.540489084092708,-0.20607040380734132,7.053813209905632,6.713502884950599,0.1691829696145824,7.648351007530999,6.23727344056675,-0.44904621394968736,7.103905560407426,5.5499694466224465,0.16358620399151919,6.981716393360645,5.61832104406139,0.25730665474998593,6.841233810951181,5.293431109383177,0.7855715765247673,7.528462274691675,5.600568568825039,0.014168933757981667,7.414800107987359,5.719526841486956,0.20655766353882246,7.339982765434678,7.454926068262659,-0.021922373309957045,7.000783813478557,7.747085528621442,0.9093503846110125,7.565718087222211,6.675353658009287,-0.22794831180069924,7.644411208233236,6.708834399019892,-0.2675232612558264,7.4428095849010525,7.43696354712619,-0.04034667537868686,7.464442154607394,7.420724553307129,-0.07342096105033116,6.929214269689688,5.538231333615162,0.334433850306374,7.499143607578616,6.689227477446197,-0.20279578732533113,7.280854844551434,5.541360082391065,0.08176177157267638,7.251309586826946,5.4118139138255925,0.0829199350832644,7.152934733373691,4.810370137898569,0.387382816058083,6.888442346337998,5.395675267277306,0.5326651181273729,7.210750586716471,5.0667239656399605,0.2306297689113036,6.862464272239145,5.699295177227464,0.4739767110967735,6.827773609297038,5.656494368734394,0.7062845992862894,7.697244226130406,7.185907623680586,-0.3405960359343249,7.60469023371741,7.243965893010831,-0.27557833269984583,7.53566282078819,7.306865288737633,-0.2049497918459985,7.594595801812077,6.707213017311446,-0.2193522327926663,7.454197381629715,7.428647312019117,-0.05897213983788656,7.500657808331179,7.4222955815463685,-0.13815219463159642,7.476998871156919,7.414053437972556,-0.07834485034208981,7.584691993754454,6.583223354072899,-0.358298472410652,7.580446476965081,7.34553459508232,-0.18047910729383054,7.647870491567715,7.3105533206893645,-0.230834015170772,7.7295740307020075,7.292229693245158,-0.27763252945119343,7.732033438005103,7.714797445495755,-0.27309210767855285,7.724351656610031,7.484118851702703,-0.3387350256626022,7.720340643120104,7.405516366936249,-0.33428622922053547,7.7227511356245415,7.346397078076298,-0.29716407817567003,7.729813569348376,7.295140843100562,-0.2735518753150164,7.579910572185669,7.34793070088127,-0.17772658210604048,7.566992029993132,7.377766570056607,-0.20202843642138943,7.555339517883499,7.416431560389646,-0.2244995262653805,7.546401777099364,7.463213529958757,-0.21174139583902934,7.418924057115363,7.139187516945071,-0.13894525053198345,6.863340422603336,7.026886332579877,1.1996025274897848,7.769101504029026,6.688017555514695,-0.38229432824404913,7.5294607120525106,7.380675561906187,-0.1208086952175698,7.515618543367673,7.403259092845254,-0.13642173247255948,7.66773061915799,6.766740888607244,-0.28406995073850283,7.545451535201912,6.784909139632185,-0.15367370771253527,7.656693858043224,6.740258560481053,-0.2774212696727998,7.405885385932005,6.3487711274304655,0.04925911298256467,7.258085725111577,6.480353374490062,0.08406943847152573,7.476758613175277,6.627860985189092,-0.15830491184472495,6.955016106646318,5.0217356585775095,0.5782255664836822,7.010403484102802,5.196467232070613,0.3784105921392329,7.060903697705167,5.433991380002274,0.2111202723088321,7.509040222283495,7.630317272202366,-0.1542722508588853,7.475844338041544,5.415568124622566,0.003890110019476496,7.431470702971048,5.001054050103895,0.12920077523763487,7.386643886677693,4.683149220607521,0.2532006665246145,7.114930812157803,6.113675815052739,0.2998854134355477,6.928532339849578,6.313514347627423,0.4550370179485179,7.508431664641372,5.972417429549859,0.20309233329219306,6.964156699977827,5.908992559405124,0.39117218436659196,7.555162561406002,6.118396812458475,-0.016914254353414312,7.523162212390065,6.510561140002252,-0.34196169395272974,6.849855763549864,6.471686823104368,0.5652737100762504,6.985901485986971,6.385708993769726,0.33917278613551527,7.097942990318115,6.398505968300894,0.2215583666414987,7.27143730713929,6.3315149935334345,0.15253450543019528,7.401083103640263,6.241392354347833,0.12035610969423637,7.495079363278386,6.15391039495447,0.08850256127234064,7.650434202485594,5.892829815125146,-0.11079409828807901,6.873801715498602,6.77306096832792,0.48715003285180414,6.902319762451279,5.9226610086211995,0.4560562710738555,7.715646261119519,6.623755738778223,-0.48754449833289065,7.506634045790704,6.355588987161011,-0.04707368812190476,6.795886195919178,6.336259729003226,1.2476070073576992,7.563499657236032,6.0596278398771455,0.07760675615251066,7.477648430909682,6.657796841967567,-0.05927270396663271,7.026554719018389,5.997462166130207,0.40349349844757765,7.523706029857494,6.436012828842187,-0.2920019259336945,6.921457677426081,7.383478811470434,1.0842211494797078,7.513346163235916,5.926647205044159,0.2409236365214576,7.5818002659514585,6.317475726983418,-0.38648162383465257,7.1304015559038305,7.92875796817701,0.30139678180546847,7.176038343716133,8.161928339360504,0.45039357387705015,6.834799356921878,6.908299596587176,0.8487413523978263,7.027239526199596,7.779190900587438,0.47426381578815924,6.8105570388400976,5.942064717979883,0.8376508209712997,7.508294271603966,8.27788302758426,-0.14449377573320876,7.737119857730223,6.6896339018762205,-0.36986729435695737,7.436400307606353,6.494574632864496,-0.017701379952642846,6.850291680726137,6.183841935721298,0.6433231159336171,7.1867039278293205,6.027641877566696,0.26412096276261426,7.264980553716482,6.0142888568684345,0.2287080197673507,7.4896253632280585,7.456661824279731,-0.12175864488506666,6.911279802628919,7.08264848371431,0.46151296863146113,7.703938360193759,8.476541130973692,-0.17294489078652842,7.4204253098329875,8.377551245860845,0.10088461422555656,7.302876574641212,8.296397278876176,0.2569263511821137,7.6901343162784634,4.954948975027973,0.0735789787788072,7.908477029451223,8.469807433470248,-0.2313944223079664,7.346305003161178,5.985519761905,0.21478912947965556,7.426331771770897,5.956993802264304,0.22185021444984987,7.485546012887067,5.942482292106659,0.239843105022434,6.851718122575226,5.925249536606045,0.575653718085511,7.401873653106804,5.8286582749656075,0.22458759987803703,7.310441104386562,5.785981911475004,0.21724476027256018,7.223811557293335,5.782429114554856,0.23215550150748462,7.144141578979706,5.82101425867244,0.26344654098443115,7.101140435612721,5.877015588785604,0.30013012230419983,6.783611458797209,5.946559124774191,1.1368123808077781,7.135426832130628,6.021392292702908,0.305110147846394,7.789189660901279,6.88378536977168,-0.3154260001408712,7.5041739191523344,7.0168329027851835,-0.18959919957001983,7.55673502831579,6.636193045672202,-0.25945681532278086,7.666567454019323,6.908071567305198,-0.29592255045054994,7.734455439873931,5.707884759738801,-0.06208815975131711,7.250843457569149,8.08080961980428,0.14841542305490743,7.373845473475977,8.183140817266608,0.0029960236905459737,7.678670989345991,8.323300418137876,-0.280324057255639,7.086894719838958,8.001278473198605,0.6847645156334794,7.477514634548647,5.88777864282847,0.23434927178128867,7.6008187712707125,6.106663734798111,-0.16468883257100256,7.888114086504158,8.318347075438517,-0.3345634880103531,7.548710843330115,8.436241810897267,-0.05493241475486025,6.88614694747746,7.241253999026429,0.7718041287915558,7.648118662237375,7.31765387918274,-0.22758626136541435,7.63604030364531,7.355791596759662,-0.25342487433794686,7.629200144521259,7.408282211066229,-0.2807428227814631,7.626250150561039,7.479597829503243,-0.27848878569920266,7.610731211351628,7.682972614286766,-0.22564783263478683,7.507305904936972,7.377850732283708,-0.1276129212967432,7.486619980451712,7.374668393029864,-0.12122474075688763,7.468465396796984,7.3666334180150725,-0.1144091851471428,7.360034236207938,7.288054671312674,-0.07183854708245195,7.00998411163784,7.084525948780435,0.22813286625703158,7.603956511737546,5.994657118227774,-0.0558025631653559,7.559213138336019,5.799118052588041,0.1645970836046785,7.511366552560831,5.827299090964672,0.21426579058831893,7.529739094803695,7.379776392813215,-0.12158042957083975,7.030765707714592,7.492482562937885,0.3188627592895714,7.629807263492833,5.773769396854268,0.022453995796562664,7.560136045493045,7.8893657298815745,-0.19646485013785683,7.731519832619197,6.0784017712031115,-0.3778350789612766,7.65251236209327,6.008514752621011,-0.22970967165769338,7.731478111173284,5.961610496055256,-0.26185325831014067,7.550048806940456,6.3381623708039525,-0.18690207443797047,7.8713219238591,8.12769157697653,-0.3637229347562746,7.860893001051182,7.905331376296373,-0.32793420651783095,7.705156194813279,7.91671989236031,-0.28910480311614095,7.33599117399716,7.686006770474088,-0.025814706314273156,7.409281367762339,6.806356120837736,-0.044963169666496196,7.442600977671483,7.816078413457493,-0.11132518127322885,7.185812671424368,6.8509016770388085,0.026329831857926166,7.322227412857229,6.984044881643803,-0.040695437780719684,7.123236976571035,7.138404880166549,0.08173054230611611,7.67914575062708,8.13774141009485,-0.3074313303806721,7.509230846131205,6.448475312470769,-0.1229825039375099,7.261565149833739,7.855666310947559,0.058160757747423415,7.390733307712527,7.985759533989195,-0.055825233466112435,7.245738335126895,7.521588306809728,0.03185602956661164,6.951197155674651,7.350908748917191,0.44708386732118677,7.139539271894241,7.600951128961198,0.1436333608281445,6.944146231315207,7.541549860673691,0.6661851195407774,7.255566612980709,7.21583844511214,-0.010604154004717922,7.556956583580298,6.22781058503232,-0.10059108047515608,7.553772805655906,6.560580118306059,-0.3713207562372908,7.515061777865306,6.637342543440655,-0.2702491822780782,7.579531482496073,6.4371630459459155,-0.44139459967768413,7.468661775326889,5.686494246352288,0.15933657350354555,7.295440805909977,5.620528324350816,0.16268089806948835,7.149554576919393,5.6243846807567515,0.1837847900680029,7.040812663491816,5.679858378446159,0.23627922584321492,6.976830668177076,5.775656572946596,0.30693519135439784,6.977245724630392,6.0564145692065035,0.44811638319064573,6.800973334979573,6.587788255724096,0.8832083020696022,7.059080182784621,6.2272753995881835,0.33183585856682474,7.151660790602769,6.239700477782498,0.25182907399019605,7.27250552002174,6.207295143007087,0.19218224262339847,7.389601793325932,6.14752413638855,0.16558235937791546,7.481094766209222,6.081917882024267,0.1518120118243792,7.542090800800023,6.023232352334764,0.14462381806327973,6.827313234721437,6.6856509424619945,1.2616672245475822,7.531225241480557,6.694312458500769,-0.226542348527702,7.59808529722808,6.210978858947172,-0.2606183844363085,7.612161969212364,6.53265192627837,-0.46158768958308705,7.67805955436277,6.616983197169962,-0.442164872881178,7.623561275305417,6.572687250309099,-0.4160861817608221,7.566974765946547,6.746587991560297,-0.20614067387195703,7.689342328141374,6.622038685478285,-0.4716319928114869,7.710482153184767,6.678765465215657,-0.3644507222201256,7.542680655725012,5.9225585033446,0.21536558678515944,7.584369731551533,5.934491556211241,0.13880086645487957,7.608396249051,5.941592834039891,0.05474752872992486,7.080775334659832,5.925739403927896,0.33558325815791923,7.008548318430183,5.894894667030245,0.3486293924447491,7.816308600745294,6.094167442411633,-0.3571188974360376,8.47204600484411,5.809227590534135,0.1562606171930137,7.849862713953885,6.643288568818656,-0.37909229718706905,8.876669219340096,5.2750463384406485,0.6770214558647211,8.196012602666311,5.956911798043024,0.07144726241203184,8.29569952366003,5.960859150361169,0.06363135308732228,8.395531750379172,5.944537792653191,0.08072135987461977,8.524506407069152,5.866369067057187,0.1560696673965076,8.106576209332465,5.934402358637218,0.09576534110970208,8.319538294652885,5.492024472597915,0.05514900211012971,8.19808141091542,5.5258055360855725,0.07441822387153879,8.432709874700075,5.514779924667558,0.07209435506959545,8.510213934502556,5.577539769351132,0.10279648374910044,8.619601811006524,5.9519131372213785,0.18681393338763194,8.26201089475513,8.004637768929946,-0.2632642119716039,8.504663543525462,5.764153682574033,0.18773908846739013,8.957809518954551,5.9350443653696,0.6079969652350525,8.741934125772906,5.86139738130833,0.2901092873891265,8.28659993243916,6.50323614890327,-0.12101867368000593,7.928037913567358,7.076646350184908,-0.37363418343814203,7.929872937852294,7.226764428594652,-0.3425728591852223,8.061481080981768,7.139667313573081,-0.3374144384949826,8.156652015122948,7.2125201514914385,-0.284036479169017,8.034869991841465,7.244262978479148,-0.3175815782074513,8.122070691142547,7.268872876886136,-0.2636937675265436,8.302649021745786,7.473453986924788,-0.19246260354658692,7.820844728985515,6.510204349706161,-0.5398009690076478,7.824888112562789,6.365327348105527,-0.5544999559211775,8.645586359122845,5.473614165253147,0.14050254396332776,8.06429152389876,6.151421494905125,-0.06146238864087057,8.082628099377905,6.52454645640669,-0.31972573682655064,8.088327392756794,6.461750644959397,-0.281880698789391,8.609279349819213,6.493148191015407,-0.029396611023902883,7.81757678883402,6.210292613095416,-0.4747036893084408,8.378569824609363,5.330016861105631,0.012061125454417381,8.530204261777493,5.365954132078233,0.06656910710826444,8.732623769316643,4.975742080469116,0.5307374794258611,7.936252722400744,5.525095552169763,-0.03448565519881303,8.096944310008556,5.610191476458017,0.111821522612549,8.377121083366767,7.329660304247367,-0.15852022912365057,9.002977300167961,7.490492881568958,0.640619494304871,8.011442680625553,6.619500151295008,-0.28141272623495406,7.929442775358217,6.672625938648849,-0.2940192117937756,8.27300881176508,7.342478858836766,-0.1576840468256419,8.250335363916717,7.332462115141066,-0.17651201821409582,8.588853824703277,5.2691035500713825,0.12994886144375967,8.097514023545862,6.613859843408617,-0.2743128870768527,8.185890116685277,5.381603270972305,-0.022067152178490795,8.19656145548066,5.242656469373637,-0.023981202187085136,8.260006826680716,4.615924821543526,0.24063356457206506,8.644794370985755,5.1056360476397495,0.3050874438267965,8.204053332363298,4.895208899826234,0.10590075264644723,8.71120771952789,5.416572316665596,0.23305343424295308,8.788208244638305,5.344286314943448,0.44614990038431745,7.9306325559020365,7.158752717072852,-0.37034016738295095,8.047105165523343,7.195453922106843,-0.33427534927451047,8.139301648304974,7.2414417455330415,-0.2835598521120602,7.991284028896411,6.6570185212006905,-0.2631880748286565,8.264264572169752,7.336878114390466,-0.16715733272155034,8.207888828046276,7.343834086493692,-0.22978529177841228,8.237985815926212,7.329750221156664,-0.17823643346098253,7.950536562944049,6.531629031518206,-0.4082119332213992,8.108529923937674,7.2872662798519565,-0.2484241679066143,8.02499207985372,7.270302196076323,-0.2812644532515231,7.927386915144047,7.2721681517780565,-0.3053500012019441,7.976608869963845,7.680803099099244,-0.29916794393703855,7.950945145379895,7.455359108097834,-0.36766444247531427,7.942528203334409,7.378719689295155,-0.3633547924503848,7.9360268511245895,7.315609528332961,-0.3268921144975319,7.926022336128554,7.273781620798484,-0.301107339274441,8.109841991478136,7.287015231841199,-0.24581648762008826,8.124424356160308,7.3104641231153416,-0.2707558191035129,8.140598609804675,7.349468639697888,-0.2960365650915387,8.15663906708801,7.3934854844722935,-0.2889138420800212,8.229396952750148,7.0389071443499915,-0.23930780718216085,9.076986829207517,6.7083452510333155,0.8979496398474108,8.1766250783513,7.308589535390315,-0.20794440707245745,8.188786879835193,7.326283025134167,-0.22439962857915138,7.9073678144581345,6.736625198010175,-0.3103883153805902,8.068654292337856,6.724072797472295,-0.21015375545079723,7.917606832753617,6.708599895720445,-0.30293155105103386,8.18018291061837,6.235044220551456,-0.0541400781897476,8.350215066763967,6.322749893215151,-0.05646435723758961,8.115725434687267,6.545424443410209,-0.23592344711235352,8.53346428924097,4.748614125590389,0.36993452972588425,8.457070883102128,4.949943120853583,0.19537516959331225,8.413627348541402,5.200606287239378,0.04965640522648721,8.214168624991588,7.551279589594915,-0.24527120900288313,7.95945560101105,5.32783439788317,-0.04964838576213927,7.95866505154451,4.910249481078184,0.06408719247881091,7.984805695415371,4.575617229111446,0.17968565800696534,8.478259622944178,5.9163243841892115,0.11677105508287783,8.737456263689909,6.055075166925613,0.21880708905082513,8.047239681219652,5.908220712655718,0.11972588207697278,8.619203299264518,5.6655231054307365,0.1771407060042877,7.98093854898032,6.055262194096951,-0.07889180928153741,8.006200165145893,6.445095875351746,-0.40139344407248856,8.870146287072046,6.171509651777378,0.29439861619255486,8.663793454252602,6.141648605867438,0.11801276264181654,8.524158968131628,6.187584637153882,0.03459730390112591,8.3241391630678,6.175724237149953,0.010610122942048373,8.175620166972996,6.1295083844417775,0.01281319329368199,8.060795554465287,6.068968408414931,0.008218231998221758,7.83006516853248,5.864016840709974,-0.1373859452097936,8.875140631882045,6.489458001057852,0.22010688293316977,8.701975051281261,5.654817598209821,0.22136574214255691,7.798011588706239,6.610832880574039,-0.5004916341025843,8.06092935082632,6.277956885679692,-0.12238147683654055,9.035439462430048,5.988075200467224,0.937667737022139,7.975579501186211,5.995951202386379,0.01497740900336144,8.132013343304985,6.574481272483395,-0.1370263899687417,8.561896015960722,5.775783535622524,0.20104359899308527,8.011310322935067,6.370049064846538,-0.35265074637924465,9.060854297009064,7.092288295726237,0.79621612008118,8.038827774521087,5.86513540706163,0.1540567987045957,7.912240591606764,6.271594365177827,-0.4305556557633709,8.7464429192727,7.747508497762776,0.10192531253376154,8.780965257760604,7.9942433742151975,0.24596496291656514,9.008626240077643,6.5972180218359044,0.5558431347122581,8.871803635544211,7.555532299737032,0.24012065604220692,8.877202966113684,5.618905503971821,0.5595018987100129,8.308780635624576,8.196638424355019,-0.23982377288693513,7.802786536257554,6.678289984599294,-0.37782087208960763,8.158858935744737,6.395477566795766,-0.11035043701799331,8.836048356396025,5.896215726261639,0.3778230300954308,8.37641325745678,5.861051381041355,0.10226783976011529,8.294588150661117,5.877554011238476,0.08576447898810642,8.225139926596386,7.369548883882123,-0.2205577263163856,8.8858745528463,6.812615057060091,0.203813534342438,8.128725261765808,8.436254039596932,-0.22381537098176596,8.469944826507655,8.2820789102397,-0.029945916232702464,8.617815701520245,8.170099268742153,0.09061364170843232,8.20749175497482,5.8791423035243,0.09324913441896536,8.129025943910499,5.874318441174328,0.11748953614661654,8.072409222470105,5.872684830766217,0.14680604525385277,8.78421233718914,5.636935282956444,0.3198781459878093,8.12261019259833,5.714760166291296,0.11845489532444418,8.203919536002264,5.641204897477509,0.09435771437388284,8.293499796390984,5.6179574200801925,0.08787332836088615,8.383181483053393,5.638422508636219,0.09984827688745249,8.44377109321417,5.683429158748167,0.12420377787881083,8.96875276648365,5.594526512187909,0.8357653533002483,8.432781808227514,5.837697082355793,0.13006251641711125,8.12083559247644,6.941268890217699,-0.26529329942603025,8.00654472674232,6.5781419696947,-0.3110945902238918,7.920714361138926,6.875479205358449,-0.32678488858319504,8.60668398814926,7.932009363617194,-0.01364669353888052,8.467644392300196,8.075054937609263,-0.1242766442941825,8.111028894680858,8.281530057425352,-0.33112645911092503,8.903310520561924,7.791187254958224,0.4430835989019214,8.065472672419286,5.80497344172147,0.13913026581247595,7.9017339805892135,6.063036769742418,-0.2069132624358653,8.308395791252785,8.367188501898168,-0.15131942451602218,9.001971669454381,6.956233941265839,0.4904083069355496,8.025612866195505,7.2702079631553795,-0.2779045281018172,8.038255902977957,7.307970907054351,-0.3053306241079906,8.05181465356469,7.360657180555548,-0.33581407486408493,8.062719776324245,7.425129043192139,-0.33673277840560106,8.107781095917046,7.625288399299197,-0.28956324447819237,8.194771029982736,7.304674193491881,-0.21802494681530404,8.210432397576474,7.292300188102047,-0.22076777221650368,8.227828801852008,7.282145332033666,-0.22118503163409703,8.321546678738946,7.173440104705083,-0.19769934186482446,8.729326336418898,6.852383507704025,0.013499243857150305,7.90263243034691,5.948214315240532,-0.09860845758360902,7.958461479661861,5.73843672717978,0.10896113085244336,8.019940188221769,5.754304184329625,0.13396447193567387,8.174068560786164,7.309546251305236,-0.20839401409817043,8.784354046238194,7.270541015387416,0.09895410942256085,7.859222704544079,5.734645110948538,-0.010725141421032333,8.191710258390263,7.819137027044144,-0.2698143441047173,7.82326457284852,5.982987701739193,-0.25205584443544343,7.986264507351808,6.274601905959997,-0.24217750534237875,8.028134136332199,7.883826848268871,-0.3249760301188647,8.423358516133174,7.559825292654514,-0.15610026162489593,8.223165351268221,6.700644047585835,-0.14127155833009145,8.318521154574915,7.715676473201043,-0.2141725467533778,8.465923742323886,6.677195875646967,-0.12652751180539024,8.332620125952706,6.850773635359969,-0.16166594971618334,8.583115687219571,6.943502426244639,-0.09397431429244671,8.078960928149131,8.094917223205362,-0.35503327472489066,8.062050794519076,6.373319163003856,-0.1925951410708909,8.538768667554226,7.70846441774014,-0.09317431793062331,8.405692361129748,7.875197702317444,-0.1721133504489622,8.494633851794823,7.364376863259352,-0.12535799628500344,8.880803958497216,7.094030525760778,0.2007904379349592,8.649502420356553,7.416491984552694,-0.04039246275484301,8.967756487128637,7.28009162982532,0.39904625307219627,8.432812020309036,7.064701787953878,-0.154174488699252,7.978310097887746,6.166141971959976,-0.16061560781945625,7.975222710890121,6.50130833036794,-0.4253829158053256,8.051011156063211,6.569415713481232,-0.3321201308755676,7.915419334184237,6.389681163154837,-0.48463829390749813,8.029692216536498,5.593870478417677,0.0825711979703623,8.19326474191819,5.469342033058622,0.0516817555093709,8.341972923190156,5.431164032706334,0.03745148296477981,8.469590194217387,5.455664592151616,0.05778001583461838,8.564790621104816,5.532248622138168,0.10661199539898752,8.638444079183556,5.817259328540192,0.23115099475527173,8.996990272679321,6.26189197099703,0.5839907239986316,8.561063745048267,6.0105680951617195,0.1337806930126842,8.451316920242386,6.048815511367984,0.07971892121132072,8.313785051128418,6.0596494199353765,0.050878640154756266,8.182279772943179,6.038862788511703,0.05422693792412863,8.080224080890936,6.000281600738128,0.0683413412914767,8.005372929580359,5.96102783448301,0.07626510594888818,9.065087585098771,6.348246732015444,0.9539987158394116,8.05571776676346,6.628327114446888,-0.28756250332942196,7.900235605212686,6.164801131008538,-0.3039615042885778,7.890851876558437,6.493007920636903,-0.49652751228085645,7.845915001968104,6.59438887620178,-0.46172746541858944,7.896187186288492,6.536349309588668,-0.45162727883106146,8.03403124691154,6.691278302313446,-0.25640685623864956,7.827154738012351,6.60111394168193,-0.48818520127008735,7.83074062435512,6.666338948350794,-0.37829513882769533,8.002918557624184,5.866091403641278,0.14302126270771798,7.9487684368396305,5.884147078695778,0.08534330256515184,7.911436374770011,5.894625995305265,0.010643305091482428,8.477782703657267,5.723870187873644,0.15160765316877414,8.561993126222763,5.66796740669307,0.15153645021622447,7.186424825742862,5.88532247253411,0.26891596178470234,7.276245344113226,5.867382250791147,0.2694644549314148,7.18070682964684,5.761331010957377,0.26954126645118187,7.102831592842781,5.903538919022434,0.26948077485045224,7.1956625293364125,6.018523583628692,0.2694495512036988,8.228358951949224,5.740155219150266,0.1335191359631525,8.329060135679814,5.726487129601828,0.13317387751067886,8.225783012331679,5.609599463527205,0.1331714834729688,8.132931934450365,5.751868155422947,0.13305875014793753,8.23048171034391,5.875252138360469,0.13307586807954497
7.864371315707828,7.136581476431823,-0.3799896578732207,7.801326980844877,6.5197285406233725,-0.5438920855912078,7.83815587403017,6.751136416098376,-0.324391288762687,7.717171906507973,6.124602223163519,-0.33147913620635244,7.791010792560979,6.368176245431298,-0.5579880533275124,7.789946561359499,6.207698838400376,-0.49244751006804094,7.798342082891982,5.84752259510978,-0.15435254226733178,7.1578545562585445,6.014629982147747,0.3333378656037326,7.790415544600829,5.573183272210765,-0.03979299409889748,7.780095748753536,5.38565382955092,-0.028571532875605196,7.748340532726753,4.650040989053195,0.20498179718962806,7.868655657995546,7.194950409135056,-0.37640238702247186,7.876240920789547,7.252872003977327,-0.3497226744831678,7.882155160219055,7.296923239079098,-0.3090859755873455,7.883085190062246,7.298703210858116,-0.3034426641687897,7.884353609351874,7.344706859269177,-0.3269554320873867,7.888367384384978,7.406342801382781,-0.35961256151015164,7.892827054253686,7.48026321836851,-0.3620181073291054,7.909713336992275,7.7121263683439425,-0.29115710702764547,7.814744230622984,6.624049172824781,-0.502145361986063,7.75120493806226,6.666922899234475,-0.36316472625961443,6.83886802878493,5.643743604650536,0.9573552419361756,7.435338231412507,6.075459273086263,0.18651346261877141,7.337022749238157,6.111828562695052,0.20160191613954034,7.245750673835903,6.130901750363598,0.2392341911455934,7.12656976649845,6.084672989996697,0.343691324526954,7.521110937175659,6.028912325627938,0.1869378811785393,7.244573886656505,5.676569184736569,0.19903504459502333,7.368080262504377,5.674248439204665,0.18826564488601194,7.143983475005366,5.7283525104625115,0.23815322986887058,7.088134786089773,5.807244510562676,0.2823940198797702,7.064708712429008,6.200860341229109,0.3891904777445179,7.574083676552883,8.091053283135585,-0.1868309958393314,7.124507683261957,5.980355965358684,0.37428948223665365,6.835316743379044,6.290550139326384,0.8890973466440797,6.961300072253817,6.143028935471708,0.5201659979396194,7.3876866480426795,6.643374889930965,-0.010175348868043207,7.746750318782306,7.115087613725338,-0.3502244865513907,7.774397241615039,7.266100217433544,-0.32372224358384183,7.639016931609374,7.2009548376494354,-0.2835164681355338,7.571245245673818,7.295335911185367,-0.20877956936446612,7.688848204782366,7.299159928383903,-0.2729286303280036,7.62177638614541,7.345673686258995,-0.2025890807679972,7.482020823254478,7.583955413026536,-0.09321835585377304,7.727375538813952,6.5339740869569365,-0.525774090520533,7.705120480231154,6.390179496089136,-0.5363272506249303,6.968976967158047,5.750252224050917,0.35687552570975406,7.559302046298845,6.243261476834078,0.013296886807528732,7.5440030914539875,6.605568347065669,-0.2520060252850915,7.538789440835758,6.544204415232037,-0.211175081647728,7.110935308257871,6.728594916982027,0.1567944342874886,7.7088463717053495,6.2415204667397255,-0.4495966916859038,7.166503328741346,5.554488157185999,0.16278025002947813,7.042805752033547,5.62392184757756,0.25455864695419883,6.894078900492314,5.322582437962508,0.7833806775979514,7.595141745601271,5.612188247635828,0.018040064655323883,7.482950131584991,5.727301627245593,0.20526505855793703,7.398262580891007,7.467202395853813,-0.036398113476632125,7.034048752648901,7.771783922691814,0.8914943921417843,7.623404840261844,6.677820626737622,-0.23259690582267292,7.703234446088329,6.712460450454923,-0.2709901286850549,7.505284556562475,7.453792361202496,-0.05463354882785362,7.527240187383501,7.4373151761528815,-0.08708691292380567,6.989653355999261,5.546081091450653,0.3315520766287419,7.556844574114277,6.692422600334597,-0.20835419254567147,7.345289120001105,5.54856778489872,0.08318302201698112,7.316673927153196,5.4211843606704075,0.08494625244711838,7.2184176090185215,4.843856250172217,0.3916251320906139,6.943965008628908,5.41706849159323,0.5294791483161235,7.275486375874252,5.090467840818454,0.23348517811956862,6.91924670576011,5.709964399082648,0.4662548411343122,6.878794375901036,5.678227581629179,0.700247761254434,7.7570975321114,7.197337173077085,-0.3481472740959103,7.6645772397745295,7.255154870093585,-0.28506061800488347,7.595868308868993,7.318854338469039,-0.2160680198801561,7.653222073232915,6.710026066676082,-0.22343175573444224,7.516802063456857,7.4454365228673565,-0.07280260783101888,7.563015672057499,7.436290628148746,-0.15006534774980496,7.540058581638064,7.430198175087532,-0.09171976274591886,7.642302700349399,6.585152424301564,-0.36238921286607884,7.642829404605046,7.358645041201499,-0.19052250272492008,7.7099921338395525,7.322841417533022,-0.23928519307308802,7.791287131917024,7.30471774055,-0.28422846586604883,7.791046868194927,7.726615785962998,-0.2759769086602914,7.786983308786974,7.487839101497684,-0.3418750065467345,7.782937065683316,7.412602645385515,-0.33802350422458444,7.785058312959484,7.356499984006925,-0.30123846548181066,7.79142926991478,7.307732942035412,-0.2789024396480696,7.6424022690990965,7.361286499119205,-0.18721362303189715,7.6299179352148965,7.390396649664887,-0.2105135447101983,7.618290036880633,7.427850372830167,-0.23329201564704588,7.609338229072665,7.473472341034054,-0.22128142247840252,7.478932748988491,7.147167510457656,-0.1499304699733802,6.8982874839487405,7.053473316992103,1.1858166400084393,7.827298551237044,6.691749429005118,-0.3846636170075817,7.5914670815272824,7.395112456534629,-0.13276135426463448,7.578029629394164,7.417677765569383,-0.14791490175740915,7.725936121019409,6.770506145477977,-0.2880502959792763,7.6045885111070115,6.788375849998002,-0.15873059101423065,7.7151826960520555,6.743790695513793,-0.2810009818221221,7.467075409622315,6.359665281870179,0.044294396148219915,7.31899359041608,6.492811788621756,0.07659515467575223,7.534605388810416,6.632136608443344,-0.16385699496648323,7.013886080835112,5.052334452709586,0.5790886465294177,7.070213854169541,5.2182152681933065,0.3779397727104562,7.1234485026492305,5.441380582823768,0.21032220856664424,7.566818765388344,7.641750743149988,-0.1648679695133461,7.543100479092597,5.430012068297593,0.008912962382670957,7.499153141816596,5.029073244695966,0.13528827204455357,7.455827748469868,4.719788537460107,0.2612570579293907,7.171793459703546,6.126893747431925,0.29285989949728347,6.979692873466094,6.331236239293444,0.4443549020731942,7.579076544291348,5.983335451966487,0.20173963487213853,7.0214937105221615,5.9192135379174955,0.38424022434865424,7.618093785431953,6.1287906042649345,-0.018043186043183095,7.581512371095547,6.512739968814879,-0.34619508625933243,6.895875467062947,6.4939640443700695,0.5515465234133048,7.039302086464474,6.40319269876702,0.3280972259018551,7.154741950561473,6.414879761140959,0.21181186168146054,7.331287444953033,6.345598670681,0.14598689586921235,7.462709536401873,6.253660639076058,0.1162217696419248,7.558289042497573,6.165209678248572,0.08642998126642222,7.715260619421384,5.903445599831307,-0.10789687743653151,6.918813798152729,6.794711452832028,0.4720966136341269,6.958354135985586,5.934459822336788,0.4486194027622403,7.774054523092529,6.626326988352286,-0.4902334131289973,7.566812993286912,6.362914974976256,-0.05097590794363406,6.836260481963135,6.36138608960952,1.2383729763808125,7.628249076388442,6.070907249594648,0.07744947641901173,7.53549140638019,6.663844926145994,-0.06499251492206995,7.082483898788087,6.005963171847972,0.3963841846265508,7.582317579245276,6.439339040958007,-0.2958099168216042,6.953008448547106,7.410293083300136,1.0683824246776852,7.585487184443987,5.93722970951135,0.23958130638599112,7.642079752931598,6.321517463507732,-0.38886295608280846,7.1763995966460845,7.943939012431848,0.28431570125839045,7.217468098332998,8.17886065465343,0.43272921337150955,6.870680965826029,6.935286654126269,0.8332230440283828,7.069025522787279,7.798919293035158,0.45598555117454675,6.857161261247509,5.964857873014431,0.8292558967521567,7.561556773420623,8.284300353019919,-0.15436976838254216,7.79562125857959,6.693292023112754,-0.37277067550015275,7.496687011479881,6.502989446471292,-0.02333577183953745,6.89950539735084,6.20018067628552,0.6322828452045418,7.246069582440008,6.042281234056555,0.2583404556610147,7.326958368879219,6.029526693674081,0.22393656658973712,7.551651847363737,7.470035054631445,-0.1343762011028875,6.955127531285237,7.103472702619295,0.4446913073597635,7.755238193937696,8.48515649561666,-0.1807535028925704,7.467887111386156,8.3877162083219,0.08794855689339315,7.34753158140734,8.308769734014472,0.24153293054078856,7.759785166840559,4.984253237834753,0.08349835124177958,7.962455192312229,8.47835335256666,-0.23651911638736192,7.411413592490574,5.999780529701887,0.2113399472948724,7.495027532318252,5.969424687515965,0.21921347695139257,7.556654094767029,5.953850836340419,0.2382647486723137,6.904885717397912,5.93946279125276,0.5676459063863941,7.468579763557965,5.836524577344256,0.22240427658504797,7.373164762353071,5.792465405603015,0.21431607435926334,7.284342944008595,5.788196215081556,0.2281831421981651,7.202754290270784,5.826605942546469,0.2584375216636073,7.158385589590266,5.883560349642583,0.29427307226812904,6.8263331890132015,5.973371001113586,1.1299824715355102,7.1930766407077735,6.034115153555984,0.29867689254602986,7.847865270151055,6.890615639633263,-0.3188333864075042,7.563390137137883,7.022868192175597,-0.19802373183909222,7.6139198345841175,6.6384022245475105,-0.2636750723893279,7.725610718801194,6.914346913157232,-0.3009129505272396,7.800041966763633,5.720001001203445,-0.056557214366340994,7.298953575757717,8.09175026438347,0.13348247236635713,7.424743539234527,8.191306026852965,-0.009328518455645808,7.7334845866667825,8.328682040928658,-0.28715773970084923,7.124195268271963,8.02251102165889,0.6663382887464199,7.548144574231269,5.897508271996071,0.23281067650108872,7.663321807713123,6.114814182160626,-0.16493317622170792,7.944360375836365,8.32376853958488,-0.33848382931376664,7.598545842420647,8.445306628844524,-0.06547503216294825,6.920854957521532,7.2681204529346575,0.7545971017285875,7.710307434880262,7.330280934765871,-0.23504220248078367,7.698873623456641,7.366735362870779,-0.25960253916743,7.69212747990828,7.417153225851773,-0.28722921455060957,7.689396554418383,7.485948738278785,-0.2852436567526294,7.668878176853863,7.694607318985897,-0.2327574198464723,7.569465995407481,7.392390910709557,-0.14018117645607484,7.547547883245762,7.388542362079937,-0.13432364341367886,7.528188255043666,7.379863286064619,-0.12772566925812662,7.419951973533493,7.298025710452563,-0.08522698852105097,7.061924395000867,7.100476260463537,0.21280448274955213,7.667786528170583,6.005064888562655,-0.054933698102304716,7.628288038073106,5.810320679869461,0.16548633970012933,7.582013100894752,5.837052003112582,0.21375647363490924,7.592577489540215,7.394007820623127,-0.1336036639491527,7.078648337386689,7.509040751569188,0.30172765107815164,7.696071989724204,5.78458251882894,0.02521010113019142,7.617633460342771,7.896918752656118,-0.2043267313189379,7.793530314835938,6.084645572514897,-0.3759888249737953,7.715604059456573,6.017093947946426,-0.22795027398102788,7.794795126562171,5.970408470053739,-0.25869870925339405,7.610364220102158,6.343368474990307,-0.18916030933429787,7.92920644503998,8.132131164487324,-0.36623717526664773,7.9199407792166605,7.912820892100594,-0.32936142885176484,7.764042091646476,7.924038971233204,-0.2930562411350479,7.390832443322984,7.69636853143526,-0.0392445683658407,7.468887849471885,6.8129671666353016,-0.05240935634812226,7.498243314328417,7.824331691101124,-0.12229760536425131,7.245846635022206,6.862156293524011,0.01528398768438288,7.382910234107905,6.992421078635785,-0.05135114526805817,7.180534585809255,7.1502425974954225,0.06766431019319889,7.736534420760784,8.142081545842986,-0.31288142539324815,7.567420506962604,6.453554283759054,-0.12706008508541333,7.31348628413751,7.8657797084571754,0.043774117864869636,7.444616162951369,7.9931404050361,-0.06733824283048295,7.301831689834125,7.533550537273763,0.016946210567077836,6.994378542533829,7.370668328483839,0.42944822465298305,7.191277909599104,7.614451589428517,0.12769250222216524,6.980138768301697,7.566188163306925,0.6476821354063191,7.315153699938608,7.2262986920109,-0.02363715839549662,7.618078633665695,6.235452545109597,-0.1027598311722641,7.611521526439224,6.5622660421246675,-0.37543062218025675,7.572120440553408,6.639615087360857,-0.2751753531684993,7.6385580495455505,6.439569203502598,-0.4442297647179355,7.536701383142821,5.696283436420377,0.1596818716605444,7.360458202563748,5.627851927139904,0.1619234537232025,7.212797746762032,5.630279456548296,0.1813903505681166,7.102278599135602,5.686663868628024,0.23225362361838223,7.036205354046339,5.783319871640744,0.3015484228192415,7.0325559429161135,6.068254247474079,0.4403777438085475,6.839312480595174,6.613235140792394,0.869563563319098,7.114779527811418,6.2419447161949595,0.32330457793180367,7.209805633682348,6.255079133002911,0.24459419610129782,7.332891367638381,6.221463857289747,0.18668633254719813,7.452485701740883,6.160344518254284,0.161598987216743,7.546694333746541,6.093377318955779,0.14997660169029176,7.6092588626779785,6.034503327377268,0.14365858572781506,6.8656642881691585,6.711373130847717,1.2503408875650406,7.588805421254565,6.6971391287170166,-0.23150561789573237,7.659497069001909,6.216645595619592,-0.2620607779592197,7.6705116815590495,6.534498626674546,-0.4646975462058425,7.7369565056779805,6.6201955736064075,-0.4450368668384472,7.681438269569355,6.574821084251407,-0.4193719844293842,7.62566822553577,6.749720808222238,-0.2107521850287673,7.747982662437985,6.624769963991071,-0.47434610978898245,7.769300476050802,6.6826273442049136,-0.36741495452597966,7.614601664065743,5.9327112363593075,0.21472832866620922,7.652888012862553,5.94554370011111,0.13966776381681037,7.674622860803814,5.952807168250291,0.05597171810099328,7.137392456682985,5.932826317631603,0.32930357255382003,7.065438883260125,5.902903022296723,0.34195719135032326,7.878481217657745,6.100806735011123,-0.3542129184516464,8.541711545444963,5.825778367503692,0.16928372857135668,7.907166397235515,6.647666447345472,-0.3802676206327935,8.94230837203676,5.310676757246841,0.7017249682755381,8.260838203725205,5.975112011207938,0.07997511464128922,8.361334818728078,5.9795327193919805,0.07354255854102619,8.46141295637715,5.962996009546351,0.09197162140223929,8.593299701991246,5.8827969892282335,0.16936104316436246,8.171062545619133,5.951703975364147,0.10340550610449208,8.385310685050218,5.50978467462244,0.06664219165753667,8.263806506886484,5.543921604002499,0.0845492400955157,8.499164664278842,5.531916354537135,0.0850575006833069,8.57801301286193,5.593931812319876,0.1165668105333705,8.684937584321737,5.971216203497844,0.2003275443703114,8.31779802216641,8.006416959841808,-0.2615670829086352,8.574948748514348,5.779808990944881,0.20149353140679646,9.025746984283447,5.962259705857464,0.6283792361386076,8.806941049259317,5.881770637442401,0.30655493165679354,8.347373548390028,6.513455709392416,-0.11587501515786655,7.985689343600387,7.086545293658004,-0.3770111858926231,7.98854220473303,7.239609157912519,-0.347114721810492,8.119007570369558,7.147847175401245,-0.33908949411321865,8.214882896663635,7.220632652942956,-0.28437547407438873,8.0926788512013,7.256155608179315,-0.32055631359033965,8.179522281780045,7.2805088256325545,-0.26558548013233924,8.360884594816401,7.481236538972439,-0.19089006834031233,7.879466803977217,6.5121916191788625,-0.5406008604115484,7.884777858807108,6.3678912479231045,-0.5542286115137446,8.711295885509832,5.493150921321489,0.15862723432296832,8.126817945119397,6.162967216842337,-0.05623053259048438,8.141917040952181,6.526356356092382,-0.31731829997075417,8.148106898225056,6.464939032320506,-0.27902437529081536,8.672020342830155,6.50795273218992,-0.02056039722284293,7.878225080656711,6.214817282491084,-0.4731723439439272,8.444355675133643,5.346994819455423,0.02722213787980798,8.59535457010095,5.384872792075936,0.08394095981260243,8.798683336648518,5.012565395357496,0.5548834744589939,8.003533073663968,5.541209437842255,-0.025465589897177895,8.162767314349027,5.628567306961102,0.12051642730622471,8.435263893865955,7.338154802631459,-0.15506326607702303,9.067449695615176,7.511108606907112,0.6507684058906089,8.07037040068026,6.620965427634867,-0.2806824565216285,7.987672060442194,6.67636028507539,-0.29480654070514173,8.330598378604,7.35419402948494,-0.15623140637790942,8.307410404127294,7.3452761327728835,-0.17613405178637834,8.653481796056727,5.290972245984198,0.14862834251328214,8.155412935612295,6.61629579757658,-0.27241743859495404,8.25288569097761,5.397432884791428,-0.00964076293190079,8.263652103173184,5.261693622227977,-0.010467529091323266,8.329250592919687,4.655517631042908,0.2599536678221045,8.711415656614541,5.135064900261867,0.32632636322041064,8.273328309710838,4.924494310955487,0.12215364103752578,8.776949210219934,5.438695473388985,0.2531084064694712,8.853969245674515,5.373479024605998,0.4683389305075141,7.988895745945725,7.170114499699586,-0.3744186104589179,8.104964769098785,7.205605708378069,-0.3367261116914421,8.197200785440142,7.2511245002688645,-0.2848358442581134,8.049502810979119,6.659098094231057,-0.2626732294873083,8.32173170929215,7.349154263422342,-0.16640524246497435,8.266284181426064,7.355756825947587,-0.22949482970125948,8.295060993114062,7.342708990661112,-0.1779554541762575,8.00966232387181,6.532909134242778,-0.40699907915954237,8.16575942742871,7.299813618871048,-0.24970645164086128,8.082763102454232,7.2829720699185545,-0.2833246134047417,7.9863755021580864,7.284958394323756,-0.3085337478206796,8.036131738012466,7.692716955766998,-0.2991699788202915,8.01117461444693,7.459923054435696,-0.3677052280956374,8.002768991736941,7.386742187945909,-0.36397782595427003,7.995734243116993,7.326643789351189,-0.327792725004059,7.985521231146188,7.286886276201962,-0.30363972731923305,8.167354691961911,7.299412457821542,-0.24652383666665792,8.182658697395523,7.322028994256503,-0.27043161022971923,8.199373981629197,7.359717930555126,-0.2957655212445764,8.215483195212537,7.401809537220818,-0.2883791704772588,8.287815562791856,7.045885889660066,-0.23814885569825434,9.144313162818419,6.734191690832789,0.9152013146128376,8.233987109377376,7.321424366631527,-0.20812626218093094,8.246850958930713,7.33884745480327,-0.22411326955427086,7.966005034692755,6.740824556890551,-0.31156782137210026,8.12528328765123,6.727537900907338,-0.20932717494053235,7.9758536827606825,6.712634335010555,-0.30389218911505855,8.24215030382723,6.247140328996215,-0.04822862440846799,8.412259183609708,6.336558116813519,-0.04917461208286338,8.174779778941181,6.5493884838304295,-0.23334105596194457,8.600931863109379,4.786994918211691,0.3919286183612052,8.52519179114729,4.97937797666296,0.21447059080891878,8.478952208090206,5.220893884013979,0.06599865307925658,8.272712859395677,7.560045925870862,-0.24428072138955703,8.02741730787588,5.347504568163115,-0.038968468574552266,8.028608525308856,4.940334039553233,0.07738512087013838,8.055611137319271,4.615191926658993,0.19558143396805347,8.545943938819796,5.933779435880521,0.12923550218068283,8.80238253215359,6.075627385540463,0.2332266060132431,8.111279448065122,5.924896171777055,0.12698893717108564,8.686435444643276,5.683642534284841,0.1928604067302205,8.04436636221754,6.067119308030061,-0.07381282704429593,8.065845794670446,6.446601787584509,-0.3993298954220689,8.937373225312612,6.1937592134426955,0.31067021450492044,8.727398605479062,6.1608726655352894,0.13019230690844497,8.586484293225704,6.205035013589622,0.044482919519689586,8.386213297411608,6.1918270024884166,0.018871062655713044,8.23810478223625,6.14448278351983,0.019653956052959075,8.123503315872215,6.083284078089682,0.01422753951908713,7.894810492608171,5.8756680832036805,-0.13178518143089626,8.942823532089545,6.508683624533716,0.23356201921987882,8.76764458271195,5.674557968143943,0.23881961446971206,7.855918794673706,6.613670934450491,-0.5018466557369697,8.122526387704891,6.286238379556865,-0.11833635419944873,9.100152257789444,6.018697149119095,0.9601458726002579,8.038946358973124,6.010150109924029,0.020534951218069215,8.190956814716344,6.580309631200324,-0.13450268002078367,8.631718087608306,5.7909808932660365,0.21532738711519445,8.071191482108926,6.3732297202347965,-0.349994256364986,9.128921854350653,7.115484445698771,0.8101891125086378,8.102758383326497,5.882160975801723,0.16183972443153524,7.972686242100008,6.275791597478073,-0.42817308627653267,8.803249790393712,7.754352897880602,0.1085657760581138,8.836055528881072,8.00209004830603,0.2502122094815473,9.080153369353782,6.619424276552589,0.572182462449954,8.932017436696626,7.567859186671417,0.24886228180646758,8.943325704914106,5.64768739295378,0.581111497513992,8.364458968628014,8.19856011532732,-0.23873111643018227,7.860473704216037,6.682353169386905,-0.37989928841017984,8.219717031612728,6.404429371498773,-0.10608042417268468,8.90172616989547,5.917679241205668,0.39635036371972415,8.444580787089482,5.879816420351413,0.11363082888538281,8.36157219639946,5.897279913233178,0.09603016967916439,8.28341794301354,7.380405142086525,-0.22009103929445978,8.952501181652554,6.829193986785313,0.21499830969177094,8.183964635344456,8.441986227495908,-0.22651399025718405,8.524665086891643,8.283916508274707,-0.028673793205804536,8.672229581507057,8.17249979887564,0.09321504704172183,8.27324244970204,5.898890690288976,0.10245173398470875,8.194065812850022,5.8931138990248115,0.1258838841350666,8.136776984627206,5.890522586238294,0.15495524210061865,8.849677688260007,5.658820694346611,0.33869739706674146,8.188312470747924,5.7333735171954565,0.12731781166906816,8.270234463343419,5.6602943839934055,0.10415430098163457,8.360202043822097,5.636239512032919,0.09884153255913139,8.450354331546592,5.655809821937273,0.11200743663133823,8.512179309982084,5.699919860322381,0.13695796512004385,9.033557359033287,5.628641262010697,0.8598887096177181,8.501935994478762,5.855245666825464,0.1423417123523406,8.1791052474516,6.946749326057049,-0.2648880930335733,8.06604565368252,6.579277146556719,-0.3099805836674534,7.979609156254716,6.881596009633472,-0.32836589918568615,8.662297959481048,7.93475559905393,-0.009474385912982563,8.522716281145748,8.075900073851878,-0.12162246114854171,8.167335932632259,8.284893436442031,-0.3323761568444806,8.9619443395949,7.805931674762057,0.44976566093640985,8.130080625453695,5.8225459907019115,0.1475123765979937,7.964922765674302,6.0721136187938844,-0.20270844602182414,8.363757658304056,8.370440308736667,-0.15150270246903164,9.07289783785407,6.976671178366572,0.5039350741862455,8.084034407794574,7.282801071413639,-0.2794114217485398,8.09705338257389,7.319018121847166,-0.30526755011207196,8.111103398971453,7.3695853379527065,-0.33568481106479137,8.121915266465804,7.431319405790649,-0.33630896462664195,8.16729985699831,7.635613556302678,-0.28824158702828795,8.252060280472868,7.3166342439558525,-0.2185727736924681,8.268254632552328,7.302931275156873,-0.22063765279059244,8.286009616556397,7.291030645029959,-0.2203418776867576,8.379623722114584,7.1813686544661435,-0.1948847683819665,8.792334746586269,6.865939906012525,0.022170280843019162,7.966795812588906,5.9600370860498995,-0.09341718332818923,8.023734707162422,5.755626771996557,0.11582319025497248,8.08482085661465,5.7721364251167255,0.14197744991218175,8.230887490908524,7.322288738820932,-0.2088037400392116,8.844220166356285,7.282195722275984,0.10703019415182685,7.9254819965911425,5.74822802023007,-0.004225066216288451,8.248377679759411,7.82368377271541,-0.2685286881807522,7.8868298408660955,5.992120229589273,-0.24788717996811221,8.047180261665519,6.2806495423455715,-0.2387758953108208,8.085805721421444,7.889908535467256,-0.3248641952292088,8.481255998074154,7.565048894786833,-0.15281821173459742,8.281251240438596,6.708039020758201,-0.1380564456265029,8.37588267887413,7.719389114970444,-0.21238614067937742,8.526688208443472,6.688591368009272,-0.12025771991627189,8.390735017370705,6.859585543848844,-0.15798702710401066,8.642707447221683,6.95420183051812,-0.08726513219232881,8.135624007366214,8.097978361828329,-0.35516944133851824,8.122602146536181,6.378745684665514,-0.18937874729785573,8.595594112310367,7.712430846694468,-0.08888944324767552,8.461669814890861,7.877045407426597,-0.1690662601404612,8.553014041561013,7.372142378886973,-0.12024933233137887,8.944567428234611,7.10894176872588,0.21057067949546418,8.707841282802928,7.42439144104719,-0.03408297376003494,9.034750741004302,7.297670004701832,0.40997820501100524,8.490550524404632,7.073933973542306,-0.1494103157000216,8.040525750227387,6.174738696199715,-0.1564810948593751,8.034593472980905,6.5020413788111275,-0.42374565900566685,8.110366013013547,6.570481185487409,-0.3306081576664808,7.974901286024443,6.391693951202291,-0.48311866679076915,8.095910506490403,5.61139602671432,0.09118749495109853,8.259644100241513,5.486457087442354,0.06278022176472377,8.408021739646124,5.4490188767996734,0.05053562174174665,8.53545819505634,5.474158543072989,0.0725537085040458,8.63161779734593,5.550496027533264,0.12252278496190329,8.705827540915926,5.835576509684091,0.2461260126132914,9.066840017401447,6.286564503287759,0.6025612577579759,8.626331273947125,6.028680720057989,0.14593533025993727,8.515092056667083,6.067057979452349,0.09039878013026496,8.377350235663153,6.0769751712247775,0.06005610555073397,8.245843727230872,6.055442346833627,0.06176992363599746,8.14378648030339,6.016124956418571,0.07507178211682972,8.069172689633172,5.976599048839293,0.0822872189314987,9.130650598729463,6.376745651519412,0.9744121624233416,8.113921627495506,6.629987943685374,-0.28628227425400526,7.961870045529585,6.171282650467454,-0.30068973254218356,7.949555267124942,6.494660304105275,-0.49607662865417,7.903268064231045,6.597832288121764,-0.4626075494475816,7.954662855379364,6.538446022541186,-0.45125756877834794,8.09130148349715,6.693847587875561,-0.25583640081411047,7.884785073933897,6.604029360521428,-0.48934121760690974,7.888106196795191,6.670537677756109,-0.3799934458147853,8.06664739525678,5.883022461940412,0.15002437935800225,8.01267968989526,5.900069642006412,0.09116402324176082,7.975696392996667,5.909106588310498,0.016277010375743015,8.547049296243976,5.7397213857450256,0.16485172420443367,8.631057181994372,5.683620167391793,0.16580289211439134,7.23940569133705,5.89592094410234,0.26354716171970943,7.330629425389813,5.878030676470964,0.2637946180213246,7.234699985644815,5.773141131522189,0.26387833603935623,7.155060137652898,5.913888052834025,0.2638104462057195,7.2478019343822115,6.028392114986402,0.26378311891300354,8.289781684842046,5.7607336387383,0.14144164783259802,8.391251620448848,5.746979081782775,0.14112198389490793,8.287842258760977,5.632464196940214,0.141123077437562,8.194386885992163,5.772436574391176,0.14101176155955983,8.291340873741298,5.893812684054392,0.14102925824202484
7.883220587301529,7.155012637798844,-0.3805683575448857,7.8198857628287906,6.539640057514624,-0.5432200394322143,7.857375278980398,6.772781784522291,-0.3245584851961205,7.736120396494677,6.141436221991678,-0.32968233186015367,7.809451267654743,6.387200345532866,-0.5569869420712305,7.808517213205311,6.225477246532789,-0.49092302899798573,7.817944579182142,5.862514250764215,-0.1514585614000116,7.180352210984303,6.029216561786743,0.33641859363507914,7.8104026864006775,5.585134807876169,-0.0350129503200799,7.799969638251338,5.395943562344214,-0.02340495060885119,7.767428946603301,4.65238557473221,0.21273802293268396,7.887740368978985,7.214719047814652,-0.37722455476033706,7.895754715327823,7.274415328657499,-0.35071610214694704,7.902177334497149,7.320378621502939,-0.3111211424344985,7.9023929411787375,7.320373556916458,-0.30582887566023553,7.903600483298103,7.365681347568881,-0.33044023366106823,7.907749826650146,7.425944862097517,-0.3636150838876694,7.912522114139262,7.498971134556413,-0.3666972465170859,7.932557618255177,7.73032868009832,-0.29690753874597103,7.833457407571184,6.644394517247652,-0.5016758696079361,7.770934363959997,6.688277712074412,-0.36293798937282834,6.855188394654986,5.657896274813383,0.9634707434160942,7.4555430290005225,6.0914907171480435,0.18870097547285633,7.35767640688065,6.126894347182137,0.20390524845254077,7.2666035657678725,6.145729544302231,0.2417585104402839,7.1482123451805615,6.1013073327715,0.34672134173135727,7.541001414243753,6.04614602736555,0.18938191364707976,7.265176075892793,5.690529214286595,0.20276209893271024,7.388990021575755,5.6887775908767795,0.1918912805894831,7.1643879108861634,5.742617762723735,0.24188132666243023,7.10881420343825,5.822331098117463,0.2859999117117177,7.084895608516682,6.21855540383898,0.39217887683136393,7.599326639175157,8.108934736479714,-0.19258146615598523,7.147082218883109,5.996077163665504,0.3776687009068472,6.8548244679407615,6.3082224604473085,0.8922877995579247,6.980358926002305,6.161910174594314,0.5235785782322715,7.408482891425929,6.663668886366819,-0.009756103424165517,7.7665752020252,7.134195740340259,-0.3505693421878248,7.7955431896675895,7.288962991565874,-0.32464872075256124,7.660802760409639,7.221339185856708,-0.2843831103071773,7.595423290023584,7.316544006025026,-0.21066574789133607,7.711497824052352,7.322235154204131,-0.27418965779592414,7.646486621454647,7.368544285954938,-0.2047912345499316,7.509332554982675,7.60448672928619,-0.09784726816439399,7.7461251253302565,6.553994542624395,-0.5250681997307786,7.723700583420365,6.409370211094036,-0.5352531283621074,6.986791674344592,5.764361479508208,0.3621931334040527,7.579524829549688,6.261569660328199,0.014851098619959984,7.564193602761581,6.626163452943418,-0.25133568869398126,7.559294700610459,6.564647538529448,-0.2104649732130114,7.131267685842314,6.748465981318199,0.1576499053233264,7.727303674944895,6.259449769130032,-0.4481656193945519,7.184975454928428,5.566513408656777,0.16869672935162316,7.060521200811889,5.636279172690916,0.26051997712952013,6.909428668833883,5.333334059006685,0.7904173505082727,7.615992746256991,5.628519502690801,0.023272591654422137,7.503830967040402,5.742911146983413,0.20863839844523946,7.425110652352982,7.488503357814067,-0.039520127055738506,7.061016806774601,7.790746302758427,0.888440974809033,7.643418929072317,6.6988019227803965,-0.23232994614611668,7.723463271368148,6.734082555714255,-0.27084309662052464,7.533111512019859,7.4755069053933605,-0.05840715705309141,7.554842205581954,7.459207619075169,-0.09112964248503261,7.006890124035333,5.557635912069232,0.3378683541248152,7.577162561712822,6.713751858557775,-0.2079513782452875,7.365250134205705,5.562440395858115,0.08885616317989968,7.336291552223921,5.43344718698673,0.09102550192553222,7.234717652800497,4.848584037415784,0.3995241551305409,6.959649108372159,5.427549114274289,0.5358577133731887,7.292814247827936,5.097354716545363,0.2401262665689309,6.936755730456667,5.72406943825213,0.4727845290555828,6.895470668494281,5.69154828143766,0.7058432330205915,7.777544372829093,7.218126067491159,-0.3487804352819998,7.686761660170398,7.276818113186206,-0.286186238752717,7.62033237335822,7.340675313578765,-0.2181589166376889,7.673180609767399,6.731362149262,-0.22321025379796225,7.544527089946369,7.467289975585312,-0.07672018739365401,7.590384026475723,7.457866950682608,-0.15477658905693747,7.567607857561631,7.452275647208399,-0.09576385781571786,7.661830147952778,6.605440612090894,-0.36169822834393456,7.667708685831653,7.382487092535099,-0.19331546943944602,7.733056321674118,7.347417725208702,-0.2414345577836357,7.812837305472975,7.329183043342697,-0.28613163617972664,7.815011460097716,7.745288021536305,-0.281493786329949,7.808485378661722,7.507492663065631,-0.3464405963281188,7.804137069412239,7.433148151097158,-0.3419955851305293,7.805984919965181,7.378534544543432,-0.3046827416519434,7.812476272808168,7.330335598523133,-0.28135068915212047,7.667458350557057,7.384290085322072,-0.1907107119150774,7.655191922101864,7.412622829117366,-0.21471802753909455,7.644170658408459,7.448881650754269,-0.23798993807446436,7.635689646591083,7.493537556775447,-0.2263319156799726,7.502703011280012,7.168649398653127,-0.15154460284577337,6.921664709770195,7.072275382520223,1.1859556760788474,7.846219441989089,6.712857597287832,-0.38457489764599434,7.617884731063546,7.4178400767043895,-0.13684179175691807,7.604761663980833,7.439899244875347,-0.15247014472016068,7.746198200078044,6.792398374985054,-0.28809947673468017,7.624923059246401,6.810432643928912,-0.15879427577025487,7.735386754967393,6.76561033006624,-0.28088843258699125,7.487097573309617,6.378691840246026,0.04565167946589682,7.338984465206712,6.5120973892102505,0.07796906015626001,7.555520860170309,6.653050619054774,-0.16341276035967386,7.029059266084149,5.059910419915901,0.586680341287873,7.0859989648570245,5.226122913074553,0.38449277899377865,7.141783214400046,5.451955356522671,0.21648645000138778,7.593020505494877,7.660944568831086,-0.17028416067653027,7.563721149194207,5.444170001833976,0.01480864031488578,7.517569743136644,5.035787794510413,0.14182913198847544,7.473276316804982,4.722823119987338,0.26932779043343913,7.1930983281304135,6.142281284421528,0.29568704123351114,6.999179652875312,6.350170259726254,0.4469138978020507,7.5990994562959,6.001302008132249,0.2043699242621048,7.04115277508666,5.935618300801201,0.3881365680882385,7.638254497887159,6.146215744604336,-0.016137514890827043,7.601201983197563,6.5328838991499545,-0.34532154881359167,6.9155481363267475,6.5120995597473135,0.5537178871567879,7.059111798745668,6.421415968281162,0.3301480703284881,7.174797806640164,6.432436508462211,0.21349018185428606,7.35160469120317,6.3633389080872895,0.14774143754551278,7.4829301421487155,6.27170679192462,0.11794387515960873,7.578617545057367,6.183082316618871,0.08835781013121802,7.735007634493727,5.918998860266221,-0.1051091842744963,6.9399659547727985,6.813512636021265,0.4730634430681744,6.976999658141183,5.95120926852451,0.4528258076882693,7.792920457383168,6.646934045611326,-0.4897526573258238,7.587353956735818,6.3820634078171725,-0.050073346085178855,6.855621055042872,6.379854524599423,1.241622716620469,7.648613747776357,6.088218994281795,0.07974248502819056,7.556633622171258,6.6848663513237785,-0.06494647650419402,7.104180830321164,6.022948050748888,0.3998646129127721,7.602126631986388,6.459182589664475,-0.29483831602236793,6.978854743817667,7.428669609623898,1.0670322217158879,7.605532928150541,5.955032307804753,0.24246395759551,7.660972785812905,6.340219794317249,-0.38759642089621416,7.203037940854105,7.962897385321363,0.2800546976474392,7.244958246663587,8.19753533587777,0.4276611888339902,6.893556254804742,6.953024629255977,0.8337580919473795,7.095365555796092,7.81789393331734,0.4526750458014372,6.874904106310291,5.980816117575767,0.8337374718452814,7.587701242665894,8.300531660589794,-0.1604762158964454,7.814825517422655,6.714576662641703,-0.3726358811408923,7.517378735875103,6.523158446083142,-0.02271616402131544,6.918049318535642,6.219557468449717,0.6355961523927389,7.267482633278375,6.055480060248673,0.26104610626967945,7.347660825359755,6.043239678238234,0.22650892749940998,7.579503124179058,7.491314926822966,-0.1391271298817336,6.978143531173367,7.12268827634475,0.4443150866448442,7.7812711849662115,8.500051768492066,-0.1880839324834241,7.49513796610321,8.404373047731667,0.08167893758233506,7.37506168524268,8.3264898368382,0.23577438497719944,7.779115118150329,4.990390288326054,0.09001659220962996,7.987887502039684,8.492988840889163,-0.24431836497916232,7.431562935528836,6.014581715639673,0.21396148232384435,7.514748044954784,5.985579361160453,0.22207696213395936,7.576462201753838,5.971218364439493,0.24114232662177237,6.922815094413569,5.956533234183796,0.5720573878751262,7.4892095058718855,5.852492519388308,0.22550234093645793,7.394119724167906,5.807284211684604,0.21779535167964154,7.305534318529291,5.802584998943276,0.23167984768599628,7.224333803491252,5.841332703079051,0.26191868477875424,7.180477378621601,5.8986728659400445,0.2976615968875032,6.843835038790948,5.989932734996415,1.1348841146947537,7.215061992670601,6.047768865576297,0.301610889073576,7.867380731328333,6.911531195735545,-0.31923892844024293,7.585574116344183,7.044451267910019,-0.198803016720093,7.63382804930341,6.659067347793325,-0.26317951810496765,7.746548380057535,6.935204519968998,-0.30117320931873265,7.819898062538814,5.733650188848077,-0.052942462588448556,7.325711631066654,8.10982248613847,0.12819446253709235,7.451459525272722,8.208413344125018,-0.01512860093559458,7.758744627814361,8.345142708845003,-0.29370106765017734,7.151469597799724,8.041669792898293,0.6621672792638222,7.568340052064206,5.914699026344479,0.2358081639602419,7.683012419150296,6.131809166605055,-0.16316167896296266,7.969129720741503,8.339802464157744,-0.34549331516846016,7.625224040385799,8.460890938801972,-0.072188128615935,6.945751159557966,7.28588951108471,0.7537086398455466,7.733383349258272,7.3534018958913085,-0.23788864634485912,7.722061827937824,7.389073225496502,-0.26333918823766234,7.715660190626773,7.437987725235226,-0.29160423840830463,7.713152496806689,7.505536285659542,-0.29015938423672133,7.694307894025989,7.713408620180119,-0.23816543503990986,7.595921790035713,7.414562565739306,-0.14324937543513122,7.574037711854501,7.410353894374208,-0.13733808731734215,7.554569441424374,7.401453245391325,-0.13059166245481454,7.445253236297338,7.319559605517845,-0.08755382963723751,7.084363826936254,7.1206544831167475,0.21236613758256187,7.687813647133584,6.021501749552596,-0.0525292578999663,7.6486904400859155,5.827104109118932,0.16865673268428574,7.60250358192299,5.854196029226562,0.21704993046683907,7.618856408155401,7.41674395548759,-0.13708616935947127,7.103250393433505,7.528733538763849,0.2994435173771568,7.715896055654282,5.80036309250315,0.028606720401311,7.642523220777665,7.915792389980802,-0.21013728994578626,7.8124552909498926,6.101292862524414,-0.37415858071984853,7.734970735363657,6.033203838371418,-0.2256870852941821,7.814102005068332,5.986161065093329,-0.256414858470135,7.63031684384788,6.362273897901726,-0.18825272565471154,7.953280459107701,8.149795096690113,-0.3724881263522829,7.943434902990071,7.931391316340008,-0.335014572691993,7.788108376714565,7.942854646081904,-0.2986504347880133,7.41669041557337,7.7163475273633795,-0.0435276365503531,7.4904474355101325,6.834294081374488,-0.05265501339105209,7.523913499459349,7.843464306943828,-0.12777005471199862,7.267235192053196,6.882688375730454,0.015293588601471527,7.405276284671569,7.013698375289514,-0.05233472351569767,7.203254994560402,7.170826447327285,0.06671101008758276,7.760954958056818,8.16024116806183,-0.3187688941173047,7.588058657768928,6.473366325858625,-0.1263263084187079,7.339315110352637,7.885038050335589,0.03915572553653145,7.470571827624522,8.011362583888053,-0.0727747501718441,7.327189043294182,7.5545455655166815,0.014083419510491605,7.018703633756721,7.390055031761318,0.42785992863381833,7.216378785155469,7.634444481829293,0.12459597209894145,7.006160823582176,7.5845018710350764,0.6454545508546573,7.338869426742375,7.247423253254766,-0.025091572368693832,7.6382016814852935,6.253545184806401,-0.10142808907426666,7.631125730660013,6.582466200791718,-0.37461244906361985,7.592127691249642,6.660202538677257,-0.2746311133808666,7.657556360475791,6.459197059911561,-0.4431160457956422,7.557741319585727,5.712102543911626,0.16336653470316093,7.380997380597547,5.642092594457902,0.16618602843331656,7.232526133879253,5.643531660530651,0.18594212112189742,7.12160373132562,5.700271669893734,0.23672496716197466,7.05565123915494,5.798085475611741,0.3058189273653636,7.052851969856064,6.086023134286424,0.44391484865433706,6.860246469524059,6.630962510389643,0.871482840053186,7.135185505240973,6.25909958915054,0.325863882361408,7.230173995215348,6.271499867391284,0.24690512513371715,7.353259363957507,6.238034526954421,0.18877334931804973,7.4728024162129,6.177582899213661,0.16344096603661193,7.566971166689827,6.111169529673279,0.15213501153666212,7.6295419621164,6.052397535863079,0.14590581887331178,6.886812396150096,6.730427371300215,1.2521340849821638,7.608996381790686,6.71832156258768,-0.23113393500489843,7.678706797129719,6.234397430349239,-0.26061832959018594,7.689673073884195,6.554663068039789,-0.4639418515000898,7.756343290310363,6.641118453307277,-0.44458418802113026,7.7007514950535905,6.595197847690742,-0.41874683833589704,7.645746468316175,6.77141434617262,-0.21060183009678385,7.7670773195991005,6.645523196520396,-0.47389756237366465,7.788817418821801,6.703912090538981,-0.367271263131197,7.634771509413447,5.950799037019609,0.21759530051367118,7.673179886255045,5.9631041733857595,0.14239862665037203,7.694863551514109,5.969416095164874,0.05870554937484702,7.159908645900549,5.9482663820233,0.3327394202645407,7.086412090411343,5.919015139294194,0.34548714270368736,7.8978536246677145,6.1178055849871305,-0.3525523991119802,8.563114552319577,5.845528351221771,0.17164327863412626,7.9260720535110245,6.667857299385997,-0.3801791983373042,8.970127874268762,5.3247607993641335,0.7070528100184533,8.283291084698629,5.9913262197908415,0.08151166491747971,8.384079973217611,5.996727601272041,0.07516437581960694,8.484330568544978,5.981105160761318,0.09375996599673406,8.615449094957187,5.90371140597555,0.1716171304454458,8.193200049850667,5.967503852012398,0.10531745408861652,8.407974692231488,5.523496619874319,0.06960705481628993,8.285706892449713,5.556943148989968,0.08744411011919247,8.522648506342286,5.547482139688662,0.08800982895098994,8.60156706341479,5.611681923180993,0.1193678266070804,8.709253195207534,5.991628647954949,0.20255691535097642,8.34049269494377,8.027099701106934,-0.2687869875583437,8.596286146740585,5.800546864641148,0.20413521233241017,9.05035598870259,5.981366348721229,0.6309121786303732,8.83251871852592,5.902094717619816,0.3092256983344994,8.36929861581879,6.5341211052758466,-0.11666181126774815,8.004212834802631,7.104695971117443,-0.3779137002778299,8.00785427248194,7.261179393647511,-0.3485935429969737,8.138027168247048,7.166342841267545,-0.3410053228150717,8.234254311372023,7.238916194992634,-0.28783645738412267,8.112136278647595,7.276768190833757,-0.3229045359541378,8.199251507182225,7.300005960629908,-0.26929322010875917,8.381081014508942,7.5008435845294015,-0.19777495088412197,7.898090936719932,6.531996149491199,-0.5399356098802424,7.903667769947055,6.387081689506758,-0.5532702591070726,8.737522269915647,5.509800169250805,0.1631869114563197,8.147797479079827,6.1816635088920435,-0.055261681440231344,8.160035690553203,6.548209337839227,-0.31714682463843435,8.166263684899217,6.4867636041236265,-0.27883415491545716,8.696285683281001,6.528695486130777,-0.020988162159379743,7.89710478938099,6.23287950142987,-0.47182528733231677,8.467839551452892,5.359807737807546,0.032373684647874226,8.620574456475213,5.39935962592515,0.089132352716282,8.826572893998092,5.02310064362118,0.561284967212087,8.023600071849074,5.556008371028183,-0.020674331610141754,8.18444627387571,5.641678383635052,0.12323240001841416,8.456017359583251,7.3590076696126046,-0.16102424259020356,9.085163444556722,7.534839983034337,0.6467601741175556,8.088688690268691,6.642552454793545,-0.28083462135563847,8.006305232531334,6.697597998222803,-0.294900922450778,8.350204401275848,7.370990481224904,-0.16261635413565267,8.327203943531917,7.3623973249926085,-0.1825043182556895,8.679290378077951,5.3046178536636,0.1542156634944874,8.173516172738951,6.6385738603571225,-0.27253349279735634,8.274269609152572,5.4107368576968815,-0.004654412206318393,8.285283637722435,5.2734467709022965,-0.00499567334162268,8.353073851273093,4.659620698275441,0.26745237858175036,8.738548210434079,5.146023945595971,0.332058708187928,8.296621076314677,4.93079059638251,0.1283862611402712,8.803638999390758,5.454696383077024,0.2579309107793359,8.881234252367205,5.387737485221481,0.47329071638647613,8.007787709345342,7.189755701053441,-0.3756085899169564,8.124142242655232,7.225008117005481,-0.3389091944757922,8.216660661451948,7.2699049526406485,-0.288452279446457,8.068060629534584,6.6806858969405,-0.26274889259557893,8.341386956213713,7.366140777913876,-0.17276458712476067,8.284013873540596,7.372483810724227,-0.23608766582662136,8.31494040912614,7.359987305340358,-0.18426505339921803,8.02837597689996,6.553410668154456,-0.406628413376684,8.185898363170837,7.320030612060509,-0.25398487439885753,8.102611962015285,7.3047203671306775,-0.2865379335862012,8.006210452412917,7.308034777225831,-0.3110383680992117,8.058162980527444,7.710879220989406,-0.305254090314248,8.029160987804401,7.477208606450728,-0.3726910037383873,8.02076462693248,7.405156181620751,-0.3683346001944413,8.013960716752427,7.346414213573256,-0.33156764678719225,8.004084049603561,7.307289559500878,-0.30642954918265125,8.18582167086128,7.317855010411059,-0.2512776494373079,8.20023114290998,7.3397021894622005,-0.2758590268949583,8.215980559838885,7.376295273806801,-0.30171159294939337,8.231578039173382,7.417375581772914,-0.2947919660121691,8.308849158615093,7.067015447704295,-0.24131719051390785,9.163583501617097,6.756245909664235,0.9144032208144312,8.25331596785902,7.3395401226948325,-0.21404450536650294,8.265287926786005,7.356219976511397,-0.2304877254236825,7.984623014296978,6.762490544794399,-0.31190999699832145,8.14412275983222,6.749730680913556,-0.20984087597812448,7.994410689426261,6.734154906949688,-0.3040273751174931,8.263826431830273,6.266647270030838,-0.04767299210578706,8.435371211040286,6.356225334619585,-0.048860586763446054,8.192876639828285,6.57159832171743,-0.23345383214951337,8.627585291188604,4.794047123171616,0.3989950867214421,8.551136805293758,4.987171020105493,0.2205493336270893,8.50259491441751,5.232646823973484,0.07151106236329527,8.293038966648423,7.578704366539885,-0.2513771776055495,8.047402181281596,5.359773732726892,-0.03338106820490409,8.049800624736177,4.946747299600929,0.08370695966882359,8.076932338023294,4.617901167144284,0.20338897716820908,8.56843381514856,5.953243423508689,0.13123195958350997,8.827797800413961,6.09648078185581,0.2349450363312955,8.133051573786368,5.9407519827113004,0.1290864967455701,8.71096430192551,5.703062257044358,0.19613617279181902,8.06506745892475,6.084642672714375,-0.07237018241209156,8.084628338936229,6.467383602200727,-0.3988126259495863,8.961693167242062,6.213911901548935,0.3126217070573647,8.752472205693026,6.181481907291109,0.13137564461512632,8.61072021820933,6.224685000504806,0.04524093641515134,8.40941954640307,6.210865914537234,0.01980700563118617,8.260459205333254,6.162907174618571,0.020700031842930962,8.145296296870931,6.100855861062402,0.01562305380049122,7.914876423340228,5.891051025043428,-0.1291944696595723,8.966377909736305,6.530419616071129,0.23350443279479385,8.793438922219512,5.693462695127199,0.24239961021549739,7.874721487675295,6.633743691879661,-0.501450359850998,8.14271191074129,6.306159726725133,-0.11800897996661727,9.124567374397868,6.037986255033494,0.9624115213293651,8.060305300608595,6.026726232263163,0.022626579908615607,8.209484865921771,6.602444547431642,-0.13503310131015456,8.653979745386666,5.81222724808934,0.2181047888696811,8.089926619906938,6.393926839891009,-0.3493997618573004,9.146355225435954,7.13837981228531,0.8078392566832407,8.124226893600689,5.897663927961941,0.16416389053714717,7.991852349741375,6.294769471731024,-0.42716879345735115,8.824934862027906,7.779714186379708,0.10210772718722841,8.856770129130478,8.027774738133518,0.2439623516813132,9.100499012418954,6.641572095553437,0.5718812126168485,8.953196961665245,7.592970583142429,0.2435493843953222,8.969712578177381,5.664641942248914,0.5849794541819037,8.387055056018587,8.218422414034725,-0.2459946752748458,7.879346902156483,6.703220412728248,-0.3798127845493616,8.240195794825725,6.425250583759074,-0.10623863227911684,8.927893564097504,5.937876021102866,0.39954753362349,8.466668908463596,5.897206306397831,0.11560245352245264,8.38389547756726,5.913469417098307,0.09794536061280745,8.300813106895626,7.396636823648596,-0.22685334198982884,8.974955148696806,6.852064991821373,0.2132275920891889,8.207695619869531,8.458685673145995,-0.23438047059731273,8.54640069342236,8.30606218902624,-0.035995027902029256,8.693618093230612,8.196876939635336,0.08629741086687354,8.295473585720721,5.914033394978501,0.10445607871615323,8.216129603383875,5.907918268559762,0.12810320954140336,8.15858577179514,5.905828041368123,0.15727934264422705,8.876355608562005,5.6772314189703135,0.34283427160775626,8.210157008898937,5.746733462751302,0.12977274821364557,8.292189563144449,5.673318664158134,0.10691008565857031,8.382517910044628,5.6504090072146695,0.10154170312365646,8.472700107449233,5.672221457672803,0.11469516903013145,8.534137882528936,5.718430382962536,0.13954320600987205,9.060215291554952,5.645469950127882,0.8639423038573861,8.52365852958892,5.873853859893521,0.144557666649836,8.199666079761252,6.968300145592801,-0.266798866047708,8.08449955373716,6.600585844193386,-0.3098698730372188,7.999124372414677,6.902495973454759,-0.32909321192564606,8.684156722173128,7.959006335879813,-0.016545895221540437,8.544642558401353,8.098298381358811,-0.12888195754202683,8.19093979725576,8.303120387793562,-0.33960926050788304,8.981460248274525,7.831122633203783,0.44448479551145514,8.151606048112985,5.837154419232835,0.14990629955845294,7.985009369894187,6.089307156862697,-0.20119350153877663,8.386195523341652,8.389703111235411,-0.15909982408138995,9.091983995520925,6.999856860438959,0.5020647574983848,8.102308086826469,7.302101975920382,-0.28300646978475,8.114602732263481,7.337426743107854,-0.3097467628881785,8.127984816769043,7.386574937337024,-0.3408592637585427,8.13844752892491,7.446975195700627,-0.34216016158137674,8.188113757999774,7.653715956899044,-0.2951224528897673,8.271934111272818,7.334958118954904,-0.2236910729769321,8.287835465796132,7.320859757218563,-0.22587314101804853,8.305499296414576,7.308787230074327,-0.2254452738995107,8.40086907739968,7.202254376974373,-0.1995728338650928,8.815911215944787,6.888524226380424,0.01985620871061034,7.987140837290022,5.976322020586888,-0.0913733587520744,8.044989267579929,5.770234591044426,0.11857114906592635,8.10626135833049,5.786670259441407,0.1446903972522127,8.25104630960351,7.340955312859888,-0.21432755696537079,8.866855167837388,7.306217314191772,0.10267543567800026,7.946266730344892,5.762727426855969,-0.0011368569407020238,8.27064915333154,7.844069163272041,-0.2757949960516007,7.906658770019827,6.0083113958209315,-0.24577244393326322,8.06692833270007,6.300145892035999,-0.2382394141781394,8.108767605125866,7.909509408695859,-0.33109483146364205,8.5027772395308,7.5871397970789385,-0.159547531265269,8.301373105457872,6.729953470708133,-0.13936592287330182,8.397522832760934,7.740476664380056,-0.2196954307806605,8.550027660854582,6.709656778632307,-0.12211685701685326,8.412607341836218,6.881245692095933,-0.16073368455065962,8.666222297934167,6.976512010814369,-0.0906103019256353,8.159041584578363,8.117482311433688,-0.3618321233490065,8.141743851211206,6.399690339305547,-0.18912027349194765,8.617682577594982,7.736024169351552,-0.09571451201217691,8.483871138199984,7.899030055755843,-0.1764444048734897,8.574713902384087,7.394876518090528,-0.12598813422234506,8.966776565043537,7.1326177598954805,0.20736673504347228,8.73034792141018,7.4486146746955235,-0.03969939137262273,9.054320836404282,7.321641150561232,0.4064393505545949,8.51286227823771,7.095788087011016,-0.15344929433805116,8.060707573477599,6.1932939699877885,-0.15556051469284657,8.053175809869094,6.522625940990361,-0.4232781057719785,8.128611378467888,6.592139560969018,-0.3304937961850492,7.993876737308771,6.411393875149077,-0.4822812165598617,8.117061950755826,5.625555634331316,0.0943177205401937,8.281451916293939,5.5000819513075365,0.06644087996716791,8.430924504110617,5.462948764990434,0.05444142757071884,8.55945792088083,5.48981422573116,0.07639230063857919,8.656043926133549,5.568045446067057,0.1261737942753927,8.729720636198982,5.856106101841975,0.2490036501076703,9.08915289167846,6.30711476303284,0.603662758927112,8.650092313506887,6.049008242239252,0.1476838278742998,8.538726397880053,6.085973211933975,0.09191667131064893,8.40035031904163,6.095100320283762,0.06142218564944312,8.268266627148755,6.07282120435709,0.06298529452387636,8.165842600709,6.0329043042567285,0.076760828439182,8.090870803529329,5.992818102265455,0.08414520466769376,9.152622289449102,6.397649310954001,0.9751037368050786,8.132084961280992,6.6518618882566205,-0.28636316013311003,7.981581368359404,6.189254600513602,-0.29950237058522877,7.968212307076221,6.514476297831265,-0.4955043996646041,7.922093459074602,6.617642647946554,-0.4622586452272792,7.973315239711262,6.55826977712609,-0.45083732442145646,8.109890496299776,6.715860173558273,-0.2560846429096697,7.903527408550316,6.624079737362967,-0.4889695456413133,7.907058148839413,6.691164526368162,-0.3799195930606686,8.088127244681736,5.8984167425666145,0.1524055825474179,8.034114153382097,5.915546621067569,0.09374047638268948,7.996750528380143,5.924536623826211,0.01871791605008021,8.56862626943481,5.759572551234943,0.16752916128983422,8.654295920285504,5.7033798789679055,0.16855793933327903,7.265665893756669,5.906708555903334,0.26461331610338645,7.357969429384151,5.889177489801908,0.2648501533506219,7.26068885227128,5.782210167533182,0.26493516605225487,7.180337740737217,5.92456990539451,0.2648660932321781,7.274246750278942,6.041009451406033,0.2648385997627138,8.312581035338692,5.771811124464496,0.1477179912232805,8.41518666337938,5.758805989895538,0.14734773377595564,8.310569670993672,5.641464223978173,0.14735003997158505,8.216014564919538,5.782952852964895,0.14723617721482343,8.31408521752333,5.907115169846464,0.1472541971943983
7.720432630275364,7.05057612914359,-0.3853758696165146,7.653391809590213,6.4399422355182505,-0.5363158458104914,7.6966814131826125,6.675347633826856,-0.3238036442840617,7.576704714546164,6.052840632911642,-0.3166521946241501,7.642792199181917,6.290698691881066,-0.5486712489521927,7.64453235906219,6.133759139311375,-0.4817338730894927,7.661473012023937,5.779115270356597,-0.14086319539242004,7.046747062762277,5.95596553932229,0.3698885806779752,7.655610066784613,5.504343667939244,-0.021757859427538405,7.644982585232445,5.315495228858605,-0.006348293684883467,7.6176567152768095,4.581780934600914,0.23522530784050322,7.724022290677256,7.111213733185112,-0.3828406674911487,7.731618249349705,7.17148829771157,-0.35712002356059325,7.73842881348071,7.218816358586689,-0.31943598144699176,7.739009104989039,7.220480766127204,-0.3140726398611787,7.739570815734786,7.271221970159686,-0.3400610745659172,7.742900345460531,7.337822569700587,-0.3727674599131654,7.747106744251201,7.418490950450179,-0.3762145710271242,7.763542143399662,7.627431625684352,-0.3076245345964069,7.669041099552514,6.544524057710829,-0.49623504165234805,7.611469321337016,6.590299195620924,-0.3570883781993208,6.75898250478713,5.5822277928804,1.0086759028385626,7.312661358585751,6.013867483395974,0.21272130210341872,7.218218200960492,6.048559911070643,0.2314098867067106,7.130797856946501,6.066434604674492,0.2722456013426882,7.018622934660332,6.024066892764043,0.3807941036894527,7.394527483877164,5.969204332661938,0.20949369858010672,7.128386645679134,5.61324122956384,0.23517508171664883,7.249139448475737,5.610756052568503,0.21930487720691913,7.031117068207273,5.665025814879771,0.2769414200996853,6.978206917465704,5.744372102907184,0.3220416207420494,6.961116189113872,6.133433975966191,0.4270969173907575,7.436081930102295,8.004997009218126,-0.19528004051903045,7.015832961694179,5.9220585061890665,0.4121942524941299,6.759807204787883,6.219984597362403,0.9336401730689855,6.865992689720227,6.076095171927683,0.5621063462619079,7.260175706804708,6.570078323418746,0.00931199231464855,7.606358896982262,7.030383128085285,-0.35043767115793417,7.632744294493364,7.185816924241122,-0.32694691973104023,7.502065791254418,7.119277784145684,-0.2794887488525536,7.43750407308453,7.213642330852326,-0.20223025069381462,7.550070620674349,7.218945709280048,-0.2720586770845019,7.485608238119802,7.264099106288361,-0.1994543696281292,7.354853267896385,7.499301545497994,-0.08773486026955912,7.582153880495682,6.45493476698775,-0.5160495936689301,7.55896937666168,6.313460126043971,-0.5241476795840391,6.866515809651381,5.689377333532863,0.4037629188155016,7.430419800027799,6.176364113267102,0.03129670119064481,7.410216793943488,6.534190295136399,-0.23737426683022603,7.405755981634387,6.474070808513028,-0.1958380217126727,6.996523261503231,6.6495275202850745,0.18789572834536625,7.565221088625796,6.167501089515505,-0.4356354031112948,7.053568346564002,5.493781219056113,0.20387382187436695,6.934874435190422,5.562994916996282,0.2997756363602516,6.805412971900596,5.262014076989999,0.8372169136004971,7.467172548414922,5.542930551986621,0.043328652226263725,7.361463016862562,5.6646320456419765,0.23183985716583383,7.273437368775227,7.381758212115068,-0.025959971745711238,6.965018149256084,7.672490689590326,0.905686934384441,7.488836288296061,6.605709794248518,-0.22244239083088543,7.566529603098395,6.6392723686292605,-0.2657654040636973,7.373388293216609,7.367499620767555,-0.046105655507477646,7.393990785696432,7.351563043629949,-0.08009750245211418,6.885762621107436,5.485691440885812,0.3793841989979569,7.423668551408115,6.621727126238884,-0.1957316959787151,7.2256426449014155,5.484071341317608,0.11753483581061597,7.196703821824723,5.356378981018999,0.12195822976910817,7.107018054065162,4.780146297347091,0.43991165842282637,6.847966491436865,5.355820128852111,0.5811070966096357,7.15955801884452,5.026540787433498,0.27691433059846904,6.8220499008586,5.64931327886022,0.5186329003166535,6.7906598464105175,5.615642435805202,0.7517848005133652,7.615821507649484,7.114971335094957,-0.3495040548361325,7.526386580184779,7.174097465564906,-0.28273158324134745,7.460881530991498,7.23737711111664,-0.21127265026879832,7.51766934395498,6.637944558749365,-0.21535722446826136,7.384266615063633,7.359315509494915,-0.06533623112892055,7.42892690721881,7.355067661310793,-0.14554894212546948,7.406084718203146,7.344943289637767,-0.08517902836121836,7.505283121759957,6.510567714092292,-0.34963697875306504,7.506143553996445,7.278012524238678,-0.18962829512554497,7.570557340710392,7.2446436185756165,-0.24144963997898744,7.649315476137616,7.226831813706661,-0.29030337798938133,7.648378576916656,7.641068476130083,-0.2877160514651377,7.642236920238602,7.425068540404194,-0.351318158111728,7.638566504983951,7.344016395442813,-0.3463622756765254,7.641578732456372,7.282955721730195,-0.30945565534927094,7.64951557665773,7.2296582335532635,-0.2851667127740093,7.505336005468844,7.280915411069753,-0.1858942876576088,7.492444529460536,7.311475048359364,-0.21058652434475306,7.480740792968043,7.350949878464744,-0.23325266510148304,7.471464704571355,7.398568085094027,-0.22050679795379252,7.347166549345171,7.067713309401878,-0.13912927748707762,6.831877694975029,6.97149997681833,1.212099074222375,7.684378804419209,6.613455113666338,-0.3819149792591507,7.4574176480593914,7.312867176263581,-0.1277902889571691,7.443436338861179,7.3358401452620345,-0.1438014571368716,7.588775063777293,6.696691212875813,-0.28404630618990534,7.469878193304742,6.71779538594535,-0.15108428976104968,7.578239056748605,6.670480903319811,-0.27632517302914844,7.340349553411734,6.291138913025316,0.0648094095614712,7.196020621477478,6.4202544882732315,0.10152791083390696,7.402354987437174,6.561574051313924,-0.1500228860312024,6.915248862035582,4.991686135408594,0.6317510196303302,6.965694917800896,5.156634711295826,0.4267140464848619,7.012632782661793,5.380381395728964,0.2543341035360333,7.434314613722864,7.55618440620853,-0.16365108257609182,7.4155509020939405,5.359765324999562,0.03816183235382883,7.373852812281157,4.960748451064911,0.17113957654956952,7.333798405312163,4.653258626997224,0.30123315425586367,7.0605447082688135,6.064056267064,0.3284436090900763,6.882954782023416,6.259382960483312,0.4841232876930617,7.450151855245129,5.92452545974418,0.2231147151788782,6.917421381968242,5.856307619213932,0.4268390646446381,7.487444160391843,6.061916620788216,-0.0008050217106865074,7.444191003679893,6.439835753455761,-0.33125752265417163,6.806234813322491,6.4165211842836865,0.5945046750718296,6.935311083111099,6.329905530218437,0.3657804232029273,7.0425220832090245,6.341629991407656,0.24483734625103754,7.211557712219573,6.275709733635139,0.17255916244368463,7.338522921520984,6.187524005131714,0.13808854262233802,7.431162315886363,6.100698960165061,0.10541051973720417,7.580490902244596,5.835324221101178,-0.09144851711261211,6.826255585004556,6.710741127966637,0.5096689329991072,6.859482991014108,5.870599084218321,0.4943193471640298,7.630453143538065,6.5475177044206685,-0.4825851042752789,7.435829660518009,6.2952195343462005,-0.03467507241610927,6.767137315626467,6.294711421954055,1.2770394647604606,7.498559744284146,6.006268666144666,0.09504925450758211,7.404469621147944,6.5931191836650935,-0.05320176486729541,6.977348629163361,5.947115379175558,0.4353865280894037,7.4461798599208775,6.368110436665812,-0.2802840590894152,6.888305327002306,7.319504081728915,1.0888907521860938,7.457879308545081,5.87931489115869,0.2622646722634894,7.501590552519149,6.248541800161451,-0.3732651876243003,7.075282111575169,7.844958042520821,0.29280161958340933,7.124802702434959,8.074561240390851,0.436556222826174,6.79491984355479,6.848636828179244,0.8676495227920723,6.9798770421639365,7.69755399437925,0.470812761890176,6.775079876985542,5.8995304035255085,0.8775651288778189,7.426104060595781,8.19573854214798,-0.16566143399013558,7.653756278394705,6.615420386631738,-0.36890994173914804,7.367369555429482,6.43303019183776,-0.006391856305089526,6.812042730918783,6.132324847368991,0.67774693809197,7.129860957725541,5.981242880203264,0.2917008880616067,7.207633598091205,5.967958706924232,0.25473513088421157,7.418053587884788,7.3894749457443,-0.12921400639104103,6.8635557512431316,7.013997754066852,0.4757047729540031,7.615861527753506,8.398155940426454,-0.20256276147997188,7.348234228548918,8.2920040437957,0.07952006393948212,7.240212821344533,8.208965186527479,0.23915484880217303,7.626353226809883,4.915045134948643,0.10968729986594808,7.816179299860218,8.395521760008103,-0.26609972379428865,7.289035918962785,5.939510844766533,0.23907090038084416,7.369456317996379,5.9111130077388605,0.24450025727217678,7.429237063024986,5.896147990090877,0.26173710813551615,6.81268662580672,5.876198325557923,0.6155492646382786,7.347938365637036,5.7753358717829535,0.24997653505555834,7.256368079764836,5.72901545995555,0.24552572777246354,7.16876121348031,5.723028523858227,0.2623917673594677,7.088490175192086,5.761970229006447,0.29493411941204695,7.046161768740945,5.82077441203243,0.3317032152970181,6.752466374278578,5.909977794609574,1.1757378618083136,7.079373452566775,5.97448198387993,0.3340903073052643,7.706632840834684,6.812389333605409,-0.3203498780411974,7.428816137288033,6.946586747419492,-0.18923064000711415,7.479320793919952,6.5659426744548295,-0.25257726116820245,7.586694733012828,6.837062442380111,-0.29806870745921243,7.665931680398893,5.65332993947914,-0.041377420912875114,7.186527281087525,7.99645700487757,0.1346162291158627,7.301094119233764,8.09873409786527,-0.014977288041904,7.589296754419017,8.244495177807766,-0.3057062048557032,7.044872549675643,7.9180368964003955,0.6756189494580939,7.422782391961897,5.838272487871635,0.257513892861403,7.527995245437548,6.045662741397287,-0.14889630447011054,7.794430517258031,8.243893446957996,-0.36537459433557223,7.467322623805007,8.353655014042653,-0.07973660128803346,6.845205104259299,7.173753006812426,0.7824291232016675,7.570565201802254,7.2512855265539535,-0.23718182640814817,7.557972447284686,7.291019772690767,-0.26339950573777116,7.55069379086556,7.344643853502312,-0.2905747866524325,7.547124140515678,7.418063592910794,-0.28853168441107335,7.531443406185931,7.6082348393583255,-0.23699217756698707,7.435037834174132,7.308908044544194,-0.13414274349340902,7.414371738314701,7.305242631802544,-0.12663857200150275,7.396483466461273,7.2966140115173665,-0.11875585097096,7.291314920957934,7.215381776087884,-0.07279564241240745,6.955399746041059,7.014435116632243,0.24001499071424548,7.535381098563878,5.937777831333407,-0.0382166897104241,7.500263457283968,5.747219962095228,0.18575907464432453,7.455519551697172,5.7763049300160745,0.23700964169720234,7.457216832894563,7.3111641779084735,-0.12911410129319195,6.978807219026044,7.41573670971976,0.3215317440707648,7.565218944691652,5.718381903923307,0.044192230574444734,7.479970405965606,7.811231099855699,-0.21043037447459312,7.65124787544614,6.013037066237503,-0.36442253124707263,7.578058966280503,5.946969591653761,-0.21242722580332343,7.655188426402946,5.900065315094454,-0.24592910004861188,7.475115109773996,6.273987439872735,-0.17402925361974578,7.778561116723606,8.052983972520188,-0.39015335886481245,7.771077357271363,7.8315441612260726,-0.35009986753435873,7.618657217877377,7.840230667733141,-0.3076490335105324,7.267891011144511,7.609422578874142,-0.03374764782078102,7.338767330013408,6.739962950350346,-0.03890916648105498,7.368758110110126,7.738480982544882,-0.12248703335900843,7.123219764391918,6.782858784704952,0.03752384165953129,7.254044055152661,6.9145892449639215,-0.035292754359237365,7.063001656797921,7.066757114773622,0.08891170145347632,7.590240800087123,8.059518683791323,-0.328848812643306,7.4356467114710485,6.38485170375216,-0.11231004596886361,7.195155186727988,7.77567323743154,0.048392870333683974,7.316879191691856,7.904726638589278,-0.07053247984737994,7.181529770597692,7.445981903334908,0.02910645192758218,6.904111124157124,7.277247139749244,0.45429776918661646,7.080238887316265,7.52351799630001,0.14178642703321132,6.902022932300797,7.4662942500605665,0.6692923784601142,7.19012337329185,7.143893006698496,-0.007423545051868357,7.485100840372372,6.1674110442814545,-0.08656460721660547,7.474237526064356,6.487977794660913,-0.3614046759475224,7.438059352027845,6.567577781562042,-0.26260185057293944,7.497007535963837,6.364031959279071,-0.42998202743455394,7.412114175660992,5.630813985775732,0.18526481965985012,7.241275498035279,5.563201806641185,0.19401777695906036,7.097192403882877,5.566671049408652,0.21889985231486808,6.990339440787011,5.622870709771942,0.2734509389846037,6.928216805028362,5.7209210365946035,0.34429561249222873,6.931136128687875,6.004978732434649,0.48079232867788746,6.763678435207363,6.534947103889256,0.909906464771744,7.006883465932105,6.17441384784071,0.3591276392253386,7.096366989237409,6.186386290745927,0.2768642384704987,7.214073261615285,6.1553607051023365,0.21451461368434616,7.329333305134774,6.096684086157927,0.1851672818226185,7.419984557903883,6.031826505076157,0.17015552194376385,7.480502101633336,5.972826152075992,0.162141808770283,6.798125025100179,6.637930980499785,1.2826176240809801,7.454757740431312,6.625461859517859,-0.22044864374013454,7.521286875500745,6.145977419998445,-0.24636623928752935,7.529332345698735,6.45717732210245,-0.4526745430477855,7.596368878515598,6.542733158055813,-0.4368671826076539,7.542836272227533,6.498772503076318,-0.40824561711898943,7.4905421452300285,6.678307692235106,-0.20248738879521933,7.605970844902185,6.5465322093591105,-0.4665377125416005,7.628662958527764,6.60528958315628,-0.3625734103804573,7.485404564376116,5.873900028155478,0.2351646970356385,7.522955570909548,5.883716387956471,0.15738725515079724,7.543697419108736,5.887809158237506,0.07297740224589777,7.026903522969455,5.872351393058742,0.3671274614921776,6.958686397083922,5.842139787745185,0.38180666591958035,7.735951140254876,6.029414579164075,-0.3471096153869134,8.413266388273879,5.76404555725791,0.14944684889219054,7.763930910124454,6.570645036677495,-0.38004368207373257,8.831004809799285,5.242379928098582,0.667414783468148,8.133954647984096,5.905592377317874,0.07016681624625522,8.23205678654857,5.9097237384135015,0.05987263270606293,8.331890509256743,5.894933808720617,0.07465308219015472,8.466400222811146,5.8213475570936115,0.14687237480648765,8.046735833779646,5.884597544889685,0.09756328528327529,8.250510342371319,5.439158779578145,0.057584329163299065,8.129748249193424,5.4734106287862065,0.08002192877353563,8.365225826618213,5.4621181703270185,0.07154718601165165,8.44638230970794,5.526723839146861,0.09966702066214657,8.558276376621235,5.905969709727231,0.17401051652863248,8.172837037620996,7.931789519289906,-0.29836343140608046,8.447103386225063,5.720469023812561,0.1805691460650607,8.907826258049697,5.895563768036617,0.5831188214814905,8.681254583059385,5.818054116925959,0.2758251897206328,8.212048163826655,6.444621014465332,-0.13325291032670586,7.841727848410418,7.0018981044024216,-0.38723497317648825,7.84438060959135,7.159335049693537,-0.35935069770691147,7.976038176089422,7.0673459820185265,-0.3556485030951027,8.071623335968756,7.1417662240275765,-0.30637437533129186,7.949934348595908,7.176204238183815,-0.3376328234886343,8.037792769820005,7.200711549384709,-0.2866371836050751,8.217729589308448,7.40535720988359,-0.22276726385165443,7.730615602814995,6.433818444958065,-0.5357197874531445,7.73593184484758,6.292182294308764,-0.5479364601896064,8.576086037556045,5.42692906457564,0.13862731773927295,7.994685400629851,6.096517573939404,-0.061632099159955545,8.001559568140463,6.459320541601809,-0.32513301744927076,8.010036683746126,6.398569309050652,-0.2868854333128409,8.538133400692958,6.43783975076763,-0.050444319401984315,7.732773115208646,6.1415030294397654,-0.46639371163159027,8.30242284909118,5.277386799447714,0.022681507013886285,8.456345171675444,5.315803955375352,0.07173207241576875,8.680596395277155,4.9443112653046635,0.5324703426007398,7.863399449383419,5.468672534327807,-0.014856016183718058,8.031360252743072,5.559497803084942,0.11812495368377196,8.293952879932663,7.262648377517539,-0.1902582097762503,8.948434514672577,7.432849592057749,0.5831949758088998,7.930410969635268,6.552415164650445,-0.2869776001483887,7.8469333205122265,6.604719296673956,-0.29767710448820917,8.190398002195096,7.273574580560448,-0.18733693201009632,8.168528444636125,7.2640412200664715,-0.20420030284574403,8.515969409511534,5.221962528599863,0.13475920272409556,8.018701036267037,6.549984657975782,-0.2817024278542506,8.110127678551587,5.326829136711246,-0.006707705540545103,8.11956599129851,5.189739913059166,-0.006050223330391514,8.197560886170441,4.5854963724725915,0.26486157949343936,8.583290370924844,5.0676782384676065,0.3087057920497342,8.13560547727503,4.856165199582904,0.1277612900146058,8.644227411101822,5.373377520202636,0.23002253798902225,8.731977206329285,5.306231289422068,0.4405447889747478,7.844477801272548,7.087827699541568,-0.3855801240090322,7.961670244100562,7.125079984584259,-0.3537219996054748,8.054362522174827,7.171954960710263,-0.30623749853578125,7.910530268317283,6.590276326990054,-0.26824743215576075,8.18196948243003,7.2682011669506865,-0.1955731565152904,8.123408635929401,7.276559651533711,-0.2559602552516651,8.156531703810609,7.261563546840638,-0.20547312974790316,7.864722971395026,6.460222423231748,-0.40947435937531107,8.025590211316658,7.220415018813452,-0.2718586882276251,7.94130715760016,7.204264762906153,-0.3025262815344495,7.843358667649342,7.206898943324504,-0.3239181437669436,7.889978515612202,7.60864075755627,-0.3194138497934837,7.8657091811013,7.395775968193729,-0.3865255989665682,7.857264939152512,7.317031411016085,-0.381747886391797,7.851067540186713,7.251893689206156,-0.34552171949616495,7.841367667474214,7.208083824261461,-0.31866575077308634,8.02597754875202,7.22043145564189,-0.2682085286841047,8.039725883773244,7.2440647563567175,-0.2935824359321511,8.055101464809818,7.2833209051794014,-0.31950199675251134,8.070544222449573,7.327638167871528,-0.31355972594985665,8.14726133257164,6.972326820753228,-0.25987780358171647,9.034222610158213,6.664676558947091,0.8507379916024486,8.093832349767204,7.241832206268023,-0.23283924313403437,8.105076569708151,7.259149476994412,-0.2497749382480735,7.824083985049414,6.668158307997066,-0.31568615129841937,7.99064337012356,6.66047301873528,-0.21911509436987403,7.834501361055463,6.640350052859014,-0.3070802433155805,8.110239877771793,6.180166023149257,-0.05943069194796862,8.278478677925461,6.267248340213199,-0.06732567360189778,8.038728239751535,6.482890953581743,-0.2433196865361548,8.475459773859281,4.718245201449997,0.3829186530956393,8.391226745272812,4.912180838932162,0.2079656541842136,8.337444013334606,5.150876818829562,0.061266871045453836,8.127998798931861,7.481548341495643,-0.27333378191668906,7.884566511187848,5.272454678949275,-0.025971526099125713,7.891407090396869,4.870103987420592,0.09346928112347541,7.922369072660851,4.54551843248807,0.21350763461605204,8.417607140270912,5.868910736079863,0.10862320505209702,8.675841149345601,6.008802081658246,0.20106613911887783,7.988350075234116,5.859536741357263,0.12298633552178034,8.55673560261636,5.619367164058171,0.17035236189736652,7.911143433482487,6.0001798931755,-0.0751600388678004,7.921882399610147,6.376560395772317,-0.4024947817692826,8.810747490716658,6.124790348142005,0.26935082126259613,8.599421331424848,6.091899539793071,0.1004705604795508,8.456247265349532,6.134681030993327,0.020574501297971018,8.255963796189125,6.121632333147786,0.0021565112629454938,8.109205786869635,6.075910793591293,0.009096343386723972,7.995174217614699,6.015661956274563,0.009069076620119507,7.757777819130966,5.807364461283613,-0.1232703286316043,8.813861197738566,6.438793801461743,0.1893510799741869,8.638361607283638,5.610308684977106,0.21296600092025836,7.709472838930865,6.535029288031446,-0.4981343886428177,7.988583049411106,6.2198159412097365,-0.12506001115733995,8.99527590249699,5.95238231072283,0.9059779734444989,7.910049312424295,5.942183258677119,0.019705088545673977,8.057309002333499,6.5135306310794,-0.1464824914493291,8.504223508980875,5.731751477245743,0.19251416447935074,7.930313063309355,6.304589241200513,-0.35294607410649914,9.014708521578864,7.042722183729138,0.7431414853462417,7.980525430252966,5.817971218139054,0.1576216027855975,7.828727746405476,6.204542554367363,-0.42597756044107826,8.668419563983537,7.679439180151266,0.053371654898727666,8.706367912978337,7.924407954031865,0.1910019539304175,8.957664865807525,6.549660923920027,0.5163889159125242,8.802353273897898,7.491207479459406,0.18987665649654736,8.825574939257065,5.580415811206302,0.5441263765585267,8.217736735755595,8.12326213376289,-0.28055607073394445,7.717184570047094,6.604267641214272,-0.3784312649362113,8.086229959292323,6.337434312287705,-0.11761382638423665,8.778539168070255,5.854812582470799,0.3591336243748241,8.313715664872724,5.811944619260066,0.09752981981124516,8.231220652232382,5.82669703010543,0.08309324843080369,8.140193496343347,7.301919533879232,-0.24796659679549024,8.82343672227071,6.757621821250358,0.16670143187751316,8.036408503007648,8.363078319250567,-0.2640023755525549,8.383627928021504,8.208246968589215,-0.07782465310130551,8.535705037952438,8.097504908956001,0.03929400265991602,8.145797740195952,5.828737340765873,0.09296705338390274,8.070033966123283,5.825477131577453,0.11909644617545222,8.014559670145404,5.824942220008507,0.14956075655991807,8.72363229999584,5.595467658187121,0.308788333514281,8.060134707535386,5.665361697895675,0.12208420823271977,8.138669873811626,5.590331863944995,0.09749797345614675,8.227464479611967,5.5669243909600095,0.08891736836273735,8.319216999886414,5.588665312470336,0.09828685189057615,8.382316554970046,5.635722165676229,0.12046217689052115,8.92764549992222,5.560203514740699,0.8149732395333862,8.371967784856608,5.7907725549426345,0.1239551815947515,8.039224917828246,6.8743861918942715,-0.2805472046729528,7.9242807472726495,6.50999313974168,-0.3145397718454659,7.836971173189435,6.8057617185213655,-0.3353926579671991,8.523314527889127,7.861452042535886,-0.060488265628798124,8.379933929491267,8.002024801849727,-0.16845254592130282,8.018045707063667,8.20729720576339,-0.36720799301846435,8.838490713185672,7.726194095965202,0.3857691922013626,8.005974643187823,5.757231062580975,0.14287323414940115,7.826570234011824,6.003401511549327,-0.1994332652763985,8.218129790348675,8.293476211907963,-0.19578616530556295,8.949105566059671,6.903236399026342,0.44507612778412936,7.941007721464704,7.203906011259378,-0.29809832054957747,7.953088075721839,7.2426976410175135,-0.32633111931345005,7.966026003636602,7.296211666542996,-0.35724452806948076,7.976418367077637,7.362006146845727,-0.35907194160288736,8.020611996234122,7.553774624230592,-0.31423997838765305,8.111969317981345,7.236648173507655,-0.24353081938405127,8.12691253896553,7.22348155928419,-0.24683189731709246,8.143942522516614,7.212618959620889,-0.2474691594087707,8.238662962291173,7.106510656317731,-0.22410691003463717,8.659081301496672,6.794162320157217,-0.01774860347700002,7.831636350394268,5.892314993163632,-0.08962065692625885,7.894580112930097,5.687546413773824,0.11897848513223355,7.958297835691935,5.704979456943994,0.140733409212438,8.092305868656625,7.24223240730825,-0.23397943644367633,8.71245597130279,7.208770597832278,0.05706949464430629,7.791282507289818,5.679716051634957,0.00454181596150975,8.103865961561464,7.746604349016773,-0.2988617174333987,7.746882345810788,5.922121394923959,-0.23916617145437138,7.9093046526315876,6.212543716593042,-0.24087231871275389,7.938966696159547,7.810184859993392,-0.35107207467075363,8.339189175727881,7.492033608749588,-0.19073885301217458,8.147236320006625,6.639440310137212,-0.15476028817753557,8.232179705439497,7.645452821454712,-0.24651901692794187,8.389987551337537,6.617482851278336,-0.14614463199413533,8.254721029030277,6.788174312092822,-0.18071624004672668,8.50728647622804,6.882568159232767,-0.12226844140690235,7.9873445701205465,8.020783510965646,-0.3865657530664749,7.987195209375176,6.312288108711877,-0.1958161580509326,8.455122414568608,7.6399779282954645,-0.13395712569509172,8.318401590266953,7.8035986943028,-0.21066131638067492,8.41259462224207,7.29843206767154,-0.16024634766044946,8.815456284741757,7.035772978523484,0.15855720671301188,8.570698331051991,7.351810310701231,-0.07964671796567559,8.908473726161207,7.2216206244471355,0.34880986682639964,8.35337272938035,7.0007996954759415,-0.18010143343194285,7.904810966665611,6.107569554452098,-0.1585085438744709,7.889392506946155,6.430526791402198,-0.4262075420433247,7.968898160744946,6.502533678209737,-0.3369207246957395,7.827719382713047,6.318429765389931,-0.48180623086685515,7.9622641138584695,5.541594166370149,0.09336662911000428,8.121718501179158,5.415909957719821,0.06099524463909113,8.269470581296783,5.377591422762811,0.04363259955648069,8.398984928295496,5.403386523739578,0.05971158081981314,8.498407015648006,5.482667779097955,0.10459572426554356,8.578556564334733,5.773429557006516,0.22041170554144396,8.946379196473126,6.2184223840160895,0.5511498154839193,8.49882651209553,5.962360894874059,0.12159847315320332,8.38598554093527,5.997988077835543,0.07031240835738799,8.248537922958771,6.007434966319042,0.044910780710838163,8.118541905422356,5.9867974562481985,0.05169565671424621,8.01808286858883,5.949337566915889,0.06995888813325117,7.943456094257235,5.910062480008265,0.08023967766820483,9.023461490044399,6.3094888453644336,0.9141667299077844,7.975357834321036,6.562811101315054,-0.29368623807696,7.821017444578676,6.101442190668339,-0.29826083522422764,7.801323265531225,6.419179662622336,-0.4944179234693625,7.757669907779047,6.5206263384515655,-0.46038207562631595,7.807810810251189,6.463448329473863,-0.45077113151550097,7.954575251373111,6.6262429661910165,-0.26295077585488724,7.7383930812449755,6.526215574765163,-0.48628589193030564,7.744796297888605,6.5929812572351585,-0.37908351223425074,7.9434167887979275,5.817652486596303,0.14817544011313713,7.8863009539104025,5.832946598135401,0.09308469618689688,7.845489023543836,5.8403420989653805,0.02008231208337501,8.418398251970073,5.678329640888457,0.14624856813482817,8.501782997280205,5.6209808318239425,0.1455024790526909,7.129970298366889,5.831612356453074,0.29157421728592775,7.217958784929059,5.814786046645677,0.2921825809319557,7.126435665608028,5.7083089866697385,0.2922615938382237,7.048592275415609,5.848589098972913,0.29219930808480893,7.1374883607654365,5.964212539329822,0.2921679083826572,8.160579451474618,5.688290358921818,0.12732160485389224,8.260109450179046,5.675065143831748,0.12695607524865152,8.159515345494444,5.559082594505707,0.12695243502713605,8.067443379032529,5.699402369590547,0.1268396216591279,8.161599964127197,5.822051124815225,0.12685571233153212
7.519271359963178,6.9997709048229995,-0.37320024904529736,7.438884350498566,6.418391494799213,-0.5256049028024206,7.499377823428358,6.641732603127215,-0.3169849167233762,7.3797317122780415,6.0264659344918545,-0.30307687926425875,7.428146333841675,6.268598571969416,-0.5378925066125806,7.4366604925082465,6.1100080159044925,-0.4731836339696604,7.474470330462209,5.749754360455444,-0.1423159378141541,6.919395943027551,5.930825158493259,0.42665841469835275,7.474704196981268,5.473197634402108,-0.025174482270488532,7.463808851938828,5.2869885054660095,-0.009677933886899089,7.4460711394978745,4.556940149276749,0.2239561595559653,7.52266455054879,7.062430123456558,-0.3706936030263927,7.532088662580425,7.125320373863489,-0.3461409847857543,7.54175727142744,7.174133277195943,-0.30853301172963377,7.543137792576307,7.176912745340632,-0.302396872496485,7.541431275673601,7.230012492836069,-0.3266526840052653,7.543708993831946,7.298066941195665,-0.35883854154423744,7.5487938189054145,7.37890963602923,-0.3624407724777087,7.5650843936738905,7.578239031027719,-0.29672560940931697,7.459374601000195,6.521423161486478,-0.48614001629710535,7.410439094916841,6.565686297993612,-0.3428623577894499,6.668533706211316,5.552252313394508,1.0830044903856568,7.167838015714741,5.98147852046206,0.24889102553514056,7.07773916753141,6.016910715472262,0.276216025056254,6.995318936723832,6.034209751018376,0.3243844666742568,6.8947825549262785,5.994687726670336,0.44136826440392024,7.244558990321507,5.933833532352057,0.2363818243395923,6.98505503128285,5.58694499412399,0.28149029086874,7.100900457155256,5.582133013322756,0.2543997558208531,6.894129854732179,5.639629805719704,0.33097801869951105,6.847243161093061,5.719276946560385,0.3803330449978769,6.841130740708579,6.096885978126047,0.49259552949534335,7.261171308725294,7.940753396160999,-0.15285468070793068,6.892264592071082,5.898145501543733,0.471216231878081,6.677833089432787,6.1736700258243165,1.0152995130176095,6.758830277906215,6.036918350520926,0.6336010507502219,7.095875870427606,6.527717714281258,0.053439750879324587,7.410258379879387,6.9811983597776495,-0.3272510368094246,7.439763121661088,7.139211336409141,-0.305383454247825,7.315358181191143,7.062918408400895,-0.2448357446603455,7.259769526983786,7.15226888372324,-0.15872531721724115,7.365714603549383,7.167477294326255,-0.24043141357656556,7.310285403786838,7.207040422486735,-0.16118342928950602,7.191651296846265,7.438313857929347,-0.03520874839618294,7.37056981422232,6.434467337582008,-0.49946872475318765,7.348350368852501,6.290988102080369,-0.5066193264521046,6.744103065383324,5.659543185474322,0.47175447921512614,7.262288907211825,6.139897574413008,0.05742935645466244,7.223345170983639,6.50043399574419,-0.20523924179870792,7.222019218689219,6.438476376667808,-0.16389738823311778,6.853968595232046,6.601793871163398,0.2571644965758475,7.361512801756965,6.143506914357144,-0.4184997065650095,6.906220753767502,5.4680472558346604,0.25134438719373703,6.800359302199629,5.535776771470049,0.35941113802626934,6.701121942612483,5.239872197426362,0.9046129699497074,7.293605760173019,5.5134520861666525,0.05655746730168489,7.210693700988997,5.632590069152833,0.25864903960350344,7.11656242706796,7.319966768989437,0.03323801603208425,6.904465337501721,7.590380246798961,0.9822333562110184,7.299594160433759,6.57291348211894,-0.19780800027692083,7.3729134402178556,6.605783067029399,-0.2504383316039908,7.217489295083698,7.299691250473489,0.007653234774980964,7.237007227815182,7.285153257225108,-0.03053181665112545,6.7577800046297165,5.4584977063064395,0.4414321347676479,7.241060205459108,6.582198691611984,-0.16475894053024584,7.064503031239122,5.457868038421035,0.14916820467611677,7.0355985468563365,5.332661219265288,0.15450134682770478,6.965916954473232,4.765124226767287,0.47686238089019106,6.730592667445958,5.333230648804873,0.6462284254065368,7.007270224534142,5.008353202138737,0.311670654420983,6.7074483862962255,5.618316415939631,0.5889399868174775,6.686843328594331,5.587363827799031,0.824442641358435,7.420240228124656,7.066591530122956,-0.32630943616635555,7.340055194290139,7.1202390922221275,-0.24906598249542103,7.283949907681589,7.178405947630499,-0.1702026820564719,7.328181861986183,6.60271303745194,-0.19446355402922993,7.227881472766952,7.292205395804354,-0.014381934131286054,7.263784944247377,7.294155700836017,-0.09844125005174385,7.2479061162897285,7.279593612249309,-0.036648491922443016,7.30761861678315,6.48918643355032,-0.32404757486668884,7.332956282407083,7.222671210196897,-0.15251802143809476,7.388386190856048,7.195607184450461,-0.21111210402631056,7.459270424096251,7.181585823603273,-0.26858573123585916,7.456592298109821,7.590127245746525,-0.26592299703264344,7.451180768596092,7.382865523633425,-0.3255530462902264,7.446187364070982,7.302198583032364,-0.32016937701143844,7.450078761210832,7.239622280710109,-0.283992108961399,7.460251954789875,7.184345448528163,-0.2621136967854225,7.33295982583919,7.225863133838835,-0.14791083993941745,7.3189760253723355,7.25734865416832,-0.17109067721569807,7.3070318244262396,7.296933042921442,-0.19213912900642496,7.2982164740305775,7.344185418753996,-0.1773586431964506,7.171493420276268,7.015100500804072,-0.09278613726372574,6.782968846105157,6.900833319592101,1.289206017612358,7.481474987051222,6.585937012484812,-0.3746951787583168,7.2925150917705,7.2518209000814835,-0.08331334733352136,7.277644015904067,7.275332280797495,-0.09822712709345627,7.39430939196602,6.660620513630083,-0.2678316888835009,7.288277146970593,6.673501598025255,-0.1262061334492587,7.384022099873133,6.635866096930954,-0.26096070827072343,7.177649070532455,6.252174055467297,0.10019256922415154,7.04044100117369,6.378605130415995,0.1504244288706067,7.2223813574505495,6.521766874400852,-0.11794819814369563,6.7952227430173995,4.97498363895799,0.6871879315745621,6.83275052377565,5.13752583050858,0.4790357892658881,6.868683760085774,5.356175080383774,0.30360609084943124,7.261697154049965,7.4989363117878325,-0.11741348316553206,7.241364940620305,5.335097683182024,0.05327187524664532,7.207107747696766,4.940891924313846,0.18653463746802218,7.175101342847561,4.63548492838896,0.3149759235974415,6.931807168325342,6.032542920555268,0.386055466386089,6.770121778658211,6.217000531000902,0.5573154753635977,7.295547560967625,5.8860259007083435,0.2457222670806022,6.7962099432023955,5.826115322360144,0.4927827998821955,7.31513211022272,6.028035674915232,0.01976843538745327,7.249470895908156,6.413657469504332,-0.3027783672556992,6.700238919331432,6.3705714611431254,0.6769442679894915,6.811167478812238,6.287511286497033,0.43722236025299,6.905055673290738,6.300172678101575,0.30707291838351575,7.062912030223103,6.235814029429525,0.21981012252633106,7.18314493373033,6.14870300319877,0.1730816763504647,7.269992328612327,6.062767687741101,0.1307351379770765,7.3980377912289494,5.8058298822342955,-0.08348850914847053,6.713355287618505,6.657294648254503,0.5948053856912049,6.7459307676640865,5.8373224894279945,0.5655920912002996,7.422223132731703,6.525241563924924,-0.46798980406600205,7.260687275899485,6.258650740672374,-0.0074822330323745375,6.708318653221691,6.239695504959474,1.3539904096520576,7.331989634128307,5.969685269723721,0.11374972939210394,7.22858448969697,6.551428235881681,-0.02306398919283413,6.856153475469189,5.920062337811619,0.4974192036225298,7.25569103662869,6.338256069014194,-0.25283646001462023,6.8377212503352744,7.241322419435022,1.1657650678471072,7.30491497808555,5.84060016412692,0.28515380103121074,7.304258734459343,6.222400721531889,-0.350428382610005,6.95795344515608,7.772925112593265,0.3631962986422617,7.02205696671643,7.994135909538572,0.5033538765939479,6.712589906283405,6.788921812044827,0.9526138072290516,6.879713046861856,7.626754286063189,0.548319188465975,6.6831220161956155,5.863662237651772,0.9547394235642063,7.2538463258738135,8.126021035186282,-0.12178364227593064,7.451107065208268,6.588630729572513,-0.3587068808950137,7.197731117655365,6.393193440400294,0.02736546108648463,6.715638675268222,6.0892321647750425,0.7553144444846324,6.994686079749531,5.954439298740373,0.34186346427850167,7.068096780081987,5.940405181537599,0.2989083414407454,7.253993023963042,7.327677277254153,-0.08006998855990646,6.752646280193172,6.95466301410157,0.559376866991814,7.430145538236414,8.325669339074395,-0.1746865631910528,7.201088165233486,8.212801813544667,0.12977579802702205,7.114016825442329,8.128687113503547,0.2978962929381001,7.448747139425041,4.889941977077692,0.10248907864588898,7.6179006666007725,8.328236201292668,-0.25608680599342104,7.145831176271339,5.91055956158721,0.2755235498367539,7.222640027994356,5.878320707591788,0.27438302977378115,7.2785780646074585,5.859158889787053,0.28711613158558713,6.708660240076801,5.840363462862176,0.6909184126038541,7.204428204337494,5.743464059779193,0.2806526456651085,7.117842314744989,5.702898849018868,0.2827870762876291,7.033719110466812,5.69988055355017,0.3067139465646314,6.958458738574531,5.739592505859143,0.3459909204360251,6.9191039642219385,5.79790535067032,0.386472838395386,6.677098181613806,5.869659850835989,1.2519758851510916,6.9482883797411725,5.948420424963513,0.3884697838521571,7.510040719324582,6.771460487308215,-0.3121961896953445,7.245825412956529,6.897259413969034,-0.1530400907929267,7.287950442530332,6.537076627162126,-0.22843481412818845,7.391787885678717,6.795037775861417,-0.27786646714586705,7.4853656755046485,5.620918003792551,-0.04499357904799897,7.052400793221056,7.923632949593076,0.196008734038816,7.14923428846685,8.026048059093732,0.03760532378695928,7.3983368568987755,8.178519816596381,-0.2749529243888315,6.964282723585508,7.83682736720994,0.7483957161242137,7.272669037225914,5.801510438495928,0.2836900092278311,7.343342081912543,6.015922806600845,-0.13297273784003596,7.589787076264258,8.182534525173551,-0.35245978794401617,7.299246904087278,8.277546696316374,-0.038058775132701436,6.76382651717701,7.107526675195246,0.8660221595593732,7.389155824309677,7.202292223463426,-0.2056584962563117,7.375090524904363,7.243529268951228,-0.22934279645914285,7.367350251809949,7.298161196489709,-0.25465076369272893,7.364347547442523,7.371587487923436,-0.2515666268261946,7.348718177105202,7.554847418316922,-0.1998160411054768,7.2696890108239725,7.246276137520533,-0.08893397809784874,7.248204473273133,7.24156124675903,-0.07810909198821088,7.229578068059758,7.231406479026942,-0.06793914840080276,7.124649956508855,7.157833489503989,-0.017005343158880477,6.82402801130119,6.959383574354444,0.3153985000226455,7.358407337858437,5.906276260856333,-0.02466488136738294,7.338849010000935,5.712097953111712,0.1987075005172692,7.3004835618926025,5.739408247389582,0.2581341789183641,7.29250446147418,7.2498266564916936,-0.0852568146485409,6.860577096111502,7.353029116606513,0.3975817638080716,7.392533423794019,5.684486467104752,0.05101792022986725,7.302503318193562,7.751191826108519,-0.17173684420685045,7.450778943395164,5.987239432381535,-0.35884022467448823,7.388140985354248,5.919314673637054,-0.2030989866596615,7.461276006668783,5.87271570668502,-0.24425384666903285,7.290018389507946,6.2415770674082625,-0.150774054887309,7.573027351084822,7.996454731509357,-0.3764579476457201,7.568819171114613,7.778489718374014,-0.3377000865779941,7.426883454638759,7.784151414194493,-0.28206244442175854,7.114256361452759,7.545319129381342,0.023557226637202097,7.168435438367973,6.6934022214242885,-0.0003945403163014304,7.204281506248266,7.675251115251704,-0.07390946608457176,6.967371887696344,6.7360119925103215,0.09495960654216212,7.08869120748756,6.865540027120491,0.014321171191417754,6.917105468513621,7.013004915056024,0.15514996100165604,7.39780321602347,7.998655202847771,-0.2983299868815397,7.255719384085546,6.34838461534869,-0.08511729754594255,7.051404380112583,7.708437482992522,0.10983433657295594,7.158345161100232,7.838258205094726,-0.019481422923403262,7.033176256668028,7.383162463243988,0.09387553778194314,6.797779683625772,7.214054291999225,0.5354699063739625,6.946153107553527,7.459261211172773,0.21153505694117597,6.817483292199659,7.396174654627117,0.7518087499296247,7.032827582948705,7.087753615352063,0.05151747771759472,7.30545570582507,6.13460864765018,-0.06461483881338212,7.276939581601206,6.464945814506699,-0.3341850905137057,7.248662284701351,6.535759887791184,-0.23411912147480018,7.293656785595359,6.341423897317804,-0.4058610372188537,7.2525189562065515,5.59828468555264,0.2058844121995802,7.087068315582579,5.534875676685252,0.22725124136511626,6.950544837306876,5.540865848662046,0.2646745573155635,6.852439249934688,5.597426820639549,0.3298857778989954,6.799399740785068,5.694129563240597,0.4070433476342378,6.814823592060185,5.971965822627752,0.5469232533874434,6.681545188908024,6.482668644532803,0.9955977647455782,6.88044441124873,6.137862227010778,0.42174912239288226,6.960372900598703,6.149220344286385,0.332125869237655,7.070737345688084,6.11896439489801,0.26001868684509166,7.1799367103007,6.0603581539083775,0.21998036229261916,7.264869943158525,5.994204402530949,0.19503654914737387,7.320592539099525,5.934826756371634,0.18124071668056796,6.74796257163421,6.574359202418575,1.3597874645790224,7.26825462950708,6.589100588669894,-0.19323624202608763,7.330132875704267,6.117548439428075,-0.22720287351685645,7.323245152374785,6.438068173289087,-0.4308907785926925,7.391973561521121,6.521866090499846,-0.4207324231355966,7.340252917801707,6.479755234654472,-0.38705289823129313,7.304559217502012,6.638724937954838,-0.17928157521508784,7.399663517879617,6.525070061810948,-0.4510405495617457,7.426740299981638,6.579230004192784,-0.3503739023413607,7.3289259827286415,5.834659245856414,0.2534162983860207,7.360114563447564,5.846535767249266,0.1707551474148462,7.374392468779295,5.852603186045991,0.08447261436698494,6.901446333346603,5.849161804783725,0.4241508163820693,6.83367394218272,5.81563633059027,0.4429343285164866,7.534887265258492,6.00129551886337,-0.351512717127632,8.243399349788152,5.716636380954289,0.07528887437429208,7.565408972054887,6.540591711812216,-0.3800542654768629,8.709415240706077,5.1733449683048605,0.5427398774419823,7.966158386994963,5.853374945558884,0.022261774157812587,8.061638291175903,5.858752458124386,0.003406445582375412,8.16186497700731,5.844589359992921,0.009639483496079218,8.30130469990703,5.770640057980209,0.0689472492986164,7.882143611739259,5.831119357181573,0.05811184362491103,8.077369712357903,5.38911517959316,-0.0013120574728547401,7.958089283401025,5.425173144713449,0.03219019270669046,8.19347522614696,5.410703185361522,0.003841821617950933,8.277039985525082,5.475365506165137,0.026184548665798998,8.397256589244616,5.851552912769492,0.0903771183359801,7.976043145200502,7.877515180721166,-0.31931651719619775,8.27926809563393,5.672710224840525,0.10253116797538431,8.783470136995577,5.825897755628777,0.46007435254680074,8.526988725544145,5.760029604879168,0.17944151688181514,8.02907698485875,6.393357146963635,-0.17500914839148896,7.642553032455222,6.951799920959156,-0.38738536074872737,7.647233197582077,7.112365586080492,-0.35936666795332717,7.780776649455838,7.012479069731353,-0.36874768299196165,7.878218906337605,7.083157075222932,-0.3282474277714473,7.756606899054355,7.1250021736602855,-0.34787250503126443,7.846169271616694,7.145817711229332,-0.3039944288619019,8.033779119264668,7.346525501317424,-0.25352798293674156,7.516906473375002,6.410679569161654,-0.5309543336684751,7.521345685118584,6.267462547635929,-0.5444433381344955,8.402892063667505,5.374760381784709,0.04937416636835606,7.817240691895583,6.052191960274708,-0.0910138232560844,7.809953269424436,6.4150493296359405,-0.3466998947612731,7.821143428018173,6.353100923483036,-0.31021412665342263,8.363630127236114,6.3791727882395275,-0.12275202905108315,7.525074084381513,6.115562700075341,-0.46729542425174453,8.117257418899381,5.229527501733342,-0.038889579851382736,8.275528357388257,5.265292779361597,-0.005049530897907054,8.542671247363069,4.8819983109803395,0.42186180353388314,7.680504607693463,5.432196227149418,-0.03734686640273986,7.8637539077906276,5.512187789590894,0.07753137967607457,8.112977661600612,7.203259580428623,-0.23171359614964748,8.8383586090186,7.361675799633884,0.4706330272461789,7.742095835889987,6.509439982787206,-0.30202673886646375,7.655956418742957,6.565047062841519,-0.3020159313985376,7.996761592729818,7.209271367341268,-0.22105949239433909,7.9766816716661735,7.202036387665305,-0.2320596122948908,8.338098281532721,5.171077880442836,0.05151576136766792,7.8316745082400185,6.5004729734973665,-0.30334513922120526,7.923557120145987,5.284433690916901,-0.04982959151651403,7.929651114683514,5.148412671313963,-0.05079865375841193,8.030440497533503,4.539629420404683,0.19977976521928192,8.425320571531634,5.011560362538735,0.21342678461082143,7.956978063092286,4.813098399720027,0.07378241743369972,8.476922864618675,5.319886792176534,0.13210434228965134,8.58720722814244,5.245151911265713,0.3308185642546984,7.645564949746126,7.0384425054653725,-0.3855099107203232,7.766956555552325,7.071402802237768,-0.3651390517342472,7.861567610180642,7.1148856749949525,-0.3253560979044322,7.7227352315440525,6.546754448932618,-0.27993386046221436,7.988937694637681,7.205165238215739,-0.22568841063434747,7.930614928216603,7.217573628767844,-0.2777829971732978,7.965673645482733,7.200829494689678,-0.23214773302210043,7.666863102768139,6.428561853632571,-0.42051498928293407,7.835616930802208,7.16737807822726,-0.28753299422651873,7.749724136529822,7.155085203561841,-0.31158831391739783,7.64881144224251,7.161162898311676,-0.32422609740552694,7.692765591469919,7.559233478578901,-0.3186284491203807,7.668155746800753,7.353683234173456,-0.3844238930724454,7.659185194078807,7.275765996887386,-0.3799071244586219,7.6540160353211935,7.209464130047886,-0.344348628240258,7.6465096287458385,7.164109616451812,-0.31844974940993725,7.834589335491193,7.169181685169696,-0.28327192853211275,7.847250727095735,7.191670431379643,-0.30730596548389955,7.861569027553484,7.22918616446873,-0.33347915025219926,7.87623174961203,7.270859052105686,-0.3295926917708496,7.962139426299265,6.917767381631198,-0.2882813227946045,8.93188466473577,6.585294233900612,0.7184667812264093,7.903486412005821,7.185724552304187,-0.25454707401069937,7.913429282497912,7.201817403561096,-0.2706202149265132,7.630121963937632,6.62929940855036,-0.3188952252651324,7.8062921953715385,6.608767345549869,-0.23619371238761475,7.641835133110354,6.601387085157521,-0.3107227198930228,7.932488695114757,6.131618699638338,-0.09821205643377641,8.09881739821483,6.214493907128448,-0.11917626312616066,7.852979039439824,6.433464546295743,-0.2681711718257971,8.322158506542833,4.662532654347705,0.293076339414626,8.221781579190091,4.861260728917645,0.1311937245310674,8.152230385108522,5.103642115329114,-0.005055144677113207,7.940243141937599,7.426200989614961,-0.2955408628843594,7.696637854076391,5.238642626485252,-0.05000194626884098,7.710844182079561,4.836570448339652,0.06263762030754391,7.7496901195815955,4.509900025027401,0.17598727960493557,8.250037615497305,5.818423594285595,0.03586057103717477,8.519733193961962,5.950044025554916,0.10844495684382217,7.825529488280152,5.8052856110626685,0.08666793665561838,8.391042118015454,5.566910428991314,0.08465876635807833,7.73229328530933,5.959606331438722,-0.09882777205525972,7.722426952950748,6.341219795628444,-0.4172899345507966,8.663725518432686,6.060947072324552,0.16459745968519707,8.435521403881111,6.034018405684601,0.015868009416497623,8.285221770260021,6.077594116362987,-0.04975271011301863,8.083061881694503,6.067641324260996,-0.05190124248800237,7.938396305123458,6.024519172892298,-0.032755461481857456,7.826147462839604,5.9668448545467925,-0.023130021603808348,7.57064403864969,5.774949934451888,-0.13418713846243857,8.663330780095974,6.3745500267128055,0.0869777544272442,8.47595054684853,5.555329784179391,0.11806317144234071,7.501166547955945,6.510571046315743,-0.4929919952552093,7.807626651903015,6.175857032120724,-0.15190415504524227,8.893368266419683,5.872447823217735,0.7681701047544373,7.740377271318118,5.896115114946452,-0.0056766256425744305,7.876148124614306,6.462076343186493,-0.17313924604897724,8.34155596258268,5.680669482039149,0.11067149455467275,7.735314415523713,6.26699410591139,-0.3693874718053215,8.909754513855047,6.9650204661501744,0.6188893850356997,7.8210952373415195,5.763113099498633,0.11892801248739304,7.625741573167024,6.174313513094938,-0.4348531772533842,8.511935517267416,7.623954974698702,-0.017690000681294567,8.565940966009387,7.868242018897287,0.11478232980096952,8.833978218247994,6.479663105419691,0.3961053928207123,8.662879346845548,7.4337704692818205,0.10101966164403955,8.692628585442629,5.514234121632656,0.4258947607864044,8.02088527851391,8.0672574658111,-0.30501622180284127,7.5151744437611265,6.575743266999548,-0.3740399981617424,7.905416165131263,6.288787630741955,-0.15066946827402738,8.632878524568874,5.792852416485815,0.2525622426624439,8.141006209566559,5.763889819816476,0.032993397411226255,8.059068594211947,5.776773384614123,0.025774675998359618,7.946746048540267,7.241052409908472,-0.2724953106117067,8.675603102855172,6.693864993657456,0.06875898232148418,7.837018712543716,8.300060246551071,-0.2738078200105704,8.206464739564604,8.149859120342553,-0.12073770970376267,8.37377922547683,8.041133158259425,-0.018699375000021647,7.976819865518345,5.776710311522619,0.04306013853851956,7.905253167254344,5.771299845038523,0.07509433441500804,7.852774229064043,5.769652149108793,0.10854817037716233,8.56923706655527,5.536939371544338,0.20500010442439034,7.899505720376876,5.616784235896588,0.07709183906965851,7.9757171494466625,5.544231046134013,0.0468562699525118,8.060882831450703,5.522438229989869,0.03082415533656121,8.150133381987631,5.543488342764396,0.03248716276862226,8.212122183266555,5.589269485586147,0.04981786497088511,8.818375069308265,5.484833911098109,0.6813320556746222,8.20019357342173,5.743386812959261,0.05348258765152997,7.8501506719320595,6.821970694619897,-0.3010689491679561,7.7335221475640195,6.469857011406927,-0.32827305121487066,7.640648083354527,6.7617521920216035,-0.33866330215691554,8.35147757248213,7.805784775893824,-0.11408876940538672,8.196497773734185,7.946847390698526,-0.2074086859597353,7.8126214738009665,8.149100825871667,-0.3738255762263708,8.716825974614546,7.664616566812335,0.2899723371818421,7.846408098940703,5.705402638145636,0.10146089645393175,7.636182650213353,5.9693621087155675,-0.21326799455952888,8.027027463728093,8.233343089468637,-0.22345965827843006,8.825908405967633,6.834636338342967,0.3310527186776156,7.747969428950462,7.157265122994034,-0.30662248172337087,7.758375071675721,7.196043026599615,-0.33389125140623716,7.7703582503749935,7.249028675581209,-0.3651432817063249,7.780267103918859,7.3131633793441,-0.36787030705583096,7.827782402413749,7.501803657048774,-0.3268798844426726,7.920745761112336,7.177746160572186,-0.2673791483105425,7.934426952477256,7.163016113303609,-0.27365904015498,7.951017301601981,7.150877023591631,-0.2768401563289913,8.056337316743912,7.04929603800895,-0.26137278727831065,8.493856217971352,6.73486321182125,-0.09580004219857785,7.648715769575623,5.855746919011274,-0.10693471286016552,7.7280298277982515,5.6429857902681935,0.09238781673861628,7.795271412832514,5.655300634212676,0.10509065542558384,7.903310657773315,7.185032874356911,-0.2563500387060658,8.55752035395044,7.150666543724478,-0.023311290302529337,7.615557040605238,5.641317896775454,-0.012311427854466643,7.910258619448617,7.6935132556444845,-0.31519304739979465,7.55238756774828,5.892130879885402,-0.24575814433068505,7.719437713625328,6.1743454039839,-0.2585055970425241,7.737589298936372,7.758514682900735,-0.3520804192440662,8.157255680522594,7.434774677940929,-0.22971966261016727,7.966054210091019,6.58560463855318,-0.1873814513022304,8.045152827641546,7.589946530709071,-0.2738565643484916,8.208020306259554,6.5635985077962,-0.19924882621095732,8.0724393809243,6.734347288106479,-0.2199599432651029,8.331172997822906,6.8260335938737215,-0.18300258863671914,7.781793614470532,7.965908929374635,-0.391177187446371,7.803297286554748,6.267872168387492,-0.21890535143072357,8.276642412442682,7.583932617737161,-0.18213425952568654,8.131643753253584,7.749023954345489,-0.24435673907883831,8.233568451750639,7.24097445440212,-0.2111662742446455,8.670605446211534,6.974056218022888,0.0652065255358902,8.40066041012655,7.2959508035413965,-0.14218271584015824,8.781292343622647,7.157345913246073,0.24304710871856153,8.173705001049461,6.943357339621145,-0.22684124412389187,7.7199139509005015,6.068922629310868,-0.179237282313751,7.690032187942621,6.397529183926354,-0.43846907254691786,7.777213374129092,6.459817050875104,-0.35391709083734996,7.619987039425343,6.290793922000908,-0.4885930457589418,7.790223439452958,5.499605416522337,0.059725007701436475,7.94369727955545,5.370556453933028,0.014860954938478065,8.089810702485394,5.328294647879897,-0.015044789857170254,8.221638424532971,5.352236909940114,-0.010687473611929595,8.325825250087101,5.431085361183889,0.02511580248113623,8.419032396914647,5.719273048785068,0.13298409896922886,8.82247836368811,6.148325982022591,0.4271964405708913,8.333408194795966,5.908183336016291,0.04404551440964107,8.21678675729214,5.944257600924272,0.0033668065500235722,8.07811737653247,5.954536388780102,-0.010146990175443479,7.9503511363658745,5.934788487304878,0.007235621230956388,7.852815332876483,5.897641625498125,0.03498497789032293,7.778769649510463,5.859992659361818,0.050574432018619546,8.921548473279808,6.229148124949937,0.7768149274799523,7.787094588902524,6.516482199756552,-0.31102039033645695,7.624057734229803,6.069350675909387,-0.31007097199630196,7.5936706778534715,6.394135993340742,-0.49755841621143143,7.555072071912503,6.4941911770581715,-0.45877338144873525,7.6056963777380275,6.4364254381643065,-0.45528823879994795,7.768169118019322,6.5784121800625,-0.27700838076826856,7.532450092655334,6.500986771152874,-0.4826608974828998,7.544420514999021,6.563805444231245,-0.3769569071792795,7.781944564678287,5.764202350528309,0.11512589876341399,7.721376679674249,5.785500857893532,0.0690081077450532,7.674419826079414,5.797350449202373,-9.225997237269248e-05,8.248863322097064,5.6309746184552765,0.07196411078463273,8.33554275829719,5.56983624088202,0.0667748430498121,7.014386853577733,5.804909298572911,0.330404026991087,7.101019516474049,5.787036935711893,0.3308170361496023,7.009733618534891,5.683289495739025,0.33089742776552866,6.933865902379479,5.823296876462279,0.33083256081152085,7.022306424336759,5.935153106468683,0.33079730366205673,8.011888504394374,5.639200696091553,0.07008219952924606,8.110984126697243,5.626619386052628,0.0698600429459785,8.010615703581559,5.5117632864244825,0.06985627251275221,7.9192688586101605,5.649588621656277,0.06974330346789262,8.01287074377442,5.7704664298069686,0.0697594814501059
7.223141530187208,6.889149403592841,-0.36662827534525605,7.132230619303043,6.307121155054976,-0.49730014332817907,7.213333292602683,6.540398307490877,-0.30518960347583546,7.094451024640508,5.923768505806019,-0.26648798630185794,7.120438192926416,6.159884884911124,-0.5059473139174648,7.136359707830788,6.00464020060672,-0.44116362812362997,7.1994961499357375,5.650368579236406,-0.11916677329323107,6.709652672618062,5.843568179232662,0.49849490918197914,7.203397738556394,5.38346353151275,-0.0008955782493931012,7.189780442894463,5.205598607975516,0.018182696084425985,7.179064292836695,4.501954266139374,0.25566810898331666,7.22655124592006,6.951983903925079,-0.3661926251982523,7.238412548415347,7.013472884929151,-0.3443899420153245,7.252024974048685,7.062198912430026,-0.31152201034112953,7.253982725542716,7.066385049864136,-0.3003443598506602,7.2501277500528705,7.120522374849223,-0.32550025339005234,7.2518350429335925,7.189710871057433,-0.35596341277609783,7.258984940625191,7.271446648074049,-0.3595641249427973,7.285171780083376,7.458703421751181,-0.29793476101631666,7.158873850012147,6.412675546197268,-0.46142290358443977,7.1302297332700535,6.466272993727,-0.3188210526583616,6.5166047392265325,5.505918661165614,1.1704245812486986,6.940044680972318,5.896957606969673,0.30022417450219047,6.854936061296476,5.932261139952302,0.3358843501143954,6.7786554120214015,5.949642967715939,0.39069573923550904,6.6916871371417415,5.907876906791571,0.5145400445442744,7.0109745602613955,5.847752925230031,0.27742150486794825,6.763076886273589,5.508599264046389,0.3516770918966643,6.87198881427096,5.501467455032419,0.3119017638653193,6.679551721608555,5.562094440975687,0.40711856270808217,6.639400423021659,5.640804538799857,0.4584428374276473,6.647708691799811,6.017479683130651,0.5667084865414052,7.009976204400012,7.814335172535436,-0.13255800396721118,6.686556214160761,5.809949676142906,0.5442732649126781,6.540371870192805,6.107449287059797,1.0948957426375328,6.582747380409558,5.962851876694502,0.7130238429749682,6.858046618130098,6.439271468057191,0.10254500697855001,7.127124046465023,6.871533814456782,-0.30838136368799157,7.157695303092854,7.0249884153943984,-0.2930560794269687,7.048068872329183,6.946837675139951,-0.2167630159272247,7.003841359810684,7.030735049133097,-0.12536102570902238,7.097117017435507,7.049472136282083,-0.2189234388790046,7.05254860291556,7.08449459904311,-0.13563631860260983,6.954164285297606,7.324197406347123,-0.0012720190433008613,7.071625200629254,6.32500042145338,-0.46515169315487215,7.048972610492205,6.184886220266313,-0.46777772562597697,6.550962095225549,5.598323279390819,0.5608824104612978,7.0128258668447705,6.049440289343977,0.09525406325797223,6.9670288136828695,6.403397446010914,-0.16196072549792265,6.9679575977072234,6.342620880618031,-0.12063615223250895,6.6414047876465006,6.522653314737942,0.32701231030310846,7.068474987848525,6.039182617692237,-0.3789435775595634,6.686055296934143,5.407191354391101,0.32652885125934544,6.593352215528079,5.4758789333726945,0.4435467679187029,6.533874556332551,5.199589688411214,0.9960723397631219,7.03904540506636,5.426363265521527,0.09799706338008415,6.978318931396138,5.548269125521037,0.3054653905860632,6.888537171426974,7.207076001580183,0.0750461459446701,6.765129255465982,7.5078781876009,1.0162065163644718,7.04100176512365,6.475138532919765,-0.1643646716205075,7.107108228951421,6.5084947501839165,-0.22918308897985978,6.981739778622916,7.1714176522287,0.04330133743803328,6.999068036072039,7.15669694723147,0.0017096436478719209,6.559295409865032,5.404223419823391,0.5289614601950798,6.991047794699192,6.486134361762395,-0.12586919362553065,6.827470491473675,5.388855001023409,0.21040310644510465,6.798562001750867,5.267280650827349,0.220307461870726,6.750869811748262,4.727818887198886,0.5557343988978466,6.5484665534312745,5.290593477697814,0.7365571256040233,6.781876588075902,4.962136834316759,0.38413541938034373,6.523665584966732,5.562968958967158,0.6826676937707549,6.518741290341731,5.5398822405670405,0.9146430266886245,7.136808446179633,6.954315951902332,-0.30967720437627716,7.071559803102446,7.003280610804221,-0.22409610496220347,7.0271882768812945,7.056902408476913,-0.14055305816093322,7.069533175489754,6.505132343300245,-0.1671423272139401,6.9909218696741675,7.16389693664573,0.0188286923324509,7.016401163549755,7.1710496172108105,-0.06762730418525179,7.008538850246967,7.151677339189738,-0.005437150827265297,7.034224772478534,6.388686481070868,-0.28444732553644314,7.075378601237036,7.099632039344151,-0.13016209121768343,7.119764041825593,7.077424708964095,-0.19452179101781664,7.178989850971072,7.067002152058595,-0.2600926169240515,7.185188005932097,7.472005556991364,-0.25632223643979446,7.170650970584627,7.27368059976109,-0.31025804225068343,7.163454459762218,7.1915336531876255,-0.30448638439185316,7.167651728690252,7.128367990911124,-0.27013944242719135,7.180816111693116,7.072677822523522,-0.24843596433562895,7.075285374975415,7.109768655999457,-0.12242889889618352,7.060156979013188,7.140529148024011,-0.14503553900899344,7.048810508111925,7.179713398076187,-0.1641106474505508,7.0414087603702775,7.227434112531974,-0.14795731701107404,6.92802058037838,6.910189318547528,-0.053746325825677094,6.668029233959606,6.826334383374971,1.3358738886791073,7.1886158103425775,6.4824053112975735,-0.35864468963404444,7.04389943213596,7.130514282083507,-0.05396927095156043,7.028550493450346,7.152695870883861,-0.06845649177665697,7.1250368913541156,6.561883482202558,-0.24708146589224728,7.039372392700402,6.576920043339905,-0.09822729180765659,7.116470511060581,6.537905548570083,-0.24011604227477426,6.936789414717673,6.164488453367415,0.14442506788025208,6.808350759221022,6.295465089478929,0.2052195697623698,6.974176624219357,6.425913675347383,-0.07772872183926131,6.608701154213692,4.939122470627153,0.7758121650003774,6.6343001116489715,5.096036183301913,0.5632905961177017,6.653103292043137,5.300896023184438,0.38348622717605524,7.013121547152149,7.385706563183935,-0.08761601042361118,6.986933316257224,5.2562194244579095,0.10182263389818533,6.958241194947579,4.8840208799808265,0.24177000399417303,6.932332642837515,4.591641060550991,0.3738842266059275,6.723266489688141,5.946861485671469,0.45687607965772614,6.589505588658676,6.140799938576986,0.6357124869342912,7.058586046933045,5.79766642045603,0.282678135461963,6.601551952240464,5.751430716861654,0.5743790859507769,7.058967300599971,5.935397438365626,0.05467312053031581,6.978594435870778,6.3138647532183185,-0.25885476001369084,6.530432141836294,6.300371295426302,0.7598814318275988,6.617190309768123,6.209441600146139,0.5141786188509022,6.694752472281294,6.219875288545565,0.3763148926621718,6.837922268550729,6.151132747812719,0.2752933893379893,6.94950366793495,6.060258710002181,0.2178589897724418,7.027943131313073,5.971890649761471,0.1677959654934388,7.1288807353500365,5.708781789325371,-0.053154204268952475,6.5379431173620794,6.581918779830528,0.6736504879732645,6.562485278592869,5.770821779278724,0.6526233133612334,7.127926905464352,6.418090322273332,-0.43855368413983836,7.00799549419976,6.165251656419637,0.030534391707154843,6.590677874112637,6.173182150122715,1.4181929385844252,7.083565119300385,5.8768798705211145,0.14606826770611026,6.985505702161363,6.45638335709315,0.011266574712323474,6.657516929384336,5.833987093696041,0.5723561978243262,6.98925005843033,6.23985145011206,-0.20963518555268423,6.715239986849961,7.164075736266898,1.2056966329750711,7.069021126769212,5.7527971077409275,0.32358718006011405,7.023098148582286,6.121018578154176,-0.3071910765212003,6.76517239000494,7.669853947137981,0.4029096404973448,6.842093100180692,7.890257526849805,0.5291421730417659,6.570249495605445,6.716470016928656,1.019286548554597,6.704901611867267,7.533052061111925,0.5947696782539814,6.531200214917108,5.8074089126545605,1.0396543995635723,7.007124454800142,7.994767644718271,-0.10623860841828445,7.163247135687868,6.486430042069774,-0.3397799381641078,6.954306907563518,6.301985362045404,0.06875627573536035,6.554167269757533,6.018996349177911,0.8389562600074001,6.776088211234986,5.870514047432847,0.4081187448301883,6.844881539408864,5.857854060248452,0.35960538973863587,7.008472757001788,7.20559690432492,-0.04795759569027561,6.577206679308469,6.8755063663512095,0.628578721212404,7.1729691041944745,8.187917848710235,-0.17989597548393615,6.979935085170351,8.087053990820523,0.14377082084717938,6.911680243015086,8.011222079894296,0.3183310929960761,7.17742170176441,4.822981333043969,0.13427378678617105,7.347434399915225,8.189961869282184,-0.2799453319622158,6.918716738612325,5.828260287930896,0.32851340965183234,6.990884300882171,5.795137832039166,0.32012537241428524,7.043851427568409,5.773621697860007,0.327792036666625,6.537871458369938,5.779757238167704,0.7799883014829143,6.975437961624715,5.659686683229052,0.331124288507184,6.894111962728208,5.621598885328472,0.3415015367538194,6.813822584203451,5.618212476161025,0.3726951134638862,6.743978025572045,5.656393500323225,0.41741597727172536,6.708575004862464,5.712152544829487,0.459854450000991,6.542496594095709,5.814689257540591,1.3287729521678189,6.734295713012546,5.862575205109325,0.458472970729561,7.225007446856359,6.6677836453748895,-0.30273858765725986,6.994376111382719,6.79456649115022,-0.11925641225700472,7.025824668875502,6.439097538464615,-0.19413044943452148,7.118679416886292,6.692414162838707,-0.2563498042802177,7.21691345933626,5.526418002946577,-0.022929108295094994,6.84224894109564,7.808908569247077,0.2252226034509176,6.922093059863403,7.902435381203579,0.059309436667709395,7.132687010553961,8.043003886486453,-0.2704671475208029,6.804829032830551,7.744066225698146,0.778178564072165,7.038584143786849,5.715064821927573,0.3270352255269303,7.072874015103947,5.918267460652038,-0.09782893868766075,7.310138329520051,8.045719971004113,-0.36694934937315066,7.059130794416992,8.144254563790053,-0.030362668846285027,6.617008031555104,7.030860278439751,0.9244929204105706,7.120616296829214,7.089279749994049,-0.18466504881816284,7.104394927307241,7.130348701111375,-0.20745189085948065,7.0966675833682915,7.185210964638316,-0.22999381829325288,7.0947460092295165,7.259430200382185,-0.22614884375497998,7.088944413739564,7.439699178747999,-0.17603590168290778,7.02244069472235,7.119624898151533,-0.05857218717187973,7.001752813263036,7.115675304963325,-0.04432773672857026,6.98418940300475,7.105949162146497,-0.03120280856672271,6.889564747459911,7.0492585507424,0.026409757407569536,6.625657898053074,6.8766403872948025,0.3815710884322051,7.095577392682028,5.81159296293356,0.007390127070744041,7.095562086877881,5.6220855403284995,0.2306105074049288,7.062756182844638,5.650692088278596,0.29673847327858155,7.043884822050184,7.123204369166738,-0.057446601813526614,6.671378422194242,7.262186636565323,0.45262202271771534,7.135998629996601,5.589180844286673,0.08143030773435492,7.048761112107633,7.630240438851329,-0.1499369727631702,7.1593893773245405,5.883329179813818,-0.3298109678948446,7.110661958386926,5.8189272259932885,-0.17015914686776373,7.177981059334134,5.770157368235085,-0.21811562288628714,7.025332100269328,6.1445477734378064,-0.11448211016440123,7.290165646545407,7.86331235436799,-0.38491645021580456,7.28672184061241,7.651315139724531,-0.34252965631673293,7.15676721478687,7.658227101733487,-0.2731517072998094,6.884920131619772,7.433565725595412,0.05983752495786735,6.930253836347052,6.6000471134055,0.03941337783154524,6.964080359229528,7.558559879440695,-0.044748222389221354,6.740672667594739,6.649542605423929,0.15272078111594017,6.854341917808237,6.7711166077608045,0.061001912921264126,6.7018557568420825,6.923960367969295,0.21433565453323938,7.128164145428625,7.867543713496169,-0.2888451787671158,7.001983791761977,6.253446482786141,-0.04708572468979241,6.83192239332524,7.597225123588625,0.14571362526684856,6.924387539048661,7.718278032866144,0.006681743772569685,6.811462011773015,7.276377899882752,0.1406880601365705,6.621556638260142,7.130669427280084,0.5961921179444629,6.738345489646076,7.359687391852993,0.26081816421948073,6.6603951162822765,7.31315079006346,0.8031992925769268,6.806481363960019,6.990224064148754,0.10172684217507431,7.044093537561275,6.039268191051784,-0.028095311806869736,7.003542896629824,6.363684449997308,-0.29156054582520724,6.990011174327441,6.437572523796912,-0.19521018260403186,7.008177076694409,6.237485311934662,-0.3629244229301592,7.012468267602435,5.511984629636282,0.24894688251381983,6.8546730797525015,5.458402487910696,0.28477263909815675,6.727650211139417,5.4687172084688,0.3346502979138723,6.638675484479804,5.526482009036645,0.4087491526384786,6.595995945335228,5.622572543187711,0.4892053296425154,6.625506927166719,5.892945399128139,0.6239215389592011,6.541487802458771,6.413468665139413,1.0709285056750015,6.678667463559901,6.0567961196731845,0.4933422884843246,6.746874301147614,6.067282682668754,0.3973529813561371,6.847628931253189,6.034581832109427,0.3162054124804132,6.9495342795432435,5.973783699447064,0.2670384517211607,7.0278311206554545,5.905868367856507,0.2321287388185214,7.078684654932713,5.844403736995395,0.2135720383982352,6.6345853561807955,6.503123108646811,1.414559114571539,7.013830484171487,6.491653495594004,-0.15797690079177673,7.053692363916338,6.017635524045599,-0.18860288001767206,7.035561247467885,6.332196932275789,-0.3919402054703876,7.107039352832761,6.419219473188333,-0.39076300650543766,7.059651191757978,6.3775111568886995,-0.35075269959452304,7.050492059412946,6.541904537762582,-0.15046886032786597,7.110538816235382,6.419676560157622,-0.42113424410180694,7.143668925029186,6.47807376872407,-0.32887750951269035,7.090158442295742,5.744649897765501,0.2866590359768338,7.115281528365734,5.754459874645951,0.19953759434971136,7.12201190788004,5.757991341093606,0.11302598248595769,6.693474437635048,5.761784397648495,0.49794237834876454,6.632259569668874,5.734575547904336,0.5207523312846959,7.240505269273217,5.896062217427094,-0.3343623357321643,7.978114929806711,5.609322934684486,0.005748469511195056,7.265563653534771,6.436055162031282,-0.3710988311456253,8.466667153829105,5.051387413310197,0.4153101682120142,7.7045313335873375,5.751531596025347,-0.016650760921293375,7.797994835172142,5.754789645153474,-0.04582012057411616,7.897339939859483,5.737238062107483,-0.05020424967287464,8.036998445514001,5.658235762567786,-0.006973476014079263,7.623119065612912,5.730212350144984,0.02806393382130914,7.799765438424561,5.279656089198289,-0.0451692080974511,7.682096503300194,5.317967212695735,0.00016559466653960687,7.917194350711175,5.298780343620349,-0.051894160464938874,8.004260721881048,5.361639194095547,-0.03813629708040889,8.131728850251127,5.73181389383342,0.004892868061448625,7.697764776717776,7.74393890923638,-0.368237558900562,8.0141573156986,5.563535969438954,0.02816324761866982,8.53733613872932,5.690645107129956,0.3192436146035241,8.262523903867992,5.635990863395735,0.0791854854477777,7.742491119307781,6.281663428448868,-0.21926514530481847,7.33921100877825,6.848034535063076,-0.39357231728471903,7.349785232288477,7.0034448003396115,-0.3700058575858801,7.480899620637311,6.908916153929875,-0.3917178799686778,7.587727176397256,6.974397166942743,-0.36503803708033716,7.463595713331148,7.016902080776372,-0.37134072372649984,7.562078822957685,7.034695078096858,-0.33829325323036863,7.764434076707121,7.221425192967671,-0.3090823216872704,7.206064427069763,6.298638260965879,-0.5092437145207542,7.210169861172918,6.158430833517192,-0.5205933161546836,8.124733402037736,5.263212437657005,-0.029175232494222096,7.542095008489117,5.9492032737059075,-0.11281745177505906,7.505593448472827,6.313445235041026,-0.3609579749564993,7.52045816717271,6.2515729132149165,-0.32627865354042546,8.08242468078453,6.25560668832593,-0.20494302171017456,7.221910108671772,6.009106016825691,-0.44640247441680386,7.8197311642155025,5.128097668678932,-0.07992949102121898,7.986865675468376,5.158784066697049,-0.0665543814463507,8.281948360766837,4.772950137880407,0.32144821567181814,7.394040573541788,5.329926611481235,-0.03361173342389502,7.592379445139469,5.4084627797128295,0.052015905744442044,7.841880749970822,7.075213715983274,-0.29826057462560895,8.62002783278673,7.210484325876295,0.2997129954296107,7.441908084573709,6.409382711150626,-0.31208156358164435,7.3585742424605085,6.465427695907082,-0.30217414264695386,7.726346974524913,7.0933990984646105,-0.27939251849341334,7.708270124109343,7.08709658574804,-0.28279036353157244,8.049293180553986,5.065883749133004,-0.01626301478879476,7.530207268695758,6.401466827533325,-0.3211219020149472,7.62536623594899,5.186130668678528,-0.06868118163376583,7.626713842432266,5.050246087323715,-0.06796577117240393,7.7452851242829155,4.457177136108337,0.16859927018734885,8.146802980180471,4.907323966794108,0.13156559432377332,7.6609397076592956,4.727589995855056,0.05083723924855476,8.20018614645215,5.207280507135723,0.043945635154880695,8.324419184400321,5.129389617692584,0.22565092681383414,7.3432823526812605,6.932195586318565,-0.39359197132868007,7.46905153679106,6.96495905153122,-0.3884513517729133,7.572945943901809,7.0050004266156085,-0.3603006080613597,7.423683741863636,6.448313023997642,-0.2880035769510405,7.719279171601009,7.089966424025538,-0.2795002678760139,7.655799740339501,7.104028979444462,-0.3204568822177344,7.698090372915077,7.086027962331256,-0.2815418099512684,7.362520357056864,6.322949443697729,-0.41987655921789263,7.556234788647144,7.055879006754198,-0.3222481613504716,7.462502044053032,7.045943452707909,-0.3375019170665477,7.357445787263878,7.051037502615263,-0.3395011290272091,7.413865068503557,7.438727955903056,-0.33201195992409277,7.377611879945466,7.246849525092005,-0.39482795849592056,7.366202794390875,7.167908448768895,-0.39045249870029203,7.361385640394901,7.101452734319232,-0.35671448423923746,7.3553085404303085,7.056536460614134,-0.3294436285953249,7.555622556481278,7.062746442787454,-0.31466691826928556,7.566831970863591,7.083328575054482,-0.33830534133705265,7.580221070900063,7.119373743819853,-0.36419478293313245,7.595284069335481,7.159988390841371,-0.3635934865903995,7.674370550797985,6.802174867247848,-0.32962518934877477,8.717079849725556,6.441025374068723,0.5379087897787529,7.63169170737178,7.076137629979036,-0.29572476813065274,7.639583240846121,7.090001905662423,-0.31172263812616546,7.333355842973785,6.5311779519292585,-0.31909847035851974,7.509151352218554,6.511823066867444,-0.2537248371278674,7.3443447146327125,6.502480264872651,-0.3105909869732713,7.654722072583903,6.02587282954998,-0.13396324636922682,7.8173956376463964,6.101024327910054,-0.17244762548207743,7.554521930019459,6.332111358916242,-0.28932861606967974,8.045797195743218,4.567224128626855,0.2256737550728597,7.931226294521806,4.768450231461291,0.07686914548685331,7.852759002408871,5.004652183925943,-0.0489085394317835,7.667384842641778,7.303455258854925,-0.33963912041771877,7.400717382741581,5.138973486102685,-0.043028914778361946,7.422261693514738,4.758255174462879,0.06794323641956586,7.468618799964732,4.440884455453408,0.17928617833236604,7.985573726454724,5.708313918721343,-0.033820391864338196,8.253931781994757,5.82193238149381,0.009365328594680322,7.567682834430471,5.705169967405946,0.06035373168273248,8.121258984496444,5.45137294949716,0.003615359620161772,7.458075883781168,5.857367057389241,-0.11123801888607894,7.416319562913984,6.235278493264063,-0.4194659984146179,8.400848021688269,5.930551759916469,0.04349446450938943,8.166886978094363,5.909270430687286,-0.07434322580217505,8.013860939672853,5.957279172548379,-0.12208549665684204,7.813935134472512,5.954487950446725,-0.10470099472571924,7.672622906251785,5.916764013253815,-0.06976331720577364,7.563532874351617,5.8618029577182895,-0.04760694276104363,7.293453611563456,5.673738107154051,-0.12387339503312357,8.39868642471174,6.241410554979908,-0.03571585210537832,8.20545482167045,5.437315264106828,0.02700967318416145,7.196628398813351,6.401105749699138,-0.4736804176916139,7.52452951107572,6.073746602047234,-0.1723826519086509,8.672729890773883,5.733567451985768,0.599798113222537,7.478221104911647,5.7928287427681315,-0.021361135735675683,7.582898890907357,6.360175942255873,-0.20007090596294635,8.077213054472596,5.5678261167694245,0.031089308636967582,7.433628340248739,6.16341704707715,-0.3730524518118328,8.694853039231132,6.817715128485293,0.4401120932893159,7.56538070234314,5.664387652257186,0.090657212832194,7.32297294201539,6.06867620656447,-0.42563541151046946,8.253796812630917,7.481225216834613,-0.13325715744696703,8.32312793110504,7.719501105761136,-0.015055880910372639,8.592461383800236,6.33958337421329,0.24188636289160614,8.414378352553912,7.287766113886234,-0.03460788798887303,8.439868082205054,5.387112226505802,0.30044239091727565,7.743312762703108,7.928001639875454,-0.36296523116081725,7.218740415776674,6.471587586357741,-0.36129163713865653,7.6202687074497835,6.183170578765147,-0.18184918306736128,8.37214616032144,5.662600003904694,0.13545535573213444,7.875232792924752,5.6616263460454554,-0.024318202421499936,7.793369003728001,5.67696658825144,-0.022893425552118152,7.672190865143827,7.126620346364924,-0.3190832950015675,8.413909438372329,6.557281305183007,-0.05732305201450048,7.563902996524618,8.160921193069019,-0.3197334873010133,7.943843842885611,8.00653850382542,-0.20758672977612488,8.118774574196095,7.896123128429824,-0.1251774104122602,7.713148501321904,5.677169042297198,0.0029896635373578193,7.6457904401459595,5.672342496103224,0.04105183264070594,7.596095276955253,5.670632768208206,0.07737553062503767,8.302389957923063,5.41613481404134,0.1009920113876414,7.639455228665985,5.515351210830175,0.04496061488060513,7.711823157826478,5.439912380783167,0.010081090312289721,7.7933564807973355,5.41653798283693,-0.014430394766022226,7.88171480098086,5.435389515657831,-0.02258717086904098,7.943434064765503,5.480059505059842,-0.012028069721593196,8.58876851069067,5.353010199148685,0.5307385423248231,7.934384855922979,5.638309692723953,-0.011088124309165831,7.556010767331906,6.71528312138892,-0.3285309547994834,7.431623279905527,6.368014601134071,-0.3342918725059721,7.345069653174567,6.660159267754745,-0.34245414913235606,8.08775875352964,7.666870011047754,-0.2091247021984748,7.924461129088985,7.806024120883803,-0.2842315223944549,7.531539569374887,8.012186345555534,-0.40964749898413166,8.487512267640108,7.513567772433234,0.13691963636022997,7.589437252151459,5.606614850928083,0.07139840756437796,7.3509644749261405,5.865454087725637,-0.21015984416868858,7.757316182060556,8.092015854237522,-0.2906447412966994,8.586610392305992,6.68984557061555,0.17673700099998058,7.460956157834221,7.05199620252954,-0.32880426341301694,7.470329571437306,7.089526034297137,-0.35680286221346497,7.481756745669523,7.141442626244218,-0.3873669007632043,7.493120609530044,7.204935276154762,-0.3917951047077814,7.551201961956376,7.380398232018527,-0.3582895471472041,7.646726877072386,7.0641698825730925,-0.3117112022554536,7.657937682891441,7.049185500313518,-0.32111685805676254,7.672723785415479,7.03732211066312,-0.32653372128793756,7.776419217072322,6.926470519849346,-0.3177798666348058,8.218715213808416,6.603493702211979,-0.19567594431175028,7.37313701938768,5.753452474445752,-0.1077706128814891,7.463375866326133,5.543291608440708,0.08163652844285214,7.5333651343785615,5.55452050293739,0.08285827512470051,7.633223679223186,7.071259948484846,-0.29971995261331374,8.294046207508027,7.012750729260778,-0.13845352143715434,7.346719897148925,5.539273486993026,-0.006997286024125406,7.633060881124535,7.565603332221637,-0.3539112392544972,7.2664124299465405,5.788013675927268,-0.22991402809265882,7.4276896882398376,6.071831289373792,-0.264117869485029,7.456365112308594,7.631078779487543,-0.37223585237469026,7.886478384662321,7.305955670677792,-0.29714181600376444,7.675930351384203,6.479092300418193,-0.2250805247149824,7.77218368363392,7.461375676011513,-0.32695295682964204,7.920988102984435,6.443186971045253,-0.26161545747184733,7.78552199622936,6.619540446423005,-0.26992840060779993,8.050017423377472,6.700364832374524,-0.2616121310683893,7.499250584090779,7.833607962829555,-0.41984707815195105,7.512519324849188,6.16679823835682,-0.23500457766696295,8.007380323053486,7.450929464681421,-0.2648902038408611,7.857192815582809,7.613182120129882,-0.3105175669440053,7.960873637153876,7.1100351161352835,-0.2895820314860624,8.413279813247204,6.834699701059488,-0.06300802227733107,8.130524561752134,7.161420179247454,-0.23673239423960912,8.540939264169117,7.010098650833185,0.09185011981347341,7.892990308608352,6.82085838408232,-0.2912243181815595,7.436608797747115,5.966408389003488,-0.18865964628844892,7.384421571353986,6.2905394034171875,-0.43789514321994893,7.473242544253762,6.3575996971306425,-0.363552547912547,7.310381830949656,6.182639745648607,-0.4793588275476245,7.514253750746352,5.399381567825271,0.04388093878174234,7.6590285692960745,5.267616682800205,-0.013785303495408678,7.8035898023061145,5.22113191202926,-0.05731543715952553,7.938518814479316,5.241402710325578,-0.06820744634128775,8.049286919088654,5.3182246284927475,-0.04550538138810116,8.154265951138704,5.6006821125253285,0.04523732055649364,8.578114279567858,6.010907231686404,0.27729386228819686,8.067312286344821,5.790416687178293,-0.03413206825893394,7.950224971778026,5.829686510590016,-0.062283627265452696,7.812668927038562,5.845121022635177,-0.06176936094260474,7.687740866438458,5.829623200218319,-0.03045704467380649,7.593377105282482,5.794786842121348,0.008151425729809644,7.520165965457182,5.758097786004262,0.03108939560176387,8.705396651133066,6.088267635872188,0.5994216861018051,7.485705643139361,6.4168338548965655,-0.3235715698791804,7.330389299842815,5.964414460154201,-0.3047365386283751,7.283298906230522,6.283756845025109,-0.48518303388461165,7.250070701146505,6.3858966504059556,-0.444227571826442,7.2981288390118895,6.3279460930332405,-0.44627076623282597,7.4692282492571165,6.481228851533392,-0.2883186938903894,7.226624992067312,6.392270126396296,-0.46526387774208344,7.245338424791708,6.459700542282753,-0.3660484810484052,7.524593517165788,5.664317732560971,0.09327407051729046,7.462471432444739,5.684750285378383,0.057215650491085034,7.411218555822926,5.6945515657792045,-0.0052140039158780765,7.981467596633199,5.521369174733292,0.004178122405189604,8.066873983771531,5.456827033661146,-0.006426735133942518,6.80719656244469,5.715215444954744,0.37605108495263273,6.890419785337013,5.697834660768662,0.3764584280584448,6.801793613580921,5.595524404387091,0.37654800179862125,6.730202801840057,5.734213078633408,0.3764736468977952,6.815111750343622,5.843977957352769,0.37643733909534505,7.764259451396176,5.526101451088089,0.034341971383023986,7.860528089450039,5.513007683499811,0.03418267633507367,7.7613583057920135,5.399001357735901,0.034179219484421236,7.674064434715052,5.5383182656706005,0.034061863209480715,7.766817607843778,5.658189845155346,0.03408028344039443
7.1244313060764,6.936872793765567,-0.3750103674032129,7.022589849152209,6.33140697576025,-0.4822445322864965,7.119224263923343,6.579224104131359,-0.3055876957617895,7.00189187409294,5.955219004170688,-0.23565750550212428,7.010632341274715,6.182443152283302,-0.48522397849763005,7.03356320576378,6.03029728637756,-0.4165866898399138,7.114733286311565,5.686810295471762,-0.08772469268942318,6.682592885424143,5.899904943261535,0.5601106451930884,7.1230887725571685,5.414838063234563,0.04201509133435255,7.108241107797032,5.234606788087086,0.0690868851441977,7.103211856839953,4.541747497709434,0.32635186129337973,7.128234217760438,6.997379197555669,-0.3764309033098529,7.142252423594458,7.055881600581663,-0.35705474717057956,7.159057891406362,7.103037565470668,-0.32676735634352644,7.161493070818983,7.107702834451731,-0.32125171697186067,7.155847850364028,7.162134939034382,-0.34691472116840244,7.157393373831423,7.231446206817401,-0.3795030949283369,7.166292733145037,7.313202158353505,-0.38811682463601094,7.203521089638181,7.487807812075506,-0.3361084594074799,7.053737606749856,6.4428631565739956,-0.44968586330561433,7.037238723756213,6.506564202168984,-0.3083920193947986,6.517607555314405,5.596081488261503,1.2578600246689609,6.891988216399975,5.942856916327545,0.34692788926633283,6.8129775289214445,5.978217065332249,0.38784663801535224,6.742893499404728,5.99906273307794,0.44699064676974304,6.667224446452168,5.969445099710241,0.5759400988361293,6.956344429551795,5.893133478576944,0.3189589586317066,6.719012081985988,5.572992431605939,0.4145283542664048,6.821307816414862,5.559458601786156,0.3686146966097255,6.641609214889979,5.630193599067671,0.4733443417640438,6.605913782488137,5.7096907624564555,0.5258469043954684,6.625713002052779,6.084312911583806,0.6274976645127534,6.951694559808178,7.853413707677714,-0.1586441800539448,6.6617493175744675,5.874445104004491,0.6075878941724624,6.548758812738743,6.189444205598919,1.1607264471158136,6.571148604021152,6.035680719795917,0.7796837784254591,6.800518845861589,6.489385652831663,0.13214667499345878,7.035623903720307,6.919189569419192,-0.30942709313909667,7.069033249326627,7.066621868735515,-0.29924460986435647,6.970903708592471,6.990867420011659,-0.21303399141840879,6.936001336919142,7.0726709691907805,-0.11963428053083229,7.019445604851693,7.0898425188747165,-0.2201113628298389,6.983631878307646,7.123454854429201,-0.1356101034883273,6.900522893772233,7.362759004353545,-0.004807434060346633,6.965966153094733,6.3526978214612235,-0.44539140096261876,6.944127934499058,6.210325571576874,-0.44256730330879723,6.52108638304672,5.677244219173233,0.6431516018471668,6.945252778798018,6.096775094470354,0.12736136195684425,6.888553486483985,6.444666967251294,-0.1372559626122119,6.891024364128868,6.383620890185213,-0.09468099743968984,6.604830936109486,6.5836919828869656,0.3725280278259111,6.969433781381633,6.066471495070932,-0.3488546532301218,6.6354152216096445,5.473287268894832,0.40480916055008037,6.553187493435395,5.550832928919894,0.5267627652930542,6.521731051123473,5.2838857478477435,1.0931900289442138,6.962516723906635,5.456058322053139,0.1526882734213247,6.923532854344548,5.59936432569904,0.3549167249180663,6.839984991541899,7.250200378131671,0.081568442852576,6.783282199401173,7.5971773962152,1.0163940317966784,6.962688915379904,6.520458514138091,-0.1482044157694744,7.0250915252719865,6.5515369751672266,-0.2216169445251059,6.927679449009786,7.207008316954558,0.046475543895196945,6.94413633408312,7.19186876664827,0.0024934662235882757,6.522326021661193,5.482553410045815,0.616808975054781,6.917882734132223,6.530213931060683,-0.1057056593231809,6.763123197652544,5.436184206197278,0.2788559757368683,6.732573210453972,5.313196096431843,0.29470820012732707,6.705551748526748,4.790655172077916,0.6537216471802644,6.523415867693228,5.371643552178765,0.8298576438713814,6.727056083655962,5.019938968199048,0.47154814320980076,6.499771038558899,5.6448858715226615,0.766985532228504,6.505401559741745,5.625322540277091,1.0023385528083835,7.045980590868664,6.99897301863142,-0.3128378492422435,6.993574185975615,7.045125233225025,-0.22281858814604874,6.958442225671261,7.097250952017338,-0.13771674760715086,6.991697578903113,6.550351233883817,-0.15463895651316506,6.936247724718291,7.199191104054257,0.020408471035811497,6.95516568792177,7.207466094285933,-0.0707040074098496,6.952708109618317,7.187055105015446,-0.005330172139781411,6.943590361119094,6.430209883150038,-0.26151647811952755,7.0071696127451855,7.137599054024149,-0.1315901916123976,7.043614008059216,7.116882179900742,-0.1982475954993082,7.093251350073182,7.10782882821266,-0.268199200323548,7.110627989601297,7.502812969036802,-0.2878028889456655,7.084302293220536,7.316232308303845,-0.330475247732864,7.074985754565181,7.233527203768743,-0.3205625354743628,7.079681822021137,7.1703812306871795,-0.2838843954851086,7.094985864181971,7.114167714318062,-0.2623074389520258,7.0074866970435234,7.149209379093751,-0.1283614374342176,6.991342696476496,7.179819563311433,-0.1512057140235191,6.980050155670572,7.21924091121008,-0.1712344894083124,6.973530678507839,7.267527320120752,-0.15567861284303858,6.866372284872447,6.95418503648254,-0.04241532932751176,6.689895623800652,6.918275414687119,1.3627080077133182,7.089668227505432,6.51798623656253,-0.3544855681434708,6.9824132386533275,7.167433676646781,-0.05682739690793584,6.966708116353537,7.189458785987835,-0.07163533316663274,7.040728750933944,6.6024559537159755,-0.24234136514981977,6.9687443155232165,6.620029283504207,-0.08760978353584681,7.0332013236837785,6.579389295951243,-0.2336999649373584,6.876609977913261,6.21491034454401,0.17873435552327416,6.757452078480066,6.350227643781678,0.24466170649909388,6.902219609752742,6.4692728487953755,-0.055345909332054785,6.583036815330136,5.014379843480728,0.8762451343143874,6.596779934786127,5.168072982767211,0.6561300091708542,6.602489552052224,5.366883437894336,0.4675852019502494,6.954411125286874,7.422958123360048,-0.09821106482217469,6.909163265910603,5.284576963619506,0.16569401220408853,6.890197705064107,4.930026670556142,0.3192221455989804,6.870632273922522,4.64220617310743,0.46063248999082174,6.694741483839046,6.001607807048704,0.5161840141410592,6.574535736294125,6.210300372824688,0.696860817226488,6.999702382514131,5.84002290855337,0.3224262806837705,6.57555138600028,5.822908056061852,0.6458991407920905,6.986783822226885,5.979912381382081,0.08708449236018227,6.8897672263809335,6.350430633729841,-0.23190689435322176,6.522121631782353,6.374536740022237,0.8188972366185724,6.592039069548507,6.27516686070827,0.5718504201024769,6.657515927207256,6.278841678735363,0.4276622851387387,6.79037634810681,6.203855791953173,0.3185357202150028,6.894615186315343,6.109308673821428,0.25535551445360394,6.966034049732567,6.0181864860909355,0.20218094134939132,7.048102885774979,5.747680681237881,-0.016870389597048816,6.525907744298267,6.654535474795948,0.7255584336524032,6.542207837135778,5.8462879483155605,0.7286087076062256,7.026310864891643,6.450783264379055,-0.42360983581152745,6.935871843331521,6.209910492131146,0.05835452441127839,6.61183338935578,6.265410043855001,1.4732319221918566,7.016285961313732,5.9190370958585925,0.1795200556787753,6.918306913127351,6.500153919599056,0.029378278032808746,6.632845648852033,5.901182380004287,0.6371767414656153,6.903738534537275,6.276071915890942,-0.18155879222280652,6.737629060093915,7.255399720666005,1.2188679305141463,7.012528547376696,5.794055484809127,0.3654905325648583,6.930575905580475,6.1525679316710375,-0.27701244202660963,6.751831356811959,7.732668286856814,0.39920095076239875,6.838428968594426,7.961027778748465,0.5126487517033277,6.578235753073405,6.798280356709085,1.0611708145001424,6.702792485162404,7.606255946655467,0.6004862208394365,6.53021533099136,5.891630652995197,1.1165459473850792,6.954953598424207,8.035828874681293,-0.13899175634513458,7.066689765373349,6.523569160102358,-0.3334574938053515,6.8907170793452694,6.349416383954363,0.09608636378500968,6.552535125739919,6.095211371904159,0.9053013954806137,6.7405486155207734,5.9160608432393165,0.46554467174503833,6.80299112343715,5.901437167387498,0.4135369846079289,6.948051240221317,7.243043932510908,-0.05063963769389801,6.567515783914368,6.947082488192841,0.6665796604657307,7.114485498581738,8.22867072536708,-0.2310552771493596,6.948754705386503,8.136957066925559,0.11133309628375425,6.894022315673639,8.069372613632604,0.29378803006812615,7.097652032156295,4.860457815528557,0.19701425657288169,7.276523974616417,8.2307986199961,-0.34303676007572764,6.871645823732661,5.872647593015238,0.37802774298612607,6.938546410889906,5.839690775000254,0.3658960968567651,6.987977263129017,5.8163549805628705,0.3709427813255567,6.526464916707709,5.859433647355148,0.8571204188490512,6.929185774418225,5.711793458333291,0.3806642499292312,6.853299732210732,5.6804042126938645,0.3962274105088088,6.777100805496932,5.68090398794555,0.4317780813290837,6.711936132379152,5.720779613348879,0.4795701397194454,6.680036612007963,5.77595998087838,0.5230075824955347,6.555617773090646,5.907637460355879,1.4012843224570675,6.7036842410036455,5.912892800117292,0.5184577202996561,7.132947784349857,6.709261564820766,-0.30741012114230926,6.925984832925292,6.837405619269548,-0.11005005981829466,6.9447691027491185,6.483500344265606,-0.17531830593225495,7.03427927030506,6.735300275412745,-0.254196087492139,7.137704748790262,5.56264974376435,0.012716139060920322,6.817786990762237,7.862828241480459,0.20905217296863493,6.884152804400872,7.948918378392518,0.03400493681643063,7.065461326204292,8.081690603659423,-0.31344620661706213,6.812642245524305,7.826822024468325,0.7692108970309112,6.9852662973730295,5.75969663622114,0.3723665108240536,6.990542636094598,5.9566049355409065,-0.06597057383547172,7.232097874547538,8.083862596104769,-0.4220772617028948,7.01420006460502,8.187620558125758,-0.07030731299121651,6.626074184167441,7.112137814836429,0.9525052204996385,7.04413758213241,7.130426509200602,-0.19361321248880645,7.026157572482513,7.171350682680994,-0.2161444623913417,7.018041474382675,7.226495351978232,-0.2400168240085147,7.017249113619499,7.301047260250556,-0.238463907157232,7.023437507177126,7.4731015403137455,-0.19423425673538527,6.961256786297345,7.156817302357842,-0.05720439933294457,6.9409493918969565,7.153935545059262,-0.04036372545190651,6.924500206442346,7.1455324611706414,-0.024882438943015953,6.834938241451356,7.093581733712952,0.03875709993209242,6.5993306084796,6.9405399121739375,0.41641887315000986,7.019351809496335,5.853301251024601,0.041026300063822796,7.032402663232557,5.661653541206286,0.27053754390637147,7.004391450316702,5.693873295719836,0.34086301771703437,6.982462236227023,7.159664061389497,-0.05756944219392763,6.6566773687317395,7.328670692368885,0.47029419905372233,7.063457325440184,5.62441188537171,0.12141934526140989,6.9869903120017405,7.66712493249091,-0.17317756037709664,7.063250835665328,5.913160186876596,-0.30262531120578173,7.023734292480647,5.854374997853851,-0.13708774125484663,7.087780420987514,5.8038375004145815,-0.1890739591425894,6.94352736423863,6.183245312561216,-0.08707328197780795,7.208749830716731,7.899094845598512,-0.43241981830098175,7.204738329361821,7.683502721480993,-0.3848682855000601,7.083197747916393,7.691433328766131,-0.30712250100993865,6.83923112887234,7.478793658446379,0.05626650593263383,6.868269890905104,6.646457874789727,0.05822520034651241,6.911597045392547,7.599744869076796,-0.05926822525957743,6.692655587130334,6.70389633050121,0.18381870687684343,6.7976454881470705,6.8193633127045254,0.08051748317618164,6.663404735600006,6.981038506728526,0.2411018796527646,7.05571080903907,7.904460779883408,-0.32515273317287213,6.9264139116777885,6.295485454554075,-0.02183072131068289,6.796990320590241,7.647476905439381,0.13865061073828605,6.878424288070637,7.762596704834804,-0.011891641412565417,6.770234845491644,7.32618581541723,0.1498204388708057,6.614983233379004,7.202801525270209,0.6216855023245681,6.710685294319263,7.41670533299128,0.27098512799250474,6.668017507180682,7.3932039967513425,0.8185023686719944,6.758089746903434,7.040825346150656,0.12002610800297116,6.966622020616902,6.0808648823263844,0.0016364705995360871,6.913106870627678,6.402514354601845,-0.2660842331793714,6.910420403658539,6.480215406932053,-0.17410782524891363,6.910649992289565,6.26842199470654,-0.3356477072234162,6.949590464000665,5.553434700083076,0.29897820743130904,6.798590441354038,5.5107907117660035,0.3459902200736696,6.679971515231483,5.531066607726161,0.4036431932874839,6.598161666364315,5.594068387947994,0.48219492224313076,6.562921911397832,5.694023438284943,0.5641314648365665,6.606307862973709,5.963302203899618,0.6897925234905414,6.549189991387256,6.495016174014509,1.1261968069852333,6.6511833407899,6.118848501419764,0.5508453352509437,6.7101323217018525,6.1227823066221,0.4501633271621346,6.803353005517151,6.084594297649881,0.36304316938056436,6.898575590200542,6.021978198329558,0.3082866746113552,6.970163845229682,5.952358245832263,0.2690430085391025,7.016582046651915,5.888075529040986,0.24834166489664217,6.657091748212128,6.595041220885308,1.4549878506180132,6.938055735187622,6.535768855986971,-0.14018244113374662,6.9660144507030894,6.052257298942133,-0.15811182360314485,6.936145529778871,6.365715076861197,-0.3688622656003841,7.009769983977691,6.456947859115172,-0.37524826812263357,6.964299535623779,6.417261924318575,-0.3299403429707536,6.976079952270633,6.586248256303146,-0.13805419652205547,7.011512897670541,6.4548227643475045,-0.4058479966080728,7.049554613887015,6.51643371344175,-0.32044686620217666,7.030320266350537,5.785030831699924,0.3252426130971181,7.050990242796266,5.795246825815244,0.23433048058992373,7.052194883143814,5.7967321522635284,0.14734325060091688,6.666811466902456,5.825631621193932,0.5614507288336353,6.603923781030797,5.803206481661929,0.5877658382386516,7.143760848898913,5.925861757908909,-0.3159355020999152,7.894873354642055,5.634667777511326,-0.02101443868521668,7.164183737580154,6.472048211362504,-0.3699271753672355,8.415261885580113,5.093576371756629,0.3701200158179906,7.629420599567589,5.775910983304684,-0.026935226744369514,7.719633532323378,5.776682345107705,-0.06258072372833318,7.818388842070149,5.761567993553603,-0.07287977310584944,7.958716493200758,5.688304721469447,-0.03842059159561141,7.550761294688982,5.759362052789339,0.024364655989302604,7.7167699741236,5.3164855835400955,-0.05291614918232813,7.602413136947135,5.353812635145967,0.0010240642430896173,7.834045666761584,5.335032565114172,-0.06715203329966157,7.922626280348005,5.396623565196271,-0.05905181019496101,8.05950660218653,5.767649992379778,-0.03413037826095965,7.617705979662553,7.788057944022525,-0.4379219833398815,7.932455893596477,5.593805900946059,-0.0006172857779088771,8.490876341236271,5.737984061403724,0.2475341236351883,8.194591512931819,5.6747180442666085,0.03393371807747847,7.65915792700817,6.320081536583417,-0.2476089543046567,7.23795798436141,6.894020915742962,-0.4094604302243733,7.2534258184114515,7.044467265806841,-0.389792629152033,7.383626371024729,6.954036643830779,-0.41890370635383006,7.499427936659845,7.017072722354199,-0.40280034752426974,7.372666313754589,7.057828904153353,-0.39937357971400483,7.479006447909281,7.075699019245106,-0.3749176657436961,7.691683916357311,7.260215482194844,-0.3700162022087252,7.094831171842164,6.32258041284184,-0.49740635024011504,7.099992716248219,6.1805007484689805,-0.5049326837944386,8.04551219517402,5.3051055470668596,-0.051001968189194405,7.463507115419008,5.987742193658476,-0.11772664530730932,7.410878821513656,6.348379735288054,-0.3713528735182469,7.429507699032336,6.287198564911644,-0.33644450839170753,8.005625370325275,6.298862087346969,-0.25473145160650285,7.1188504824325864,6.034399783226473,-0.42933997081160796,7.73392052484738,5.167868592888372,-0.07492561320437052,7.903089547785298,5.200690667575696,-0.07444901883604418,8.218665420818645,4.808955415870173,0.299698515512453,7.3146433869854635,5.354907030952703,-0.003476469792437335,7.516293601490859,5.442371199824226,0.05602984108951395,7.769033586087596,7.114288808321621,-0.3611081152022976,8.602034336815818,7.289677723257396,0.1729063347453886,7.345373965241368,6.447354134185773,-0.3216543939067462,7.263208533982245,6.504656096656249,-0.30743197318522036,7.6579532866606215,7.130187121054837,-0.33675813661118653,7.640043273544575,7.1252845638240245,-0.3352117381871186,7.96862520253248,5.108376438873747,-0.025033590442536613,7.438892134325526,6.439054645167249,-0.3354385707046243,7.541634446640359,5.218942263776928,-0.05067633118937688,7.542659895861252,5.079713558227755,-0.04562824132142911,7.667504313704373,4.486348740994322,0.19755312051393797,8.073624203098618,4.943631896840451,0.11844147397228795,7.577812155160423,4.757558710977902,0.0787051471397988,8.125220048129691,5.249531449034456,0.018941541918699234,8.261081920400708,5.169763399059675,0.19235743092371446,7.243334418126383,6.975749568630865,-0.4112946456460633,7.3740536450554846,7.007085616904566,-0.41614435549381923,7.486377082923624,7.046353672394082,-0.3971071356957948,7.328875082247725,6.487302555984305,-0.2971269303544932,7.650805940589259,7.127359261087321,-0.3338141917670647,7.58257331939286,7.1446442051560926,-0.37044396852621236,7.629680986673509,7.124962579768317,-0.3331313755793638,7.259957194984939,6.356218647113849,-0.42105776218737817,7.4765033718588265,7.097190754998227,-0.3586577115435646,7.375326182040866,7.086526083100932,-0.3667187092469134,7.264915049477493,7.091487437420177,-0.361602465722609,7.331294862422898,7.469960095874584,-0.3773465892161041,7.286558677709067,7.289798817260956,-0.4303146287976273,7.27298984962236,7.210170760353874,-0.4217775015466847,7.268214686083154,7.143534060129241,-0.3858657361074141,7.263823103549442,7.0981462076852715,-0.35770459936562077,7.476807156815733,7.106219607899462,-0.3561174060866687,7.486868458591246,7.126734892005384,-0.3800923782476816,7.500148200993155,7.162963697995158,-0.4083446854748138,7.515869422495731,7.203826274525764,-0.4119362076266267,7.589710165984145,6.84086764783374,-0.36880167485077076,8.70465555512709,6.512128226644673,0.42307738092810177,7.559552859340467,7.119084270855644,-0.34364363002420195,7.566202530056161,7.131708145735384,-0.36008032547230323,7.238494157810697,6.569956563049697,-0.32714535950023005,7.420471146512378,6.549780062167606,-0.27102334172520315,7.248901942428764,6.541698962334693,-0.3165945413400242,7.575737457897127,6.064825876560132,-0.1497699976186005,7.736466298783483,6.140182744971724,-0.20057605207172546,7.4657869025264825,6.370197654888913,-0.3043468978297247,7.9735851569210485,4.598210201739056,0.22909301181855887,7.851168218871825,4.801549432606237,0.08374506163133212,7.769476664146862,5.042474002289194,-0.04224803487737208,7.589389581859114,7.342559404615283,-0.3978033824684281,7.319859528687921,5.161846091115969,-0.006111709757266194,7.340183022291096,4.789104048887813,0.11376320094767094,7.389636273421039,4.472582172699491,0.2309960863304232,7.906319887822448,5.733999508714346,-0.061932506608574835,8.187141081868889,5.86141734912444,-0.04033985007168882,7.496680572706255,5.736653427295246,0.05986850022212815,8.044560242313668,5.487759752233535,-0.026220920319155152,7.378695815180377,5.894850493552269,-0.10834163035532374,7.316493395375104,6.2647135783431995,-0.42098352211366413,8.341779524345009,5.97709642082532,-0.02201147368815096,8.096755257674491,5.947927465239596,-0.12131304896258453,7.939732733255461,5.994067080457108,-0.1594721187428407,7.7379131271381505,5.988747343884553,-0.12959278583421277,7.596898810010479,5.950406742468542,-0.08385303675327403,7.488696768055393,5.896248324333242,-0.05165549520226273,7.208384448810037,5.709547969527403,-0.10053606531573314,8.339646729958616,6.292482603251935,-0.11004245863219696,8.13241989160144,5.476407714373837,-0.007119940787816876,7.089493236170808,6.430732757257894,-0.4650252537160421,7.442288366147899,6.112014039854708,-0.18051070349799583,8.647265397023963,5.790550058393949,0.5101682057872058,7.403210701230454,5.826185993742019,-0.018292700025191486,7.4975177312510946,6.398668745032158,-0.21999575917940323,8.000067645537632,5.600462221332468,-0.0007891421359370088,7.3387200947336435,6.194368461755225,-0.3738106268130341,8.682329460690484,6.893862723576462,0.317739487768549,7.495611025669037,5.6956438580435576,0.09021146173488265,7.222998325147116,6.095721646635921,-0.4169134861573232,8.192952194109067,7.542587799431388,-0.23449191009611392,8.273892686025825,7.790401427975803,-0.128867676428325,8.55469778086948,6.40038296014613,0.1460209942025848,8.367308660170563,7.35553816192164,-0.14230738278399674,8.38546086129373,5.430268099156326,0.24724628476364946,7.66390859176053,7.974951489261789,-0.4415036184812882,7.117990225031578,6.506658697489681,-0.35872199898512186,7.5380548238993,6.222645661499707,-0.1992325998479871,8.310642966192777,5.704165236074384,0.08018754248322822,7.79226193584552,5.6798862383433795,-0.044546849558247885,7.713025159562656,5.694696104975236,-0.03790899075764156,7.59966367309753,7.166888403648095,-0.37236178605801873,8.359187662313355,6.613584702632693,-0.14105961800942218,7.488694668159377,8.206124841814185,-0.395461429689328,7.874260775354082,8.063371110820356,-0.3026525004843989,8.055350907971892,7.959000679128186,-0.22888739700037625,7.6364608509421625,5.698076937560162,-0.006246310220907015,7.573506668363346,5.6989910922922355,0.03594994909533333,7.526198810995888,5.700514566851468,0.07500707713911697,8.234993512269696,5.457793536127266,0.0599545850218045,7.565305174492212,5.548695234776133,0.04323084363164939,7.6352233122237045,5.473521407300558,0.00559814265924148,7.713567632699989,5.449977723157641,-0.024197938463719263,7.799527576059089,5.467084526047766,-0.03880806615830152,7.86029436695511,5.510049448472539,-0.03314415170717798,8.549480239236345,5.4022278376789234,0.46270539359293816,7.850394057207451,5.659633441239393,-0.035328079108394236,7.466804652128653,6.753833257680052,-0.3572597713930078,7.332799087935323,6.404484757029706,-0.3402033003855037,7.2511915290509785,6.701361756010522,-0.3555923008392972,8.01859572804757,7.723179556728189,-0.30337764270116185,7.849967778316308,7.85780809007278,-0.3711460337607219,7.450384865218259,8.054660042182798,-0.47712677946193094,8.456057965403561,7.591360684252314,0.014543204446047175,7.518280103121505,5.639168554637842,0.07064837657087694,7.263156036581857,5.899445765999483,-0.19839189772862212,7.682381377008726,8.14267368384504,-0.37675100620871294,8.552592985096629,6.7558183593800205,0.07257882082117223,7.374629016563726,7.0947058780465735,-0.36396878604505545,7.382474228077568,7.13263489984355,-0.3927510326551781,7.393924261084653,7.185428385568787,-0.42617669620345244,7.406378744352478,7.248951639967798,-0.4349808602310305,7.469275529773537,7.416034766197003,-0.4114639935101452,7.572430121672743,7.105108762907272,-0.35673390055854737,7.581908352321291,7.089160052669685,-0.3681415637887372,7.59525319149968,7.07765892219289,-0.3748854235902917,7.696776864160194,6.9657603632852165,-0.3692563023381226,8.150406200939383,6.653295136216136,-0.26421112593356133,7.291184748631174,5.789808795100484,-0.09465808451181258,7.389087500595659,5.5745096064771245,0.09517684632330398,7.460595959576211,5.586515061980305,0.0883366319181224,7.56147146433328,7.113032370539025,-0.3445368514178708,8.234565833447876,7.070579472759361,-0.22681035922797932,7.267731709999593,5.571236918536996,0.01699011648080654,7.553167075557386,7.606339942496087,-0.4157086270706067,7.175402082060198,5.821184741398479,-0.20772976345288507,7.338682996570703,6.105611456903503,-0.2631940762967295,7.374127841381364,7.6670689352638295,-0.42399757286121953,7.812831817247845,7.350937989717057,-0.36712989513544503,7.5923805337505,6.517636253893283,-0.2541847349293053,7.695561724332569,7.505192151222343,-0.39409216624373267,7.8389559236111195,6.483378550296708,-0.30563345599579356,7.703093351374764,6.658453880760837,-0.3110699992842095,7.973838544373583,6.745223684016575,-0.3215568362376936,7.416302852921646,7.873625906792068,-0.47928201648698776,7.4268205320978575,6.204249172473407,-0.24282036018051797,7.93410431196863,7.501060955794552,-0.34726063528911943,7.7805585153859,7.660269471965699,-0.3878227954460098,7.887898200043962,7.15492669597857,-0.35989735015803753,8.361390453233597,6.895620336541421,-0.15489434542908964,8.060841436087038,7.213841378588937,-0.31719955200556815,8.505363523847082,7.079963208087212,-0.01850705757450628,7.814656626885299,6.863172743310191,-0.3449363128869827,7.351923540913656,6.002292373149751,-0.18743024366255392,7.282157995625955,6.321382072182338,-0.43844035142087,7.3758161577778125,6.392981526656894,-0.3721479028992752,7.204055163191451,6.207393416773922,-0.47253785045059765,7.437945081222543,5.429444939918257,0.057476215560406954,7.578192936304564,5.301193790772686,-0.006430109224853276,7.719959016205778,5.256612298398662,-0.05900049398608267,7.855320413259772,5.276895194012203,-0.08005399128403523,7.968156225755688,5.354804136047945,-0.06605443843259005,8.081192228338415,5.636270698136477,0.00825003687749521,8.535335339676058,6.064715982001989,0.19182392609228105,7.9931533879239876,5.823458928783246,-0.0703944422704214,7.875401018890489,5.8607649814289635,-0.09153451106269973,7.736655289424877,5.873793436274354,-0.0827906643607747,7.613093208081877,5.859148061497042,-0.042783937636937774,7.520676784440509,5.827072849825892,0.004669680676663035,7.44797208469647,5.791496411531593,0.03296852876320606,8.688568951717821,6.152453837320863,0.49550393194575554,7.391644473977178,6.45418789578549,-0.3349008660811599,7.236479657566511,5.995231822780362,-0.2951633088408492,7.174211441019419,6.310825194947172,-0.4787983404380884,7.1444356154852215,6.4185771591896055,-0.43831846995630475,7.191755372263434,6.359860566770033,-0.44242731024109844,7.377413478680255,6.519731950116734,-0.30034528348522155,7.119580546280636,6.423289325848348,-0.45780935478934065,7.143620155865875,6.495525048815595,-0.36415434248150685,7.453923190004347,5.6953922205043686,0.0966847685276716,7.389654472519839,5.717402630573313,0.06593779577110506,7.335452656533553,5.726919709298148,0.007865507774417965,7.898933853570659,5.5511409136688314,-0.020675198843371777,7.987660059947487,5.490776602842444,-0.03329039524661037,6.784747226854641,5.7699199799725145,0.40837977123740576,6.865400732982617,5.751257154134917,0.40909736695286314,6.779353993921545,5.651724882862418,0.40918215025448823,6.710271614804213,5.791122630040837,0.40911075378996187,6.792206057501634,5.89754116031344,0.4090721244528437,7.687449126059422,5.549406399560043,0.023407130748638788,7.782893599755116,5.534550685198515,0.023649510152529973,7.6842642837692745,5.423483335130303,0.023639932111198938,7.598789416389751,5.564472453505789,0.02352090519277971,7.690087995385545,5.681288968881721,0.023537649676111497
7.038762278005894,6.93297266828024,-0.3525368133591004,6.911818789187974,6.328808736193121,-0.4556290386239234,7.0194451087926355,6.570412411556525,-0.2862223944644876,6.899813607310879,5.9558541653457775,-0.2199461169242171,6.899330556097918,6.18472912757804,-0.4607716084590204,6.924212224348792,6.033085201844555,-0.3964235495525215,7.010618445719439,5.681866541493261,-0.08834041933152753,6.615910538286111,5.899045809205649,0.570875656660899,7.021903581560476,5.414556943825122,0.030661646336172767,7.007476173182602,5.23660868385858,0.05321963262484343,7.008928812039472,4.537619986353863,0.28802423038101543,7.043071401524689,6.9886664517082115,-0.35389750780895773,7.056799675174425,7.040837376795194,-0.3350467914579983,7.073014303335895,7.08335703623332,-0.3049425676192315,7.0763935706958305,7.087956129888611,-0.3012457969007053,7.071285635214476,7.134342987204814,-0.3243505703262693,7.071575605350972,7.192521034013727,-0.35387112906532064,7.078430332087276,7.261323419333394,-0.3601473096158269,7.098466850292996,7.441128603443266,-0.30705038389238193,6.945295004994128,6.434488213030394,-0.4250129233933554,6.944255015946888,6.498841369068199,-0.2857329609460884,6.477996977333155,5.582905867890809,1.2517909721213718,6.820246080673796,5.937956176896716,0.35235244532760235,6.745335502310584,5.974267966056876,0.3974317795508581,6.679156092047732,5.99574527337831,0.4590115733757209,6.607608749041717,5.964858574536297,0.5889829324500637,6.880001537143504,5.888632674904893,0.31993076935378323,6.647944570889356,5.577290833192386,0.42174622857439187,6.746049274954267,5.5624985224913015,0.3695379245245014,6.575310536915078,5.6342546300547225,0.48402328382272514,6.543544169053213,5.711681187282555,0.5375758800153229,6.574380680756217,6.074398975859272,0.6429764958484326,6.858469163377879,7.80362891441761,-0.11819573325820443,6.59632082502629,5.872457081184874,0.6181938949188311,6.511756889883429,6.168964092536858,1.1713399427246527,6.52484806568519,6.020600453972485,0.7936544498516694,6.726537630577348,6.47848142263331,0.154678112947508,6.954859837236915,6.921884098733655,-0.28338462106662865,6.988294230427228,7.05584751362045,-0.2748558570008481,6.893205634008035,6.98935513078239,-0.1842948419203807,6.860024964687156,7.067493718044912,-0.09052113656278482,6.9408506550174485,7.080723605522546,-0.1935871083339921,6.906451553488408,7.114986086506507,-0.10917752478271843,6.813877193324843,7.331862140254049,0.028359948475551067,6.862433250315988,6.351689889319612,-0.4178438299946485,6.840304904274631,6.214122759034536,-0.4154481782810189,6.460593192794612,5.670576526347043,0.6567587032465131,6.863237638627325,6.09008594201755,0.13649684162396247,6.814631394497171,6.448114718314918,-0.11165371770576019,6.817885194009584,6.386621532157025,-0.07142605197442446,6.54492152720157,6.565202707709958,0.40219219523371,6.86708183406669,6.069812428988733,-0.3256320849799905,6.5623322821760866,5.479202858173812,0.41197934081882487,6.485407944860141,5.550407255729933,0.5382542341312153,6.468472573619015,5.2756877361002035,1.0843513414284225,6.870799167571338,5.464503254271174,0.14791075626960914,6.843755967125093,5.599740167810321,0.35136787124635066,6.757662718329653,7.22440589928714,0.11480595578777822,6.749376961087998,7.537439117288607,1.043682942654399,6.886412247108298,6.518887645884282,-0.12590329283586138,6.9417930579610605,6.54559138609862,-0.2008850676677584,6.850885329038751,7.200620680614891,0.07625075903782533,6.867853461328952,7.1848242786118295,0.03059133478611701,6.456021980883214,5.478342706374686,0.6250386016534231,6.846270203380721,6.529728067910212,-0.08125007552236144,6.683088114980363,5.447141292348472,0.280021298578983,6.652408438086762,5.32565391228878,0.2942335818766261,6.630742928994043,4.791637311142407,0.635535468316311,6.462288402823358,5.363968307704115,0.8299841878844604,6.64824569372341,5.0230428901548345,0.46116940252698096,6.443126674332308,5.633449196177988,0.7796430893709614,6.456489000093437,5.613002119293432,1.0042663470507598,6.965369860597702,6.994645691686248,-0.2868917523614518,6.915062830090024,7.0396677376388475,-0.19510884163744877,6.881454176000374,7.090331654468367,-0.10976015520834408,6.913969168685788,6.5460960456630986,-0.13356906247159617,6.859618588269903,7.1925070931417805,0.049114100293004635,6.8771394761328,7.197867358405373,-0.041520066245612365,6.876338573039449,7.179040210841049,0.022474960500029714,6.860269626989824,6.430120537849422,-0.2351138509503103,6.929219785552128,7.126851162620536,-0.10591011113754513,6.964137487517594,7.10467541761456,-0.17300777831814484,7.01087565480686,7.092160696867804,-0.24400570938247107,7.009662798947478,7.4575962584305735,-0.2551963304682303,7.002126363572969,7.269499740730265,-0.3002192259427135,6.994129879424212,7.199196620545513,-0.2926200130792191,6.999005002344052,7.147720647925085,-0.25926349272829646,7.013127105626289,7.098524704911576,-0.24023378865110595,6.929233726424075,7.139594513667221,-0.10288523599032973,6.913461023903322,7.16859361844762,-0.12418130108514833,6.902637330923729,7.204047346939446,-0.14196450605807806,6.895698958955744,7.246852794252484,-0.1246290971399123,6.783902227508158,6.937967682698824,-0.013072422333883442,6.668574273196418,6.873721871375011,1.3737293393885466,6.986129213013871,6.507749586242285,-0.33280549133595605,6.904471252628347,7.158361715482173,-0.02966528786160345,6.888902783881616,7.180731935651809,-0.043530402605369854,6.954313355056596,6.595993214535538,-0.21967777692185117,6.893332495942753,6.614740899129764,-0.0661136975668426,6.948419851441032,6.573287019351981,-0.21216355981200816,6.800684946201466,6.2062294373381865,0.19245665609738327,6.686429044942444,6.337765049375425,0.265474717528575,6.830689884892836,6.468561098155877,-0.03289969540331178,6.517901329194037,5.010828246676737,0.8639670672554359,6.524723991924863,5.164685982875393,0.6519769406034925,6.5301978752948235,5.371849431137512,0.47119184389142504,6.862893299090236,7.388040368982176,-0.06388085454407127,6.818398218097231,5.2975532967053605,0.15915834977814527,6.8018559794450075,4.933220458113593,0.3010342223862983,6.785897863327361,4.643064210977032,0.4335641235499256,6.633370783356039,5.997968145410248,0.5293359969554174,6.531545957612091,6.194770040597813,0.7155833886876397,6.918967668322358,5.837012414259814,0.3203646572105189,6.519308660217079,5.8173662404686075,0.6589182750067665,6.898418823072588,5.974366946247699,0.09414264290975694,6.807374473605199,6.355223900358157,-0.20542767900905198,6.479293478424219,6.354933930221661,0.8443942573028506,6.546175508633196,6.26189115676068,0.593634217244706,6.604734141246261,6.26763061374123,0.4482764049329902,6.726511839964247,6.193566943348793,0.33407898998830776,6.822887875907739,6.101215637136379,0.2650747669819851,6.8870221602559765,6.012118130436378,0.20740270847690795,6.948731429929046,5.74383615694994,-0.013694198836849122,6.481073030728244,6.627841833541888,0.7550207213382999,6.489869720926754,5.835454521819744,0.7419211810133705,6.923233575138117,6.443310693842007,-0.3972629643046258,6.856570416618707,6.2065417128697975,0.07165635953551018,6.587419578288178,6.2375183303358686,1.473058400532196,6.930818106520843,5.915366387993917,0.1814981069643155,6.847781393899767,6.497286961846116,0.047536832219190625,6.574588399748227,5.8967811145578715,0.6489278976478003,6.822590935335269,6.279979438111817,-0.15818411154648548,6.711853710155651,7.202248277414696,1.2377988674700404,6.930539986125502,5.79170248930151,0.36153449172238333,6.837285311410927,6.155403806394083,-0.2530246040102482,6.684446652951591,7.688609053375896,0.4386508427667852,6.775140389489516,7.905896362845874,0.5510997891953616,6.5435330163556555,6.763268342939513,1.083426103183395,6.648801934514092,7.559968960442036,0.63835287497156,6.488546035135394,5.8754446100431,1.1212824538248238,6.860986187807897,7.979498590376866,-0.0954119593005246,6.967608764632379,6.514059921929062,-0.311855148974115,6.815275462781119,6.342442908957215,0.11279587809654318,6.512287340061009,6.0755184278766095,0.9223058697439873,6.673397814890055,5.91717521612903,0.4753423899918237,6.734095674303375,5.901502190842698,0.4214420997398247,6.869849794191752,7.2306061020855354,-0.020254519952203353,6.521219256717405,6.9128964185894715,0.6992056958896153,7.011202568254015,8.162047338085895,-0.190755804372021,6.862573356079054,8.07810934809345,0.15256560252138168,6.816606816052051,8.014486693745665,0.33381154307305094,6.998963179728212,4.859340458709058,0.16889825976823372,7.163249385186766,8.16213237740477,-0.3092670260971681,6.799608013843566,5.870809967164345,0.38246298612397006,6.862890510915847,5.836612311234937,0.3667612077892475,6.908612388640181,5.813195131582087,0.36866657646259365,6.478820882865218,5.8443027932444584,0.8682044824141539,6.849148993437761,5.707374154894553,0.3797221671339795,6.775394810402547,5.674943504484418,0.39898810364283316,6.701041866917212,5.675944807612006,0.43781517462401665,6.638498933101716,5.717420295741307,0.4885212625911761,6.609209161141224,5.774148840389539,0.5331311379516191,6.52484806568519,5.886453019575991,1.3970836108567357,6.636690104966602,5.913655843006029,0.5292158005001001,7.035670889651663,6.697119602594944,-0.28722746598402377,6.842911847328706,6.826582904017271,-0.08200119990068624,6.867351589938863,6.484335891807422,-0.1527780592315916,6.943601189052577,6.725836404718418,-0.22954357952040408,7.036121179815549,5.555912157539976,0.0049086977537012196,6.741106538805484,7.816101812548525,0.24977993141243832,6.798779926049918,7.897947277661736,0.07603525820753013,6.961102559694749,8.022153476272877,-0.2715472960008189,6.765274434412675,7.7678148143859564,0.8035064640565623,6.903810455298062,5.756783044727051,0.3695873274894633,6.89609906198062,5.954459381107488,-0.055896944408332025,7.117029818333926,8.020242182728953,-0.3874231919279113,6.919392864916739,8.124975771404628,-0.027610098380052656,6.589261167472366,7.068268830525161,0.9802804669529253,6.96526809223249,7.1187208461010885,-0.16964413998261912,6.948061571031996,7.154930169852437,-0.19007318086409478,6.940280473354819,7.2019527309294205,-0.21115735559662632,6.938714913435179,7.266907435591735,-0.20738234173429798,6.927410260373417,7.433189973913089,-0.16003547023234355,6.883948895035276,7.148810127067737,-0.029765294558036785,6.86383012568507,7.146845161166818,-0.011497016673431087,6.848024662115241,7.138700903775423,0.005042399088363891,6.752566632589454,7.072664387450027,0.06991689268398553,6.541952121476874,6.912193101599749,0.4506201704638424,6.925391622115502,5.848873308112259,0.045071277379488045,6.9444041832767205,5.661738710576289,0.2616832795764842,6.921051828678424,5.692766212224966,0.3350281455417693,6.9043220852985145,7.150013921360354,-0.030813841449130852,6.597409607125345,7.291981487875477,0.5069079221672023,6.966891506770709,5.622761426699878,0.11552608895428663,6.89265009026095,7.622471465728886,-0.1357504821921039,6.955721383123235,5.913476005757913,-0.28891215501097256,6.923053737890002,5.852792784260137,-0.12872582929633458,6.982034081879461,5.801690427007887,-0.18351652739610627,6.858611360271738,6.182506255546102,-0.07121052936151685,7.094759275398711,7.842151725868552,-0.39902970843254976,7.094786460099008,7.632789802100403,-0.3541955375120481,6.98034793341748,7.642397154002627,-0.2716629398901412,6.7572312483428965,7.443810827205855,0.09196180042847826,6.796930669386159,6.636681740443434,0.0803146865799475,6.823924379736993,7.559546552022043,-0.022042105955970583,6.623135395172606,6.68593902329351,0.21358526735924563,6.72311444947078,6.802787229691063,0.10838015047257907,6.596624038991136,6.95615355015359,0.2744248880141763,6.95167225686625,7.850747667511027,-0.2851271647121572,6.850574447594334,6.294858530740772,-0.00495413356037668,6.719585317737416,7.6078509762745465,0.17762970015124896,6.793009102107488,7.717695288605964,0.02753265847008341,6.692712195928924,7.296376347756746,0.18543555376743795,6.565505921674804,7.163774956059165,0.6566231282668292,6.640257574097821,7.383888080272784,0.30837422216202953,6.626180778649412,7.344972833276536,0.8522171775958683,6.682630854380504,7.01726127120215,0.1516958663727928,6.87970599065823,6.077892558369172,0.013308104754583062,6.829887587712291,6.404897318235848,-0.2388442975876333,6.834963459188166,6.482608617773198,-0.14889607095968302,6.817798063559915,6.272078448935896,-0.3078806935124959,6.865515577103452,5.557877123440895,0.2923374272483324,6.721528675286818,5.518473945926505,0.34593082227398725,6.608602733211533,5.538817163315057,0.4106034638881129,6.531770405650437,5.5990988877007615,0.4938072491464271,6.502207392599784,5.694504290434949,0.5772172286138814,6.553527227454407,5.9542363271563366,0.7029243799162331,6.51437289450427,6.469210742788604,1.143729784442416,6.597289018583004,6.110519078030161,0.5669664619060815,6.652302487459965,6.114906967475456,0.46526793174892767,6.738487048966657,6.076794714703351,0.3751204159999736,6.826925152423568,6.014506201800886,0.3151038077899972,6.892103608080631,5.946075340718606,0.2711335134953442,6.933333736863665,5.883266136248923,0.247119032827406,6.635834832472659,6.559742765211944,1.4590982727558928,6.863928408832296,6.534810212778464,-0.11646066104873493,6.87145787377083,6.05189910558053,-0.14173047367026903,6.842324239576143,6.365024333336847,-0.3408635331474037,6.914563746874324,6.449995341940558,-0.34969520622145606,6.874345725394636,6.414453088911869,-0.3035344742047547,6.899942560376387,6.581675939046044,-0.11613420503644026,6.91263154202248,6.447908393410104,-0.3795406744073204,6.953676954252218,6.508121807523268,-0.2983392557954456,6.946453491452918,5.783557534866519,0.3197969152004803,6.963076587162433,5.792904192463336,0.22953721899757829,6.961481751411705,5.794540502308107,0.14523406529057445,6.598665679687763,5.824212602681743,0.5721585654018149,6.544624586629101,5.801176008833044,0.5997489886372018,7.031704014539166,5.924768112034924,-0.30839861868793667,7.787231660833635,5.606921807993779,-0.06993868074205571,7.0497915988467055,6.4603966265001604,-0.3535712478401748,8.342189891296883,5.043104850451858,0.2743723265704139,7.522070700054316,5.755083652436721,-0.059817634936852646,7.610200013197604,5.754243017858321,-0.09923484045363945,7.708534044606041,5.737382230282111,-0.11408882862178335,7.851522779991276,5.656434905844081,-0.08837222739130957,7.44691964165002,5.7416951875406905,-0.005139478065547042,7.602276021582971,5.295372595811062,-0.09361007981877194,7.491506035354277,5.337476468743371,-0.03573131249033636,7.719156989029599,5.309039529624232,-0.1119141397285125,7.808004257078153,5.36744481264588,-0.10727699184932885,7.951561082995226,5.734140629032652,-0.08680822492845755,7.489465788744845,7.734012382176243,-0.4264616849452149,7.824559739558726,5.562327049766354,-0.05263901709086636,8.411446051998421,5.6919963275716965,0.16323347358304982,8.091398484276858,5.635385583291416,-0.029209843387054537,7.537956323637839,6.300390268729312,-0.26321235362032547,7.144344168739539,6.8889564562386125,-0.391763638843362,7.1600346201158045,7.025998712694886,-0.3721920922822968,7.28097726060417,6.937391924687416,-0.4081716094726461,7.392375283114073,6.993073161330635,-0.39917373506585146,7.273158522572737,7.034494280059342,-0.38766798492625437,7.374234026449537,7.049359431816351,-0.36896778642709693,7.571598435820161,7.219915544433035,-0.3724910804203336,6.977371557256812,6.318538495829821,-0.4753243975539672,6.982155367465399,6.181675379578065,-0.48424311394723824,7.929979916177786,5.271949491287636,-0.10947042468058459,7.350496903785506,5.974069308631631,-0.1331374835717767,7.282783997608492,6.341323456939877,-0.3687905195272468,7.302105349083335,6.281388860265651,-0.3368366469376967,7.884770365497501,6.267961012406372,-0.28915683909625356,7.004073903383954,6.035868496928759,-0.41436048531258474,7.615697596049874,5.148598216648639,-0.11908101130075288,7.784352870776595,5.17295535959251,-0.1263705734374324,8.134387254055998,4.76335720683267,0.21042071120990577,7.204908195782169,5.352182346038385,-0.025536450857304945,7.411557225869446,5.42887317374922,0.021992463382272075,7.646437218692847,7.07661941282137,-0.3726411626198872,8.524989574700955,7.226267702735652,0.11524934086352773,7.223324784667656,6.436221760456995,-0.3161439057503,7.146658353482729,6.4942436695001025,-0.2950361840137456,7.548140130595068,7.099506839340237,-0.34447796559099336,7.530181499353038,7.094598955371321,-0.3388319778003254,7.852562071994919,5.077796361769986,-0.08368976623264529,7.313775252990107,6.429410250423727,-0.3333555676473244,7.427292288035942,5.208078340897396,-0.08475850288262343,7.425966511113789,5.0686096756787595,-0.08218893334580278,7.569726873761287,4.461960086123504,0.13209730937233047,7.975440402553116,4.906256720637446,0.04506052493743367,7.472522750024147,4.740732914271803,0.02673686339934429,8.014672804386157,5.214471624772257,-0.04780132214481182,8.170003393706006,5.127665300376732,0.11082310312907238,7.150204911306027,6.963390953824836,-0.3934947466173716,7.273296537205011,6.986955209676727,-0.4048065879412319,7.3808608199295085,7.021186323698807,-0.39173192335968277,7.209931788988244,6.475536413434522,-0.2900905943427362,7.540813505343361,7.096698450686529,-0.33913924333108064,7.475623199945144,7.113760683862372,-0.36832319536045094,7.5200492736220115,7.094473487523799,-0.33598923796683533,7.135055365761302,6.344822615798556,-0.410695647903862,7.372533240072012,7.06988457758381,-0.35214209063949065,7.276166265695286,7.0607114838427325,-0.3551375483686368,7.1715818443494435,7.068788825048782,-0.34461410691860006,7.217747041801691,7.423465518686511,-0.35231456536460903,7.1890741534248495,7.237746616696751,-0.4065427928465471,7.178044832584039,7.170166845846831,-0.39993547302207644,7.175244111409901,7.114439604326187,-0.3673611880656633,7.171535839472019,7.0763182899873165,-0.3412036686402963,7.374185233397723,7.079683616475305,-0.3495323158458012,7.383612748051832,7.098136451627854,-0.3716644302791057,7.395733639166087,7.130567799081586,-0.39842955389523455,7.409955419682745,7.166627258459506,-0.40304812120602646,7.466652248847296,6.814836325314791,-0.37026890543199353,8.640785245266516,6.4492578698145655,0.33819858299646177,7.453998119381072,7.089461744058879,-0.3423644204907772,7.460332154550158,7.101924186535834,-0.3576897735003204,7.123374309156972,6.561092938660004,-0.3127616759550763,7.301418064096351,6.537454099143199,-0.2673516598927169,7.132916138961046,6.532245092340229,-0.3031695718815439,7.459592591293373,6.047886225590607,-0.16890456583452845,7.617930923735772,6.117311070842703,-0.22547103695507095,7.339929025806138,6.361367642625168,-0.3060877884670591,7.88154235659819,4.561181454031363,0.15064264438850872,7.748637053892167,4.772005426744946,0.019764001387423125,7.651129716190182,5.0208444146488045,-0.09218878614117036,7.4692173692855315,7.302057950118715,-0.3916017504678784,7.207110853549783,5.161393497443327,-0.03177450366760169,7.236782605401621,4.7814625657519425,0.07377070514673263,7.291596022766144,4.458624035466604,0.1799009622566709,7.798539102069787,5.706608103981069,-0.10782185122502329,8.081239073845536,5.824755251122277,-0.09751901318224043,7.395532193566454,5.721614407066539,0.030733079690768005,7.932757634913211,5.453802938008311,-0.0829442781052834,7.268723234162822,5.883040294123384,-0.12105323081160704,7.189482620972894,6.258723093610741,-0.41342531419629497,8.238040425155784,5.936157107371965,-0.08558489707815543,7.983867659645033,5.9148763663449815,-0.17057350603269972,7.8225438894752,5.96596617681248,-0.19870894112206802,7.623085561138147,5.9654705788147675,-0.1598503071354922,7.485922716139533,5.931488309356939,-0.10867129687014566,7.381009290215744,5.88132347574312,-0.07215892252354376,7.101243174941226,5.702763908541704,-0.10615365163567421,8.230559753269064,6.25136858661514,-0.16686577866012772,8.023569868862685,5.439059768880838,-0.06984865865058905,6.975891036656048,6.421857086002882,-0.4429915075083601,7.3243013083536335,6.1016868386081855,-0.19060761725974765,8.588057382345253,5.7342542471390185,0.41201005430233295,7.297597568139296,5.814832486992254,-0.036955329215756165,7.374257725931847,6.3881348138068645,-0.22592483411955583,7.8903090739220145,5.565271361921545,-0.05510316967489459,7.212991810380594,6.190539683005518,-0.36950433573615427,8.61473812012088,6.8298060336114,0.2446253375752871,7.397428152151236,5.681527081261354,0.0577456728437407,7.102318016168335,6.094444555631757,-0.4071336679909726,8.075704547682605,7.48748897310277,-0.26094565497220484,8.16728631776355,7.728026868805831,-0.15602395165569682,8.46838545233485,6.3497172559391215,0.0736350321452929,8.259777032695432,7.300873673046824,-0.18084762370101068,8.302056909136072,5.38617855636816,0.16239701037492804,7.534721344302555,7.914343137158516,-0.4299697311097596,7.010041990664434,6.495786924024627,-0.3396821749455762,7.418832269894949,6.208213223416235,-0.2116038773685639,8.214297726142975,5.661214185269286,0.009917118349167711,7.68324181767633,5.658638260655293,-0.08734046672590941,7.603695899390765,5.674282707154133,-0.07659868181465702,7.492234445913504,7.133802081373273,-0.37188587231693765,8.248661278448552,6.569106848898695,-0.19091725709525634,7.366646009848825,8.137436819794388,-0.37142072641138346,7.751957072546327,7.998315979330827,-0.3038261433850193,7.938252429591092,7.895085216651032,-0.24255413787360977,7.52939802234962,5.67841791829539,-0.041613851283374075,7.469882348877399,5.680712237296056,0.002518505988015247,7.425303622652713,5.6846278797041485,0.041924887928904,8.132819603005565,5.416149688445058,-0.009429545202010253,7.464614790412253,5.5308701692617115,0.007711230628555866,7.530600422555043,5.451362588374001,-0.03175343988139438,7.606263808003389,5.424087969453437,-0.0648069259740238,7.690480615434772,5.438960788690015,-0.08299603903803947,7.750944268199383,5.480626221199593,-0.08019657580976904,8.48496533134133,5.347064651946669,0.36353777323854425,7.742470309186444,5.6355737850627,-0.08162792216300109,7.346826969245477,6.734616365870592,-0.3524121514682375,7.2090319057040695,6.394130782831238,-0.3337996279840588,7.141595028791605,6.6869755271227636,-0.3402089002964334,7.8946809313645705,7.665269942605949,-0.31678061151125103,7.7229259037604505,7.7984038756119025,-0.37179525664928265,7.324840123054382,7.993242896029341,-0.4522627972662138,8.364317540294643,7.529197970837182,-0.026933778215594627,7.419346688069791,5.624303984180805,0.0367905954865255,7.151113159113369,5.893292411353153,-0.20162192988060315,7.557437995140071,8.076666467846943,-0.36548696852807355,8.46287462565423,6.702422710283555,0.00974294730310735,7.276042888978556,7.070513310908616,-0.35233917971664036,7.283292839434555,7.103396342613429,-0.3794844317020596,7.29288415933404,7.148902833866184,-0.41080778479258506,7.303231771536646,7.203785258546844,-0.4190924093383951,7.351004351524374,7.3736129606043015,-0.39585031832415385,7.464533236311364,7.076888471649946,-0.35626819664875736,7.47324697832179,7.061179897140149,-0.3696173003641492,7.485966629886166,7.049710741789413,-0.3783680728156846,7.572729040535057,6.933853731387286,-0.3783563537702042,8.03218393363869,6.615353600451831,-0.29923696081837803,7.182998721430379,5.780477299209846,-0.10448117176298517,7.2881121988666075,5.5654700193467885,0.0688990783361854,7.3603503120775935,5.574422150267507,0.05682910407845512,7.454543207474196,7.084719059422534,-0.343385349752153,8.118135682583867,7.024332778497228,-0.2616619326163155,7.164702024043636,5.564167244863349,0.0006392199934627723,7.429284438637158,7.558888542866149,-0.4018700739612863,7.0654485921302985,5.817442915264316,-0.20654686963504115,7.218699900399263,6.099728146099642,-0.26483003933147936,7.254460328073922,7.61705125471592,-0.4000365443436917,7.688369967422006,7.306098014808934,-0.37417979923057954,7.468311909652578,6.500271702529954,-0.26233318560055996,7.570801714988395,7.458480806755606,-0.39017285465854323,7.715633433645014,6.456523155229706,-0.3258640262370075,7.57775054261034,6.633404241448712,-0.3221543819945428,7.850457000330934,6.710555814977392,-0.3456643120110644,7.2914663726570375,7.818370689457888,-0.45527851282490783,7.304033371673595,6.196576777602135,-0.2474362312294234,7.807532358562749,7.450508022089158,-0.3587754624684121,7.6524262172812465,7.607430658985346,-0.3873290039118199,7.763095132188324,7.113752319339204,-0.3759161348315692,8.250180136447169,6.847561128123006,-0.19924917169262385,7.9381945749725125,7.168641714455837,-0.3401012288432558,8.409235726751236,7.025086979669557,-0.07057251664382079,7.6891729616461495,6.8301489790612955,-0.35980824147094276,7.237053755360989,5.994234779902861,-0.1944984928375224,7.1558091418286915,6.3124867633176605,-0.4285028464243691,7.2493063877151425,6.384372172468389,-0.36640340659768467,7.080011924009655,6.204858352582207,-0.4586031929581256,7.3321318961262225,5.422217801481756,0.02648303606250125,7.464998861434391,5.289038560641976,-0.043248421241977746,7.602263474798218,5.23831609215028,-0.1008989013466293,7.736934388936319,5.252477578395766,-0.12735533267088964,7.851518597729692,5.324967672867192,-0.11873063798002427,7.974248458001654,5.600700345365665,-0.04937709810967527,8.452339508723938,6.016966068655922,0.11219779290740763,7.882376717784213,5.792977382041057,-0.11786049885310568,7.761834180320725,5.834660589162367,-0.13186660972422123,7.624247532814924,5.850306429748403,-0.1163901942975657,7.504206866741525,5.838807998566578,-0.07176219580359162,7.415637022044714,5.810128139753763,-0.020418879292783097,7.345471916492236,5.7776459081174245,0.009705300822490907,8.62804189421983,6.093441509895176,0.4020281721622095,7.267393274979085,6.444025163529287,-0.330098805699623,7.12068511495841,5.991882257761817,-0.29254048476128436,7.050242586054188,6.303769536089247,-0.4621160312974021,7.026145788893926,6.407695251235597,-0.41932748729160013,7.068525342568985,6.34936315779167,-0.42750163042723077,7.257722492109502,6.508035374117197,-0.2941987732619837,7.002892414486452,6.413516959360633,-0.43685373367715186,7.031745837155007,6.484372138074484,-0.34647207662732665,7.355137820056638,5.683192318415414,0.0677801218732797,7.2888817349980775,5.706046286841608,0.043522912109524935,7.231683731487033,5.718069591852235,-0.008705666787579374,7.789881820590746,5.52073933761788,-0.06994835222196889,7.874381627722651,5.458104394047535,-0.08528927435373714,6.71707317261258,5.768529274907732,0.44083250209602953,6.798725556649326,5.749650546117205,0.44082906044326764,6.710749593097455,5.651296997488041,0.44091000463100943,6.641679543036408,5.789536077800959,0.44084143296712053,6.725690025562975,5.895532012431427,0.44080170148207176,7.596609754180142,5.528226979940575,-0.03569478577213949,7.692597536839912,5.511535225436721,-0.035740640894103975,7.592714674558171,5.402573021777745,-0.035754851325879564,7.50742581407407,5.544265256071916,-0.03586154528432494,7.600357060559476,5.660245294668974,-0.03585163964132827
7.029679459399211,6.933493417393975,-0.3616469606141948,6.9082817420466425,6.338865315335871,-0.456974528984563,7.015850346965828,6.581203548918262,-0.2911386947955501,6.896047598415515,5.968401178718224,-0.21382777360752747,6.89519252761343,6.19362194186836,-0.459420816747628,6.920159199000329,6.042605967965553,-0.3923441769132665,7.007405737526142,5.696286936747823,-0.07682258741725831,6.621010759344438,5.924842127017597,0.5814437391851294,7.0169636840509915,5.429993458384427,0.0482440489736878,7.001315539364358,5.251519590488486,0.07470954277692649,6.998477402318419,4.559726477608882,0.3236723719593738,7.034329648528587,6.990809685778912,-0.36404491070130535,7.048880510520627,7.045851814838796,-0.3461436544511799,7.065988906732127,7.090836217215224,-0.31715976445875393,7.068774692504468,7.09088787047184,-0.3148490228682438,7.0634760455994705,7.140458244415365,-0.3390558155188823,7.064703159452584,7.202863754610912,-0.3702107564534371,7.073310406848912,7.276460571067535,-0.37870139138782755,7.100987478174173,7.454732014038901,-0.32873705229745404,6.94242314863566,6.44655397917584,-0.42710756025867835,6.939915173621873,6.5110514462643225,-0.2887178628392716,6.471884317409993,5.621461610404125,1.271959001102292,6.819360660782706,5.956731730824963,0.36242337362769966,6.74475241772019,5.994230599094002,0.406815552221562,6.679223979550337,6.017727246718297,0.46803055082945166,6.609986977158873,5.993938827995821,0.5982517263383041,6.878918261694577,5.906091296849115,0.3304344114656527,6.6445527780725175,5.607057331978156,0.43500514251533745,6.741599475015688,5.588082089350189,0.3840176632216027,6.573011621625804,5.666701137987216,0.4964145388525173,6.542307948669656,5.745136957166654,0.5496070537901577,6.572999057320141,6.106152037908533,0.6504115251521211,6.868357264767609,7.828157138691194,-0.14421314402918348,6.601454417579544,5.9022235847557685,0.6289865919283043,6.510206845716958,6.209370601000299,1.178936633812645,6.5219796001234505,6.057497462244465,0.8024639670200256,6.725723776793154,6.499945996091946,0.15335222583268007,6.9466880323913625,6.9219817213384855,-0.2924791927820626,6.981271283729539,7.061075565200803,-0.2860741017095925,6.8874201085267295,6.991178238745035,-0.19465861313694405,6.8566682723988714,7.071305702078638,-0.10225066438856514,6.935939966913408,7.0856108620932625,-0.20529569391487273,6.903778834500319,7.1201375740559545,-0.12193744807683889,6.818608896493854,7.347303012515973,0.009498099748589835,6.858206701825642,6.362650941990422,-0.4186111230581309,6.836163325556399,6.224374476013199,-0.41422648576407567,6.45445553140408,5.709066231641342,0.6717136946393528,6.860311921041222,6.107881723988178,0.142076655834144,6.809537467804966,6.459222987386314,-0.11283405239151091,6.8129130779265,6.398592534374195,-0.07161729483025113,6.545443440949625,6.596391002397242,0.39998379826927644,6.862655862064405,6.080770046417765,-0.32144399637265625,6.553713546143988,5.509462342696179,0.4295069500058128,6.477683442490577,5.585909162487423,0.55458984801112,6.459121774924026,5.3125398859846555,1.1097948234870045,6.8642710733591175,5.480982202833941,0.165485178814551,6.8395563861024655,5.621805034758921,0.36583015457005497,6.7616402405656,7.24171677582366,0.09865585512187396,6.751715137108591,7.585673717576693,1.0234775200675383,6.881898794204699,6.529527257742175,-0.12828238971724903,6.937809256389311,6.55665080160127,-0.20483321403870458,6.853900635068043,7.204383337579188,0.06051274989864725,6.8699354811623135,7.188513921509484,0.015129933880429464,6.447323891906207,5.515427246809821,0.6435099258756448,6.842166271595522,6.540874221790079,-0.08367092472610727,6.674998882762569,5.470313711291854,0.2981035300479254,6.642800755449471,5.3481499203023155,0.31474026309734604,6.618664724270311,4.823143427992368,0.6682265326789955,6.453076947866026,5.4004732732200615,0.8521049279307844,6.637536311376557,5.052217593887733,0.48831514243614177,6.436674944839596,5.673277504976471,0.7952210810657584,6.450141088442706,5.651617689038449,1.0231476197917546,6.957575003248594,6.996869869210501,-0.2970956807790605,6.909713374875275,7.0429341038569895,-0.20622316216573555,6.878551104762416,7.094766052819906,-0.12209836280405766,6.910116828690462,6.556826003863575,-0.1367198117633312,6.862154685871837,7.1963624244471465,0.03350671283574657,6.878189531966107,7.201925619788054,-0.058050216880994134,6.877875424324524,7.182813216823262,0.006944444840303566,6.854642627119158,6.4416078308463955,-0.23607089179857327,6.926811300832054,7.13275353297585,-0.11884196089510972,6.959734667788716,7.111091273978394,-0.1852278802069355,7.00486286166329,7.0995614294813905,-0.2559771363883718,7.014559713567417,7.47232623006938,-0.2774090497820014,6.998577218746744,7.285224174267672,-0.3184928242018095,6.988910381572813,7.209859978814415,-0.308991286174261,6.992944919724689,7.153592829952362,-0.2738343739426144,7.006997397592086,7.101377669666716,-0.25384260045957685,6.927461154641638,7.141823565630775,-0.117465198745116,6.912061504000345,7.172415555869917,-0.13939819017267627,6.9017692436111755,7.210293447359798,-0.15829703266073852,6.895928935528694,7.255950738106193,-0.1421624464837511,6.784434683106714,6.953197040741922,-0.023139906414277718,6.670086239248227,6.920493549134369,1.3669122578664417,6.982807619105365,6.519920450028636,-0.3368064557966646,6.9040901500739755,7.160838944235167,-0.045072019867353694,6.889216804236578,7.183680153914028,-0.05947700176356131,6.950164156958203,6.607329626511089,-0.22492028865271937,6.8910916778483315,6.62585848727952,-0.07036141504294749,6.944337809215348,6.584399070658623,-0.21665845059697847,6.798069746819298,6.226395235174043,0.19602956211426542,6.685179460434732,6.362452007150753,0.26659137892319373,6.8267219478674255,6.481000419185683,-0.03426783491475493,6.506450816340618,5.045723941910762,0.8934259626851402,6.514407511910381,5.198702739564966,0.6768378809250883,6.5201535877003876,5.402091276582699,0.49141787154405187,6.868988970135679,7.403755833895051,-0.08430128859279178,6.809771303493699,5.313279783984827,0.18009840426126367,6.792200820040584,4.957898398298966,0.3295611267829628,6.774449550189314,4.670144387845707,0.46816055649221755,6.635558829268553,6.0230559083534905,0.5382247526325757,6.528951393732608,6.229694063427635,0.7212448051276805,6.917624001324271,5.853273747908613,0.33161580520649164,6.516795428003385,5.852773269733026,0.6708420459339628,6.895787936098473,5.991095804831014,0.10113106696360134,6.802367437373121,6.366377654653546,-0.2053770128931934,6.478053391490663,6.393746202473076,0.8459535660310145,6.543780066483203,6.294406519746357,0.5977860617596589,6.601471169987095,6.2960768743825914,0.4520723557249401,6.723086668637827,6.2176016172437105,0.3382758033553177,6.8196126449129535,6.121451872121501,0.2708212309516472,6.883706658186249,6.029786886104102,0.2146119956860105,6.945849713996829,5.759449795368074,-0.00256653482123699,6.481888994802869,6.667486125992909,0.7526902956306987,6.485957037769847,5.873534388807633,0.7543569856777818,6.9196698890964425,6.455952079811973,-0.39930109403551023,6.852756585235704,6.222082886263613,0.0748636572918353,6.587134599208311,6.27890775069372,1.4796677397214957,6.927603550105822,5.931248526871907,0.19012082655458692,6.8442763769299715,6.511107985639807,0.045933825442655944,6.575379993243332,5.928573725799591,0.6593500688581951,6.817663083484201,6.291748471081592,-0.1568544496907119,6.713225782743097,7.251322885520219,1.2241575766936093,6.92907566791937,5.807890777835866,0.3738819331404879,6.832967803816039,6.167567760024606,-0.2503021274522732,6.6903810829793295,7.725030713840958,0.41634213160831435,6.78190646560047,7.946965213043165,0.5237362759082386,6.544065555428552,6.808197973217864,1.079077451947598,6.652466196589439,7.600905844142476,0.6187654856451652,6.484997264420569,5.914498911388793,1.1348428138522242,6.871143050539951,8.009395851850037,-0.12474713002427443,6.96393603199912,6.526610942794331,-0.3154551415513437,6.812640153286814,6.360303510882332,0.11390218197061966,6.509603061028139,6.114977066603024,0.929252731275491,6.675682939404236,5.936788687652432,0.48574526204132645,6.73425494033852,5.920070482933476,0.4318891510847828,6.8715730290004275,7.2361284518714255,-0.03740389433352176,6.522553370082074,6.953825256025087,0.6911686494377145,7.021843520767213,8.194509955289023,-0.2239330526978333,6.872689158153515,8.113223783766474,0.12190885119363652,6.825364304838811,8.051341088289915,0.30458099675614325,6.990670082382653,4.878488845430624,0.19806766263448855,7.174383963757164,8.191864470929922,-0.34220031658051664,6.798940173994971,5.889049212250839,0.3933059134353047,6.861784736871751,5.854229333156003,0.37804756760666236,6.907192137538844,5.8299139116126515,0.3805617375211582,6.474797142272929,5.883936935879847,0.8814143992189223,6.847586373455264,5.729231942230905,0.3927425264792783,6.774397198915717,5.701022283948917,0.4116761062186753,6.702222243049989,5.704941300290389,0.4502182044923184,6.642550167353187,5.747975094212593,0.5003944571756064,6.614461964025945,5.804453742219978,0.5446851615508133,6.522019387091384,5.926605317912344,1.410921617772126,6.640924485803755,5.935938502969217,0.539521188297144,7.031297462761849,6.7067823879887785,-0.29382230833225487,6.84156109087274,6.838815790085314,-0.09041095488444476,6.86221611136619,6.494948892522867,-0.1542034684478826,6.939912381553948,6.736059314235163,-0.23662594617688545,7.032498749986655,5.571107363390607,0.01950569327100387,6.7489991530343785,7.849115796571506,0.22372955893475566,6.808285923357507,7.928956374925797,0.04810497999668044,6.97156186751975,8.049619778414046,-0.30192890304875003,6.769517362199496,7.812916635921636,0.7787896740739912,6.902047752386712,5.774699372358389,0.382325713685009,6.893020996784626,5.969166205329722,-0.04887049194811021,7.126844819229202,8.045255776247,-0.41745093158309876,6.930043119455442,8.158758921541143,-0.05970123426554413,6.589646762323986,7.114873129983041,0.9698609161877011,6.961153736311685,7.1211161938637275,-0.183562847950183,6.944179359360594,7.159775166355677,-0.20472510865872678,6.9371880212759605,7.2106257034428936,-0.22724527415225404,6.937033759523095,7.279996027077785,-0.2251346453050684,6.933622550535515,7.448938473094167,-0.181179239930735,6.883942587925926,7.153636107005202,-0.044094845172862066,6.8639772082099935,7.151714466255701,-0.025727223600481183,6.848160143413887,7.143604904967035,-0.008725880971887659,6.754993722869726,7.089475084101703,0.05755562277042883,6.543824739570006,6.94713476325939,0.4421164086425697,6.922571545687679,5.864964136311313,0.05401300663286231,6.941264440446713,5.677792627819967,0.2759117379180353,6.918302473830089,5.710622111492644,0.3489247940479897,6.90436237669668,7.155154293939515,-0.04514272680625564,6.600666356407664,7.328336495100271,0.49146380978663323,6.963284782155573,5.637742856492792,0.12975229350818407,6.90150748724319,7.641978559355737,-0.15961376535034102,6.952108134251105,5.924594330989238,-0.2819875394795802,6.919845091358747,5.866945806521205,-0.11992841341997743,6.9787905313780225,5.814498206580788,-0.17427683357212417,6.854678924002186,6.196182268155744,-0.06819809136693188,7.102710184084005,7.861867170785772,-0.4260328322377933,7.100249674224946,7.648580403964808,-0.378367564766524,6.98861163030482,7.659879902857985,-0.2963140762642573,6.763041160647056,7.465774642682961,0.0718306753494779,6.795487083988513,6.653488093450053,0.07628484713203681,6.831689036706309,7.580232675207512,-0.0449394075474233,6.624091806299867,6.712322548769303,0.2085258983739915,6.724213966062616,6.823178813670381,0.10090370974497571,6.598754487895901,6.985218569758753,0.2652132316457528,6.961584412789143,7.872724126912809,-0.3125242118729544,6.845883910037889,6.308413626509969,-0.003319120507025875,6.726326165448009,7.63601679631851,0.1549588318867953,6.801631029457857,7.744064938903845,0.002706976826276155,6.697131605205417,7.319665030141665,0.16879322307359929,6.567281600226368,7.20452503502639,0.6437352544824186,6.644861301578249,7.413849159444552,0.2910256160445806,6.627439495742149,7.390210814373054,0.8360251469933438,6.685256242302674,7.039853754918543,0.14076594354100516,6.876313960337371,6.09304048693192,0.018403934815181135,6.824334729791403,6.416019226329164,-0.23926261807159824,6.82988675686061,6.493406274994209,-0.15072535889525138,6.813066641662385,6.283119585158844,-0.30747746184608116,6.860694434346971,5.576837733798534,0.30838193916262263,6.715606718666288,5.54226111362168,0.36192586202428284,6.602756219249656,5.567624258653954,0.4256163778563292,6.526683536560386,5.631771321217827,0.5077806547413455,6.4985380958406775,5.72948811446304,0.5906195214127204,6.551915454400176,5.9885815476643955,0.7125599469682452,6.514575035985891,6.5114842167927245,1.1453895886831982,6.596543868116146,6.139912327225765,0.573852193748706,6.650063622139828,6.140601968003283,0.47176197510720036,6.7361737890200954,6.099143947416349,0.3818004559065858,6.8249036136311565,6.034277229344761,0.32313681843047654,6.890134696566979,5.96385429610208,0.2800005687032368,6.931368653702918,5.899622075466489,0.2570341740413872,6.637207545378368,6.603967976729181,1.459306060864434,6.859594359584452,6.545609568991173,-0.11899668072161952,6.867734633620295,6.065425539117994,-0.13682492875810784,6.837689888694488,6.376759959233303,-0.3414331959180753,6.910363228684859,6.462952492117363,-0.3516497214647748,6.869305171828205,6.426904801152433,-0.30454288939157076,6.896759575736434,6.592430454045384,-0.11959816413570303,6.908724284812782,6.460863327292352,-0.38164567064098404,6.94989262835248,6.520563323668406,-0.30160569937338055,6.944855737815468,5.79900362563004,0.33213153069051404,6.961044845662603,5.808017467917971,0.2410722489086318,6.958497083680882,5.809274945509771,0.1558862674181121,6.604025912138628,5.8542481796144985,0.5832615935347237,6.544160485738008,5.8347379069703695,0.6111944444575673,7.029046357997178,5.934189970431077,-0.30193145517333786,7.784304221841442,5.6120649058019545,-0.05553283499773282,7.048181097505371,6.470820539530502,-0.35631173325677146,8.333850199145736,5.043063799195053,0.30164289059066507,7.523116039679224,5.760567320555124,-0.04732352817309192,7.610745789527767,5.758558427682962,-0.08689893697564414,7.708411627533346,5.740869979360008,-0.10166219244727355,7.8497272594471195,5.661499166434128,-0.07493746168109174,7.4485392073808665,5.748778162749571,0.007256218487604354,7.60016873821023,5.30308594399002,-0.07675731192299205,7.490565413790574,5.3456157696517295,-0.018715847520552414,7.717067736118364,5.315581145972151,-0.09549565958467585,7.806391573180505,5.37297384721654,-0.09114300564683378,7.95101091946674,5.736049823095687,-0.07467368215451253,7.501349078134575,7.746362112789281,-0.45093506793210664,7.821454779636816,5.56844791869188,-0.037745011960325196,8.410326335650193,5.688771387910238,0.17671526864414966,8.090247158793241,5.6349619568393186,-0.01521887923959653,7.539895669892535,6.303477948435244,-0.26230644899231015,7.136015366329434,6.886624369168055,-0.40055617219393697,7.153869942693935,7.029440039574627,-0.38314527287317,7.276200210733512,6.935276152764198,-0.41809472137015785,7.389577712971021,6.99160193505268,-0.4102251470448731,7.269018314012985,7.036547248478156,-0.39884576883340034,7.37190113093675,7.050813319541828,-0.38108398510134955,7.578483444652391,7.222607862943774,-0.3896351730088672,6.975028219848852,6.327315228346411,-0.4758202022103783,6.979251222585677,6.188752575406858,-0.48276080318568426,7.928934736399377,5.273686864771908,-0.08964794597828384,7.351253090613112,5.980889400530543,-0.1261314176698477,7.284801873993989,6.342368662564982,-0.3692465768719644,7.3043261069777445,6.2825507013190895,-0.33620373994634856,7.888291301629612,6.268601529964925,-0.28698623539989754,7.001023070249196,6.043820517513003,-0.41034721276447683,7.614537417770153,5.1531676017902965,-0.0975342072720276,7.783248122148745,5.176471596727755,-0.10519298046896175,8.124558183508714,4.766321704638678,0.24210503047154724,7.203743256007342,5.359920231649373,-0.006470289539471755,7.411411684145875,5.438051366416477,0.03832410157180182,7.652882980637501,7.079253323427643,-0.38638817251613605,8.540004628451845,7.232106478025214,0.10064618510493982,7.224095337130911,6.439886520970526,-0.3176913698291008,7.1463865026374895,6.500830383607244,-0.2985918147393707,7.546537999486522,7.097251691290291,-0.35856089666171315,7.529090367022114,7.09323041546106,-0.35300972030070216,7.850654924015258,5.07960638419972,-0.060012200830710294,7.315784055725674,6.43037883166833,-0.3350923660339456,7.42543065719817,5.213608543191993,-0.0638646765221367,7.4237030651694695,5.072812584920793,-0.0590888934154469,7.559241210529079,4.4749484761374125,0.16838469772878206,7.969016965516182,4.909030578447112,0.07235996853857421,7.465688088577281,4.751132157108754,0.05656729071075184,8.012404305039412,5.214097504087389,-0.02623058109611632,8.164294894219779,5.127794335511794,0.13509243970402252,7.142685616602672,6.963591909627342,-0.4033955743956541,7.268538776346837,6.9868707759534745,-0.41544827723770694,7.377880344398508,7.0210512714934445,-0.4033909936592144,7.2100540275352145,6.4799268690684535,-0.2926195160083332,7.53945591919432,7.094965685676556,-0.3532665251107261,7.473463997748888,7.112962657505241,-0.38394079410153775,7.519237159314177,7.093339306110142,-0.3503260195118747,7.135393433199101,6.35168858529921,-0.4111158603390647,7.370751496968559,7.072458826131734,-0.3645966931250177,7.272791095796875,7.0646368478393615,-0.3670450313129653,7.166452396798728,7.074548688973726,-0.3564398629989001,7.222378913373911,7.433929013945416,-0.3742054640113173,7.185218583340799,7.250318439084137,-0.4246624940253306,7.172252219896294,7.178018538178758,-0.4163096738186842,7.168337740665201,7.117936028496955,-0.38198137318292474,7.164728294854934,7.077116693447905,-0.3548556043947016,7.370760571189316,7.078714454318085,-0.3636363526369421,7.379895519423502,7.098235197216933,-0.3865190943261899,7.392424226220736,7.132290049700271,-0.4144401662124741,7.40763611029406,7.170077896999565,-0.420068277132642,7.470015095844317,6.817663083484201,-0.37964297266953084,8.648190280382494,6.450594101463565,0.33807791554112104,7.452238697381721,7.0884266625958,-0.35691981511263127,7.457991055324559,7.100862533134522,-0.3728504385463817,7.1230566810717235,6.568840272145596,-0.3177033233699054,7.302538485488652,6.539675028616217,-0.27107727230559786,7.132606251392797,6.539510296608632,-0.3072988131249314,7.461117473383772,6.053298192085004,-0.1633893719217025,7.619681802922284,6.121297610368635,-0.2210406884576605,7.34230870101482,6.362723535756476,-0.3066868049235518,7.871410458954014,4.569109919888407,0.1851374433817967,7.742152372375101,4.778528974616025,0.048811449527356596,7.649210713298917,5.02376188461984,-0.06793690213774418,7.475938467947572,7.306805463295298,-0.41085004674737596,7.2047023313396386,5.167659132338927,-0.009325867466741754,7.22908197044527,4.7962484846946465,0.1035454095432569,7.280671707515677,4.4760789146386175,0.21629330046363943,7.797155412484033,5.710379201583154,-0.09507018551503157,8.081399095538368,5.823652001273469,-0.08684209767098774,7.397525334320027,5.729856667429162,0.04363512737170193,7.931967620183096,5.456675157494364,-0.06633797972368087,7.268342633575093,5.891623498877848,-0.11280902193882235,7.190240815521204,6.262341713676686,-0.4126881435894279,8.24004997918256,5.934755364185925,-0.0769447458422423,7.985217939652,5.915142483045545,-0.1618937396610976,7.825067715531989,5.9679523537992525,-0.1909767262518365,7.6256079670934644,5.969963340722359,-0.1524174938426057,7.488016953791872,5.937345705203504,-0.10061360734364103,7.382765765250579,5.888488006597879,-0.06326896810792186,7.098942288418983,5.715035672865362,-0.0943899897797919,8.23500331640781,6.249898862968151,-0.16382922077855527,8.022173052692612,5.4393943510884855,-0.0523628835825696,6.974030055565603,6.433074573250084,-0.444866944557356,7.325801297424214,6.10676559483509,-0.18628522324238023,8.586917651747587,5.732431652073154,0.42605905150065315,7.298760817585893,5.823186423946947,-0.026898425202741688,7.376760725160513,6.390286132296805,-0.22688247982622686,7.890085205271536,5.571375052902933,-0.0402083738731436,7.213800284673815,6.1936903475325265,-0.36746781147332236,8.625647821971627,6.833631617965248,0.23757524927144436,7.399531435124263,5.689855408282187,0.07199345509081856,7.101040527464751,6.100339650505304,-0.40386935342170693,8.092921261848575,7.49452456610847,-0.2794712755141405,8.187623319751582,7.7393735667725725,-0.17880687652859506,8.47501436137457,6.34836881653618,0.07490717428801281,8.275701894519097,7.305241905257201,-0.19638672867838095,8.297677563141155,5.38383848153037,0.18179419289125442,7.549847996011814,7.93133242473012,-0.4573200910163645,7.007227743195912,6.507502727931428,-0.34317581712490475,7.420767903763132,6.212386034359486,-0.20900380006284008,8.213073018889537,5.658106454896552,0.023873017835282846,7.681839517089472,5.661997201550281,-0.07354457970143628,7.6035869273676235,5.678391526389916,-0.06300777342547652,7.490441166767904,7.13344456978733,-0.38797773168678623,8.256509219601456,6.568910771860706,-0.19409797462278153,7.3810263069331965,8.163529867608283,-0.4034937766597098,7.770925330360993,8.016136601838387,-0.3316591040723625,7.958429443943926,7.909671561766626,-0.2679724055206826,7.530159729037456,5.683592450917533,-0.028008446707243367,7.471607272578648,5.687652466689225,0.016391123777385726,7.427597301908105,5.692516947031859,0.055992408287564806,8.130658153908236,5.414745626436566,0.009015033824731204,7.4649851854771185,5.539100492730384,0.023465863984768694,7.52970881006754,5.458712669062759,-0.015854872231507142,7.603970836707335,5.430613646472306,-0.04880340597229872,7.687173762860516,5.444809566829359,-0.067213598400652,7.7474189104989595,5.486268983450256,-0.0646057251596752,8.479383249660485,5.345882761147075,0.38493638444716866,7.740015742395363,5.639461025292245,-0.06758594683411065,7.34889867933521,6.737307368597716,-0.36028951390285535,7.209820889863463,6.3980822839608695,-0.3346869272329675,7.139849573607678,6.693531233615906,-0.3469769776616907,7.911988978144519,7.675521765391786,-0.3391389667917789,7.7394259180461695,7.811720234815699,-0.3969749524453503,7.337812075621328,8.013754269881233,-0.4814319969836085,8.38272953627778,7.537620134533518,-0.04656241154734123,7.420959858432987,5.632676998251055,0.0517537001686612,7.149669276500512,5.902001615355718,-0.1938324664135221,7.5743972532439,8.098300878723403,-0.39546710488757275,8.472976151789192,6.702826725755789,0.004636857959353393,7.270884811420964,7.070042291342497,-0.36611954804789304,7.278016450918837,7.104954308678862,-0.3940605134181441,7.288347102241978,7.153578171595754,-0.42682416536427326,7.300082163731481,7.212078974797946,-0.43660674247891496,7.357175066682404,7.381091920529438,-0.41636643132447565,7.4628981147030515,7.0772974798460595,-0.36927057120569634,7.471400659552185,7.060711898353549,-0.3824937612732554,7.483997772013585,7.048400274837498,-0.3907567117935602,7.577143950065289,6.936575860383366,-0.3891521452578122,8.039283542955054,6.615834963428148,-0.30316711973447236,7.181434633285208,5.790883943095145,-0.09447429714331375,7.28834291414009,5.574935986533001,0.08408809348432567,7.361294762905998,5.584024865646421,0.0720510687580636,7.453238257698933,7.085920083615975,-0.35679055109290797,8.13018071029303,7.026000909907795,-0.2724207368642808,7.163417418964065,5.574776838661266,0.015484497877323715,7.43882630108617,7.568239347434931,-0.42474041017086744,7.063084458072965,5.828282296918879,-0.19738484933556905,7.219071708916543,6.1049270181063635,-0.2604736745297406,7.2621435447642275,7.629219506954676,-0.423905625487302,7.698827156363207,7.310770199749045,-0.39179322338471945,7.471287580801215,6.5021056606320675,-0.2652327543081983,7.5813215816983295,7.465143635331872,-0.4111885413572419,7.719745329258605,6.457928863902995,-0.3277096367400823,7.5815644916078195,6.635613972610075,-0.32797612653572167,7.857351698933786,6.712046134044711,-0.3512115631177986,7.30187885944133,7.833685433183036,-0.48149150293126375,7.306005535834736,6.199885946258486,-0.2449556881970878,7.821186741115999,7.457258835511182,-0.37806519253544,7.665658785446112,7.61713194688962,-0.4099774382686367,7.772590798878358,7.117170303868477,-0.38935806026729375,8.261294824025203,6.848605478247952,-0.20726384004575188,7.950515327410022,7.1722619921340325,-0.3534090732661246,8.42267355803229,7.027202895149583,-0.08187262030524671,7.694798900364163,6.8327151216688105,-0.36831873779958024,7.237026101709369,6.001014626135191,-0.18846851129471234,7.156430268981318,6.3175716093045375,-0.4283301370014136,7.2509543325540955,6.386427494424216,-0.3676064114701704,7.079117210116291,6.210332468400522,-0.45748076580024594,7.331666036101041,5.430499171687374,0.044008146555853535,7.463621958312652,5.295450336231652,-0.024599582620459515,7.600765542729236,5.243806502845195,-0.08217099529846127,7.735681754958512,5.256714581871761,-0.10914097542167202,7.850722631662443,5.328720617628016,-0.10093569855444655,7.973749520649351,5.6033135178989895,-0.034840257918734435,8.455191377122821,6.013975405443846,0.11958650507081237,7.882448899496187,5.795526454037727,-0.10679465677814658,7.7633706925724555,5.837442722772881,-0.12153429964408066,7.62590253025957,5.854468054963606,-0.10657097505518806,7.505755659337479,5.8445576098632035,-0.0614873124827167,7.41732388797743,5.817522714160733,-0.009883100421491632,7.347014033485718,5.7860721630346,0.020875546143534318,8.63143508076353,6.093226159448943,0.4092231000421653,7.269044838658274,6.445946704402115,-0.3320497754515801,7.119225963878385,5.999228400680062,-0.28701984928015295,7.0496546113528815,6.311261535793646,-0.462270078439206,7.0249657507245375,6.418326870469319,-0.4210389133711917,7.06840893160627,6.357799723970433,-0.42806196760241294,7.25855015334453,6.510969778277511,-0.2971747530152226,7.001603820377632,6.42451758307641,-0.43872518039107883,7.029730414638846,6.495471009224874,-0.3495741897839298,7.357085022491818,5.691782284159047,0.08135894524610683,7.289866685210254,5.715493222996599,0.05604376161500886,7.231962686527067,5.7275183105418295,0.0031104907977123177,7.786560212724981,5.526443350808592,-0.05464948905464848,7.87369646456775,5.463374724480817,-0.06947043453913025,6.7192957384124234,5.791239582747115,0.4427323650024997,6.797695609717325,5.769878867085577,0.44307304091543215,6.711954693820162,5.674896904373071,0.4431557559277154,6.647726661286458,5.814774621305381,0.4430848635780528,6.728953501365598,5.917128341357325,0.44304943921625217,7.589486286328517,5.532370212996754,-0.017007099223717567,7.683031032076539,5.514407793008642,-0.016974986352634825,7.5850538784973045,5.407209835106523,-0.01698630186229251,7.503118551182153,5.550376608054687,-0.017095142068740854,7.593771412576677,5.664505525572558,-0.017083184437992956
7.12840189190563,6.961877157974278,-0.37026024597347834,7.010214359112527,6.363512174786453,-0.47680431772680304,7.112150597570224,6.607351738280159,-0.3015362574929766,6.981151149564023,5.992237406672318,-0.2332572952436213,6.994673668703472,6.21700290169475,-0.48026215466333755,7.0136488278424505,6.064712693798451,-0.4123612926275094,7.086523961205523,5.719183814435474,-0.08762500398269943,6.663556089501352,5.951567432498545,0.5556473753901452,7.0884544468968524,5.448838654340425,0.03967419482547406,7.070379292533301,5.268693894906582,0.06578895488304483,7.052926355033198,4.568356546802809,0.3184147886911868,7.133505192561307,7.023091512395863,-0.3718556850702146,7.148152893041197,7.082160025345871,-0.35281443292661,7.165137238810992,7.129409925313493,-0.32314566677453027,7.168318471590855,7.1360179104923915,-0.3189816321119535,7.164302472105803,7.190201985990099,-0.34470531449041225,7.167085261617977,7.258539215306219,-0.3768380234706598,7.1770561640949255,7.3399352824238635,-0.38511527900320225,7.212029381619248,7.514915010554923,-0.3327054554177302,7.043279538453559,6.471806669896117,-0.4447284070798839,7.030689292382343,6.536481447978795,-0.3045401900335641,6.488991640269008,5.647413168616369,1.2466368270506225,6.872954862302028,5.988444479298401,0.3436992978508489,6.795179157340254,6.026380767883835,0.38444536118517175,6.726289859623306,6.049357195330716,0.4433014558218055,6.65085220292069,6.020786427989811,0.571600977187303,6.935443814289436,5.936738748985093,0.31570427401690615,6.693451961301167,5.618217378473512,0.4109319300160284,6.79510760590838,5.601364561071131,0.36476838859906446,6.618296301418287,5.679338084697497,0.46962738467326004,6.5852374354388905,5.761788132466021,0.5217482623569173,6.612036954098615,6.136546122491601,0.6230365482339423,6.967270873265207,7.894513595243665,-0.15654287075711865,6.642691832263989,5.924452947241652,0.602899160597701,6.531797635129592,6.244064074120051,1.1518708136997302,6.556362223770211,6.088602454228656,0.7737808593852313,6.79375093464129,6.533891566738828,0.13186842304761615,7.039758787114611,6.947759779871804,-0.30503377215368105,7.075497324366129,7.09658745965313,-0.29525871541581294,6.975633271494256,7.024087620565081,-0.2095002469361367,6.942496540721351,7.107536933183641,-0.11704558158581689,7.026021613679542,7.122573256146452,-0.21675467211948135,6.9908449656136185,7.157749202727749,-0.13299780233511685,6.910335575063503,7.397448603957564,-0.003595708807502266,6.955406663782118,6.387188683890291,-0.44045662876300024,6.930315260187215,6.248089192905243,-0.4378786727616787,6.499207360880503,5.732223010667464,0.6379031119172096,6.928968409704892,6.136358124611776,0.1265788124594964,6.8815964514123085,6.484316245235319,-0.13489634855455948,6.8829089291479475,6.424512576397043,-0.09279364683523847,6.600220445570109,6.635283453126586,0.3704867378221659,6.951491678083241,6.103939012611485,-0.34525080647286877,6.607548153975498,5.523670228325996,0.4006291376253047,6.527909305846509,5.604076851378371,0.521959584600563,6.487023975892489,5.333788160795733,1.0823593868049133,6.931674035908183,5.4970117080761405,0.14983614065638468,6.896935114249015,5.639212111851349,0.3509755348217898,6.846937499000528,7.286711539379437,0.08194204685112974,6.789992380014057,7.639952540722966,1.01178512301581,6.956804722642155,6.554830882831195,-0.14558157063423768,7.020194380889616,6.583875853779417,-0.21834425820386763,6.934708658401168,7.241410363703425,0.047206550409862554,6.950918565143627,7.226620261844414,0.003717015982177015,6.4948300968129535,5.536216280865761,0.6109834640152466,6.912457566057789,6.568501415226774,-0.10345394428929164,6.734026533565776,5.4833068029338765,0.27528532173234277,6.700823161753381,5.362043610797156,0.2905253821362777,6.660784523743196,4.833456355605373,0.6443424777290819,6.49171760952646,5.422615054558819,0.8214987372841145,6.687624027026614,5.064446123716165,0.46432008351972304,6.475782684757475,5.6998614204065206,0.7598574417819033,6.479004603645658,5.678784613327417,0.9932650520280847,7.051575295643118,7.028504167771699,-0.308546522183611,6.999386943906977,7.077951819073237,-0.2193007982558886,6.965273045049761,7.131566289054463,-0.1349732707281023,6.986139406741002,6.58393828591115,-0.15205420216236865,6.943221174340225,7.233776808001008,0.02144507006681812,6.963780987249812,7.2418810598876115,-0.06903133191270866,6.9593272613580055,7.2217112724301975,-0.00409266887751361,6.93640554971197,6.463491972621651,-0.2581507267241714,7.014318745660481,7.171438675208236,-0.12923792146351257,7.050384174747813,7.1492703580507495,-0.1953842718029141,7.099887944819448,7.1375387291620145,-0.26484422726328294,7.120422504282492,7.53304838814245,-0.28448189478892794,7.09568254448532,7.34571972465159,-0.32753097599388714,7.085312497256059,7.263733708963304,-0.31798324411770024,7.088471282527881,7.20125527924529,-0.28185393608659437,7.101856310680594,7.144576022932153,-0.26022519213503076,7.014621085534378,7.181685962627911,-0.1265317581860539,6.999645090249422,7.212932893817806,-0.1493529163952016,6.98954160717812,7.252735832993585,-0.1690914004144697,6.984079146393824,7.301101093516881,-0.15349399935766456,6.869128263666053,6.993848021298423,-0.04028599354615333,6.6847198806741055,6.966356838797255,1.3536403273913256,7.080991351958605,6.54563862828934,-0.34991541618043004,6.989832723297997,7.201100251142897,-0.055243678986295515,6.974907936390754,7.223693667983866,-0.06999304541384792,7.036506002902875,6.634865368289365,-0.23864388608131457,6.964445293190833,6.6565952575554705,-0.08532706639525445,7.02873355324447,6.611801255264209,-0.23025071021429092,6.863360657069355,6.256813557201417,0.1776164553912208,6.747114833721601,6.396369714678126,0.24323017064608057,6.895835887839744,6.509244202912315,-0.053695902481701065,6.542403381193259,5.061603357268449,0.86625898062774,6.560381029193768,5.216196889934909,0.6483365558195648,6.57198358491128,5.4185436377882965,0.4623145389733888,6.964225027018204,7.457330839073975,-0.09618162028728135,6.875417073340025,5.3282629171373905,0.16201589765359772,6.848416930077205,4.968657345780258,0.31245889923653497,6.822882188198537,4.678359156977295,0.45197211270128435,6.678265520628348,6.053423701708854,0.512179135199631,6.564033659642443,6.264206503677043,0.6918949806273361,6.977109896632427,5.882664105089074,0.31892803430223216,6.557850774147028,5.876274281628928,0.6409224771195737,6.967378901897643,6.018178308149563,0.08651326593747817,6.88112224780499,6.389616522181604,-0.22884383895363775,6.513373842906813,6.430586030290769,0.813323372393529,6.5833104571706915,6.328802013996959,0.567943962459714,6.648499423484382,6.3300478506931075,0.42489191250549757,6.777980157274838,6.2498758742482,0.31644778195650497,6.879369939208718,6.151614713747216,0.2535394517695967,6.947794152618488,6.0582884975916205,0.20049406119138383,7.022318476337779,5.783371060702936,-0.017353744559765447,6.522566097448668,6.70961486857367,0.7209570941061116,6.523870157368793,5.8999241343169695,0.7228624140364761,7.017296547898742,6.481175698563777,-0.41880999695346827,6.92287952314939,6.249961455372598,0.05845177095485333,6.593712772692759,6.31656952508511,1.4624391022616565,6.9952902736899105,5.958115791484214,0.17774677808193387,6.9122850008397405,6.539828932615069,0.03020547039548835,6.61655030618365,5.95254179464435,0.6323535355108953,6.893150604690613,6.316278408965233,-0.17904008555802203,6.738094442913168,7.3013543294669425,1.2117958393783403,6.988887823506492,5.83626019558066,0.3614713670130886,6.915937631288416,6.191824514006196,-0.2738098803494776,6.763056071852222,7.778939092683194,0.39809033323468357,6.852493257240111,8.00315742969718,0.5120249839530213,6.573868474101906,6.851650072719406,1.054153479155216,6.711557279503645,7.653824399206267,0.5979533432406078,6.508241781381462,5.9454083974804215,1.1073044431696735,6.973307148473744,8.079333749711198,-0.13649267546777577,7.059114852405622,6.552426895017173,-0.32933574248736336,6.8808290272312345,6.390632973404982,0.0960041008340611,6.538113101219359,6.149164427947865,0.8985699763100178,6.721725299160559,5.968252244332948,0.4616084508543194,6.783613078823304,5.951549193898264,0.4098053895491244,6.957322418296298,7.2771531098627,-0.049110664663525726,6.56767296188322,6.999952340515701,0.662765699995601,7.134931310806392,8.267729371318522,-0.22759383719252077,6.967122860009076,8.178958596325533,0.11318285649159186,6.910567064990153,8.11162308705564,0.29452581743118555,7.0533430369011665,4.890298005609477,0.19083071588023967,7.295368561151493,8.263592014993137,-0.33927510007752654,6.851103616195589,5.92020756228383,0.3744218035184688,6.916799054409402,5.884767155998451,0.3621915067460768,6.965207806979524,5.859670140526538,0.36701116647742504,6.507011377347089,5.913318281769822,0.8504778563630515,6.904741936654105,5.748486230241515,0.3768363136018834,6.8288181511055255,5.715834926829947,0.3926064333264982,6.752432788672898,5.71850793399812,0.42807108467427013,6.687858322891769,5.76232792488589,0.47577256537001567,6.657475620761364,5.8214599221945695,0.5189805109214168,6.531915484546794,5.958843932526221,1.3899818783646491,6.684764775690183,5.965518558744608,0.514244305939193,7.129390985228586,6.736607996990228,-0.30304208192871446,6.927060371521601,6.875572101442417,-0.10711104670245888,6.938265886940679,6.518093431471954,-0.17269020287878054,7.032797955168729,6.767638169430625,-0.25009680635949855,7.10611221790781,5.594015106642329,0.011236762996948603,6.832106009548571,7.9073774203191025,0.20955342823936124,6.900267867708139,7.993168990104578,0.03557617644264202,7.084300956425063,8.121314798651357,-0.3098776331046335,6.823763252889056,7.868515172027072,0.7670020626998516,6.9613391192659755,5.800095857161033,0.36840411765252684,6.970614850478349,5.994628767763068,-0.06520628969574785,7.249290841994267,8.117699346887871,-0.4180733065675804,7.034177073943859,8.229498459190081,-0.06754826736488208,6.626432821597695,7.163229902112327,0.9470002118468172,7.051302418123522,7.1622071375273135,-0.19165162826406187,7.034738261644827,7.20367049081333,-0.2141955027533055,7.02816885812037,7.25860936376884,-0.23760858245860697,7.028645166181567,7.333206641889258,-0.2357827495049499,7.033712691121307,7.506528761848583,-0.19166162441998535,6.968954436368111,7.191710177936451,-0.05523354034130733,6.948420578389693,7.188848120661514,-0.03856612039332015,6.931864138241886,7.180611989665183,-0.023282595344303453,6.839562791125183,7.132291624157964,0.039714039700277655,6.599745540478165,6.991972251407938,0.41424824242922503,6.99665255683401,5.890458300770892,0.040518187697603146,7.00500934318605,5.701135667230031,0.26691161206369646,6.97853461190826,5.734361486550465,0.3368131082534754,6.990110511209976,7.194492265964,-0.05573047643479336,6.661478993523144,7.377114669097616,0.4681426047763084,7.034593054327201,5.660657549101526,0.11912471625371944,6.999322407321365,7.704548051042882,-0.17079745486820141,7.040517091995544,5.947186661007864,-0.29991372355255297,7.000794122067154,5.891011772140972,-0.1359927909467202,7.062587902789987,5.837394846963554,-0.18766596798909355,6.929667088392597,6.222701061313454,-0.08518512536541978,7.223076361512802,7.931984799521921,-0.4286695387460055,7.215750056076665,7.7137943199009555,-0.3814935577208695,7.095428607050632,7.725917377211116,-0.30409441847500224,6.8495028282785775,7.518005050333378,0.05698876996340608,6.865620840535003,6.68740656679249,0.0589635971556004,6.923587321137235,7.637927354607098,-0.05749986179743508,6.690104476664893,6.752314237771069,0.18325461615298863,6.797605592662314,6.862466965655563,0.08124262831635794,6.664847522698204,7.029427321539791,0.2401638717379441,7.07162512922945,7.942213848341314,-0.3218065326230955,6.915781200216771,6.335692697480219,-0.02081156231507968,6.808997001507337,7.690938547809783,0.13901455654178962,6.892419657710102,7.804987321308247,-0.010714916663752733,6.777758488132956,7.367209004690905,0.14968582565382463,6.618135661438885,7.253026949113462,0.6185819016435635,6.718391844216809,7.462796105796777,0.2701236224815335,6.673101190810191,7.4418974758127305,0.8145931472525473,6.7609221556192916,7.083451458542723,0.12027599501439465,6.950078186561427,6.119662089023354,0.0020839258627030526,6.905446928703446,6.438508597659184,-0.26268812657904844,6.904097973767245,6.517643779826553,-0.17137524802555543,6.899586726136088,6.306731904687142,-0.3316906921417338,6.921367122295281,5.594770605584757,0.2951158536874064,6.771320963718227,5.555895730569455,0.3420654743922223,6.653792124989136,5.580048547734489,0.3997528956415902,6.574445795949277,5.646393911454486,0.4780754955550737,6.542321307491993,5.748062533527285,0.5594650300971362,6.591040817751526,6.015424279507062,0.6847125233823618,6.539237581075174,6.549869983554638,1.118200165440701,6.638191106902227,6.170728065357559,0.5470015773721078,6.696848549861276,6.172765176712073,0.44699187875471774,6.788165714047406,6.131433702535783,0.3603749026995333,6.881299021930795,6.065454163048355,0.30574040830761473,6.95035527298878,5.993764538703577,0.2664552305501632,6.994630878141273,5.928130129652245,0.2456601133912718,6.6456703359868765,6.6445802288777465,1.4447700198111022,6.932667338138897,6.572295745569943,-0.13764877693525618,6.9482325805098695,6.09079319071631,-0.1562106739438191,6.927500202382235,6.400506369518887,-0.36459494652523405,7.002546430663426,6.48744767260672,-0.3708750972483514,6.9569625566830515,6.449250431740337,-0.32598393933635944,6.971195679748852,6.621470519351886,-0.1354311428964663,7.003478002247033,6.485677125410167,-0.4011557333656427,7.042673455736513,6.5461107274427786,-0.3164866485890759,7.0061155844415826,5.826752272957011,0.32141736210531097,7.026349908484608,5.834221681256894,0.2314174545188346,7.027810399476377,5.834675191067738,0.14537901694841956,6.646058958469797,5.873655990261598,0.5571986647982193,6.585867368633227,5.85595507794613,0.5832597832032796,7.120499667591375,5.956968864120362,-0.31314859015246677,7.868199503945277,5.640792907456513,-0.02254009304868048,7.151616122640795,6.495603834355664,-0.36583819649682375,8.371436156972774,5.070285281744736,0.36311963667073627,7.6023733078122735,5.793349679510772,-0.02819086683284847,7.692831153331297,5.790494286339785,-0.06361587607871656,7.791363788382624,5.770660860760637,-0.07392303082695946,7.931122674916309,5.689736892796433,-0.03964924553828015,7.523388243354913,5.779843294517725,0.02277962401687512,7.6804962476640215,5.322521966956488,-0.054703683793527205,7.565994315097026,5.365101031540492,-0.0013073439334177067,7.797992818100308,5.33736643387403,-0.0687335845709744,7.88754224102839,5.396876531396237,-0.06067669933768606,8.031461632880125,5.762292149169953,-0.03497032390023961,7.624927441514175,7.800134450664127,-0.43384386472008657,7.90475527078633,5.596085187774275,-0.002264848612430152,8.459838652537002,5.713625250257386,0.24448328524522636,8.164419625962706,5.663265668941775,0.03221425656804446,7.640661741680065,6.329180114210486,-0.2459821386774913,7.240028438989792,6.913918057049558,-0.4047346640857767,7.2576202704458845,7.066429232603113,-0.3854979388667998,7.38445640719553,6.969319909858366,-0.414439966946126,7.498778759698216,7.028575719203572,-0.39862065561209825,7.374557757635081,7.075343699232989,-0.3952170083629385,7.478812402782403,7.089289213602043,-0.3710007068392321,7.687095815027405,7.263676888708581,-0.36621340308626776,7.080427358319132,6.351547653001816,-0.4923139235983591,7.082451141465748,6.2119381826935145,-0.49991293118293484,8.006228529390729,5.299722664377726,-0.05279126133132236,7.438700810371092,6.00612960820978,-0.11758414640758957,7.392416153249134,6.367199177981813,-0.36813479139885136,7.4093436787642055,6.306080225469393,-0.3337159001789965,7.987348070676288,6.292322708980164,-0.2529089705403959,7.097700715754926,6.065639354989674,-0.42530193026951724,7.691934655979001,5.174254071906877,-0.07688888590518052,7.861378267440012,5.200186906310919,-0.07633033425190949,8.171027611141604,4.792648890444862,0.2924969265996353,7.276333775819287,5.382192002973471,-0.005644260047284868,7.481602908625465,5.459462639004375,0.053371482283124896,7.762005955291112,7.114176485170718,-0.3576846653152291,8.592744735757242,7.251952274666108,0.17319944783531707,7.329553309955957,6.466451536259631,-0.31857902377929814,7.24966052439228,6.526722393858963,-0.3038869324754061,7.65684078309897,7.136698350579815,-0.3332616011979473,7.638710912934575,7.133015556292213,-0.33156497294388027,7.925296143611009,5.1044994929035,-0.027790012211758627,7.4219205966275235,6.456408380866183,-0.3323555241962243,7.500890929907734,5.234400065242744,-0.05293268172803601,7.498799804237002,5.095340909623703,-0.04837352488904921,7.615634173186146,4.490145219888158,0.19012916548984604,8.02889349766357,4.933766201957202,0.11370283197076998,7.531058977742519,4.767700940456018,0.07331029496666237,8.08501156627574,5.240391796177516,0.016725778810591493,8.219270111855312,5.153744415148064,0.1876676997792645,7.24696752491226,6.996745854289296,-0.406690096324126,7.375630327628556,7.023597282811361,-0.4117768244055091,7.486197632927141,7.05890791444089,-0.3929555534564051,7.3144447340766465,6.507449805238471,-0.29397488894287593,7.649624610749148,7.134478853222487,-0.3302386408868738,7.582123551107471,7.155035860193569,-0.36667270014527875,7.628382253298259,7.1332077630797945,-0.32951893958177697,7.24310865798348,6.376098211949912,-0.4170680352554324,7.475993837554291,7.1113495021270925,-0.3550457897584001,7.377024177580835,7.104557727976128,-0.3630626410448567,7.268988530298243,7.113694565232512,-0.3579087019677249,7.336873302030457,7.491084174833319,-0.37350890896303485,7.294702150756594,7.311984627492528,-0.42685313199201314,7.280351178273591,7.233076024859424,-0.41872353897328785,7.27448045343684,7.167593136487353,-0.38334867765767083,7.268797024995287,7.122803343103849,-0.3551872923603434,7.476725486019427,7.121165376501648,-0.35287342339939537,7.487576050217643,7.1410784205858695,-0.3768022477547231,7.501780412413768,7.176729272259111,-0.4045920873354995,7.51799172212548,7.217049205604406,-0.4078715718058201,7.5800457536446375,6.850827932737488,-0.36473747943272206,8.681002725488472,6.473833960465864,0.4196708062754061,7.557669095553166,7.130467062645192,-0.3400452425115268,7.565203741923288,7.142879833105977,-0.35641982276998885,7.226808259724239,6.593533894113076,-0.32310447647413504,7.40632238447912,6.567840616708884,-0.2679327983083016,7.236275496239569,6.56444332666415,-0.31285442695874455,7.552168754599054,6.078141915482614,-0.14932834251188967,7.715001574942662,6.145844301212014,-0.19952011555207505,7.447040761092102,6.387039267664909,-0.3017854379850431,7.923454746467208,4.590434021701201,0.22183749819263116,7.804973291615723,4.799735288138835,0.07867897602499273,7.724567720790287,5.046763099258665,-0.04523141905831859,7.587924127481601,7.351015933579475,-0.3935992971293201,7.277540329376368,5.188471411568587,-0.008862571838495138,7.294157097202029,4.809413671526653,0.1080151836607625,7.337987259616878,4.487432228096291,0.22325114316420616,7.879571972705393,5.739132634235632,-0.0630752122834139,8.160927635493433,5.849774998389221,-0.04101655416208481,7.468750307304047,5.759749968884568,0.05784479494097925,8.010419198547707,5.483330302668855,-0.02773265488286868,7.352677750658967,5.917046672558127,-0.10817625110735868,7.297249241434362,6.286566326137485,-0.4172255623968057,8.315982394301624,5.957081803145181,-0.02136241955885696,8.071435032820073,5.9398301917328,-0.12120517716599342,7.914609726815327,5.992391031805458,-0.1589324671756055,7.712857136440339,5.996470164906869,-0.12923290146415625,7.571657400484419,5.964958072528266,-0.08397747573861022,7.46276594195785,5.915685792383281,-0.052265575328859,7.179881042684673,5.738451492663582,-0.10067962739611776,8.319714292513062,6.271369363195273,-0.10926522926466861,8.097370322420307,5.46755356268308,-0.00911611057781941,7.077142305814591,6.45803582519899,-0.46004120267099896,7.419738277955385,6.131083661707304,-0.1795690378482762,8.612983970192651,5.75833367142425,0.5046739073410217,7.376186604937141,5.850023323946899,-0.018803962638004615,7.479030564501153,6.4144427645877995,-0.21804656566561978,7.969449690438541,5.5990472066084465,-0.002267248320091884,7.317434461553553,6.216676009858936,-0.37062953378638874,8.66584083677757,6.854847439645671,0.31599880987433604,7.467188101041478,5.7189025191003635,0.08773664964523965,7.201324024738658,6.122913470265837,-0.4130815419674705,8.193669430421782,7.525699635198275,-0.23121422126978483,8.277082265839779,7.767682368886403,-0.12571211724311673,8.534288618885915,6.370309560814428,0.14500843577322958,8.363417486210567,7.330282853967215,-0.1397279335245533,8.348455520618135,5.409970092686758,0.24304237005880744,7.674441733855204,7.987019775871222,-0.4371838960822069,7.107952913566984,6.5329200105315275,-0.3545037832776801,7.51716607472043,6.23701064620351,-0.1980844615003527,8.280976908484497,5.687470746711462,0.07913132948227393,7.7650833683462945,5.692649456964457,-0.04586716142221591,7.68526073124524,5.710530300086548,-0.03924366411648635,7.5996248910467825,7.176151248927114,-0.368504780696388,8.344438819648458,6.5911951443692915,-0.13964037947464447,7.5048031096681065,8.228366964488004,-0.3913316603895182,7.884995150350622,8.062802563009933,-0.2987278199491559,8.063547539682968,7.948141393432788,-0.22527137504490163,7.608511999776237,5.716493620893958,-0.007767086452216089,7.545137774190552,5.719368304892167,0.034213128789906726,7.4976086833416975,5.7226961479589065,0.07276359182715593,8.199508588450353,5.443863023886718,0.05767424649123196,7.534586743927728,5.5621035187691,0.04083707822439927,7.603575652461597,5.48058363961493,0.0035589757431621133,7.682917071109072,5.453515452343367,-0.02614418404943109,7.770116520539351,5.469105246676256,-0.040512463473446295,7.831875227030874,5.512379131782521,-0.03471558359447552,8.5100453102041,5.373968498700412,0.45625116892116496,7.8238039449217025,5.669163751678948,-0.03672067327187243,7.45699132051489,6.769573565514339,-0.35303737350937736,7.3163036683361025,6.423475080634879,-0.33701647303089255,7.244097049821809,6.724433029817729,-0.3510854925369482,8.023123085128368,7.715097678336453,-0.29967065912957125,7.857452057987115,7.858635462551531,-0.3670870802668177,7.464363923936356,8.077909735919992,-0.47272886741967984,8.453327472236522,7.559379315071866,0.016663116504215834,7.489004272916606,5.659205826667584,0.06816828660852474,7.23820738490015,5.926365194332701,-0.1971489221443289,7.6955907938508075,8.153643419134868,-0.3725519962473062,8.537941950819217,6.724583849012364,0.07274239931895628,7.376877567293957,7.114556689838125,-0.3610355258462665,7.3859568828109925,7.15170591267295,-0.3898035638168981,7.398395608202947,7.203554044365379,-0.42264589026074073,7.411458654912229,7.266989299113544,-0.43097360884358116,7.471140265425544,7.430882062727355,-0.4070809109465032,7.571012736112932,7.115437754528644,-0.35292557439707517,7.580609045799484,7.098671570477601,-0.3642515698007043,7.593748554333022,7.086258800016815,-0.37094669252301393,7.688434247694214,6.969552802754268,-0.3655697690203256,8.1384422472849,6.640408499805676,-0.2622728915231213,7.263694425824236,5.815666009924389,-0.09468814855738311,7.357204430951899,5.60011170952872,0.09215458338006392,7.4292679466024465,5.609574737136292,0.08554835191273183,7.559464194711637,7.124174745548089,-0.3408774882563412,8.22756446607562,7.052578418658598,-0.22458837015431343,7.235156628260763,5.599318681158789,0.015050160843131764,7.557720303930879,7.619061627069808,-0.41149127631985255,7.149684233980214,5.851517135458413,-0.20632570018161817,7.316286131220448,6.128723165940108,-0.2612990554907853,7.381926853633416,7.688888809731997,-0.4203127962367556,7.810139024403133,7.350069630818719,-0.3634426264983168,7.575903486926867,6.528924354100635,-0.2519689153770909,7.696593916866288,7.510366584238578,-0.39001063330999747,7.824522265178942,6.4841731423715725,-0.30342669279642864,7.689938230732808,6.664255469673683,-0.30818025952315115,7.96349759338515,6.739351503363336,-0.31909439576561677,7.427145254123535,7.896197158346569,-0.47515021697820004,7.405294709501722,6.223595454211871,-0.24105201703890958,7.934664470794043,7.496681320665848,-0.3436534163720159,7.784478716776373,7.663605900834139,-0.38396651024220524,7.881806902724498,7.150540045224189,-0.35666573697426457,8.350639943744154,6.871850024015748,-0.15316794053484434,8.056997777728046,7.2031156164739985,-0.3142788134136584,8.495653651612777,7.0490899356124554,-0.01712381242221773,7.805074305401897,6.862503442856126,-0.3419107531893538,7.327885179514829,6.025377644868355,-0.18633996475300563,7.2644765811824605,6.342074804609477,-0.434392513383361,7.358751204552693,6.411903390240919,-0.36870869350866936,7.184915597846981,6.233576177473586,-0.46813344163337856,7.402340757740752,5.452193153822961,0.05441178946414288,7.539838057839536,5.315380853461671,-0.008898313987296411,7.680839975130865,5.264147222301802,-0.060716678481031384,7.816034301201801,5.279317879570531,-0.08152991367253412,7.930536233768797,5.353278911134976,-0.06759718495686293,8.05053008947439,5.630448815158421,0.006812540562057334,8.509248423668726,6.036759232928611,0.18988783285703525,7.9660215350702535,5.821543749607402,-0.07091337680238943,7.848405712247511,5.864158239165029,-0.09183492560445788,7.70998245244213,5.883824711403138,-0.08312705167734945,7.586669872969938,5.874925677435039,-0.04355668479707742,7.4940226939325125,5.8469851940307835,0.003427171988228476,7.420751923240258,5.814771617025971,0.03136817020273404,8.658948048840431,6.116767763455612,0.49075408484640304,7.375565089558319,6.472730525148836,-0.33168124402067456,7.213233129237824,6.022648869672398,-0.2927429065680947,7.157264476851038,6.335204464180377,-0.47403643476293517,7.130126141116854,6.44229801760997,-0.4336457391559714,7.175184603112197,6.38171780529048,-0.438005422265077,7.363117244866223,6.538891047669826,-0.29712852268697554,7.106218843570993,6.448826735026106,-0.45287106524977233,7.132267072196047,6.520477076231815,-0.3599863021380076,7.4252217832784675,5.720628522023153,0.09418174242144324,7.36096158260988,5.743359079108547,0.06422007355582902,7.306530584523746,5.753826983443164,0.006482396139324318,7.870904428663943,5.553530324409875,-0.02216496044394311,7.95431936853582,5.489291168280074,-0.03493307945086677,6.763728094124131,5.813222037486673,0.4174389014087518,6.843883936422636,5.792239930832108,0.4183015959706226,6.756778485932269,5.693024751239479,0.4183919559590363,6.689552408264066,5.836211442399138,0.4183151872352554,6.7730459144140776,5.943042289836216,0.41827660558081386,7.6570315869173,5.559061179945227,0.019219353883868064,7.752472779220919,5.540850639048817,0.01919122462437448,7.651760631435958,5.430449936348958,0.019180224194562293,7.568645926984099,5.577044439822745,0.019061904837462947,7.661912516946468,5.694074172240289,0.019078981603832246
7.256159215145475,6.95932047684146,-0.3815848516757584,7.160077954267096,6.350687144094093,-0.49943368215288697,7.243806121267228,6.59423574997221,-0.31286977748505385,7.111913835107489,5.981652889089813,-0.25996625094988896,7.14467317616978,6.204050797264224,-0.5053584581075433,7.15669344859642,6.052962523744468,-0.4365279650611646,7.2103952100903745,5.713022351998206,-0.10267342784046538,6.721633187436674,5.94923762771005,0.5029991550901268,7.2087761357560245,5.445777280949336,0.02374285864724708,7.191494047652605,5.2663900367303675,0.04745496055523444,7.161891233084836,4.566575236293342,0.3031507358339101,7.26077157162599,7.021394140304165,-0.38268785046378073,7.274487615085131,7.082789495353869,-0.3621061771737044,7.290123890555764,7.13162207197442,-0.32989439952234895,7.29519642722518,7.138450189028106,-0.32120726708780545,7.291994867806975,7.1934466470779945,-0.34706847897286897,7.295801557137193,7.265591501739113,-0.379219567723165,7.306167573257855,7.350016975416925,-0.3846777867565611,7.344598248146682,7.539625989672879,-0.3256130394286631,7.188502876424738,6.4586345803633805,-0.4655402502351471,7.159491822619763,6.520452119072629,-0.3251016474823086,6.52317098184009,5.625799559756201,1.1848777026387627,6.9502533791133265,5.985908500378013,0.3073601707843477,6.8662402381430025,6.026340325813077,0.3408405003889705,6.791118285042668,6.048243214070202,0.39426179560284763,6.703380076916304,6.01702062152865,0.5172261727097094,7.020258466259992,5.931453844691205,0.2864596828651191,6.769300537156884,5.6089808182191305,0.36115100863271915,6.8763993842704885,5.594751117974211,0.32430176336859917,6.686993721810548,5.667607703921378,0.41474830165966853,6.646553452702293,5.7487886961755965,0.4649771188017662,6.661730251623456,6.130000487019698,0.5665726699808253,7.076415225734193,7.914489897376025,-0.17196662977995752,6.698133037667608,5.919814241197587,0.5490613713322448,6.556266662551151,6.234994044951045,1.0910788721697908,6.596105319944556,6.082582929298051,0.7136200301942455,6.884895126779372,6.52551480478999,0.09364830660223203,7.159777500229387,6.944525754132184,-0.3243888827258446,7.194720234450951,7.097914224957021,-0.31180866723200185,7.085134725582634,7.025206458749844,-0.23577893130871927,7.04461001974247,7.11530537717249,-0.14721587086315524,7.137482684808319,7.127360831570759,-0.23947624868463746,7.096216343006223,7.16817191865998,-0.15816813956917794,7.00617301209875,7.417132215414014,-0.03270366284359683,7.09884091808972,6.372859526253894,-0.4684903465111375,7.07346627287228,6.234194710555642,-0.4684542410127536,6.5595287349605575,5.715551935758305,0.5707974530663859,7.02862966458931,6.126846071443475,0.0986584172607406,6.991424729592024,6.46660681513443,-0.1692647203250749,6.9899752323609246,6.408660700583196,-0.12658321669731576,6.66863999085132,6.6293037320127715,0.3139618258844068,7.0884699764930295,6.09191952092886,-0.37628591901891095,6.693664223631338,5.513825546834017,0.34229098711302247,6.6014121685450196,5.589634252020542,0.45659624543025,6.5361580548470855,5.3141928370413485,1.0184963537816112,7.043542598723258,5.495978436266241,0.11912641979935804,6.982532838082602,5.6346425483250595,0.31900175326387065,6.938431533006671,7.301033116318371,0.04481520774929007,6.815153904419922,7.64043641117758,0.9770991350450572,7.068238231888264,6.536437399701817,-0.1716293336213341,7.138129329446853,6.568460030278204,-0.2368640752461401,7.029108843042892,7.2671205102260945,0.014872063952140205,7.047082608708531,7.250444959313552,-0.025365563871012773,6.566710782648828,5.52150084576452,0.5447972723933893,7.018383970811618,6.55210393166805,-0.13469090205913556,6.833411236776887,5.4794865352456,0.22900165220403645,6.8026657117706195,5.3578255182551855,0.24196750608439363,6.740625119361246,4.820410698855957,0.591552617454056,6.552935633477351,5.40428647816825,0.756016504879982,6.777613333413298,5.053906408160906,0.4136507560772486,6.532080464335326,5.68364470204886,0.692919002065419,6.525917990184854,5.658080777824059,0.9279496568150616,7.171539536984273,7.027207609296081,-0.3272519915769832,7.110177956627332,7.0808938907225185,-0.24403690965559016,7.069147334035148,7.140610362086105,-0.1627834425398164,7.0988627309121295,6.566832512270663,-0.17508023426909206,7.038441212837105,7.258731017271529,-0.008742903418201591,7.063269130215436,7.2627994604706645,-0.09479861414772876,7.056942708077174,7.244612492056956,-0.032268046817229015,7.058244441027433,6.4433163499162704,-0.28995833204499677,7.1206164476095495,7.182421320809011,-0.15253451641848081,7.162407704428344,7.155338942688718,-0.21517865555114427,7.21866438070197,7.140359866448109,-0.27924979744179756,7.2431531438738,7.558879675466367,-0.28584716473906446,7.216124242350382,7.3579209571630155,-0.3358983129244375,7.206174077134371,7.272216266996786,-0.3282707515316873,7.209395338456689,7.20561327650661,-0.29227550465138796,7.222708196520966,7.148327879382562,-0.26997780870639254,7.121676832234436,7.1940461478745465,-0.14630571325712236,7.105899125237857,7.226952549578245,-0.16930382728541335,7.09420815606566,7.269253944985655,-0.18992013282881162,7.087640385602026,7.320176330720947,-0.17549982325822813,6.9715229918811366,6.99130581452792,-0.07389812073131707,6.696671578566154,6.961881020736592,1.3128714745223318,7.21876570478026,6.53271585074294,-0.3641655318942545,7.091561768159754,7.218672120735728,-0.0795832964648163,7.075647555113256,7.242436838931441,-0.09460880741079226,7.157322502249141,6.621756495458996,-0.25667330636037744,7.071686065107871,6.642848791089798,-0.10848098186340159,7.148270180949091,6.59770117417763,-0.24853802513956139,6.954657458321799,6.24792341952457,0.14349841180847964,6.83020404824322,6.388364221150635,0.19972033489075616,6.999059217435439,6.494978260695197,-0.08539175202577548,6.605698739968253,5.045094027907365,0.8051329120566466,6.635276927155882,5.202524203632899,0.5877314155605404,6.658677160125523,5.408585715101269,0.4024789848513616,7.067799160882339,7.478379806182879,-0.11911600813462919,6.988244279356796,5.32631724810401,0.12689968952648148,6.951583257640889,4.960445148709711,0.2759074221821478,6.917698093486482,4.6703036505249225,0.41577385613264334,6.736009244683568,6.051156281321053,0.4596537346746369,6.6064087121557185,6.257612534511097,0.6320349729958717,7.0677970499640415,5.87706920112794,0.29324595536129944,6.609807994254478,5.864755159238199,0.5801134632437912,7.073790650650696,6.009232740288935,0.06112141392592836,7.001417816813423,6.371888503836943,-0.2635517556222248,6.550748722120915,6.422283159997805,0.7493334255043348,6.634519107487002,6.320935157966618,0.5086021039593102,6.712171347986867,6.3219779516056915,0.3719296433143884,6.853884329707024,6.2439225257109605,0.2736752580147043,6.9636612285010004,6.14548618365176,0.21992248266188857,7.04071819004091,6.051058475439926,0.17338175862252272,7.141055765846923,5.776091313438286,-0.039270627969911806,6.564447878233674,6.704382059468287,0.6571230610543959,6.572264608690125,5.888978298524234,0.6584058397174406,7.1576905056723765,6.466814388767038,-0.44341866204688524,7.0263315782025275,6.238322259467114,0.030101139709973555,6.606175103864104,6.306112993319473,1.413748038133695,7.095248135147003,5.950912289559573,0.1538836460811439,7.011393313049007,6.527553248226153,0.0030972623945982386,6.666011897570661,5.946679898372648,0.576447413845158,7.009649694535092,6.300851177642693,-0.212494095206021,6.75367200172001,7.298604152997131,1.1744343741354466,7.0785564005275114,5.831772060836351,0.33516991417933106,7.043327988696323,6.178412990899003,-0.3069000565616419,6.823599688529092,7.791579568573077,0.36228129543748594,6.905079023902722,8.016191126402363,0.4840701109398412,6.596153871065403,6.8465904033489755,0.9988566338044271,6.759074545283304,7.660478173135551,0.5560720388412191,6.541777319355612,5.929582163800562,1.0451622653127508,7.079111572039811,8.100026950235678,-0.15004798659616225,7.193420612418989,6.538660900308747,-0.3462155580369294,6.976398509509433,6.3807536570479275,0.06438466273251207,6.570005222472134,6.143467442119708,0.8360350847915905,6.7870413981703415,5.968284443510362,0.4133608566310286,6.854593598255057,5.951161377918704,0.36599787494287084,7.055686008050599,7.299922773293772,-0.0763959472648383,6.612119449790479,6.998539931534201,0.60458010575096,7.253698588049769,8.289235593654498,-0.22594576813710515,7.051972902764912,8.201063943637669,0.09758673042746772,6.97967676562579,8.130788658948896,0.27252089354810416,7.169379363926275,4.885629630582262,0.1733172436820487,7.430430297050207,8.281273209835504,-0.3230936584403363,6.9274758670415135,5.917065825573958,0.33677553140953304,6.999133803215292,5.879497460809748,0.3299779786936992,7.052499225060476,5.854782829380062,0.3388221766428323,6.549026916429409,5.902299248441985,0.7846729244109408,6.9845051394121045,5.749647488103052,0.3424107377489535,6.903589419223965,5.719234080908959,0.3516114170256137,6.8248943850850265,5.72163560229233,0.38138919593603865,6.756228323778546,5.7634156008802035,0.42460536658325787,6.7211181233720305,5.81989673813282,0.46603086282950845,6.552721023450416,5.941148588793193,1.3346183307352841,6.746037513876595,5.964399650203128,0.46307412595637315,7.258203991336532,6.724818563147931,-0.3128863130117193,7.034618339799938,6.867418834192562,-0.13568003219710859,7.051626008524654,6.498413428405017,-0.2003064005718925,7.154697223526211,6.755023693069982,-0.26863979434789087,7.224728345331882,5.591225180777589,-0.002371726307573936,6.9048883376164945,7.925131740154255,0.1827474413461213,6.989442577310467,8.01282913719353,0.015886070217787075,7.209238426863225,8.140276533057706,-0.31320875578169577,6.862536983809372,7.874530214000217,0.7352354817431649,7.047791877256564,5.7972557321109255,0.33868734173656556,7.089135619396243,5.984451263113154,-0.0905652444622176,7.389408118131215,8.132787698576834,-0.40647112714952777,7.1358833123780805,8.252611161189085,-0.077113862881836,6.652763070694748,7.16101731290958,0.8964894100551584,7.164737454589592,7.168940292920349,-0.20716288309020428,7.147979577863439,7.21201006258813,-0.23042258607192037,7.1404443031800175,7.2703051822979186,-0.25457111758936946,7.140212102167268,7.348086892453378,-0.25266972992143194,7.145521765325462,7.530471640655106,-0.2067332452504218,7.068735704967093,7.208769099361699,-0.08328927740124803,7.046412743968722,7.205725155176389,-0.06954932669294865,7.028294732219406,7.196970473356319,-0.05654284313254345,6.9364958209276635,7.137355326071023,0.0016538957251267948,6.662567582548217,6.990126514838928,0.35913308068376176,7.109072539078761,5.881867318418653,0.017869576180674827,7.102447070181655,5.696962133769449,0.24626518181742227,7.069379535047897,5.729673275530608,0.310342106744662,7.091430187585863,7.211146697004362,-0.08222865639748897,6.718983984973037,7.381752521104823,0.4205345046235726,7.1443509093096615,5.6580216721117225,0.09886254965674963,7.1099823448650765,7.725464200209674,-0.18501572200631486,7.176531858758377,5.93700696709307,-0.32120748697512813,7.125703057067618,5.881707240447743,-0.15915909477192922,7.1923644496306975,5.828890657359965,-0.20524735666741853,7.043690363004098,6.209926186526207,-0.11349011402332423,7.363899781421586,7.947403335474048,-0.4200520718376149,7.352771020156015,7.7335025770873855,-0.3737523333095391,7.220930803314287,7.747979254773138,-0.3068411927253607,6.939296305869303,7.532814759965574,0.025677105726967436,6.96138565857606,6.678904682893692,0.027558417682344356,7.022018972120289,7.65633444051713,-0.08006969271976529,6.7738819335023654,6.746981797995108,0.13723171106705745,6.8914213825164845,6.858276447045144,0.04345089211840446,6.742206900805669,7.028481196669038,0.19175027700420116,7.199053246076734,7.960885067002143,-0.32718699288439934,7.02137654931835,6.32244798274665,-0.04972181194783057,6.889266838573946,7.705853769223871,0.1075296283674648,6.986150248405459,7.823121613417017,-0.03281327392536078,6.862019808826431,7.37692485095794,0.10908270352191264,6.6640311525679685,7.254558435436373,0.5663018127767493,6.790081120519056,7.471167501999008,0.2275365649617586,6.706652000277766,7.443225980131543,0.7685864956133202,6.850392870842598,7.084686507264085,0.07845792414171134,7.060977376583546,6.108554260754312,-0.0247838519588655,7.027136541713391,6.419496044205385,-0.29663846493052004,7.0156911427031625,6.4985970782969185,-0.20270607490175288,7.031708087106816,6.291297865066653,-0.3655059650133056,7.016882404262508,5.592417145976367,0.2657473085504423,6.8592706895633695,5.550386651750498,0.2998832322076326,6.733807556899047,5.570066743040126,0.34709376601497705,6.645820260413553,5.6330505641088635,0.41860055164314636,6.603140306991419,5.733126737865676,0.49734774305502494,6.636475928748986,6.008426369499206,0.6265812396638584,6.562137829976537,6.542832074865038,1.058407925811217,6.692843780052959,6.164789124205528,0.4928289706190426,6.761185463581022,6.167815477405024,0.3976037750653166,6.860587198941713,6.1284208164935725,0.3178993701603518,6.9615552356793104,6.061615177846815,0.27165192083760903,7.039099819345993,5.988022233233461,0.23945604103968327,7.089379078639913,5.921773173377869,0.2229138957658104,6.65637907373874,6.6381914016855985,1.4010769871868538,7.041815867555724,6.554862901883167,-0.16625616700435025,7.071439791306471,6.079360260696868,-0.18484530933123863,7.0613038652802596,6.384109313501868,-0.3960169801899359,7.135181080224373,6.471033410804745,-0.39585479130072787,7.085152316568449,6.4300942613387955,-0.3553954799503288,7.08127455965554,6.605460206200611,-0.15923991435737989,7.1397885112288595,6.470167934302681,-0.42620434321631495,7.174021273262958,6.531476038062746,-0.3352185752438399,7.099227216138202,5.821277278699528,0.29889615801612657,7.125109889025959,5.82821762624271,0.21119588045292423,7.132412962696632,5.82864579083743,0.12534146900868295,6.705881515099099,5.870270285110705,0.5033911262315344,6.639251786310486,5.845496899788399,0.5262704461337481,7.259960978999666,5.946772075138315,-0.3246154326344008,7.989272696269859,5.647932889927494,0.03598476924937362,7.294838274754001,6.482254348835983,-0.3747772720980104,8.451918437744188,5.0797433444855455,0.4684507667930553,7.722173982222964,5.799686102711032,0.006470146676695761,7.817427763128638,5.798613756215791,-0.02141665966625989,7.916716212540685,5.7771175715506935,-0.024255811793592635,8.0509734308333,5.696235274235601,0.02247971179923031,7.637231333562211,5.781748574476171,0.05010465776534696,7.808419771112842,5.320454172532097,-0.014586948429484256,7.689653878567748,5.362609210937531,0.029264045164083832,7.927096301449998,5.336433824045825,-0.020191429638447576,8.015054748718757,5.397368998906627,-0.005847308276580798,8.151792999650626,5.7651015209606475,0.03356852640974938,7.774077944966694,7.807912447081956,-0.3960583629840641,8.023458314461974,5.602991439369071,0.05985097094168595,8.548972831957817,5.715821429660981,0.3556222717349399,8.279222804528988,5.6650475118459624,0.11265885198866857,7.778182273776891,6.321780228925138,-0.2123238144633384,7.373447464882166,6.910627220828558,-0.40663780174011843,7.389321570481008,7.067588772692,-0.38635407577227215,7.521025984912249,6.969058846588267,-0.40429828858174305,7.635451829437234,7.032971823527717,-0.3774343025503343,7.507062260372843,7.079416951553548,-0.38665949926347326,7.611245225677866,7.096444322182377,-0.3533937796857851,7.825633606191301,7.2705444197049935,-0.3271143421129862,7.234656697725484,6.338153918521106,-0.5103604989013095,7.2361716334238135,6.198910007569848,-0.5186319563410607,8.137913711843128,5.289413118964149,0.012436223654882199,7.566119421588109,5.999845486618981,-0.0995351959711908,7.539003972414484,6.351826336335428,-0.3586396755204024,7.552410414523293,6.29202191004277,-0.3223247124729278,8.121974167777056,6.287196350814186,-0.1913587016599744,7.24413753543997,6.053899067829222,-0.44013754739533384,7.831117068289341,5.161425679835473,-0.03968852657525476,7.999376254882171,5.188733574393906,-0.024423319207417957,8.264780605175432,4.802990345604036,0.37882403440713003,7.403317662434313,5.3750098004774784,-0.0034895300403174853,7.598497390077945,5.457656825489463,0.07882243685369937,7.899589628751864,7.117142579730937,-0.3108909894795333,8.67539924700533,7.24379838123347,0.2973932941318125,7.473952506873131,6.451126043978396,-0.31286841418365324,7.390368585956677,6.513656369432841,-0.30661470878300134,7.790099111206944,7.150986229158823,-0.29366002517863626,7.770421130835614,7.146660253927365,-0.2978851161064486,8.058614251431608,5.092869386280475,0.029574366645397625,7.5640443889014515,6.442722478235179,-0.32063428470236854,7.635332210733697,5.224107991407354,-0.03294930172035307,7.6344125539953245,5.084882023261625,-0.029100940993895156,7.7294207647390305,4.49945929265682,0.22596247957362875,8.143053094258638,4.935861042394767,0.183099777797616,7.6570050088963715,4.769167101719695,0.09942903437180138,8.209576573492933,5.231252746205698,0.08894972680531198,8.321914016182044,5.154923699658784,0.2747568177887655,7.380072933779271,6.995034399881123,-0.40835279092462096,7.510941424564617,7.025494247277766,-0.40259688843378205,7.621301640448196,7.064587750512077,-0.37427729230370294,7.455985777601818,6.493062250520301,-0.28990006190448686,7.7823041935729025,7.148514343832194,-0.2942525775357916,7.716399917039271,7.1668912948926975,-0.3376849853761334,7.759409877355282,7.146556115291345,-0.29688390316009433,7.3944032544630485,6.360175721842337,-0.41878332198575713,7.60601437013612,7.1191127701421415,-0.33773863788286707,7.507368343526013,7.110216656796124,-0.35343777913905317,7.399059940227815,7.116524784309139,-0.35636593066024025,7.477576953590313,7.5125422042737195,-0.3589317958285814,7.43011928842101,7.320895450221036,-0.41836949404447527,7.4148299071906365,7.238715993611996,-0.41245711973481797,7.407428323999403,7.16950109354811,-0.376975133843116,7.400175208728443,7.123700499242515,-0.3492600959180105,7.608900699088533,7.127007604575608,-0.33183442139288116,7.621728749583768,7.148303955641856,-0.3560843649435498,7.637468460050988,7.185730537060401,-0.38303514050121995,7.655397896432375,7.228100889132204,-0.38289032271050355,7.7222668626280635,6.844181141931846,-0.3378408634991805,8.749820375230822,6.471441521675637,0.5569820645148583,7.689212696643525,7.139442320628034,-0.3118444868768662,7.698186210327125,7.152902942973151,-0.3285150023697191,7.366733337416557,6.581264860672164,-0.3253387519823533,7.544108876497799,6.55608864177471,-0.2565020141360105,7.37681789776419,6.5517739247741735,-0.31582002768217016,7.682567525842307,6.072727755405437,-0.12119486686070091,7.849524275845445,6.14144940422709,-0.15906396052177216,7.587491062073641,6.3745616300412875,-0.28692887843425147,8.028682133609395,4.602318008549741,0.28424251501308223,7.927099116007729,4.802468596964784,0.12814696738127968,7.861410153140464,5.034772692890671,-0.004842286813082955,7.730762605136947,7.360157123279731,-0.36069867842123615,7.4079187606839065,5.180266329282041,-0.008198776433831106,7.41643913057293,4.808695805943052,0.11227432403313369,7.451920148960412,4.4926406747354735,0.23223245663615888,8.002114115914312,5.745500237287468,-0.006343896996083851,8.278932905082767,5.850412876684069,0.03739350761662345,7.578422557066643,5.758757156016856,0.08234834656440622,8.134623493856417,5.482774290494296,0.03966209611906875,7.478423431827698,5.910797805508599,-0.09686021171897019,7.447864371271063,6.271752168908646,-0.4163350085801201,8.428566052255963,5.956098112177634,0.07159794541496894,8.196786519527059,5.939229764060567,-0.05030482669236472,8.045628585703477,5.991056326466715,-0.10176056562036355,7.84283336848111,5.996456055472279,-0.08717202025919833,7.697025908902813,5.964691660567646,-0.05333597893267769,7.583433173465994,5.913360460322029,-0.031471738621104715,7.306614384297538,5.73238826828119,-0.10611178391646452,8.437709143042815,6.267762533325959,-0.0164324228741518,8.218380510073285,5.465743753488021,0.06526504209787116,7.225543159794801,6.4446891504492205,-0.4767583297311903,7.5521430315389155,6.121597624915914,-0.1632011404979774,8.677797250191539,5.763245671957237,0.6380754976371864,7.494381974158449,5.846559043511868,-0.004985400820622518,7.615151128168077,6.404253806816993,-0.19788478148722874,8.089333741778871,5.605034808281262,0.06365998008315893,7.463164307092925,6.2031839134832945,-0.3680103276974935,8.739589457881214,6.848045529695535,0.4490092092710695,7.57267804473912,5.717433467601005,0.11465307608424115,7.348460524992074,6.110502638343107,-0.4196925120875702,8.322699277788795,7.522754123358649,-0.14709798926946702,8.395820783982325,7.764825790067795,-0.03288132080595533,8.629882923030495,6.365996930868011,0.2611219127516929,8.477440143603037,7.322530708262335,-0.041957480640374016,8.441333589759996,5.41304115998832,0.3436903500345516,7.824854677339443,7.994552806571885,-0.39405013206603684,7.24846984342632,6.520390902441995,-0.36667138981223657,7.650949487939649,6.228699286587249,-0.17419325278686956,8.388763280473619,5.688971252553436,0.17084273070191455,7.890746992002721,5.700830391550018,0.0033797227778328384,7.809913597628193,5.7197322576272205,0.0032144643990297916,7.7349450379241595,7.189582259314305,-0.33654174720806074,8.461858752008144,6.585578170393834,-0.047143523145758044,7.649221349493251,8.241478178086918,-0.3587627904323703,8.027100352164972,8.069231466829699,-0.23649829268486358,8.197865902416625,7.950484572549285,-0.1489613474249472,7.728145066447777,5.723611421818994,0.027986758186923033,7.657910592846092,5.7227090042467195,0.06543702147012147,7.6057526162672024,5.723286340401145,0.10156865895949546,8.312573906354071,5.443425366145962,0.14185892093621896,7.648211626907509,5.567251481670402,0.07140131117666326,7.7216610290766186,5.489939802655901,0.03780085163047782,7.80296304731324,5.464023355075381,0.014587340103777777,7.8903522502810475,5.479459796947162,0.0076140025907155285,7.952158530759375,5.5215208994883485,0.018899939314537484,8.58028619398617,5.3825559815721045,0.5776428532636346,7.94761161274609,5.676416917797473,0.017958715752697356,7.599234100563849,6.759629013156171,-0.33596170643956585,7.463877093838121,6.407427924297329,-0.3337753228127041,7.3818404760338945,6.7110230084329086,-0.35120807770962365,8.162512946405872,7.716585677849471,-0.23003650791076058,8.003622015218316,7.8635464024577555,-0.3107946788321999,7.613361773091045,8.088650507889842,-0.4454577651450166,8.552227164333466,7.552367492517906,0.12553358456250757,7.597162586074354,5.659357179754746,0.09653827468983588,7.371420983316357,5.917711062933627,-0.19750919195136077,7.84251039798156,8.162891504420596,-0.32434919306410104,8.634627563724333,6.717547856891156,0.1868293966212357,7.509700204605558,7.117153837961858,-0.34717903831871194,7.520650241455256,7.1555317398932425,-0.37555914743999236,7.53487571986358,7.2098520004484286,-0.40729517687999955,7.5497415101555445,7.276053916462038,-0.4127920081272581,7.615813956513561,7.445822409637737,-0.38185056351648367,7.702533998380993,7.12538360476523,-0.32666649760288585,7.714142641739578,7.108363974170159,-0.3352044145002594,7.72859469204519,7.0954338959572025,-0.33930040958092683,7.828448163921593,6.967085841619332,-0.3268892434607597,8.268193256423409,6.634280573719359,-0.19004217029289847,7.389865483762387,5.8093906977650756,-0.0917568743328288,7.4702379943085795,5.5970210587836915,0.10477671604808675,7.539610509605362,5.607317414600529,0.1076979631073417,7.688786994786819,7.133789281426744,-0.31505717259359994,8.352286612289047,7.046356452814116,-0.14124656772565636,7.353383890101786,5.596580932318617,0.015617290948910411,7.7040545631947825,7.629400530317109,-0.37997070281743645,7.283024872320537,5.843241383587287,-0.2160227590054444,7.4548557326731055,6.117476408759336,-0.2561271062508428,7.526629065713827,7.704854601229617,-0.40143460802356545,7.951453484047938,7.353591463734395,-0.31458063278789,7.713556510092245,6.520784236884803,-0.2246957746738719,7.841184741290593,7.516419961186628,-0.34952877623759193,7.964154175805876,6.478026883125086,-0.2565189014823922,7.830286070119473,6.658850959065368,-0.27183939676892516,8.100127570674537,6.734351470180426,-0.26072974371169494,7.575910564292359,7.907312775163782,-0.45169262620211487,7.542053545715254,6.211811940205502,-0.22871036746768358,8.076937725895236,7.498795200679545,-0.2830408527833738,7.931320952603165,7.66876493473296,-0.3346685271061584,8.021177115421574,7.150600634749773,-0.3007095907549925,8.467473794680075,6.86471615513205,-0.05998768038737855,8.192751147381253,7.20087074673107,-0.2458369732452372,8.596928673845381,7.0401552784948525,0.09269958075980124,7.943937207629195,6.859163736369618,-0.29631582426195313,7.460490477249149,6.016206510705164,-0.17773985939182355,7.4166973662446845,6.326177271739286,-0.4358197959497446,7.506708329738259,6.395937492363416,-0.362930622701357,7.338629274840168,6.219737734774002,-0.4768681414601362,7.521719773392767,5.447498031181693,0.07161594319233022,7.668211170499525,5.309646622667495,0.018431289340824445,7.814529472305871,5.259164715216994,-0.022421733009422927,7.950258704291429,5.2762110841105025,-0.0319026573045418,8.061517467730404,5.350253302501554,-0.008231104680300102,8.16940157645076,5.633663434054635,0.07829264033843661,8.602507127266819,6.035992147909678,0.3053969727900051,8.08990228244039,5.824889059906924,-0.008029386234805345,7.975263235167335,5.867312888575602,-0.03879638873531542,7.836574495728376,5.888384075023426,-0.04079871842732026,7.708489602538289,5.8784659254015965,-0.010773994372012841,7.609974452862639,5.8470677748216175,0.027139092557995518,7.533661238202959,5.812187664509553,0.04997468236891141,8.724527352187561,6.118395361858275,0.6283689235972385,7.519390726870951,6.458084334327109,-0.32397525268315314,7.353269900513709,6.012210542367583,-0.2955237901256634,7.312595319474408,6.320474977777716,-0.48460373349451863,7.278653160525962,6.428061447018093,-0.4465805977695446,7.327653203331465,6.365956823420355,-0.4461921888027644,7.503236572777944,6.5254564027170865,-0.29059389436246813,7.255357066192342,6.434869158528235,-0.4681354043948691,7.274746554396318,6.507262397909052,-0.3705305442576465,7.5324988258603485,5.717881334099838,0.11557809807328714,7.472567744469828,5.740165243109701,0.07630928417378743,7.4234283810566755,5.750230805192655,0.013471832475686516,7.990440034088497,5.561371870571824,0.03555778105182942,8.078405517751582,5.492002873472204,0.02650791149542854,6.831291874805978,5.819752492049143,0.3882230300601145,6.917712166275133,5.7965907928471445,0.38891822581949637,6.821365633330673,5.697923305234344,0.3890062687034971,6.750110178912326,5.844415054160819,0.3889340137292647,6.843384622094174,5.949935638027162,0.3888990956224233,7.776878429908334,5.576241882700384,0.05837029918541322,7.875422428800719,5.558984070157388,0.05836451614882676,7.769853293813528,5.448371599537232,0.058364966917838254,7.684060648718227,5.59314541278908,0.05824279202417474,7.783220332114112,5.709206515355365,0.05826430250151581
7.389338281398874,6.939935293619984,-0.37821483831306413,7.291917257196435,6.362070985907638,-0.5112313873845495,7.3635810513134805,6.594333929023304,-0.31504578785358767,7.224344077389505,5.986777161199143,-0.2812787308443827,7.275859943752906,6.214976207664332,-0.5202455214666469,7.280576313775639,6.060831482757646,-0.45306515277734966,7.312281738612424,5.712491558047886,-0.11924318904960886,6.776740313058464,5.936905837096203,0.4529612263545731,7.30245385844281,5.445709047129426,0.00352065416439011,7.283849930177823,5.265269223463018,0.02355553343864043,7.241319634609076,4.549988609711889,0.2703286430546178,7.394515179502242,7.000701094989211,-0.3774557579633632,7.4062554816250215,7.060547949486089,-0.35500044390648183,7.418184916654199,7.107772115995768,-0.32153248846033344,7.420894649818721,7.109342130047761,-0.3126808575120322,7.420492478731512,7.161398677470714,-0.33936786654724366,7.425332593704155,7.228914203380526,-0.3718305920212036,7.433976459693942,7.3091149928488,-0.3769173180232865,7.4614302611664645,7.513267442541849,-0.3167955748423998,7.31725684807588,6.466342980518772,-0.47487001486385516,7.275476756265967,6.520657873277596,-0.33483854211374836,6.530460441980183,5.60554217270232,1.116889223915923,7.021909291972773,5.975877059162404,0.27089957922710184,6.93478441007995,6.015241312063834,0.29951764226759625,6.85458854228582,6.037727035035963,0.34862531589484375,6.755507507704181,6.004313086174843,0.46626534649314566,7.094647417245862,5.925030540482612,0.25635482368428414,6.832400932147567,5.597835534088846,0.3142120254931008,6.944279022600372,5.586046015224625,0.2843562492923843,6.745998833257632,5.655466932124539,0.36362541418303607,6.703133160750774,5.737138950613768,0.4116973830075685,6.7082777164240515,6.116582098173957,0.5149101630332449,7.178357360378934,7.895677304966517,-0.17522130006453088,6.749141673746841,5.906532076663572,0.4975324347264643,6.563062314607514,6.218232949755164,1.032788095575428,6.628794085188215,6.068765221478058,0.6573290871784687,6.967915714225933,6.520202969967413,0.06347668255818695,7.283735325479895,6.927291512743595,-0.32916473069589586,7.317823543698767,7.079018992549184,-0.31205989164300224,7.1948393439914735,7.013190194678211,-0.24635209225199448,7.144309921745827,7.107398068760811,-0.16090648997151616,7.248219118662905,7.112736679014629,-0.24524680288671413,7.196818560093739,7.158063188593575,-0.16659961456603264,7.0927694470117055,7.4089729488489136,-0.045419985683575734,7.22650820782033,6.383660261089221,-0.4841417458551772,7.199745550016911,6.244365633268128,-0.4875710980892087,6.602139001119662,5.697301865446345,0.5075322219429712,7.11776241141214,6.122823484085079,0.07331092355219707,7.093286925893151,6.4709777913699735,-0.19211276037433891,7.090381731955474,6.412302998415715,-0.15019846505695839,6.7343984472998075,6.618693403651752,0.2690598837981202,7.208612297535798,6.100247764785742,-0.3970696401288465,6.7538608561548,5.494047621284608,0.2898360500732141,6.6524525727992705,5.56918365651037,0.3975338155215691,6.549945349916977,5.291290114663279,0.9476005955546446,7.1307296165894325,5.5058613969713965,0.08845309123778335,7.053182312581177,5.6286543544833725,0.2850772086392274,7.016889887442019,7.297280475820974,0.026440054697029616,6.838981210478331,7.611017515815643,0.954443040920624,7.17055720995672,6.53744218830185,-0.18857234089566988,7.243184949109718,6.566883643032313,-0.24547278243391438,7.112035691997238,7.265915349596444,0.0001004637249643122,7.131565598097636,7.248079905594255,-0.03805300850132869,6.610398976526202,5.500074211274152,0.4817412871783935,7.114966197401942,6.553529734886551,-0.15487859266227763,6.906759694406703,5.4712978856494585,0.1859729499077193,6.874602881741267,5.351204817953716,0.19532257078672483,6.785069191903022,4.796609482498731,0.5298368976162255,6.580035762538166,5.379757558953003,0.6882982383519881,6.833911183013523,5.033474542487355,0.3589942945874427,6.566525063916095,5.66341613896369,0.6266845028373501,6.547033828112544,5.636467160639099,0.860225235602698,7.296054275862768,7.009393474624132,-0.32996336021282674,7.221353105702458,7.068058424230102,-0.2521233484235498,7.169702244848246,7.13176668364124,-0.17381130633750305,7.19987351354466,6.566312025735283,-0.1878678164249868,7.122364176736945,7.256922044742422,-0.022004317600197162,7.155741564590136,7.254147626717718,-0.10611640298254366,7.142408046237256,7.241156516266011,-0.0443704084611607,7.172198939831956,6.449065091887488,-0.3098321749399752,7.2202436197311,7.171619588475556,-0.16029210464447807,7.271864247444141,7.139046542796784,-0.2196697412298123,7.339005726118995,7.119920213976208,-0.27868975447046934,7.35623791349037,7.534204947447481,-0.2832304602754231,7.339239857188997,7.321471207335907,-0.3365410239042015,7.330548180650381,7.240469591174746,-0.32940259696502466,7.3320914770427335,7.177633171183433,-0.292998247682607,7.341146654371712,7.122748067320191,-0.2692295057820177,7.220370880162542,7.1769863225816275,-0.15383249521728484,7.207557653076332,7.210370741397882,-0.1780521195960556,7.197097689327345,7.25189068757446,-0.19927887173057676,7.190067429360542,7.301577800445147,-0.185399047547693,7.059250736800946,6.9872227387972305,-0.09234854688643993,6.701520257824097,6.937856940938529,1.277183844326872,7.342595735859018,6.534468090926155,-0.36887363261797473,7.182531643149502,7.207873343317866,-0.09001025730336576,7.168557604061572,7.233131375025779,-0.10565041491965632,7.264979528412744,6.620846987637982,-0.2645940138062694,7.164307386889923,6.642169086223167,-0.1221121295839914,7.254664402502857,6.596424234341967,-0.2566896733001647,7.038711887500991,6.242174785177664,0.11430592594201597,6.907763012835809,6.380067438963972,0.16391910384174144,7.09500037159163,6.4966745551730245,-0.10721460645536195,6.630033643976241,5.020318555951818,0.7366013940307393,6.672163174650391,5.1771881305936125,0.5247948621731126,6.715079470091303,5.389555909077751,0.3457450159607624,7.163173292547843,7.463205579339899,-0.12912658086978201,7.073441329551219,5.334566043864869,0.09107412990185246,7.023067994685573,4.94707138895296,0.23224323444732994,6.9809377609151175,4.650055033766824,0.3668428048524744,6.792517091075775,6.039770232902103,0.4106748173170775,6.644786713771563,6.244827567541375,0.5777741356110611,7.143001459519783,5.874399520820703,0.2654915601847945,6.65723081529696,5.851627637651906,0.5223536678540819,7.165393670683173,6.006339409729631,0.037358783292945064,7.112518719159673,6.379348874538922,-0.28652538928439175,6.583693269523595,6.406454643339821,0.6935545423944494,6.685213345191828,6.309457586210086,0.45652970377021584,6.776006280514675,6.313375941925157,0.32550770708917703,6.927488379709361,6.236407989273301,0.2366229311981385,7.042118389105068,6.1403284728233025,0.18946672334081652,7.1238652873509185,6.048243246489456,0.1474507097624964,7.239002229183475,5.775472112781992,-0.060137991297090326,6.606459527921943,6.689516294586451,0.6049976290997474,6.609637523226468,5.873275621375066,0.5963520493127143,7.282259526332948,6.473309961818007,-0.45579795628942277,7.120375117286391,6.237404276739344,0.006358935511450825,6.600490943377669,6.287765658967782,1.3625930833452582,7.181476998690035,5.950370131362058,0.13092027842009923,7.1028539573331235,6.527927185988545,-0.01600823265234924,6.7178222487822215,5.932930530580322,0.5233801445177767,7.1172301675082625,6.30740032641782,-0.23596714009018654,6.7664645605417295,7.271692691945401,1.1452692668849715,7.150322098261092,5.829602091212257,0.306274046223091,7.157551334482581,6.1856043594681935,-0.3304248770226412,6.88126331305095,7.770183051445695,0.3421639047833656,6.9569206941878425,7.988452971873161,0.4714751582923521,6.619816951549237,6.825092246043465,0.9528166912770887,6.803579608359271,7.636568035586981,0.5293530794704453,6.554225800229799,5.9116541332550465,0.9816996238792262,7.179332554955787,8.078249619729966,-0.1499400112491104,7.314216659647391,6.539674519074388,-0.35259108666707134,7.064076789847464,6.377710660145218,0.038864895228691486,6.590495023190847,6.128095300189798,0.7777522146465045,6.85097322107877,5.956118646762455,0.367620956689484,6.9226152192103205,5.938899818220901,0.32389122276568955,7.147080824288999,7.290301541884532,-0.08832217800131219,6.656033442287312,6.981733665933861,0.5605504293388818,7.360478287313731,8.263164651386042,-0.21160946714602355,7.134891946722793,8.174857161506004,0.09697917211744296,7.0481636111467285,8.104955326732574,0.2658575657557484,7.255121415101959,4.875809765923123,0.1438402772719505,7.544262037012953,8.252995769507868,-0.29731802744506214,6.997633485804776,5.906342240660868,0.2992436324539712,7.070945337663815,5.871878217466272,0.29663481558116406,7.124810951882907,5.850145862186356,0.30839394750189714,6.575000186792367,5.884002058624145,0.7209706842710648,7.049730812813496,5.739149454501664,0.30678335160997494,6.964353125241855,5.703152329811158,0.3116318378230163,6.88200297036519,5.70380199079819,0.33699445510649334,6.809498976162102,5.746477124206036,0.37638212990362646,6.772547046687626,5.805751658309578,0.4159544114246853,6.55210244938474,5.922238545050251,1.2739637511310062,6.805373207036669,5.95247379551054,0.41463588613275665,7.377957964584926,6.719635534156198,-0.31324821228770594,7.12765005476779,6.863970659397234,-0.15153107424677287,7.156846831983658,6.5012060108671985,-0.21753900787353708,7.264807269817698,6.7504374802393725,-0.2765867714465338,7.319783776200762,5.588355686590856,-0.02001657096227803,6.976871754975721,7.904567957759818,0.17122028658994948,7.074711121480417,7.991889003522102,0.010681811232153157,7.321445192772574,8.11813697628329,-0.304995136013671,6.899827164826478,7.844877190642941,0.7176606386915104,7.117454455229976,5.792884644355936,0.3069516772600577,7.190378197927931,5.985799154237064,-0.1129146301823841,7.508767626181459,8.108595256310345,-0.3867819789184243,7.232225786983251,8.226655672584542,-0.07197551296303713,6.680742355779997,7.137124980591636,0.857741635787693,7.273480665852349,7.14714550914918,-0.2115735213473634,7.260688531655329,7.189439564359006,-0.23653913090713005,7.254857753987093,7.24552133813559,-0.26179977725443243,7.254546282323397,7.320235867125719,-0.2599522159355239,7.25027075368472,7.510111243222819,-0.21279236076611294,7.16004240469584,7.203632969494505,-0.09485164663806528,7.137874481254164,7.201158773592597,-0.08316800968322238,7.118613861039083,7.192616153470919,-0.07208328993667874,7.018814965128699,7.133483644821252,-0.018813831350355026,6.720985479064314,6.977131900609057,0.3184375024634719,7.2034586016105395,5.880262289370878,-0.004288811940573045,7.181282241013187,5.697551816183238,0.22165122042331345,7.143748850893392,5.728201541916097,0.28142020700426823,7.183307861471668,7.205041271396046,-0.09286956322117589,6.771500839383835,7.364282038330873,0.3885612080650632,7.232726391553344,5.661884795208545,0.07611437176423472,7.211974504072577,7.707386004847535,-0.18966991817334036,7.292586604880042,5.941879540367046,-0.33752571028118994,7.2309827127136925,5.883821362873423,-0.18014420462724332,7.301171410780099,5.830791027066229,-0.2219278009328085,7.146810132211069,6.212968164613508,-0.1353751515462841,7.484699233423824,7.925699517245993,-0.4051009774052786,7.472191853230859,7.711391544504589,-0.3618640920204485,7.333942026520944,7.727810249449561,-0.303341079981315,7.021154869636102,7.52213348696443,0.011119650724558547,7.047743159555555,6.676306521183482,0.005271341308727227,7.113268922918507,7.641526973835393,-0.0895930740114282,6.849767410913447,6.738742879376503,0.102349355789767,6.974442557237417,6.853346874208875,0.01805923323960684,6.811489441805268,7.018211708497884,0.15740033545190002,7.31310576748342,7.940919442988705,-0.32290578934887565,7.119399922709538,6.324110816329912,-0.07181644840961407,6.966065867844029,7.690343653478865,0.09239433603338842,7.074791977555642,7.80555723280881,-0.04072323094920022,6.936862059665098,7.369652991014782,0.08665696580803339,6.7083789622921595,7.2354431556809296,0.5290992617038671,6.855173518412672,7.4574556577468885,0.20179885677943335,6.740094230477233,7.417945863910053,0.7361591025105506,6.927647982570894,7.078138715973682,0.052186219255009075,7.15864746162412,6.10887616265679,-0.04783577790207094,7.1408823272525614,6.426572337952295,-0.31842407771837333,7.118933066762148,6.5027844620748665,-0.22246222004088353,7.150682083569923,6.300801767583093,-0.38756768904072675,7.093453559717746,5.591957648968087,0.23375462784478354,6.9298915628843325,5.541879263002939,0.25912902199139126,6.797523136776708,5.556596123338486,0.2986483515718811,6.703591579542489,5.61941145044061,0.364144431087651,6.655575023495597,5.719622009238338,0.4396991162203026,6.68036619925612,5.994533016554058,0.5720580065842725,6.577868116625809,6.523535646459327,1.0049177974284549,6.74667380571169,6.152549692819599,0.4434277238197077,6.824638045829588,6.15775049619738,0.3529608713806717,6.931268928548396,6.119196210240822,0.27957655665856357,7.036310813614939,6.053567794817148,0.23876331015686592,7.117055799624297,5.9827125614523595,0.21263161537308262,7.169545454371939,5.919335460401493,0.19893659565996077,6.654341089478022,6.6168702749294885,1.357785574463819,7.141269733317339,6.556683824916662,-0.18393777173382364,7.179698868131375,6.083636411452841,-0.20751808382432163,7.18273765036725,6.393188622232347,-0.41493162601659866,7.254588468101775,6.47495028550063,-0.4089214709032147,7.202825111838553,6.43610280838434,-0.3728786888963174,7.17847055888425,6.605051929116708,-0.17303384661091997,7.261238352966864,6.47574126884523,-0.43904057864240414,7.291388528774089,6.53225825923542,-0.34333442830281585,7.174184483800978,5.821022910082651,0.27338752945050215,7.205842098088933,5.828150197339725,0.18950996376365464,7.2196199733074025,5.830242611947306,0.10425287918030594,6.756730192180855,5.857415174897304,0.4523305489678122,6.692981856280257,5.833169250322325,0.47196745753732716,7.375802271309777,5.95047629890431,-0.3340973467763392,8.072090496086682,5.639165644262721,0.07063436225168895,7.422069523746567,6.484356307886458,-0.37545105461999423,8.525158021814066,5.069442488681149,0.5293321623553325,7.80637282452413,5.794568911557703,0.024645121235236465,7.900558199524927,5.79242728020868,0.0030618058934375057,7.998735052256652,5.769966517155424,0.00630640446740109,8.131571037407973,5.686983927151232,0.06130796552255126,7.722652334946464,5.777911153868585,0.06284986121523099,7.891262563259191,5.317562714341198,0.006100456298755842,7.775382448630864,5.3614935777521175,0.042408110613766085,8.007059009427067,5.332050013732735,0.007232556017036681,8.092786135862944,5.392044870002092,0.025948650801257113,8.231617423218179,5.7575283919486315,0.07839842405880487,7.884797592722662,7.780744261062791,-0.357179097670384,8.105253439566448,5.593169787000167,0.09667988379443002,8.621077232306225,5.70661296983082,0.4297140940262282,8.357550408834138,5.6583165814540175,0.16423381633997408,7.88001231926191,6.314571205645885,-0.18584896326845327,7.509629622252996,6.887635474875046,-0.3954273389878616,7.520521990230365,7.042247055729122,-0.37151920824454615,7.65228223803303,6.942041067057385,-0.3823721588852423,7.756163311097855,7.006886233195828,-0.3465566088158409,7.632523825633081,7.051884396799727,-0.3636326648636949,7.726861069436041,7.069256500336056,-0.32350205896014644,7.925056887222025,7.253964118581771,-0.2832101144260592,7.368143443245132,6.349477124868997,-0.5184915158999969,7.367291290521884,6.208631466596183,-0.5287758374029641,8.215023647292934,5.281525864709386,0.049297635967568976,7.661687557322551,5.994360054862706,-0.08857947279884273,7.658617135752891,6.350232953398281,-0.34687693509864426,7.667957067085926,6.289587381497434,-0.3102980421581849,8.213549957434907,6.276457057977077,-0.14355933536818036,7.367815097270085,6.060932025529448,-0.45032158310308623,7.916619028449988,5.152924980159129,-0.024033688363390888,8.079764089173759,5.179132191880562,0.0027016264435119727,8.34403900711576,4.792109666138341,0.4229438039186838,7.4962096230544395,5.385122886866461,-0.012457401306112921,7.687045428705961,5.455893045578186,0.08801630913630737,7.9972831583841195,7.1063624079016146,-0.26166205826543376,8.722355442845087,7.217029766514953,0.3984318452788047,7.595242143990944,6.449134698421813,-0.30321568714943636,7.512201548541482,6.509336616553378,-0.3021362146016534,7.886932193108622,7.128518378706084,-0.24883879008509918,7.86622319450254,7.121706078594238,-0.25757974928043514,8.137953042580357,5.0838545567679105,0.05900048034639734,7.6826925594735895,6.437147609495518,-0.3066197059446811,7.725490031638735,5.221596044848362,-0.029227795847443085,7.724700454486748,5.08694607122676,-0.027028447432493777,7.81560307283338,4.48814742254216,0.22933133912298373,8.226310452298144,4.925550665661242,0.21824166474465653,7.74834066159384,4.760740321335973,0.1010360597766165,8.287266792766381,5.223751035027205,0.12946598962577383,8.400276868272346,5.145903157348002,0.32411535668508573,7.515267048436997,6.971095818819377,-0.3952777991922131,7.640219214705654,6.999469270260554,-0.3798693996958903,7.740403407391896,7.038541035098557,-0.34406813127021085,7.577337093454431,6.488688084229639,-0.2814737741541053,7.878770651184965,7.124649239732455,-0.2521189540716353,7.817905713236548,7.136334700343343,-0.30177436169325855,7.855071383988143,7.120257700203237,-0.257375851351605,7.518645426188821,6.366423855140009,-0.41522912364120645,7.718044241754902,7.090522351216737,-0.30888018254123023,7.628011353539177,7.081004536518205,-0.33053937186177196,7.525116724592107,7.090028074513399,-0.3404371881421043,7.59033734415812,7.484787823558419,-0.34191584361779526,7.553119644279858,7.277042551740121,-0.40231047605256887,7.540294464556441,7.199773673869164,-0.3963887352997035,7.532626496239813,7.13471336026099,-0.36050472122747507,7.523798419017774,7.091389268962417,-0.3323318719511925,7.717822063322108,7.090813433087549,-0.3025802638626079,7.73050170211012,7.112461768358862,-0.3278323412236771,7.745943806285626,7.149014339131353,-0.35448015263981175,7.762841319815196,7.190086412960812,-0.35210469782542114,7.83134188365015,6.834166406972714,-0.3057967097463846,8.795305200106377,6.450110596094972,0.6571875451033045,7.790484254194116,7.106077653897559,-0.27682815319719417,7.7999633985958,7.121422027686489,-0.2938608809351718,7.488533920678444,6.5765259057770615,-0.3204861053824662,7.662112227491563,6.547810046434711,-0.24260241373515964,7.499144347036982,6.547098512972725,-0.31132001461116743,7.7779824987716015,6.065535900143172,-0.10173476173101298,7.944780847902965,6.133424067095329,-0.12895749719399402,7.701982709733536,6.369184914334892,-0.27171174334792925,8.11289750260866,4.590246146470486,0.3087514939454158,8.015230394699012,4.7908599124538735,0.14743408812638004,7.9455999550998175,5.02864216157408,0.011281649881119469,7.834255514743502,7.338317394835117,-0.3237193376905561,7.500569523249874,5.191582269724562,-0.019925911362578146,7.507397994576765,4.801722398838224,0.09795873907445107,7.53697444379804,4.479575975471923,0.21610717421749448,8.084246328126492,5.737904974039494,0.02964009591581572,8.357591891516211,5.844639211915329,0.09043442761484728,7.665338736441224,5.75593728500745,0.09275552978899608,8.211266300632008,5.4761780771115625,0.07915918524811306,7.574535254673782,5.906990495455287,-0.0917417802670335,7.569844196118075,6.276769232737079,-0.41164961640225844,8.505199930063124,5.944797390038237,0.13672653560465303,8.276216228120092,5.932628199168608,-0.0008608605778686632,8.127535264609747,5.985530571448053,-0.06186309301402308,7.9274361651225815,5.991478766199444,-0.05833729024840947,7.783960926664164,5.960666976767981,-0.0340604486612427,7.671742537599104,5.9109946289197275,-0.01993891589777495,7.407909164137465,5.731267744907919,-0.11502042559154486,8.513921136646605,6.253086136755303,0.053676821874967466,8.296780388887074,5.45846813580005,0.11017348838755335,7.35699444511596,6.452681819287151,-0.48309549460786744,7.653983731094303,6.116522334987921,-0.15166125692223825,8.737510683727619,5.749788004712455,0.725834792405162,7.584299153079522,5.84590056668885,0.0014092157894154674,7.726677561300094,6.3976089887101235,-0.1801474674335398,8.165801984177026,5.595509339959417,0.10322363407490505,7.580786483933192,6.205340975882647,-0.3633758589378149,8.782292293669174,6.824080490458684,0.551059991452778,7.659349059007761,5.715156293048804,0.12554446997732469,7.469671956069041,6.115566827107644,-0.42266621270824845,8.40681707011365,7.497194660979582,-0.0730229671641835,8.469834185855685,7.736314902370698,0.0490708160005651,8.69003480874028,6.347267293178262,0.34840445576762386,8.548724403808995,7.297298756324938,0.041579701123204985,8.517824024242936,5.404966022371321,0.40670241107345917,7.935085852935244,7.964731908690844,-0.3491683259609115,7.374672395545535,6.522064065890218,-0.3693056413546837,7.753649741802794,6.222257473012488,-0.15584474586006689,8.466652675069628,5.6832919684467935,0.23078784706502592,7.973756149782344,5.6937371671733485,0.03179931840484627,7.89370793221254,5.713233324651044,0.026963880670520874,7.835711627193872,7.159164237409258,-0.2980019424052665,8.535596892673864,6.566598889028258,0.027173513228599386,7.760823433416084,8.20974339403254,-0.3200628194343075,8.123518475411794,8.036826700843658,-0.17572136632651472,8.285773416211777,7.91983006928091,-0.078394925056093,7.812750611118676,5.718948442976892,0.046599679666177424,7.7425197272738915,5.718659118846845,0.08019425286980059,7.691136746112384,5.720013633880953,0.11428801895796462,8.391333483256071,5.435109870311789,0.1929499283575595,7.73125823373571,5.561184529833471,0.08491342429187966,7.80318428277501,5.481881594348357,0.054566496870625744,7.885405067931314,5.454300883992545,0.03632964255340214,7.9740718400238775,5.469623813344132,0.03482724933796331,8.036373203726088,5.51261991021581,0.04949025139785881,8.648287762456764,5.370769175773124,0.6531179797388578,8.030908739233439,5.668795528803275,0.050249990900346896,7.715454034962454,6.749779382096666,-0.3135306372852472,7.585824872064216,6.408323473321995,-0.3267871006773076,7.504250935509718,6.70327870168618,-0.34332559565546783,8.25569776861302,7.688166867314527,-0.16563963543268317,8.105339920412126,7.83518782044567,-0.25571494013026247,7.7302696803290365,8.060183560139308,-0.41296181382743036,8.61171269260247,7.524026222221019,0.21918460477845778,7.6823410113204345,5.655472556894989,0.10859857463317649,7.477172587464765,5.917607249680581,-0.2004437704795765,7.9476297941361365,8.129993992392917,-0.27390795254772965,8.691125311111369,6.696009388975232,0.2764500192149564,7.627062876621964,7.081407410701722,-0.32342735497760094,7.638347572338255,7.118334028709171,-0.35244600713861596,7.652244973928796,7.169932860436716,-0.38405541538606974,7.665470215450504,7.233042081794878,-0.38827148844334397,7.724115478359898,7.419866723018894,-0.35334739857506614,7.807325520019181,7.099034035100936,-0.29022899302140365,7.820493107643772,7.083897074722368,-0.29680760149844,7.8365391715463995,7.0714171152853496,-0.29988821796454124,7.931874109008016,6.956757575844779,-0.2846861772341207,8.354963717523221,6.6183341214392275,-0.12926110296776291,7.48811909385772,5.807503071208599,-0.09377310789006413,7.5608276890859445,5.597296610770059,0.10563360652358357,7.627962136797736,5.606122930251333,0.11505944743654511,7.790622764166459,7.106198586462244,-0.28003143799698715,8.433618398213916,7.024660507819368,-0.06971909564906893,7.44855867708683,5.598814947243537,0.007318607040166292,7.813386210179582,7.604469579914969,-0.3471724992084097,7.391605766986728,5.844487694661319,-0.2265863852278672,7.56477557484588,6.116612331315129,-0.2522528280027088,7.642168197666748,7.679790177921139,-0.38004956812438245,8.049805858658157,7.333339472986435,-0.26447207054064364,7.82205820002162,6.512419693856551,-0.1994832750098771,7.944654993664136,7.493698866144603,-0.30769157626365207,8.063484597297437,6.468102127477162,-0.2182083995006642,7.93437572566587,6.64869241375312,-0.2376158569849665,8.195921926843079,6.71970935926836,-0.21080554243503574,7.693445011286003,7.881298985502459,-0.4243844482503149,7.650386690391216,6.207696348508788,-0.2182673277598369,8.173704083563655,7.473625466599427,-0.2251562873408308,8.035043648610854,7.643778991304506,-0.2860548201096336,8.116787031375173,7.135783472839195,-0.24556732691535363,8.54022326636939,6.842824334888626,0.017197256393359284,8.284248400323388,7.179918234178944,-0.18329502086517782,8.656502739699702,7.015859148256967,0.18305215602074631,8.04360384614019,6.846689958380724,-0.25137969224906853,7.563904438522361,6.013778871746707,-0.17299904334375757,7.540214311577521,6.3330331084569975,-0.43236547019732663,7.628099943673773,6.3958041404918236,-0.3534844803830372,7.466243658479469,6.228279492876041,-0.47829334683576386,7.611540619467538,5.448976687213006,0.07441459250020895,7.755180382461632,5.307957012604379,0.02826545749640954,7.89777323505563,5.254659500200787,-0.004643262082535751,8.030608517110645,5.2706138100354405,-0.0054652619988591455,8.139300878199554,5.343519975325738,0.02506437811198365,8.246279793589986,5.626276482775429,0.12269307389296057,8.669439008639516,6.0217864355792825,0.3876895883628334,8.170382656612642,5.817877960304522,0.033351035474054776,8.056465586871536,5.861338100738366,-0.004072370540188348,7.919915847030279,5.883038465136345,-0.013872235686421496,7.793626391587019,5.873770952722862,0.007589967883527973,7.696516135951969,5.843482618491447,0.03882179487582064,7.6217608273760735,5.810318268819067,0.05715424831894296,8.776298397657873,6.100827819238448,0.7240284061636918,7.639577287777992,6.4543200336808555,-0.31286748563783856,7.4667358258938865,6.014372988125539,-0.2980364600395545,7.443445760747338,6.33088866472275,-0.4876092850073452,7.409335746542969,6.4350214462652335,-0.4504302993694495,7.457142076794274,6.374714063687721,-0.4473031027730552,7.623116397054641,6.518909975860107,-0.2801490088824581,7.38718750979787,6.4421016260697845,-0.47341069453658774,7.402481963749051,6.508743906367158,-0.372273718468256,7.620426350586695,5.717011061104852,0.12308599486939051,7.562122792482169,5.7395094398104956,0.07931528361399387,7.514891595009427,5.751033188270931,0.012601272387791792,8.073729413576693,5.552703079090442,0.06907225254020279,8.154892741888306,5.484438052518103,0.06258573869341338,6.870235247486463,5.805277771399124,0.35065458366541447,6.954292520194852,5.782728066663121,0.351095293218914,6.860981796999106,5.683982409019591,0.3511824332173774,6.791942661393518,5.828761891126216,0.3511119038691506,6.882648412774383,5.935110832226192,0.3510755845505777,7.852719526843533,5.573943970052248,0.0756893994835288,7.947953921533347,5.555208211229828,0.07553586082763816,7.845560600252675,5.446310194471321,0.07553474576083988,7.76337426681538,5.5911431118972255,0.07541588952743397,7.859515655740334,5.705897920887302,0.07543565861810907
7.608623598931086,7.010776125180534,-0.39074092206633343,7.51577013135991,6.408645760822649,-0.529987039583689,7.573274068399052,6.645949836803683,-0.32496252039287565,7.43478585962963,6.0411562102439005,-0.30162607296888627,7.500534788806659,6.262578375465815,-0.5395424105461869,7.50034516681905,6.111715549843414,-0.4705829173590421,7.514774972357274,5.772637218498233,-0.12556702524985733,6.934762658411129,5.9960696619346425,0.40450397641927516,7.501183495606371,5.49823103432902,-0.00027854379902456046,7.484426187099949,5.3147571475933715,0.01944036105527056,7.441037682303784,4.62284112853526,0.2713873361865122,7.6143443374670134,7.0717738116981295,-0.38925246075006975,7.624740042148562,7.133284047873958,-0.36496656676688555,7.634047915427516,7.181230609018873,-0.32852782365706557,7.636783889820149,7.18804274328047,-0.3227282244730962,7.637806137678158,7.237958949356821,-0.34897320408060484,7.642677141592924,7.30376847202613,-0.38218855161723736,7.649710263885193,7.3827766830434385,-0.38689207690149996,7.670344843032975,7.589747656788678,-0.3228890645518711,7.5363483942031015,6.513569452056171,-0.49154176079860395,7.484826104149002,6.567400710598478,-0.35233155383623255,6.659409433600797,5.667953049775376,1.0601320677876924,7.194379396843818,6.032610389238456,0.23808243503261164,7.103254625964183,6.0744626707891465,0.26012124608698356,7.018646150530894,6.09877776994453,0.30393261326199916,6.9102258583604605,6.0654442205439105,0.4157452276423725,7.27166960413881,5.980366680193906,0.23167226730583582,6.997902503097007,5.6426955435988715,0.27054285894188623,7.116876043028919,5.630699457856493,0.250387213430334,6.9052030142826855,5.703137195716713,0.3147687123365259,6.857826031965211,5.7880664602267835,0.3604419927780244,6.858463332931082,6.179345728739609,0.46191336978884406,7.35855782061109,7.9805849492401615,-0.2038595870246947,6.904661237175233,5.9641105155118765,0.44800640589173535,6.679365365635034,6.287356836620993,0.9728397461867457,6.768621718358572,6.13115251643788,0.6004546424180502,7.149091820713109,6.580427598574246,0.025951958835186546,7.49413041310488,6.998212599204561,-0.3508696690038994,7.527284320622502,7.154541670695311,-0.33026367127177736,7.393637888318628,7.095836556779777,-0.27620621187630057,7.334142207544983,7.198303716549772,-0.19654833614745265,7.447768549999264,7.195095112917347,-0.27151912703222303,7.387222106783008,7.247456444623382,-0.19710352402047593,7.2686434938478435,7.492425240945636,-0.0842554236634219,7.446779093913548,6.42930956741965,-0.5070431800694295,7.419599704734819,6.291620479883719,-0.5122921358922966,6.752446107378046,5.747840579295372,0.44961485123352285,7.305075152865551,6.180787140991278,0.04873811933038124,7.288635069112834,6.526579231281176,-0.22386980815477292,7.2835616116473885,6.46887070209751,-0.18157688716389236,6.897507640763018,6.681380633901834,0.21377339522645694,7.4241727312404855,6.150874628878375,-0.4212262208974445,6.919861649362346,5.534973858751205,0.24597277702450102,6.8107363340876095,5.615376076523281,0.3455675824901904,6.69066213119003,5.3504042991021965,0.8926082594899788,7.318601046071867,5.545080496831344,0.07106443759481809,7.229053131720765,5.676509563750047,0.25855361224440876,7.187806785092883,7.382404567714373,-0.018278384771139855,6.9189748457812,7.698674082835811,0.9097890095777528,7.368115196505318,6.592751602039556,-0.21331197132733443,7.444880022579005,6.620133444768965,-0.2618187549516162,7.284194635425569,7.367177066671887,-0.040385069726136744,7.305318952563905,7.348733833350827,-0.07568080404137892,6.7632966196840085,5.546953548607437,0.42777187745512185,7.307378418436838,6.612607733027684,-0.1844548886925694,7.083135447933096,5.508381513582985,0.1538780201739508,7.050576069504443,5.38754347625036,0.16141522685715046,6.958439743736026,4.856067618918099,0.49249481623491254,6.728106057961136,5.431577123523161,0.633019768317663,7.010226506562316,5.083299274320518,0.3234069606947186,6.7116959145222514,5.715099063957568,0.5640048499066967,6.685001986146384,5.6920065276170275,0.8015677848510769,7.506575603554753,7.083024241053145,-0.3510350981486338,7.420753832546615,7.150378541343309,-0.28066939040018885,7.359617137429082,7.221342075179566,-0.20717021940515123,7.398106123725879,6.622501581020224,-0.20854134766117846,7.295314610556028,7.357869193392934,-0.06041742029018353,7.336311454568637,7.348978345913795,-0.14204868905895054,7.317263712053998,7.340627136948264,-0.08107229380247619,7.377418792596581,6.495907518353225,-0.3378291029383299,7.410048744622127,7.260339333946907,-0.1884046598929832,7.470976570407445,7.220688378327548,-0.2426311795873274,7.5469023548291965,7.1957930073754985,-0.2948230945621883,7.556548125935692,7.609446244696875,-0.298138984319181,7.546016264112666,7.396141468846749,-0.3564619359699798,7.5398029361277255,7.316177306380633,-0.34993817772219665,7.541567988914636,7.25524734200147,-0.312692093158792,7.549055205966704,7.202063364529645,-0.28854237859410514,7.409653817625379,7.265409227089276,-0.1840396450542918,7.397162290975528,7.298180326308605,-0.20857583248693243,7.38589903005744,7.339270555585788,-0.2315122514767721,7.377571345624206,7.387961347388834,-0.21895039627724056,7.245861766479473,7.060265325352458,-0.13053634878895412,6.7789382950678485,7.022392254083081,1.2312041597069114,7.55646614650496,6.583441590166757,-0.3810363396290939,7.364416854882341,7.302665670466618,-0.12449424197374602,7.35079615068222,7.3276465851724755,-0.14047078551051492,7.467723769168885,6.674498638907959,-0.28176590984028005,7.3565617996888975,6.704788256402234,-0.14497279287890524,7.456889652749069,6.6496930888974095,-0.2730425409916443,7.220985642872032,6.301256270885605,0.08354009743772915,7.084186923240322,6.439857112264208,0.1236367549498951,7.285268922400478,6.556170954317299,-0.13745439913843766,6.784639786259169,5.077629862036876,0.6876153959434784,6.831704533875244,5.227116858952194,0.4771845783430408,6.877397729971926,5.430609053375898,0.2996204952054478,7.346099798598147,7.542656533181846,-0.16345232660278652,7.261790726303187,5.370922324885415,0.07095950726503285,7.214033074281265,5.003249924532901,0.21121358750182165,7.170284572854491,4.714829891328357,0.34681928364617437,6.951015258770084,6.101720475075534,0.36230533177373747,6.787934646510017,6.310736657401406,0.5194128068701038,7.3231861912759895,5.930081210246951,0.24429821348966588,6.806793479901663,5.9079018534783145,0.4670488910298384,7.35673930297805,6.064354963412086,0.016450506613085385,7.315532163903995,6.429559070034924,-0.3171901574947802,6.717768095313407,6.473335373181686,0.6285057759129319,6.836736645193015,6.3744339622162665,0.39882338107198384,6.938186547157305,6.3760115316094135,0.27395578739460513,7.099834301541083,6.29669607594301,0.19694328542122,7.220617091866041,6.1992802748353935,0.1588737753963532,7.307743405119753,6.105484400243097,0.12422694002011443,7.438447132292624,5.833766784969616,-0.07340473314130544,6.739604564202196,6.758787750993698,0.5404747483546201,6.754131319328068,5.928799479669057,0.537470335880374,7.498903754567381,6.519604563887343,-0.4759996191366426,7.310795178536863,6.295100684934486,-0.019663761965586262,6.699267832823141,6.363847922682494,1.3118756620873295,7.369514549744698,6.006943698772902,0.11342739753412916,7.289863334844597,6.590079072597663,-0.043150616861786666,6.868303003212877,5.992348508643983,0.4718957466557683,7.317180306894035,6.359746099687388,-0.26551959160074606,6.839121890195035,7.359088191884701,1.1004633635740575,7.330564340041952,5.8842058772411185,0.2845446115557799,7.365958781044735,6.236437630031242,-0.3581267644474154,7.013398754099373,7.8535638806687365,0.29477230295836465,7.0731767292605845,8.07689153300673,0.43100186702599874,6.722741751732743,6.901784115588815,0.894383470597654,6.919513771430192,7.718168078599483,0.47752283260289097,6.682601058122832,5.97261463393734,0.9226352754816775,7.354416790062155,8.16928449003657,-0.1779218632047903,7.526497318087466,6.587787212860217,-0.36665643461392544,7.2495893355516685,6.437272265169969,0.0086165832608435,6.721477842770225,6.192667742666015,0.7158486217934718,7.015284281006229,6.015341956803028,0.3236486886302846,7.090901395049656,5.996551558414429,0.284525052332904,7.326106084739312,7.384173184824358,-0.1255620797515903,6.783555519179649,7.0534546168200905,0.4991459767556201,7.5454473981498404,8.359650708303013,-0.2252723247308824,7.287059638313531,8.269675788047484,0.06696637384670556,7.183802624550041,8.197183159611905,0.23026894875703438,7.456739951179905,4.939826003297919,0.14145216617676287,7.74278186802858,8.347466426302256,-0.2962640612734731,7.169495431725609,5.962148712091207,0.2661211156737488,7.246625244482212,5.926556094725435,0.2688982134438648,7.3034548115955,5.9048073081843,0.28491652639167286,6.712679667691046,5.941339481112733,0.6601362471941127,7.222814140609683,5.787134746174888,0.2773045803089871,7.132773636809569,5.747057497515718,0.27624243430955375,7.046008745915696,5.747483077690915,0.2959502003496698,6.968489709079266,5.7932742926721685,0.33042246186478397,6.929295699678167,5.857041458219306,0.3675345947116133,6.668274617953793,5.989274636423806,1.2197075247354656,6.966226363926423,6.012176837912123,0.36771374650018784,7.587879238632583,6.7787001982864155,-0.32349825191948584,7.320582809701758,6.932624777430538,-0.18273109294525608,7.356178278525991,6.5539903014598035,-0.2425521852771701,7.469536583885006,6.811497673496502,-0.2965212717373976,7.517171623193136,5.648437311640944,-0.023738628375121328,7.122569692709474,7.991533123998388,0.1309604141268432,7.233152103257411,8.08210898912442,-0.023170918032668485,7.513107582022628,8.207971652696356,-0.3234824129588198,6.997039936912773,7.9318592270709765,0.6746401460982646,7.295764428128137,5.845293449362972,0.282135307373001,7.391316088267348,6.041908995277414,-0.13270234336780232,7.7149330989763,8.197411989153343,-0.390557537644107,7.4010573832322635,8.322988081150022,-0.0962086651285836,6.778413626711158,7.217182510150639,0.8015308049991703,7.472157074209999,7.229589205911298,-0.23731686299006616,7.460133899612248,7.2707200684715385,-0.2630274614605039,7.453797958913516,7.325373972779636,-0.29040883637250914,7.452271002908039,7.398615821925653,-0.28916208071479216,7.441458272426675,7.586306659291741,-0.2404637815562683,7.3412808338002815,7.299266019117355,-0.12974802077127448,7.318812766862543,7.296979862296829,-0.12084731571113076,7.299303088077338,7.289152608823374,-0.11180377040374262,7.198161143626757,7.212775581100284,-0.06280509905655372,6.869274637683216,7.044376285947188,0.2613173660800114,7.3988139982886425,5.938493725569378,-0.020672824612843595,7.364961483448253,5.7500796870513025,0.20705558186424047,7.323930421934121,5.781158802106766,0.2605638459048644,7.364992849491316,7.299346572818858,-0.12597422688419618,6.907104224211074,7.43902455263083,0.33415947639312854,7.424027306859012,5.716135925540185,0.06438067465648077,7.396259091508235,7.788080849993128,-0.21691866529323672,7.506326813804093,5.996491677786763,-0.35208053638365144,7.4359670762968,5.940804119786816,-0.1960863553228496,7.509538268894978,5.888824170649842,-0.2320726521722931,7.34488365156484,6.267715990746616,-0.15958366602935603,7.693758168450296,8.008482193086264,-0.41116248835632563,7.681623074107979,7.790274334413695,-0.367948635390853,7.531542973832923,7.807234809335413,-0.320243757627466,7.187662786440639,7.605799229326183,-0.03047086889191073,7.231310773956689,6.739593158368355,-0.027330446861438887,7.287178686704248,7.724491187735143,-0.12442626364959344,7.0222382753262265,6.800539518633665,0.05561460076199857,7.153575026277277,6.919037577867326,-0.0225372969519095,6.974148428393683,7.085276180372148,0.10536051016491416,7.508768375110704,8.024421845879203,-0.34286531322763747,7.3111680067305445,6.380852595210346,-0.09851373513842789,7.122725810060174,7.773998209522444,0.049497776824323575,7.241756379161292,7.890880204673745,-0.07528901810434092,7.100167209316321,7.4518268882528504,0.038260730388604225,6.83203173873356,7.309563348482024,0.4711604713593632,7.005354789782936,7.536515917387643,0.15107434591990432,6.840113484874595,7.499298681564129,0.6815538190134712,7.099586937519654,7.150966654650741,0.005835397309622079,7.354131644216127,6.165233860819706,-0.0709354870690579,7.345747643478303,6.4747447065256765,-0.34823184715795247,7.316073228146833,6.557543931565921,-0.25121790120006215,7.362358814738637,6.348317454178605,-0.4157626037173648,7.273873781528604,5.638349920905412,0.21197889222013647,7.104197032985304,5.58434579269395,0.2270486496895186,6.964094185862752,5.6005827100313725,0.2564580130462986,6.86382264910717,5.6669165446250656,0.31419862113764385,6.809785372691107,5.7709324027712965,0.3859228929032754,6.826633215003644,6.055110535083873,0.518309158783862,6.687771465175926,6.596333033865662,0.9438799776318819,6.9019366686164405,6.2149875337638205,0.3919838460767444,6.987593055033881,6.219185593481961,0.30688220199194255,7.101028349771323,6.178993573619765,0.2409309306493306,7.211322763014773,6.111515234886579,0.20762643048177606,7.296878635521489,6.039120981767879,0.1900890921473332,7.353041674219687,5.975465023100693,0.18055283486732676,6.739932481925128,6.6980367156329175,1.3098932747009,7.336329989048629,6.614219519922354,-0.2106538551168773,7.384719239119501,6.137443546665863,-0.23096109574422777,7.396500752612743,6.4381776032311056,-0.44138375995563056,7.467047260649186,6.519792760145721,-0.4296988396177298,7.412945826417767,6.480504652615433,-0.3979561812677526,7.374009874007322,6.664190616574064,-0.1955947906167212,7.4755681313931035,6.521345379277341,-0.4596819698815633,7.501810103603017,6.580025542931347,-0.35911929476178345,7.356140496701392,5.876151576387763,0.2555346751536307,7.391351018633486,5.883911820587403,0.17609948050891489,7.409495561680833,5.8862393235556025,0.09094555782925638,6.912842784362378,5.911703560470476,0.4030234457218541,6.844664412577195,5.888661637517607,0.4197773235673171,7.590648717662125,6.006754076785294,-0.3393898754589847,8.27433293257773,5.7114246032991955,0.13095259489309666,7.634602524098039,6.535904213310892,-0.38112923479924504,8.68715140543486,5.174823962249206,0.6372703126930879,7.996141793734808,5.867778625051472,0.06133078364749527,8.093871255273054,5.867180175207122,0.047453587417320454,8.193406402881271,5.84590651293193,0.058599014042239043,8.329512930971747,5.763136871773211,0.1254563530183679,7.909432506280911,5.849836179122497,0.0930783095261722,8.095190054810931,5.386229666764788,0.050420697022881086,7.974894863882682,5.429552944448674,0.07776930800886722,8.212536837691257,5.402825867868206,0.05981093958040411,8.297663565699702,5.464424855688611,0.08436264295693209,8.421210132137281,5.840741808795757,0.14843566640871741,8.08838718778933,7.866015486900143,-0.33203471657685824,8.307961607928986,5.663985958192518,0.16073720350014312,8.782800728026336,5.809741108847951,0.5399890202275275,8.542929626566439,5.7457451137593765,0.24660455328960576,8.082319284185864,6.389178141049735,-0.15143274974363977,7.731214926784473,6.95464730398386,-0.39736842439262837,7.73968375841149,7.114937764140547,-0.3718424133034551,7.873006550180124,7.014124450277513,-0.3719466697534089,7.974551976002833,7.086814542211466,-0.3272081553154386,7.849541898510518,7.127979622273231,-0.35455419887495954,7.941105793993034,7.151313106853664,-0.30720815933718276,8.12649978156937,7.343858552248371,-0.25269709527633,7.591988903138454,6.397574973350631,-0.531484812693987,7.592752381141193,6.258082338338577,-0.5417430681669428,8.41741555379127,5.363883856108533,0.12074583275006995,7.858863316217158,6.061486396201048,-0.06694603492815689,7.870686175858075,6.410427922360322,-0.3333730307835731,7.878800713771403,6.351363524678794,-0.29505003055699164,8.409226877957975,6.362639617159952,-0.08182050647779378,7.588238522398577,6.113420722002658,-0.4596757768702199,8.133822326895357,5.2268965837861385,0.021479702425965735,8.290487157619804,5.259150499727235,0.062483029051167545,8.519328104890741,4.89327665679854,0.5148665573415409,7.704324247774847,5.441380794141896,-0.0008762234763490068,7.881165998564201,5.524515421983531,0.1178477819040941,8.197468305457933,7.198492625672765,-0.22223857342232242,8.87574401653901,7.327725000280133,0.5113287439190696,7.803900741530736,6.50802265248632,-0.29485508436178953,7.7216033731795,6.566112564239049,-0.3020997715055995,8.100666993648506,7.223830685550771,-0.21640685077663652,8.07786744466476,7.2156648213851575,-0.2306759944522387,8.347741592043672,5.166092440011535,0.12401830459660108,7.891653662781094,6.500097736560599,-0.29181366975861756,7.94349602904736,5.285045306869611,-0.00017677332518442618,7.947604267824001,5.151821603282472,0.0026286207408518047,8.015416940061654,4.578500236613364,0.2760596959208847,8.417913846157203,5.015989528068796,0.295182578821356,7.958192445951619,4.838302676278277,0.13859683151514313,8.486092217942387,5.30924670411889,0.20902796686903982,8.580042071291539,5.240640613564666,0.4163492912955664,7.736920695163484,7.041223998619354,-0.39676289045616586,7.8599646920474395,7.074020760964826,-0.370319422607399,7.9575522935272875,7.119458038664698,-0.3267609887086175,7.785023373659098,6.5476258461764685,-0.27478226480770057,8.091650681997116,7.219115798986706,-0.22307826110781587,8.03256561124175,7.229369643609856,-0.28039297714569594,8.0657587263132,7.213561870770705,-0.23142918047209735,7.732010483694889,6.418745626688945,-0.41249206997150584,7.929451170401274,7.172997735579443,-0.29242793628661473,7.841520032997148,7.1584274957120515,-0.320118003853964,7.7407166992387255,7.16411472961107,-0.3377608461514371,7.79695245012766,7.563159945240455,-0.33908822234171443,7.769554211512105,7.353837943994719,-0.40220547813010105,7.7587172436338285,7.277132998548698,-0.39638079502248896,7.750727457028137,7.213299536592359,-0.3596525843249126,7.740414444641936,7.171216999771001,-0.3324290198170682,7.930453458050061,7.176889976377719,-0.28847467873269284,7.944990193280544,7.199775069115273,-0.31384218883010945,7.962065439405288,7.2380430673813985,-0.34052611482434675,7.979180605948476,7.280530511304116,-0.3360721367093967,8.036685255852232,6.912934743897722,-0.2812519121757962,8.942093177721926,6.562520439443717,0.7853364813224978,8.001354972664807,7.195799423157035,-0.25628879680829664,8.013326821010272,7.212848293291021,-0.273402025250812,7.700888240330214,6.630471407416693,-0.3213815563841735,7.868662353215894,6.6123753391631706,-0.23002481490339252,7.7103408251260275,6.602142880478473,-0.3118331358516725,7.9759998040360385,6.1365367828754955,-0.07099210968266263,8.144230863139978,6.211110975987076,-0.08617561361218667,7.91045475413892,6.433754278294604,-0.25389236874262744,8.300727457815269,4.686988607354537,0.3793515732194556,8.216638660686364,4.8762363410399345,0.2061138431536961,8.164821244681626,5.104017971492879,0.06018723185057396,8.036447871935415,7.4251999691508,-0.3009503664218779,7.7172606019445,5.2478152394830255,-0.008314619657617888,7.7160850881942515,4.873227695932036,0.1152878627943627,7.7399161522760025,4.562290408131314,0.23830912598020354,8.280467132590397,5.814279204987479,0.08915167857947412,8.542025001369916,5.934374080958896,0.1695358798122551,7.850584819442363,5.827077976286425,0.12040442629200003,8.410462272335888,5.554996800059259,0.14914511150133583,7.772111256886356,5.972547981095831,-0.07599160744429412,7.786003562504818,6.332092655539638,-0.40593175513518115,8.682661071224542,6.038938488426422,0.22880283129104922,8.464735506939538,6.020108169619379,0.07035804445383294,8.319959119400595,6.070190473151039,-0.00404532882244028,8.119689073037003,6.069987306735745,-0.014500949983732648,7.973851942950836,6.034135206650088,-0.0012151140235606645,7.859362321447707,5.98123637502429,0.004392383897196398,7.610549759121001,5.793517735938215,-0.11280583528233719,8.694219458093267,6.347588906542004,0.14459304767075615,8.49074365955571,5.541992010886558,0.18849795604948033,7.575984379665544,6.5014143975046315,-0.49540054151401,7.855764493735454,6.181263334554144,-0.1321366852957452,8.882364390219154,5.862951105878226,0.8536145650457136,7.7721190983971224,5.914061003752509,0.019642672589952573,7.932340410686148,6.465308517616011,-0.159039850574645,8.366023717961728,5.670579955881904,0.1708189247342829,7.794417503556476,6.2622775465982565,-0.3559646460699116,8.93250229719079,6.93684137162867,0.6735388148220217,7.8424745587167255,5.786391228381372,0.15514513702723565,7.687040845182502,6.16972918508233,-0.4237100194324981,8.58800120471878,7.591301701649528,-0.0007418374449185278,8.638703700465552,7.833179517000843,0.1283493469809806,8.853640223419571,6.449953413807428,0.4606550300811323,8.720357352069382,7.395562622779313,0.13013351345038257,8.687415165342436,5.50439945184321,0.5099665487477499,8.138319076887212,8.054603107951989,-0.31966916647070126,7.5886227564260995,6.571894609131872,-0.37857504088345345,7.955790805063452,6.291712439419063,-0.12983550262575497,8.644463646555309,5.776009780992124,0.3238162118148258,8.173446193659343,5.767311406959054,0.08300411792452908,8.09036467423153,5.786803264128881,0.07170085861843041,8.050605363190682,7.253266291236193,-0.27404625436966124,8.713697770835408,6.6621161805442135,0.11703122890306158,7.962500999685095,8.303172583444955,-0.30200026006073977,8.313399339212731,8.130962314059701,-0.1275182025323584,8.467210572883058,8.013601273887074,-0.016208234282862177,8.005416875241469,5.792543250009415,0.08489530319426825,7.930815593274516,5.791405874516073,0.11364907615239635,7.876138164434121,5.7921390557726715,0.14581236917930257,8.57855289711066,5.523693489082356,0.2804711694831613,7.91646420284395,5.628679912402004,0.11855227035993587,7.991692805672163,5.5471560021581166,0.09256733039779279,8.079358757439483,5.517033907848383,0.0807255854138317,8.172940059782645,5.533002075225925,0.08616121708851517,8.238606296664324,5.577827358653761,0.10543993887694628,8.799454671163573,5.480838563450571,0.7732614458240007,8.232528412956247,5.74174451753961,0.10691885449047384,7.924254387357422,6.820450540197152,-0.29707216014571125,7.795841807057383,6.465777582532726,-0.31993390656712245,7.717603489824349,6.763578914071576,-0.3435645665839623,8.444563576926937,7.778757293692643,-0.10965676698378024,8.301918654587048,7.925868312845938,-0.2127569839474841,7.937701865456081,8.148115262427487,-0.3999591526199423,8.770615733160964,7.627217959550541,0.31666602378655084,7.865919250177109,5.724705627510235,0.140074365953479,7.6838400830608435,5.978535330997794,-0.19529556569454606,8.145410654077915,8.224356133009099,-0.23977145635292113,8.855904281437029,6.800463954984467,0.3848727987712406,7.842156621098405,7.163164481079184,-0.3155224330048459,7.855063747818841,7.200635496705662,-0.3439005485878519,7.86971382852312,7.252950492211718,-0.3756960034733826,7.88218254350529,7.317043436887942,-0.3788601421754425,7.928545832340136,7.502742530519527,-0.338496210555919,8.01962569274902,7.187015505370156,-0.2675153229216889,8.034965113536073,7.172019685327569,-0.27160968311535594,8.052349742903756,7.158736166090375,-0.27272090538813293,8.134443944839697,7.043184376310793,-0.25082301875735247,8.543633223941512,6.708547191517492,-0.058829831807641605,7.68810800351126,5.871836606872752,-0.08476185271062545,7.749632496979391,5.663877959203335,0.12416942075648606,7.815256674848783,5.675757135148841,0.14179104419315122,7.999916411871598,7.194116349800857,-0.2577650725950465,8.614319453442507,7.118951904787999,0.006708106151090957,7.6425880335160405,5.662653970659261,0.015500487812959346,8.015976538784484,7.687653908751462,-0.32770798479569796,7.6006851385776795,5.9041332946907525,-0.22925454240979143,7.773206929799717,6.176162788233326,-0.24283445738771814,7.849721540393515,7.759093636150585,-0.37442300548702345,8.248124465004723,7.42121434308795,-0.22559353707102855,8.024939385589743,6.584596430843169,-0.1720361076489841,8.144735571287447,7.579481693467072,-0.27888678332213235,8.264159641656082,6.549078664261979,-0.17262560213160758,8.135804090525248,6.726071542349729,-0.203535701442242,8.391276234085927,6.805284345511563,-0.15658439954655,7.901790597607373,7.963948114853685,-0.4146695149382336,7.856225004276788,6.269937989751786,-0.20252875789643807,8.368093876803888,7.561765582053381,-0.1762720494383096,8.234468830438466,7.731569220498162,-0.2488684330909106,8.314544912649147,7.226272246857382,-0.19715914973747053,8.715217598194736,6.939250141162988,0.10504473341745788,8.475226735479508,7.270878324416084,-0.12332431975532196,8.822887956790117,7.119308337095534,0.28544043732971003,8.242552715173346,6.931713023587865,-0.20923636838385135,7.767251658805432,6.075980359554628,-0.16022752757738812,7.755256998792284,6.3871029921552696,-0.4290026382130382,7.8395938728072325,6.455048257211325,-0.3439941120685797,7.68722476425319,6.279514612990621,-0.4808737418340989,7.809568015220533,5.511807184490698,0.09790839055662874,7.962123181439108,5.373445152758143,0.06193596115165027,8.108545573374247,5.325529244791677,0.03943923204405573,8.240282241374352,5.345285931166002,0.04933733216263984,8.344729026180392,5.420526296260364,0.08880098817364389,8.439684731501405,5.707994298771484,0.1957580811676104,8.831981257819935,6.1242976102993785,0.5006601903061032,8.362220585240335,5.899375279817476,0.0976110814581066,8.248491590281484,5.9417176557910265,0.05060522871159742,8.111594495332897,5.959938831784494,0.03046393238505082,7.982327903224005,5.9471058429840244,0.042131738402935125,7.882131217253005,5.914759611075277,0.06587227703245464,7.806794971867915,5.880226666959804,0.07929102891482774,8.921110007777376,6.213561804533683,0.8542901824846452,7.848600204354012,6.515461394744563,-0.30200420309314185,7.678952683259931,6.072155128030169,-0.2954633806486355,7.663604708097499,6.380342184145957,-0.4932287994642028,7.624726497720875,6.485218113450268,-0.45913863338276556,7.6731535296163464,6.425184932756862,-0.4509393982423592,7.830449958389744,6.58046751899269,-0.271296156346841,7.604789100166631,6.491266769709127,-0.48424501226087474,7.615840640294042,6.559003878297583,-0.37977403461196074,7.8044218455643515,5.788060044445247,0.1481138525890523,7.747001313685172,5.807980333248731,0.09643417539415679,7.7039229049965625,5.817965784344308,0.025403849485020693,8.276754533675119,5.620510840345622,0.12893030936524247,8.357785141605378,5.558283105934726,0.12648288920257664,7.021323670025093,5.862929363507467,0.3188614908618283,7.107613080220714,5.839952667666876,0.3193413155788273,7.013517802490089,5.741010979850705,0.3194203989970615,6.9411926972390505,5.885890019894219,0.3193563525668014,7.033108034976796,5.994037284917081,0.31932741471883347,8.02900200103102,5.6493993224389785,0.11691320525522926,8.127361634888988,5.6304267871412295,0.11680374712128735,8.02422723383929,5.520696606240607,0.1168039030604219,7.9370567229794435,5.665919959893199,0.11669241771773091,8.033889400831933,5.782528215032314,0.11670915889767541
7.6975798944948135,7.012626377499316,-0.3863936726273973,7.6174081555152195,6.404659974469274,-0.5366655776619761,7.663069438894376,6.641313092926436,-0.3252011627682683,7.530299630778532,6.035963779181718,-0.31618323420183286,7.60373946796854,6.257682498334732,-0.5478613353525594,7.601018151995911,6.10659734851013,-0.4800636599646706,7.606547877474397,5.769192003619297,-0.13730567680507355,6.995418265872811,5.984124565994813,0.36152460946969966,7.5919183055365425,5.50040137140142,-0.016231640359563034,7.576763316873647,5.316259942428701,0.00011126199654026166,7.5324112920185735,4.609553387746954,0.2451722446902422,7.702929007974067,7.070149514551405,-0.38392895240763014,7.712003868583738,7.128135960645002,-0.3586901879096058,7.719467498828713,7.173270399536278,-0.32025496842416085,7.722515772491653,7.180295706589439,-0.31604708362978273,7.7243004760413845,7.225038224581193,-0.3412338909457156,7.7293754590554,7.285611063059061,-0.3748445882515559,7.735696165147127,7.359544192310215,-0.3792383945382273,7.756884879570952,7.58928408309714,-0.31329333067013665,7.634222204597945,6.509029438057539,-0.496605497138473,7.577123113109273,6.560438894629669,-0.35872755514017823,6.6946093380913405,5.646840224004652,0.9981125933411046,7.263529282978951,6.022435012393338,0.20833723502507484,7.170296369541006,6.0634617775945525,0.2256150839427863,7.083102179033932,6.088124952888994,0.2651436574403851,6.967573321089909,6.054721013489391,0.3715386480136231,7.343799537594489,5.972533630320731,0.20677593174218148,7.067154068113536,5.637290989191462,0.2300572110780666,7.1873902601403294,5.628231477032318,0.21655844961811602,6.971296212694647,5.695246024502585,0.2703190969554555,6.920283674191978,5.778229028513715,0.3143780734876631,6.9124424006758804,6.170049270754424,0.41616342018868424,7.4354590563829905,7.985578934077735,-0.2057634694184191,6.962395539151429,5.953284888655463,0.403255239442134,6.705652369775656,6.2766803106809075,0.9167268097718068,6.814032419180877,6.121418240668516,0.5495477463542889,7.224814779696767,6.574635140545648,0.001734524099690886,7.581086582752516,6.999508092527375,-0.3532383647410652,7.611274486355504,7.148612935293196,-0.32975458847866873,7.476275940446757,7.096051987990779,-0.28448034037306613,7.41138697490422,7.199118617987741,-0.20882073352549133,7.527620433809676,7.190500641486801,-0.2764465865791298,7.462764306812454,7.245336728874413,-0.20529748332158435,7.3354806774084835,7.4945234634206255,-0.09822063560277444,7.54623774735905,6.423602104064698,-0.5167320006270875,7.520613687673433,6.285211907530042,-0.5244739553906428,6.808140041941085,5.734583389323625,0.39476241527761813,7.384763481230753,6.1742604572503685,0.028442619692912615,7.37623331214446,6.518229227915692,-0.2416266187655805,7.370195303095009,6.461337875920209,-0.2000070419715282,6.959794869138761,6.676624523479992,0.17516712525367711,7.522783173308485,6.144825698545366,-0.43555310881679227,6.989777174892821,5.523974806708396,0.20022080483919721,6.873697200492642,5.602594210540433,0.29361382849434664,6.736842562892174,5.326502713041316,0.8300056549405884,7.4023035477175085,5.549079874601751,0.04589515762495116,7.299902969085307,5.675498636665522,0.23020723772021584,7.251542500057537,7.3859099747911,-0.037335094754199175,6.930678501547031,7.715471904521576,0.8829016803344663,7.45589034262031,6.584322511413588,-0.22592611315391564,7.5335642105117,6.613552386151081,-0.26808618741800394,7.352779451975315,7.36959707046514,-0.056272678932770236,7.374666342427796,7.350367960538919,-0.08932511539105616,6.822772469404619,5.53243537235625,0.3730214243403283,7.392742533860891,6.605585469505082,-0.20035425604712834,7.160520477377,5.503686296755054,0.11714420428128153,7.1290532982695645,5.381943101050869,0.12199534085257142,7.029023519832824,4.8329964874697176,0.4411138435194552,6.78170358519963,5.410948460081806,0.5739596800065173,7.085819925599462,5.065439490253064,0.27756932127347117,6.762106112460745,5.700568010487882,0.5062763594985775,6.728391634643488,5.673524754539519,0.7409788862110613,7.592515824284993,7.080420126539396,-0.35228751930735724,7.502365450818144,7.1481953146625585,-0.287231438586182,7.43625646192901,7.220646426086016,-0.21734786861575076,7.485841951473315,6.615422041589779,-0.21852891849857958,7.364220829491931,7.359958243533753,-0.07483328910404939,7.409024027404376,7.345479300575496,-0.15384383302780463,7.38703862131595,7.341826369349906,-0.0942061792099956,7.468675958850582,6.48646792966326,-0.35241637490364786,7.484682608047409,7.256690298976381,-0.19486111699141148,7.5496886501428095,7.2137660369610925,-0.2451889316684322,7.629397793962312,7.187603710684877,-0.2924407651599029,7.640138139924593,7.609727505318598,-0.29442011294052634,7.630767018525666,7.37377399065293,-0.35532666867339974,7.624792544922586,7.2988014500544125,-0.3493428476854787,7.625791265029016,7.2433021668277195,-0.31163161550377655,7.631672220166089,7.195030219096018,-0.28799212385666606,7.484831809264167,7.261157055020648,-0.1918950735445249,7.473463247652381,7.29165978032981,-0.21613079003001176,7.462964907491443,7.330437819058363,-0.2395184600062552,7.455040823730639,7.376929346528854,-0.2278817913037108,7.321876239189594,7.059915310515827,-0.14710596363572512,6.787650217427334,7.023560185326389,1.1912634735383976,7.649959006618053,6.578856321381472,-0.38303829610113693,7.436072280522678,7.300699660749907,-0.13583679885726188,7.423337349873218,7.324915946275496,-0.1516798576649615,7.555992936961879,6.669027397409498,-0.28703322494819,7.441285042650732,6.699554394686936,-0.1555977615956999,7.545441055694449,6.64360964945423,-0.2788374200719381,7.297305154598319,6.2944552441548085,0.05964885283258359,7.1555440099989305,6.433387276687163,0.09350439473385125,7.369469999572399,6.549737812145482,-0.15470719452438417,6.842124366935061,5.052503601983905,0.6286372857189142,6.895678323292548,5.206497104713149,0.4233045991198114,6.946291088200077,5.41835141040609,0.2510303779306734,7.4191411548870905,7.543991876412068,-0.1733665155335592,7.346574394673611,5.373173067807491,0.041521727633339015,7.298507330909417,4.990201028825638,0.17563760657257776,7.252147157620186,4.695586093183864,0.3071502695079909,7.011793277882302,6.091067572101791,0.3200637151300128,6.836274108699044,6.302042375885424,0.47087337365291987,7.397509120101512,5.924489767702684,0.22124240408438486,6.861816785902793,5.896298947371844,0.41688069254532106,7.439160531545133,6.058165491340371,-0.0022735213033054083,7.407142949862959,6.420562396978796,-0.3343115835961686,6.760275720500141,6.465100744884461,0.5774789815538205,6.891772678044316,6.3662831370987,0.35319008851004496,7.000384738911002,6.368885948755627,0.23441452017714592,7.168820776646089,6.290038459809934,0.16533035238983074,7.293859962865918,6.192677170120752,0.13337304907004988,7.384247344964171,6.100074613976573,0.10287073647358434,7.527234223961514,5.82926226957756,-0.08934678838478821,6.785395066021894,6.756132352739086,0.4923568764855723,6.8040766288990575,5.916761287450929,0.4832599301694725,7.5953834859487,6.514112987648592,-0.4835266541149798,7.3936077581418,6.288550017049459,-0.03821845608493287,6.712908260527442,6.353381872078405,1.2602244187000011,7.4492019875973385,6.002940338578917,0.09405511520890807,7.37178083372859,6.58450526505708,-0.058292383322411996,6.922854361185011,5.980823221368521,0.4255900458680081,7.407253601483043,6.352074041317161,-0.28310065298515225,6.847849695922599,7.3676631656986515,1.066606035407856,7.4032986984168385,5.879329986021002,0.26028631902425986,7.460656214979512,6.229377100035999,-0.37475423763435084,7.055170140717803,7.869165577054464,0.27513875581788694,7.10540526235421,8.09976855047804,0.41638967598120136,6.751123046815701,6.900764014527861,0.8475718673343476,6.952386921644538,7.734085648663849,0.45118550567924054,6.716758936906341,5.956974584774176,0.8637371766767455,7.42922401606165,8.176997670244836,-0.17754818749455065,7.619694717703135,6.58244928656779,-0.3701864227515807,7.329088583174767,6.431192091320994,-0.011616020519053808,6.759384796488115,6.18253934007686,0.6625032402499548,7.080764217383784,6.002063692195289,0.28491148013309237,7.15799976208336,5.983552746977479,0.24912616616949362,7.398564950721533,7.380088985693298,-0.13824527860641814,6.826626001309198,7.056014662437535,0.45752294336674637,7.624540544781365,8.365261050536013,-0.2125858333691812,7.346291697631333,8.285894569798058,0.06461254842587558,7.230374488194889,8.217636083953629,0.22177772591412667,7.549273171156432,4.931768049903897,0.11822822206299091,7.826939491067831,8.349508543124669,-0.27345814510269406,7.238080124241208,5.950163799087694,0.23480539256333138,7.317305970339443,5.916657060763625,0.24130898615131713,7.375820688683762,5.897799883057168,0.25935140206973334,6.755977440470969,5.927709729847109,0.603228595134161,7.291380652694632,5.784486913040491,0.24717704680524372,7.19892515612295,5.744751559327861,0.24162597181054374,7.112013662658153,5.744671961549543,0.2573711173197462,7.03296700079631,5.788376139016065,0.28853043506485365,6.99150762345464,5.849955907236691,0.3241799107795235,6.69269042483467,5.972527562328662,1.1618152403215947,7.029628891276893,5.9994730165225,0.3262644222168149,7.67644400729606,6.777428863257315,-0.3221598494491718,7.402172193536249,6.930462909358224,-0.195855999985209,7.444933690587802,6.544305174540101,-0.25562913511123697,7.557495657350752,6.808991702475017,-0.30152807407683413,7.6062516166851415,5.646914824613031,-0.0369510878994816,7.1747816865021905,8.005631149281092,0.11854837557101827,7.29636996993826,8.09477851935299,-0.02884248531182913,7.596673469674446,8.211221859395897,-0.31475906307794194,7.017350130854744,7.953898304425751,0.6537042501914826,7.367488978632197,5.8415253246084715,0.25535881944983585,7.480447863464608,6.036032311798028,-0.1491146474809473,7.803563443973455,8.197104854317525,-0.3713251974690753,7.472116867294464,8.333917372914218,-0.09241448185322916,6.805182431218471,7.223254234912883,0.7614504621310163,7.551295597218987,7.223873883985349,-0.24153983755547484,7.540799398702309,7.2610635365546425,-0.2670874673115745,7.535371044385448,7.311799089066393,-0.29529658085379923,7.534306647188388,7.380532306055051,-0.2943930746817479,7.519963341699911,7.587365883721889,-0.24502728214441533,7.413407259322515,7.29968237972656,-0.14180271703769964,7.391301207274128,7.298104701788598,-0.13490660021274492,7.371820811088105,7.291008720474868,-0.12746987437378232,7.267826849126703,7.214621266902124,-0.08258262250134313,6.922996423587569,7.044910236951109,0.22490294260885488,7.484334233914502,5.93287680356429,-0.037854106066656006,7.442630709127229,5.749334321102861,0.18667145818800898,7.397830366740464,5.77952079694301,0.23611790817139225,7.43699247367292,7.298807161105772,-0.13656803651917537,6.951362501806993,7.446682700066538,0.3038880545070265,7.508037238699188,5.716713152680168,0.04637167068413003,7.473398284443171,7.791730145557319,-0.22009914529922162,7.603757315004038,5.992187142751078,-0.36214740408217266,7.528424978169895,5.935808357615078,-0.21096164159495417,7.6042613152864815,5.885189167774769,-0.24311945635854731,7.433176063602175,6.261136256644171,-0.17603567354494806,7.783816056136392,8.007750663216752,-0.39518909327877005,7.770345113743023,7.790052524220572,-0.35496689474656834,7.6163037809586465,7.80877049505015,-0.3148175790455787,7.2508393268589435,7.6097482078797745,-0.04571708603967746,7.30936546730598,6.7350014627102714,-0.04564505373125074,7.35678861002943,7.728604467121916,-0.13381650328456926,7.0908099567245095,6.79709843801961,0.026779189537985193,7.22718415212939,6.915788362890916,-0.044635803873877895,7.035428463932099,7.084953987437133,0.07587655987283898,7.594127768531109,8.02612739872762,-0.3368277925133455,7.3958571984958805,6.374317158598168,-0.11569512538847468,7.181263015913393,7.781296054724172,0.0340980775364775,7.30916629438983,7.898629604897683,-0.08273863347758258,7.160567593550713,7.455575520914137,0.016322034200057258,6.870628938149944,7.316536406168799,0.4354924735136902,7.05824411411186,7.542202889573818,0.1266295578617887,6.866665468506702,7.511690169924778,0.647897538722078,7.166273647739913,7.150530420787026,-0.018283773370423265,7.439939376174235,6.158753525047467,-0.08849687909121477,7.437577142555811,6.465451260661629,-0.3642509672298574,7.404167492104848,6.548539919122902,-0.2664096369033867,7.458734446197162,6.340616244527889,-0.43157576310345064,7.350341546926383,5.639632520248709,0.18559731204780905,7.178204034029154,5.581594674692879,0.1924039594529363,7.0348487922191465,5.593434398041794,0.2146456935886919,6.9298018551634035,5.657119759510393,0.2669866538698091,6.870085674389406,5.759208015021392,0.33615067598657755,6.8782203531690795,6.044157710119243,0.46991159690996986,6.715523922049928,6.589438185668537,0.8910912387482941,6.95987125445069,6.205941086902352,0.34898189139254565,7.050751214728669,6.210875435276648,0.2684223140228014,7.168460980410463,6.170294132081446,0.2081166456663281,7.282224409603092,6.103549074847189,0.180586310656052,7.370939167534537,6.032951199589773,0.16767371276821622,7.429500288171149,5.971158694706018,0.1608020463818928,6.749212700136069,6.692896736565019,1.263998709766972,7.423136035312808,6.606517798639461,-0.22442105034163318,7.4768684620252674,6.131278370840069,-0.24729171400831393,7.492625252725132,6.430643830390516,-0.45439007475554866,7.561111466742507,6.512775887749134,-0.43815458194605755,7.506181860888888,6.471990414467843,-0.4101490138436797,7.460399217668351,6.657875141867939,-0.20622358830233412,7.5708295345115015,6.515113135517861,-0.4676355198554093,7.594497559106614,6.5741411346030825,-0.3640028934364448,7.430944470283591,5.872560605456873,0.2341700157908328,7.469551177471371,5.88119928451899,0.15757254722787437,7.491223903497883,5.884200442008218,0.0736981507200374,6.972891023786687,5.902783846190147,0.35881650030333795,6.90236096726416,5.877339327681632,0.3729827408908879,7.68784826297884,6.003904078495772,-0.34382942993567805,8.353022267473378,5.717548037000733,0.16200336380440825,7.72665485696419,6.533197179646575,-0.37956816313662883,8.744489138411241,5.203611952954653,0.6873249864547901,8.075809262263611,5.87118959618997,0.07904025366065967,8.174163561007864,5.871511199769631,0.0700995804491332,8.273166064081378,5.852531948340372,0.08602635858491098,8.406452008463804,5.772138906120612,0.1595961221933396,7.988112499236933,5.852524095644753,0.10555793114522265,8.183162036305607,5.399801201710186,0.06925209723694768,8.06295297177277,5.440064470732826,0.09044432529588681,8.29868589707969,5.418234333853227,0.08406538209645256,8.38080224904707,5.479672753552714,0.11258890463215392,8.498261442350483,5.854884901500338,0.1869466594753775,8.171276624545818,7.8688007836489,-0.2977807320334641,8.386603249465116,5.671565150041915,0.19336642776851184,8.840237056091466,5.837498676459568,0.6000218397960044,8.617329724374331,5.7639178476891315,0.29045329697812816,8.1664921912697,6.3954094990303085,-0.1274500083923944,7.819310240333441,6.957510448595106,-0.38664776979529025,7.826022153443269,7.110190409511748,-0.3593394184434091,7.95708221555847,7.016140815729447,-0.35342897108017646,8.056057591138028,7.0893200862011945,-0.30254647053989936,7.932903051866716,7.1250619872509455,-0.3360314800982499,8.022111815740727,7.15057182590938,-0.28404395804636257,8.20496183322486,7.348659642301116,-0.21893676787728186,7.69375277620277,6.394238733501685,-0.5345771621856696,7.695705241886175,6.254080966571375,-0.5460596325015173,8.505518760865108,5.379848572964904,0.15407585564366685,7.942085708570791,6.06361312045557,-0.056158100964877514,7.958116629735895,6.410074051157737,-0.3211722168135451,7.964498015748313,6.351784205460685,-0.28258190658962856,8.491016973701415,6.3767650579869795,-0.040853094025630914,7.688346552209925,6.109674891311285,-0.4636203830444021,8.23116699238627,5.239302097601463,0.03602107609111751,8.384176766518902,5.27335102886394,0.08652093340173299,8.589182807750815,4.915490839648931,0.5524193789833948,7.8005737085869455,5.451005060433387,-0.006708412023411414,7.967088691421102,5.53104258970604,0.1272365466934494,8.27560753853741,7.205375074751678,-0.18360419974105827,8.91490976649363,7.356076870253798,0.5905902615643301,7.88909786017928,6.5060225695169525,-0.28487170355272773,7.808510642213309,6.563180199282055,-0.29723169029518376,8.176536502847586,7.227579642436011,-0.18207196481723115,8.152986268686757,7.2189659492235885,-0.19988282660446693,8.44024858264435,5.181343135942531,0.1505888572306138,7.974558032717436,6.500452152797532,-0.27835505932003457,8.042071940240918,5.296093149257451,0.004475290203838479,8.048756725856789,5.163845188459549,0.00611713067443784,8.106852395807632,4.583556681960153,0.28177651449522373,8.499395799926692,5.033976951374858,0.3267168891842604,8.054290020742375,4.844147315248437,0.1423632478050814,8.571030944887212,5.326975659481995,0.24587519480089248,8.651404712308635,5.2643050804517735,0.4589287543528694,7.824362379142019,7.040046562837383,-0.385163431852979,7.944077437732291,7.073817437286811,-0.35167806535391855,8.038989400269822,7.1203760696107725,-0.30299353877910695,7.869641022080113,6.545324597207707,-0.26647571555231553,8.167288882934299,7.222690982472587,-0.19091739063118793,8.110927230952377,7.229160175899652,-0.2526370349925243,8.140663961497994,7.216561596601391,-0.20135922261598185,7.8251890538262545,6.416170598483618,-0.40667883626158285,8.009179139937956,7.170783950550793,-0.269102709942342,7.923843182766862,7.153257447811015,-0.30061999460193667,7.825291852750719,7.1569653479059365,-0.32321965103459077,7.882652224839072,7.5641561709983485,-0.3238445426737347,7.85387709256605,7.333813764293034,-0.38811287755685314,7.84385848071928,7.261459026861263,-0.3825296109718748,7.836169263945619,7.202593792739777,-0.34536523426660465,7.825780861523346,7.164423267099552,-0.31946104305006306,8.010897452515637,7.173893618015844,-0.26622710634783797,8.02567051461889,7.195964689874657,-0.29125674820742264,8.042599498610217,7.232921617101065,-0.3175451860982213,8.059491360767712,7.274375997272795,-0.311514828965241,8.119881445602086,6.917790086392294,-0.255610708047086,8.978960635249212,6.594348262074556,0.8637143324713089,8.079113105474873,7.19554492759976,-0.22972175373710027,8.091583899998973,7.212626682214944,-0.24656185949165146,7.7889060306602245,6.627123985824655,-0.31573148111580723,7.948911128826382,6.612412317523513,-0.21728589478498636,7.797813843017642,6.599064162734365,-0.3068435458941753,8.058486929609924,6.141092812600749,-0.053284164952752816,8.228593449867558,6.2198203694679,-0.05968824458624531,7.9932310290175606,6.43532974803069,-0.23935810439231187,8.382559825102845,4.701474544075846,0.4018260934570982,8.306838422894861,4.88803424635845,0.22470997153754024,8.262716267856993,5.1171434229109,0.07568500540996692,8.117715529374134,7.428173896492988,-0.2717925035885246,7.81792459649743,5.258967032134528,-0.01635670346081043,7.812319913469855,4.87258442466914,0.10540883031803981,7.834053319417058,4.558166418439551,0.2273702283399748,8.358474893758517,5.822181636714358,0.12083240571077238,8.61713554862812,5.952992911154727,0.21467567660832737,7.928999548262745,5.828956728329847,0.13066916742022158,8.491423886110754,5.569499381795643,0.184452145860727,7.857480052092247,5.973057619282932,-0.06990206953816391,7.879566115460877,6.3306318989892745,-0.3989345613834129,8.753636814925741,6.0623052896943275,0.2835844414998956,8.542724832707059,6.036825434055529,0.11279374398207428,8.401064345387876,6.084118650360558,0.030960549175855435,8.20145453380893,6.0793206533374615,0.010703033109394576,8.054316434354911,6.039707373347634,0.01616283724912161,7.939818421181213,5.984695671130727,0.015238316192772243,7.70230436173166,5.791516503382171,-0.11816780984783253,8.764835472759593,6.369755456325056,0.20251983764316625,8.57077323369463,5.559417948383922,0.2281598258079645,7.674148878531105,6.49728394705605,-0.4976028340996514,7.939464335996947,6.182737085230171,-0.1204053707689105,8.92239267153694,5.8958459896109225,0.9228924251250623,7.854049137988244,5.916174119983068,0.025568399243659685,8.012106767640935,6.467777086327638,-0.14280442652257488,8.443128380292194,5.6805829001379955,0.20572697223082712,7.8852400449861815,6.261602421211361,-0.3490375072169141,8.968993422864674,6.967363439952461,0.7535546659214741,7.920168835098676,5.787394552063713,0.16587494352363394,7.783856033495906,6.1673493712243905,-0.4226073154429315,8.653667716409693,7.605086562207878,0.06048172378445568,8.694563841311068,7.850410484391053,0.19462044971773027,8.907581059837014,6.477767856799032,0.5301911193594396,8.778377803294951,7.414620143854912,0.19824313021815163,8.750371521311154,5.531058652037988,0.561931090404452,8.220995609915644,8.05804503701101,-0.28031687238828196,7.681895919699778,6.568213777173717,-0.3788470982849488,8.037867178677752,6.2954418282771,-0.11262059427455882,8.714091353670804,5.797686580494301,0.374474396117753,8.254120421680069,5.770967426710569,0.10918173823975977,8.17186914612433,5.789711454211973,0.09380116304817854,8.12855367709094,7.253112325299881,-0.24448832398119094,8.78104843368677,6.6838982612672755,0.1779773640806722,8.045809109474055,8.305082274601926,-0.268468270139207,8.385893651333744,8.139597422656674,-0.07732056351492628,8.532936090677495,8.025383534288093,0.04146030036803671,8.086146265223652,5.795032369375141,0.10263319243111514,8.009744534022511,5.793562487531583,0.12790530857672514,7.9539818285518775,5.793866601016457,0.1581115388542903,8.653769801452738,5.5436104721032455,0.3251222565625758,7.996347121415391,5.632366278216335,0.13148767708571693,8.073588377166326,5.55386216623361,0.10779530244154847,8.162751452629465,5.5258983601942955,0.10018376488988974,8.255596728456407,5.543084341496785,0.110324394687475,8.320095914743682,5.587777601670567,0.1328662601883094,8.846625580918083,5.513527509068981,0.8337578156835427,8.312108295536508,5.746611220426681,0.13612635585380853,8.008473825095102,6.822991631000526,-0.2781647429952501,7.883341120409268,6.46345382044877,-0.31194331397873704,7.8064132586016655,6.762982044962953,-0.33538499354615425,8.515901452236022,7.788529101270521,-0.05588668659535359,8.378664174194492,7.9328630745072015,-0.16591889184854608,8.024654661358383,8.149216974789724,-0.37016112457876327,8.816384136208603,7.650658610409547,0.39072604049436915,7.944233777763247,5.726367328062083,0.1517224786166085,7.775428663334076,5.977396233612328,-0.19501785858066661,8.224680665805128,8.228804044886425,-0.1970505913062214,8.907371178699565,6.827638285162606,0.45664259372325283,7.925602186585476,7.158096136075046,-0.29741250307356587,7.9385655592893025,7.193116303009286,-0.32480288386235145,7.952898870437902,7.242539741471275,-0.35628016885363784,7.964994877216558,7.303675118508018,-0.3584919742716138,8.012752830325937,7.504594188611048,-0.3148657437326271,8.097332073191946,7.188592436451428,-0.23984642159231265,8.113114563622927,7.174555386092084,-0.2423650175504873,8.130578244797753,7.1620696000581665,-0.24231865987578305,8.215738587139555,7.049643984646416,-0.2175755521711077,8.619941102608298,6.724828652476805,-0.008362768773377998,7.776908539517514,5.871064310000778,-0.08459614735494395,7.834033330737301,5.6668670964176036,0.12598889390502405,7.896894873047344,5.678972026714009,0.14911223813115515,8.076494588426709,7.19488173176068,-0.23053473082159145,8.682364321726528,7.1350620381807985,0.06569565154701573,7.731521386603596,5.665012432488723,0.010543615859114508,8.09883122417372,7.690073431364644,-0.29959624402822227,7.695195530552373,5.901847590707957,-0.23520570156953602,7.861888269860082,6.175995189100707,-0.23674848855310093,7.9364553258121004,7.760245119414385,-0.3538828435016674,8.3258133910356,7.427796967103285,-0.1857010033240484,8.105110525143093,6.589191182697253,-0.15055076496422423,8.224248053664672,7.583739366108835,-0.24480907982666633,8.348848916692688,6.558875494320104,-0.13908183608656016,8.217913783825967,6.732611387716472,-0.175399727898193,8.471797858115073,6.817066415215419,-0.11404651663880791,7.989375355468722,7.964576542704501,-0.38869826032116483,7.940265310950066,6.270864318753045,-0.19160784781699008,8.443316844987045,7.570089953360493,-0.12858344015363696,8.313257644622533,7.7374580244914215,-0.20764231608039835,8.392448510531194,7.234951895859239,-0.15283092452815483,8.77951858580394,6.959727764285292,0.16827033916489126,8.548987000522356,7.281596193953587,-0.0718430183064752,8.875116588385987,7.143771391503485,0.35823528928357373,8.322976426272948,6.940625725251811,-0.17309213967158243,7.8544189285637485,6.07588188653784,-0.15389220964839953,7.849263990830705,6.384698422206243,-0.4230160125558199,7.927278380159383,6.4536208177711725,-0.333856171867866,7.786558074670198,6.276513976310073,-0.47895758993972487,7.898404018368997,5.518136684456516,0.10195313114349018,8.054748332613947,5.38379026922484,0.07169542890011105,8.201437400654852,5.339139484995542,0.055945180254196016,8.330694912184825,5.360614465868744,0.07319039698294035,8.430811070273371,5.435906111461953,0.1187608779918053,8.516365475158953,5.721662849504992,0.2341384711555913,8.88809923588815,6.152423538497281,0.5666315979961446,8.440222882913233,5.91204181738402,0.133585796887575,8.32847831037606,5.952557443488593,0.08100497244937395,8.191842120490078,5.967303378097889,0.05419108994754156,8.061917129832505,5.951830712203142,0.059392178998940726,7.961085662561227,5.917866018948213,0.07687744950952105,7.886402957819186,5.882358627944896,0.08662130066761098,8.959261791348702,6.245682865547761,0.9291613748138472,7.93301298960538,6.514302166224864,-0.29094935532977584,7.773006463676381,6.07044853505104,-0.2944387184750323,7.762924316383242,6.377094157321549,-0.4922986505322623,7.72042338604995,6.482106114187718,-0.4594807631608012,7.769524150110147,6.421961604561785,-0.4487561672073468,7.913066428852166,6.579096899419976,-0.26117717610990243,7.702204418332876,6.487521618639022,-0.4855979810547975,7.708579379412515,6.555968569178303,-0.37908669473650014,7.883717335917551,5.789682185073758,0.15568456511459994,7.828160942177266,5.809621963953481,0.09931719092692069,7.788255684686702,5.819634864748892,0.025746930947817298,8.357005011914959,5.629391891280353,0.1588874610313302,8.437932037436797,5.570944277789504,0.1586535310135492,7.073708927310988,5.854547592529439,0.28885480493501725,7.159238346346873,5.832630719057323,0.28925883950988196,7.066706464463263,5.7337913378882535,0.28934129281387955,6.994655126634946,5.876766080901459,0.2892742771955871,7.084692706837452,5.9848345210668965,0.28924650274659447,8.09531821370643,5.654834625085317,0.14272467258269628,8.193499039265648,5.637463034613656,0.1425544341728463,8.091701690433256,5.527181918987262,0.14255666505228348,8.004088451532704,5.670108118063915,0.14244611382177483,8.09910606852038,5.78707687483186,0.14246418394521584
7.70999752109374,7.021358196476873,-0.3876993146630878,7.63154017479053,6.414366998821427,-0.5397419862821135,7.676159674364232,6.649749752239647,-0.3264168568704766,7.545381239712567,6.0421128268664885,-0.3180651876088973,7.618554904679584,6.267209652037962,-0.550974586006605,7.616124139830717,6.114990057095838,-0.48290683082075375,7.6219778330239185,5.773819746012398,-0.13868107671573632,7.003634256366697,5.98073190720431,0.3649026351045904,7.608608983505437,5.503477693965545,-0.017028293664355636,7.594443688848407,5.319391364724253,-0.000692344375180166,7.55366426915349,4.61614459339586,0.24460859264941656,7.714889051415526,7.078462241460065,-0.38502412508700345,7.723286368948079,7.135861292579778,-0.3594339945638556,7.730287943161595,7.1804607917374454,-0.32044992471461126,7.73252727545698,7.184697308434075,-0.3166297782861823,7.733828731100423,7.229276092875134,-0.3415974405040159,7.738243822940224,7.288997335156664,-0.3755574995971325,7.744031086180165,7.362476720768793,-0.3805186742247563,7.763477204971099,7.584967777451091,-0.31432526606353867,7.647779084010082,6.518602738492474,-0.4992263220736627,7.591504341991784,6.568143769012016,-0.36018240298889237,6.705047331074504,5.641025197994314,1.0061897693755688,7.278469259015775,6.019509499544261,0.2099360633788267,7.182322259029878,6.0608067871543785,0.22750321451329747,7.093274692435954,6.085740877245295,0.2675746730531061,6.975447241467746,6.051831600458519,0.3751272674334437,7.361805278230463,5.970161330179345,0.20802843441188437,7.07898653808042,5.6356983014734725,0.2322592063014159,7.202644824623503,5.626219532873866,0.21807799613474968,6.980595205695129,5.693892726280877,0.27312905198445675,6.928072684585175,5.776706234626642,0.3175547305621382,6.920177520355224,6.167194000150372,0.42018034745476945,7.437967576793619,7.982868911468492,-0.20549364954211954,6.9701949893567505,5.949643046228803,0.40704096699526565,6.7114710361247125,6.270883299883311,0.9249705799080497,6.820656164463935,6.117956547374223,0.5548873013248761,7.238069132924958,6.575938931161791,0.002427143993693205,7.593619385987521,7.007337904836098,-0.35415529100977783,7.622703562405772,7.155048834563398,-0.3301996587720896,7.488190050059507,7.101785583759565,-0.28490157365433094,7.42171366726204,7.202788399038614,-0.20910923814404422,7.538634670803503,7.195223955973819,-0.27669399221139906,7.472313291230309,7.248137913797606,-0.20547409556394214,7.3409684162245,7.494625898219451,-0.09794190339371205,7.560682986580749,6.432479518443147,-0.5193186596639527,7.5354796051739275,6.293946636774351,-0.527301682864345,6.81550748593598,5.733557122781823,0.3991046858385989,7.400486797143388,6.174844159283889,0.028652819789207137,7.392902353662556,6.52371427339065,-0.24216981424099995,7.387312951681252,6.465930214262256,-0.20043218264971133,6.969700693360449,6.676476736768018,0.17749741986175568,7.537894655410195,6.1526094110571705,-0.4379518331968156,7.001282778881398,5.528383212033554,0.20183169836864864,6.8827488846468,5.604190860362368,0.2966567958572103,6.750878284419491,5.322655361191164,0.8362240017179434,7.420250779689169,5.554663401553707,0.045849815344483645,7.318517949224829,5.673373013729188,0.23153483855502874,7.257951689365805,7.386376503630454,-0.03660351251797524,6.927588388796891,7.711669698734409,0.892280614198856,7.471713993049821,6.590375660036444,-0.2261222706092501,7.548493447307782,6.620340569060822,-0.2687821088836683,7.360185958832173,7.369022571216931,-0.05583822066128554,7.381829980485277,7.350382183471993,-0.08924727498919634,6.831604963642139,5.533201883696926,0.37655189528188965,7.409600558150349,6.610991088864873,-0.20054597965969814,7.174977820541471,5.509614607335818,0.11789618007643672,7.143255017807701,5.387500281480606,0.122592516605789,7.047809460984186,4.836033095941559,0.4430870293014612,6.79330702413675,5.408171782903991,0.5785640438327143,7.102422025569832,5.0683754289721215,0.27847306939714994,6.769200094109009,5.698378533877375,0.5115696591886884,6.737345860069864,5.668942921577361,0.7472648298198901,7.604623900610395,7.0877260055872915,-0.35310029138580645,7.513876298653468,7.1534938022166505,-0.2876616087453152,7.446232748720223,7.223929553088543,-0.2176751306117521,7.501592471704904,6.6215505942309605,-0.21897415316886898,7.371545480839675,7.35961166117173,-0.07458667985068304,7.4155071095859295,7.3472378323510075,-0.15429037462424744,7.394136665052167,7.342189155903229,-0.09416472660910898,7.483848531178692,6.492910775493932,-0.35376090780608094,7.493352300298343,7.259518864822288,-0.19484811560080825,7.55976725324656,7.218233006021334,-0.24504686069454815,7.640124639073128,7.193658209118481,-0.29235056788906516,7.6468997800051,7.606114645905602,-0.2953373710899859,7.638516748484,7.377044166648249,-0.3564807188460656,7.633344498037147,7.302309754929903,-0.3501311671240598,7.635033104590987,7.247802906829015,-0.3120635225876849,7.64148181016124,7.199679048645691,-0.2885210239437267,7.4926344282227895,7.265386844026944,-0.19236857741596247,7.48059346346894,7.295636044679253,-0.21673256636230082,7.469483232361308,7.333866125630236,-0.24045098384417696,7.461031627985231,7.37984779639606,-0.22891909217972797,7.333123967335211,7.063131208268403,-0.14714164333181162,6.787747622779498,7.016789530013943,1.20195803804536,7.663263691824873,6.588203471994891,-0.38481733507120947,7.44316054195708,7.303526208805195,-0.1361771295410081,7.430077412667676,7.327252416627692,-0.152109503366358,7.570081753516215,6.676163158816607,-0.2877179492029862,7.457826561315567,6.704908756763403,-0.155516616649575,7.559962257302905,6.650624056140621,-0.2794910370008059,7.312270676416076,6.2946566515436055,0.06039649628307243,7.168196965204918,6.433526683082711,0.09486414964018418,7.3862815016542855,6.554154192295867,-0.15477973748221932,6.858862673496019,5.051796155529682,0.6327482066498895,6.909798018733454,5.206427943505783,0.4259983702631217,6.9574197236141755,5.421940997893465,0.2527198997682854,7.424664442927825,7.543615488696876,-0.17379895007150598,7.364366760084133,5.379861908306537,0.0412346523786498,7.317115062900065,4.994697467800785,0.1751360202950651,7.272658423856936,4.701117432372869,0.30743527899261364,7.020571751546341,6.088419504392887,0.3232105401748109,6.842743052472107,6.299144602041822,0.47553100775093454,7.4176728689223275,5.922923204706159,0.2224421940587472,6.86881502337532,5.894372610815708,0.4209709442573808,7.455169363185158,6.059301755847719,-0.002373696662609363,7.423108696280504,6.426702969711796,-0.33559615495498274,6.766715756717191,6.46119011566188,0.5829890465929621,6.8989670791497435,6.364651678962148,0.35669556706519523,7.009352946751659,6.368216038819875,0.23662119435801662,7.180277216490264,6.289646547326752,0.16678130409510536,7.308026302413147,6.192136661848161,0.13429528236036134,7.400123932452461,6.099764740388934,0.10342102406316184,7.5428626158932595,5.832873117258464,-0.09037098697997664,6.791802707130664,6.753670485358139,0.497654637594814,6.810930247866177,5.914146236419221,0.4882915410441974,7.609288997650639,6.52287282731602,-0.4858888124928088,7.4097955622066936,6.290383705517769,-0.03820117968015555,6.71737401605743,6.346268439423378,1.2708716143968488,7.466223164547547,6.003349163387705,0.09436869290545154,7.388406545858041,6.58803561136031,-0.058151689543453934,6.930282730557081,5.978133638871148,0.42963692809283693,7.423898712713901,6.357272954046252,-0.28421928267605384,6.846306698029261,7.362221715464342,1.0769870456248147,7.424460152964036,5.877500474138466,0.2617939278058912,7.476296231223633,6.235786141244149,-0.3765990391196873,7.053938874198445,7.868733680160522,0.2796089635609786,7.102049160670887,8.098169881311092,0.42243677832011384,6.754328356185587,6.896337738741669,0.8558623566505027,6.950992447061104,7.733195146492446,0.4572794673802544,6.724077012631559,5.95179237665203,0.8713653577050403,7.429722405283049,8.17396645798103,-0.17663577247405451,7.633399499181244,6.59127710735918,-0.37173117000437117,7.344483489342712,6.432566663113015,-0.011193095554537796,6.765487874032735,6.178377804216991,0.6684818517431045,7.0909539298752815,5.999057645546978,0.2874435015298227,7.17030272329321,5.980400828888868,0.2512646909265711,7.404897603179753,7.381287826350604,-0.1384860949812846,6.831563534208923,7.054178164890296,0.46266565084862926,7.625010038954991,8.360353906517243,-0.21195862777229355,7.344670636092757,8.283603738582764,0.06777542209600429,7.227737489441558,8.21588804429168,0.22622093337585303,7.568851727930041,4.936663046321664,0.11694716479993833,7.828806421048825,8.343704988768968,-0.2736264060800856,7.25329159242957,5.94680048709978,0.2367738314616435,7.335599018819584,5.913833729918668,0.242999965437824,7.39618170759178,5.895630494124217,0.2610551847604787,6.762731388122721,5.924267518383963,0.6089976233203495,7.3082055918568924,5.780627387620428,0.24912404371968133,7.212870751622145,5.73978939527855,0.24383763911255424,7.123284602396412,5.739807609943154,0.25992922383898903,7.042250059626933,5.784286749454322,0.2914201690712425,6.999784890580466,5.84641732756754,0.3272993752280361,6.7003836626354065,5.965916599026131,1.1715624950632209,7.038547125458104,5.996304016839256,0.3293265602533325,7.6892985190983065,6.785322572335213,-0.32321982608225586,7.415623540579277,6.9351914040926115,-0.19588166388570602,7.460675191999458,6.550419114601267,-0.25641093636820056,7.570569620807363,6.815838207101136,-0.30227872083646595,7.622168551276826,5.650976833573042,-0.03788084935614308,7.174034229484946,8.004473646590096,0.12173686264633059,7.295927479312911,8.093254064769834,-0.02679126599943998,7.598419485836003,8.206811426914497,-0.3150937641921823,7.01373589506569,7.951628261621288,0.6617876499947755,7.387334380698432,5.838913242901136,0.2570678027104684,7.496004498324744,6.039624917971806,-0.15017684039653215,7.806339525135982,8.191494679734289,-0.3724842437050233,7.4715132745888955,8.33053042900626,-0.09057820111173566,6.806988737306069,7.219747323235438,0.7694193978073243,7.560320836190395,7.228563220903588,-0.2420077796204636,7.548851311894699,7.2657932810528045,-0.2676416833755817,7.542775471223392,7.315859322493274,-0.2963542895646757,7.541064007051224,7.384322889483967,-0.2957430268495956,7.525947978331942,7.585504931481754,-0.24587279305361476,7.421645808707634,7.30067114941615,-0.14177022579558787,7.399988215343649,7.299064687428168,-0.13487393278991958,7.380832816885801,7.292108114150733,-0.12737811838483473,7.276722794115546,7.216640115744234,-0.08232595356111773,6.92974629082699,7.044570107887033,0.22811804873124106,7.500037439358157,5.935237032278775,-0.0383154733522593,7.461853073643826,5.749588527685009,0.18723968724606013,7.418001447185765,5.778196265621275,0.23724047063264664,7.444467712005104,7.299963277548613,-0.13661223903829484,6.954069653928256,7.446337750904409,0.3081414990400758,7.5253422514463,5.720219345338255,0.045947216924137904,7.47785626367439,7.789460602603299,-0.22048157291806839,7.6189299124802465,5.998989072692,-0.36458474902785015,7.543594773980268,5.9407482183473705,-0.21253613978531405,7.619599212116858,5.890826465622585,-0.24506322264204133,7.449455672904204,6.264927461708215,-0.17664149803958248,7.787668422466417,8.002541463540968,-0.3967407527370646,7.775617457504551,7.7850633682778145,-0.3563416757752127,7.621382820646867,7.804748063460027,-0.31577491675392166,7.254666621032,7.609898296039145,-0.04485985613593969,7.323926633161244,6.738017302608193,-0.045290345001396816,7.360581681349444,7.727867892821318,-0.1336709836598296,7.101294859266126,6.797962835269549,0.027836114742616647,7.238827005832582,6.917856757794551,-0.0442901344635401,7.0430650765803735,7.085473101581025,0.07741301654404342,7.597512324108687,8.02199258243591,-0.33763175533390116,7.412782767201686,6.377522660981463,-0.1159643764994874,7.183145133289617,7.780676134160347,0.03618872989440747,7.310849218276421,7.897077126884892,-0.08158385107082425,7.165216903215652,7.4562350996396125,0.017673573549091867,6.873541550264815,7.315172165342346,0.44081318735965747,7.060947591417687,7.5427054697672675,0.1292291167094984,6.866337828989229,7.509554780188688,0.6553459534988926,7.174878532761867,7.1521902036714895,-0.017452600760598715,7.455987237340889,6.161283877211928,-0.08902089193191237,7.453029318669376,6.472006769234136,-0.365670084104268,7.420418640323751,6.554459912940979,-0.26708408249102494,7.474085470951155,6.347894187526822,-0.43332954954714775,7.368724707878119,5.6400366060017095,0.1862951698309804,7.192764619102045,5.5823182625260035,0.19347605581013375,7.046219427909376,5.594327083754081,0.21629271346277357,6.939057198792014,5.657255535606994,0.2695192893965781,6.877908069665674,5.758409425457168,0.33939315358047795,6.885186792501393,6.041247094572387,0.4744854056438726,6.7198883540733005,6.5842012458861054,0.8994566563272507,6.968252091799031,6.2035461848957505,0.3522428628358627,7.060671871396629,6.209197016726307,0.27083237474621985,7.180521507286124,6.168548314036193,0.20981927523519175,7.29682178362992,6.101567635034406,0.18179003147523384,7.387978679814999,6.031504034760885,0.1685461287522418,7.447877068638557,5.970319904906483,0.16133336711003213,6.751023287435746,6.685731929288373,1.2748367861634269,7.4395333236489565,6.6123389740455405,-0.224807756658463,7.492336564883977,6.136299786080922,-0.24864892222937748,7.5074197357769155,6.4380639203204435,-0.45650342445181163,7.575599011139678,6.520239915405082,-0.4401876832769093,7.5208871587744275,6.478771195657518,-0.4119715606296212,7.476718382862093,6.663671470401391,-0.20648523266837174,7.585132066582809,6.5232714070355815,-0.46990035491155624,7.60868398506557,6.582358350408563,-0.3655098575570563,7.451913581174833,5.871358560664183,0.23519728081014335,7.488535057236117,5.881226265925621,0.1579136977620608,7.508670476079697,5.885540641384673,0.07363375266245452,6.980782352445173,5.899345928553068,0.362272357177014,6.909592300168519,5.875401501905613,0.3766360934618956,7.702775942303836,6.010707173586993,-0.34632325309293815,8.372339870126996,5.7164699816322,0.16093167348641157,7.738785977074897,6.542933958900041,-0.3815273559209673,8.761812257386644,5.200611751092649,0.6879039968210674,8.0894754147403,5.87389682774924,0.07770497574218432,8.18977250105353,5.87254929971886,0.06849341694196945,8.289936727460242,5.852725315924972,0.08431622933650966,8.42536168733726,5.771636843462256,0.158315782018807,8.00003069702796,5.857531844478609,0.10461457567634234,8.202420621294166,5.4001998313624755,0.06779061214412041,8.079797356280913,5.442372494324426,0.08930396143620721,8.319414483494045,5.417294115517825,0.08252711845990177,8.40203048773146,5.478163953120243,0.11117450007795197,8.515275700525857,5.854814287949806,0.18579753671169033,8.177120809310031,7.865266465180681,-0.29957636551672645,8.406289147745843,5.670360093913579,0.19249246392153851,8.854317038752392,5.8340645706137115,0.6008878564120904,8.634168173647948,5.762554868830779,0.28984207820913255,8.179283711444139,6.399558833648974,-0.12973219637065525,7.831409332335711,6.9664920551879215,-0.38817789604679065,7.837005877322743,7.117603055641229,-0.36031352178776693,7.968257893254101,7.023611814783712,-0.3551606021001614,8.067070662977281,7.094614006009749,-0.3046489040680114,7.943684524952393,7.131059049829578,-0.33734482972260843,8.033124242560724,7.154541681156788,-0.28563743717555984,8.213717999151845,7.349141443377229,-0.22128616554752586,7.7074753257715685,6.404183215556574,-0.5376330584850297,7.71016752463004,6.263809581311953,-0.5493331679343474,8.526390217436926,5.376403264933568,0.1532269484857076,7.95482261378236,6.067396209937451,-0.057951160818617446,7.9694450608059135,6.4196242510364305,-0.32354155152457437,7.9758487654400865,6.3607094541014675,-0.28487215339949323,8.504334758653952,6.378806973411161,-0.04334059183232202,7.70299737548137,6.118373698908674,-0.4666854666090182,8.253151676567812,5.2394650592933045,0.034766403991166456,8.40603342814082,5.271233220113441,0.08546245295627618,8.607944771023323,4.914295081038138,0.5521160383217648,7.818534064512959,5.4546156061403455,-0.007251340151167345,7.981287450000554,5.535249426288544,0.12643384651057687,8.285135913311187,7.2069384853659475,-0.18604984106710046,8.926012815834511,7.3521922211231905,0.592852644626106,7.90068148757469,6.515096951281708,-0.2869696077436281,7.82001552390072,6.572372428402345,-0.29884590389357857,8.18795889189947,7.228821797710903,-0.18434053095759786,8.164772695309926,7.220367336132534,-0.2020342472247923,8.462150309732554,5.178018781128725,0.14953692753191924,7.98530539072194,6.510324709155561,-0.28032973748260936,8.063097723191975,5.29807377843287,0.0032956586768660362,8.070644308742454,5.164146706856784,0.004582124122889855,8.127951929388862,4.587721502157635,0.28032663473949676,8.519501502713895,5.031510019265264,0.32580512539564566,8.075415836568027,4.846436526632514,0.14041958386114764,8.59155157288007,5.322644646682574,0.24551577669862673,8.670184637124162,5.260359422495369,0.4588210173036927,7.836038000046747,7.048546619175203,-0.38655464799535083,7.954994045919806,7.080703002356596,-0.3532639108607384,8.049991736284245,7.12502821009435,-0.3048788195648462,7.880802502636706,6.55449205646675,-0.2680935677753802,8.17884870239537,7.224013840556121,-0.19313834789250128,8.122513959128966,7.2308561257419255,-0.25492646352489884,8.15259172764383,7.217937999884813,-0.20347003601968655,7.837465172590983,6.4250236490654,-0.40929878181796964,8.020626839740926,7.174117802651951,-0.2704007139813856,7.934782196914948,7.158567479184473,-0.30141272067964997,7.836088715387408,7.163696157296393,-0.3235874899801555,7.888826240969741,7.560515125946167,-0.325104619752765,7.862629267466306,7.336434036189059,-0.3895468084505667,7.8531962141033524,7.264422538253811,-0.3836739184294747,7.846156067658912,7.206447760872509,-0.3460829579159064,7.836025856937011,7.168281966973067,-0.32027858186473707,8.022500450143093,7.176950718723243,-0.2679096576998052,8.037340044540745,7.198772601218947,-0.29303163116323294,8.053818958752721,7.235091928137982,-0.31951972679382473,8.07017358466505,7.2760620660858075,-0.3136775740192513,8.12929981456953,6.923181154263388,-0.2579472406468082,8.991681324684267,6.589530642458951,0.8663985579604065,8.09117973590674,7.19779400943436,-0.23181729978774215,8.103622137582441,7.214655788753299,-0.24874309829550817,7.800820838911373,6.636059467463456,-0.3171605036116915,7.958999843531457,6.622094891267351,-0.21852684475711426,7.809539591701637,6.608177458909044,-0.30837831200181576,8.071492897822809,6.1446249592556335,-0.055059543749481,8.242322879885819,6.222639439203776,-0.061920244496925694,8.004303643053797,6.444048330518447,-0.24135749823660024,8.402464782479656,4.702697465239662,0.40065779850255767,8.327880373881575,4.887874888605738,0.22310883739010376,8.285461634372334,5.115539624336035,0.07418157655792255,8.125369018518011,7.427648790720527,-0.2740578882697766,7.837889467131161,5.26160337694271,-0.01746343803960001,7.8328872202206075,4.876569653441761,0.10361314859532277,7.855394831266095,4.5642542282927385,0.22597224516709216,8.376430669506796,5.821997176738673,0.11922486842921318,8.632613855601772,5.952670252055866,0.213390063798073,7.939783015224356,5.835786392144183,0.1298740185171737,8.511622767397117,5.5674436674002905,0.18335691674710974,7.8705415749100025,5.9771021888441815,-0.07166435901786734,7.8917698736298,6.339881163702377,-0.4017018827209026,8.767459517714338,6.060834644876714,0.2825342922688621,8.55842231231867,6.037288440798535,0.11085424788056464,8.41697294141158,6.085483014738554,0.028716914314423074,8.216585201650625,6.081668649680386,0.00881366129350507,8.06810568450711,6.0433578527646885,0.014568912148795476,7.95269328377517,5.989323157342349,0.013717663972947521,7.717332673674702,5.796164139377025,-0.11976762525499368,8.777522584182407,6.369279632372612,0.20116965334722878,8.589917253169753,5.5568102319249295,0.22716796200388362,7.687212761426049,6.506972496567923,-0.5002922371032605,7.951492544512476,6.187935860180167,-0.12219328955133354,8.93668375208994,5.890922539049612,0.9255182698721603,7.866627207771657,5.9217281798480474,0.024289059932357717,8.023029032566885,6.475865420927812,-0.1441678984382354,8.46281318066401,5.679594214567039,0.20486845796587194,7.897262845033792,6.2703561460606645,-0.35165760512600713,8.981232535906946,6.96296626756112,0.7558972415284299,7.930582109547526,5.794763753104265,0.16531458831760287,7.797492198242634,6.175894181125745,-0.425503359966247,8.66394307871999,7.602851006588977,0.05980558555384075,8.70412605743671,7.846433216281116,0.1952010693712891,8.919642683327256,6.47481111328252,0.5310900205953963,8.788907106709951,7.412474903654857,0.19825809724726245,8.766946649903147,5.5276642685071415,0.5623021430634786,8.22676184190975,8.05370467066109,-0.28167938609281573,7.694684345416395,6.577839684985721,-0.38061564052749913,8.050287456721339,6.300299626067862,-0.11448231442061851,8.72922515095992,5.795764131056318,0.374054856733013,8.272034926507464,5.770496462597954,0.10781535654256974,8.18824032632511,5.790278302658053,0.09244808933826308,8.139848605427026,7.254646620615965,-0.24685671977060342,8.792467895064815,6.683300450138933,0.17693030985082497,8.049280292913844,8.299334065794561,-0.2689879390580677,8.392860296979256,8.134998504538457,-0.07765500260446209,8.541396243868014,8.021162565170444,0.041415733154300145,8.100514215790664,5.797322020605357,0.10149928765990887,8.021933295488378,5.798198110257762,0.12707417233020835,7.964754963245626,5.800464228824624,0.15746455895508857,8.671733240765755,5.540476677879496,0.32446840116142645,8.01076592033493,5.637755129972535,0.13054874237375885,8.090095427637396,5.557295599164073,0.10677675234893089,8.180798028658243,5.527477478907382,0.09898124420981648,8.27469355323902,5.543491383446537,0.10902869651380306,8.339707048463618,5.587384439337813,0.1317295928298812,8.86217648795371,5.509478890227006,0.835519344202984,8.331011867592252,5.745730947442192,0.134884848195546,8.018168217169725,6.8304142245874635,-0.280010355839045,7.895077799581931,6.472470350305812,-0.31401579534042035,7.818081197949873,6.771231564937741,-0.3369352006660632,8.524966616395552,7.785787669058522,-0.0569122106356387,8.3863044463231,7.929308511626418,-0.16709359853767508,8.028537718583477,8.144049407095022,-0.3716516817437664,8.826510746058686,7.646811921034659,0.3920847630291229,7.955994066721574,5.733097827513583,0.15097201318718728,7.789469174210171,5.982776592593638,-0.19709452393624208,8.229935479354216,8.223783922822202,-0.19761522673184076,8.918553374953902,6.824821965403868,0.4575414371152887,7.936342943666277,7.161543255370303,-0.2985931084565247,7.949297498852597,7.196473981976028,-0.3260730997198692,7.963026355859714,7.245197138339838,-0.3579339410393121,7.974411592687833,7.305935544636881,-0.36040937199586487,8.019466815610876,7.502357487618256,-0.316913467223005,8.108775101913832,7.1906810043315055,-0.242018270910125,8.124295424757257,7.177048577901702,-0.24470616164326753,8.1416200708473,7.164819752097236,-0.24479553850242547,8.22515037981776,7.05332957580994,-0.22027634543477717,8.631286685137713,6.725879907277031,-0.010600083079578078,7.7910227779557735,5.8754993610840724,-0.08627598550383875,7.847178946079005,5.672502281331078,0.1252713446504155,7.90888451535147,5.685251832253036,0.14857633835395398,8.088409678285846,7.196591127269949,-0.23239628504569382,8.692945110572381,7.134788413119597,0.06441044696610282,7.746627568761896,5.6703450936015525,0.009771742746315244,8.105122168785092,7.687428480199002,-0.30154113852948405,7.710134666803697,5.907553599283571,-0.23730049420264557,7.8743480826618715,6.182681465167453,-0.23854913624749485,7.941760913510137,7.755949905536084,-0.35565550078757163,8.334981950175267,7.4276773627434345,-0.18785522460362997,8.115976680287702,6.596032206271582,-0.15256291681581993,8.231999093708719,7.582662729503017,-0.24694922169476688,8.361298926174914,6.561995069682294,-0.14185108685260575,8.228765455016148,6.737370860589908,-0.17808803482590646,8.483130746153627,6.819222563214544,-0.11666494910804678,7.993717708566519,7.9601441530489065,-0.3906268309164752,7.9516604051470585,6.2778591592762085,-0.1935581557322074,8.452572967653914,7.568567436302111,-0.13025555547150863,8.320753082767267,7.735003755542499,-0.20928582663874912,8.40283479017631,7.235774085184902,-0.15520878658558462,8.79020999095454,6.959024042700439,0.1675025021327012,8.559483048669117,7.281336461514556,-0.07381647409723276,8.885716263326733,7.141424979740467,0.3590370220205827,8.333393345701603,6.943908013981157,-0.17594270002150839,7.86716436180232,6.081165067776639,-0.15583573043042462,7.861539244792381,6.39399371788714,-0.42578006215059305,7.938681563741267,6.46297943859647,-0.336104848572203,7.799925820293791,6.286034329330655,-0.48228088030014765,7.9138067605978835,5.521568427419798,0.10093938762038378,8.07354794057044,5.385562384026896,0.07036779744944231,8.222114602383824,5.339502497348362,0.05453740677226371,8.35206516267174,5.359440054933308,0.07168872894443719,8.452137958605146,5.433894103676872,0.11741509864072948,8.534966110112652,5.7206318539189835,0.23327130324724002,8.900946580137646,6.149305770908476,0.5675126978785431,8.457302351745701,5.912280483323352,0.1320607269500556,8.34455500645047,5.953569556476884,0.07923929337232413,8.206840713237977,5.969153094920992,0.0524961087301834,8.075452980197808,5.954991371766825,0.05804885258287936,7.97305442159972,5.92288106097237,0.07581012047845208,7.897972859803047,5.888299270196405,0.08566519154850943,8.972635214214039,6.240645528040164,0.9320230480373689,7.943968102279752,6.523993564914572,-0.29284865860715964,7.786944835986282,6.077227128719394,-0.29687023779708743,7.776007465617241,6.386528562601948,-0.49524110524726345,7.732843710610682,6.4915686047178465,-0.46200327099881594,7.782162593652117,6.430990916049659,-0.4514478282172352,7.92353767729965,6.588647052650533,-0.2627210676273509,7.714886908513808,6.497180864317477,-0.4882427453863255,7.720907748041019,6.565628002394999,-0.3809689960920521,7.894365641910958,5.797261662206965,0.1551216977204486,7.84006594097615,5.816129911834591,0.09855193840468288,7.801478709738821,5.825679753341181,0.024629421365008265,8.376690674915254,5.628570653208877,0.15791234728754053,8.458749524705972,5.56924191909204,0.1574521144997987,7.087133850412531,5.84913702699806,0.2885192605141879,7.174989249350634,5.827505862755265,0.2889020140116857,7.080739431685803,5.7295306104535655,0.2889847835905462,7.005812158812831,5.871124270076341,0.28891723754264115,7.097519780739455,5.978758294721965,0.28889045127116525,8.112961617570374,5.656595521877827,0.14400908933122267,8.212705120939768,5.638559075267099,0.1436870067386178,8.10974869359441,5.530811119680131,0.14368805586758393,8.02014968695837,5.672659070306784,0.14358112283966284,8.116420975243914,5.787502887782863,0.14359730621201286
7.627236142593946,6.985369627715691,-0.38386769106983576,7.544286738302203,6.385396823165157,-0.5319150274511759,7.59445683755181,6.620715229863119,-0.32248552460305596,7.462463929376416,6.016378200992731,-0.3086734254347406,7.530594162195091,6.240309109673041,-0.542331281206766,7.52995161190435,6.08951734077916,-0.4748932648310062,7.541756341139552,5.7496238742631425,-0.13438762300774365,6.9471997237742436,5.952841776281421,0.38650337336723956,7.5282265349622834,5.47937710189909,-0.012477814158575263,7.513116652129798,5.298618251663644,0.005099434969299695,7.4729295383154275,4.612669161833403,0.25004444302967666,7.632380098848472,7.044601534107615,-0.38160801441823045,7.641533597348648,7.10424143150273,-0.35678917625756296,7.649517142553957,7.151043117225987,-0.31923949949284197,7.651669401713652,7.154651776325645,-0.3141677546250424,7.652860678580113,7.200866353044309,-0.33950513318039127,7.657391226758412,7.26214105759507,-0.37267219404475704,7.663462758377335,7.336643484392163,-0.37710225489191196,7.681927549807494,7.554260483523081,-0.311837821247441,7.562283832728703,6.489331465049633,-0.49194177129026395,7.507352179941848,6.540235095162121,-0.3526606440399989,6.664624017706604,5.616721515759205,1.0307708779830265,7.212745003994375,5.996947451769302,0.2253839768122123,7.119262466120235,6.036680373508691,0.24563257385453904,7.032614132942413,6.058866838967964,0.28789131707350823,6.921353422643485,6.0214766669611866,0.39736946563527714,7.292024621614553,5.947023284378762,0.21979129264792685,7.017089151249538,5.611408037110497,0.25322360985811765,7.13709181511685,5.601703679677439,0.23483889288171075,6.922796317654773,5.66888217041724,0.29588130377440414,6.873821759985947,5.750525861341627,0.34088048133623944,6.867679149795038,6.135304024494478,0.4428935584512187,7.363416650101602,7.9382077381694325,-0.19396093977175732,6.916217995817599,5.9195507055209955,0.4288817507076803,6.67608543743912,6.235140275918321,0.9491349168533436,6.774438989851364,6.086565447684641,0.578832660094983,7.165558783196681,6.5443078973368385,0.0183855554814358,7.5135886138477765,6.970551877814063,-0.3462257232218035,7.543510560296132,7.122469531288179,-0.3238851061095402,7.411237602547118,7.063144511966956,-0.2733988626989778,7.347978384266547,7.1618527464534045,-0.19506114721786388,7.4621661101598,7.160236419726474,-0.2669342221528713,7.398832970164366,7.210539435905693,-0.19376827241757158,7.271981885886337,7.454257197455075,-0.0820744215175994,7.474036231681228,6.403622079807728,-0.5093514457434184,7.448471401695528,6.267050290025086,-0.5163336271417878,6.767051083079286,5.713117564298994,0.424681940009648,7.326455081883892,6.14687632679929,0.039768055655400536,7.31238792170242,6.494134954944352,-0.22816759138755904,7.3077699468805815,6.436748959066868,-0.1865040645727996,6.907145526889485,6.640107596657677,0.20020703592106492,7.452668591371219,6.1266203553551195,-0.4271176693992376,6.942942117312366,5.509828939101591,0.22256411216515343,6.82987530049931,5.585587324265652,0.32019041972572715,6.7051523086665,5.305357211073503,0.861568337373696,7.347047965759269,5.524892620862286,0.0557258058974203,7.2499688521427075,5.648235977612875,0.24496994386721266,7.191547952257129,7.343830238805526,-0.018680762005229477,6.893630647212333,7.6586443419825,0.9057330080763246,7.390150011810728,6.560284227961816,-0.21481292725407203,7.46636969690697,6.590715096985581,-0.2618089906596533,7.291106286464513,7.326327140454319,-0.039738036064763914,7.312210225272459,7.308166565312256,-0.07429311706163952,6.7821467501973745,5.517684542877328,0.40093130172564023,7.329933667196818,6.580203997760499,-0.18771015687910947,7.10977916304605,5.4866399103844765,0.13428347068773247,7.078177629941698,5.367386770058741,0.1401356027457886,6.985162789071216,4.829958844140332,0.4634733816389936,6.745173809408147,5.392761820257242,0.6039914093141131,7.0374581376231635,5.0589722261104,0.2977816338205198,6.724057787242963,5.6788715529239555,0.5366541023900339,6.694163561437682,5.6473610003917445,0.7733476573353603,7.524738709435,7.052676059885065,-0.34554401308031,7.4369978986057745,7.116444911526765,-0.2768596339448003,7.372657575245318,7.184642668988825,-0.20466384008092903,7.419866541186048,6.5913967404909135,-0.21004733112304233,7.3022201319800235,7.317232637168891,-0.059318116925521774,7.344664701240625,7.308182202598092,-0.1396915837914223,7.3241720381517466,7.300277554607685,-0.07958945911088357,7.400545963749194,6.464607494570512,-0.34139737803894366,7.4202923018322355,7.22360936372222,-0.1841960544922448,7.4837327704713665,7.185703872068555,-0.23686863035294586,7.561521870437028,7.163191155963874,-0.2873075176649235,7.567310509339453,7.573272579957521,-0.2888990779519273,7.560056230282706,7.349498754921298,-0.34874345951382035,7.554527738953744,7.273547746827158,-0.34257099632267807,7.556119898966199,7.217374351387732,-0.3053922608555017,7.56336138387999,7.167769326785402,-0.28192076145090966,7.420117448545153,7.2280013086851485,-0.18063319664740946,7.407547913875398,7.259078992713974,-0.20459191745090213,7.3963317152162285,7.298246129020365,-0.22739401219177546,7.387905350507454,7.345088329529654,-0.2151035275532203,7.259302179430005,7.0256420358164435,-0.1317588930831621,6.762767888331494,6.969352071518963,1.2169602199663105,7.579766318294034,6.559230843525005,-0.380237486278045,7.372772011746214,7.263759516679159,-0.12245283109183704,7.359013332567156,7.2877044660093295,-0.13803697458986278,7.488647142938381,6.646129373276212,-0.2807101378856358,7.377895355214863,6.67372918277783,-0.14606555473414096,7.47799601892649,6.620820426149657,-0.27260487062580235,7.240163563137433,6.265293227725627,0.07391811651127297,7.099354779678789,6.401851512579592,0.11194216500180304,7.307909260881671,6.523786802819166,-0.14157844222694152,6.806006405241163,5.041216088042928,0.6567427713294482,6.8550719434821294,5.196187632362363,0.4492307018088278,6.901025661841611,5.406532582793537,0.27475477530779896,7.3518116516536764,7.506072054860405,-0.15944450774839833,7.291942881256771,5.352818861337638,0.0530554561371337,7.243671290664873,4.983888376594472,0.18898768315026387,7.20021598411065,4.6969445368855185,0.32143676027342327,6.963242157471167,6.059688507260105,0.3449420886358692,6.793505106000513,6.264972663365976,0.4999754713129304,7.344762078884244,5.899186694647409,0.23292625735782024,6.819175843058469,5.867784181544614,0.44512764681690953,7.379842908087242,6.032702816620434,0.007308322371763251,7.340505893993806,6.398389275338222,-0.3219588990208114,6.719439812421124,6.425188740119294,0.6076978458743573,6.844992291188994,6.330142473661493,0.3811082432089638,6.949782719080164,6.334558585338895,0.2586534574563972,7.114916011443376,6.258847112032344,0.18394255942887788,7.238940300913578,6.16367006100209,0.14787348263667663,7.328047241896346,6.0720888749285375,0.11420857190569311,7.464322634033813,5.808094884541971,-0.08347148750899695,6.740845124374285,6.712763402154611,0.5233882642594738,6.764102033127645,5.888356452634116,0.5141402756826656,7.524059909072546,6.49395725851439,-0.47714574477719807,7.333307767008926,6.262052755628849,-0.026677265167392883,6.689639410330862,6.307798213772415,1.2890183435210691,7.391995922325168,5.97651662703805,0.10334377904279961,7.311036007263273,6.557708340513094,-0.046833249051629056,6.879611820459812,5.9474632607393465,0.45197175808919876,7.342678055153656,6.329097618653319,-0.2709790815639772,6.8182020666222805,7.311642307482302,1.091164919026898,7.351286381006711,5.854058909294389,0.27269778364661845,7.392897909403652,6.208929341713282,-0.3641945194918318,7.000087867616542,7.816442325716902,0.2960171082710022,7.052354073953975,8.043466573849981,0.4351991253374562,6.715551814533566,6.852128579816248,0.8778774934119915,6.903381205717181,7.680857106513406,0.474873407254958,6.685102465081085,5.92349876480188,0.8965206032096162,7.355503472682557,8.126782743573164,-0.16600525985106024,7.549539444771865,6.562494060764817,-0.36579916267849155,7.269485606438238,6.402911294087882,0.0018691623699510873,6.723205555164868,6.145786692290766,0.6926182145431259,7.0301626329946645,5.975525080958865,0.30755518180099295,7.10774915903017,5.958999668365307,0.2696489127254467,7.334163553015621,7.342603422653072,-0.12332321041784217,6.7808289534727795,7.009467395975629,0.4864980855825012,7.546903851322676,8.316360667627599,-0.2078793680413509,7.278251726721098,8.231933539824297,0.07808914038765154,7.1689087162943155,8.16182305799013,0.23817829746586952,7.4875937585015695,4.9262369022506265,0.12326124989391997,7.747965229466942,8.304541722678001,-0.27573950228648425,7.188255592802802,5.926390951895933,0.2525398117835721,7.26703268491905,5.892846130633523,0.2562434274129907,7.324500421154315,5.873311606694997,0.27268401217329646,6.7194056947065715,5.898377465105365,0.6355415437260981,7.241391090075607,5.7539386989754675,0.26397180054487585,7.149986178860576,5.711662941323329,0.26116672912561123,7.062311471103297,5.710525684171576,0.2796423600379972,6.98343842291487,5.7541032458696115,0.3128542004027133,6.942876014240421,5.815866970995626,0.34930511350482113,6.665759853286917,5.93489941235535,1.1930806629223658,6.979825499100893,5.970450070919165,0.3504898600274819,7.607712280441218,6.754076400549217,-0.3195511790309944,7.337918633973567,6.900873553697564,-0.18320503039632272,7.378545724148522,6.520872581367797,-0.24537953413827387,7.489489424016399,6.783882488925238,-0.2943570237981945,7.5430648976497885,5.627039636661348,-0.03379801646305155,7.113357258359755,7.952368722065923,0.13657228955385145,7.228439863474294,8.042746547915778,-0.014053244329800008,7.5187908545313284,8.164414582724689,-0.3082978418179632,6.972195214398347,7.897004200775682,0.6749886851820015,7.3159297669444125,5.814199467696867,0.26952190420213173,7.416928153020204,6.01366513190008,-0.14093922374426254,7.722885866127897,8.154088998572487,-0.37206771521413556,7.398345371160552,8.282223761860557,-0.0821881527857882,6.766821499291775,7.171812275959886,0.7898294454553633,7.485024268124326,7.193999452204878,-0.23243916923124205,7.472895420600875,7.232270998504263,-0.25761993059563365,7.466787638910239,7.283790169050138,-0.28500661544156713,7.464974424538912,7.353437929380684,-0.2837657834831998,7.4495958647043246,7.55048550056498,-0.2344121993292657,7.350485325500444,7.260491323939307,-0.12776345549163926,7.328660649972574,7.25803484849152,-0.11975251171803475,7.309645710395254,7.25018777414442,-0.11135563351060765,7.207218645022572,7.175889342848922,-0.06458973140593399,6.871970873971468,7.002532970492812,0.25111348696437874,7.423243484141036,5.909922402159962,-0.03013558475778324,7.3886417245132145,5.723831592847092,0.19599667449750363,7.345371933031872,5.753209077434045,0.2479259017675683,7.373468581751663,7.261247599945223,-0.12352287456895764,6.90019759647799,7.398311964231719,0.3288246004093409,7.449696085490823,5.69255346724527,0.053291603586525654,7.402824031981301,7.7489233686172945,-0.2089000563350497,7.534985396372299,5.973711155801818,-0.35791423899181035,7.462896087094082,5.915482878846317,-0.2046691265497204,7.537509396463472,5.865692339171108,-0.239558065820413,7.369899726652316,6.2372491771491045,-0.16561554936810094,7.703784210692757,7.966005856886889,-0.3948912223748192,7.692732203534872,7.751012367847922,-0.3538814407258881,7.5418707776404466,7.767363993332978,-0.30850194837982775,7.188448926518601,7.565536388182718,-0.0281974692317403,7.248845099919631,6.7055240495979795,-0.03146785818840607,7.289927092955288,7.6848076535443095,-0.11916675764872045,7.033749257737007,6.762236220613049,0.047361612727079234,7.167331482781977,6.882285796337872,-0.027170156193012,6.980045842674046,7.044740848108705,0.09857471783138565,7.517591048236229,7.981399343221592,-0.3296419595630563,7.334855147521031,6.348689716235153,-0.10412796449424652,7.119411020335682,7.732551841132082,0.052849900238762314,7.241690330863662,7.849757563191802,-0.06804694872315725,7.1012440481221395,7.411074832617273,0.037007988633530414,6.823892617095367,7.26731060213551,0.4626767685434763,7.001189585482304,7.495231151061315,0.14904185887572716,6.8239416613100365,7.458666201275279,0.6744609712091234,7.10793325253161,7.111786421918895,0.0017176470100883768,7.378356655147043,6.134321007843931,-0.07860432676221739,7.369648819293211,6.443340075047001,-0.35247370739567946,7.339075082339757,6.5246710202546545,-0.25445697856642663,7.389101602873955,6.320255444298435,-0.42050856165557243,7.298340663521104,5.613830394843731,0.19838973453184874,7.127273731968618,5.558645702340611,0.20982607685568652,6.985129382142384,5.571922824194473,0.23638449642951578,6.882419424053203,5.634479430790976,0.29238450457740695,6.825693037323737,5.734687423146299,0.3632371355513068,6.836037812690375,6.011130470023109,0.49757345982092593,6.682798097777345,6.544223313836177,0.9232305978382026,6.91270244964724,6.171915886138024,0.3744492027684794,7.000552721477321,6.17876146340586,0.29095491458631306,7.116647485456921,6.140871609038031,0.22696456434466603,7.229506042054062,6.075639960384888,0.19596257899500477,7.317184303739941,6.005792469267066,0.17911080469576812,7.374813388333611,5.944489688680371,0.17035617915072107,6.726244164117209,6.6426188026058925,1.2912134275203835,7.358731150636377,6.581902775630931,-0.21322172235992812,7.411035028616961,6.109902675224343,-0.23799904619214587,7.42179419205827,6.409881969642411,-0.44488344749803493,7.490760308883483,6.492323162144465,-0.4311894498194827,7.436663829317447,6.4510442814644104,-0.40096253187320596,7.395795071997744,6.6331333671745485,-0.19690912345330214,7.500115670528096,6.4946339265196835,-0.4610206378162352,7.524718807434844,6.553872940768805,-0.3588407037535221,7.377859815928871,5.847372903420658,0.2444672406668516,7.414300378213934,5.855618017770872,0.1657195017796284,7.433491592649775,5.858912864975217,0.08085329720391748,6.9254049012466075,5.868840409124306,0.3842917191758314,6.85834582250774,5.847543136600561,0.3999204311596968,7.619290979817508,5.984971423175618,-0.3433212528620292,8.299109187421218,5.6957349441273015,0.13590748278525802,7.6579243160482955,6.513117909164278,-0.37911408944782843,8.701491380497494,5.174461045263832,0.6413495071152818,8.017705567005605,5.84814979221245,0.06354917998317357,8.116418776992091,5.849283850828464,0.05086689692860707,8.216296253987686,5.829991704820405,0.06288925431339065,8.35198524790628,5.747760904891426,0.13120281431765138,7.930314462750544,5.828829214775597,0.09327127903097002,8.125223990489543,5.373043558210135,0.05141579564774468,8.003258136464016,5.4138611389580085,0.07687165329777039,8.242512163692764,5.391450420604126,0.06183645294298975,8.32595698563124,5.453561009161425,0.08746539246881138,8.441645180179087,5.8278024848032794,0.15580735058378534,8.098359844207964,7.831674463693201,-0.3109986498569479,8.333052048686742,5.647526613464469,0.1656221352420364,8.794700976655214,5.8023439172826965,0.5521992970518175,8.562602429268154,5.734516123787817,0.2543143549693288,8.101875390378323,6.370935176909172,-0.14407171194175805,7.748886407759862,6.932627905731682,-0.38886429255981536,7.755673700598671,7.087744805730825,-0.3618368654711565,7.887663765631187,6.99188184648092,-0.36108296615499114,7.986768618549308,7.063366277111548,-0.3143088678024855,7.863419575512961,7.101777137412024,-0.3428786554791026,7.95307666464289,7.125149193451999,-0.2940998082158252,8.138377791021012,7.317028641667295,-0.23529093038747903,7.620856840758329,6.375474965301828,-0.5318606079195003,7.623078756918567,6.237070769933423,-0.5433461055182761,8.447378377795365,5.356081723184591,0.12315232198235357,7.879128650707276,6.0394666535304875,-0.06648956168084039,7.890910634799443,6.391474751855561,-0.3289170025529209,7.898051188141015,6.3325378215373735,-0.29091819806147223,8.42769956435571,6.349674865242859,-0.07014780919048445,7.617839555377583,6.092406684730334,-0.46232017623265104,8.166784342314656,5.217995959818676,0.01804479203541074,8.322975239536486,5.251486050580659,0.06131237619391239,8.539017848297945,4.895532025331861,0.5136804861701403,7.732514880274651,5.4228696371713365,-0.0090143149949022,7.906962308710725,5.506377363646019,0.11632312610415423,8.20981388822269,7.174692379696702,-0.2041245314159959,8.876417878508745,7.313095153493667,0.5395506874707287,7.823450672914583,6.486243101096902,-0.29077966148226353,7.741597300202842,6.543116620470377,-0.29922073057061666,8.10673716470207,7.1982527939524354,-0.19958232190948155,8.084039644310229,7.189725497671444,-0.21481848026750833,8.3794777287642,5.160934793015163,0.12259350002820531,7.908738562224619,6.481323753129849,-0.2864524424439488,7.975034257100372,5.272518200030901,-0.006163334037053033,7.980592601429567,5.1416302082570065,-0.004891088334613227,8.045215817506522,4.579416473501849,0.26468656222234216,8.443630404694618,5.014984896444873,0.29369461593140556,7.989918110073946,4.834276511995537,0.12835534008778723,8.514015960602364,5.302938762661728,0.21154135828205103,8.601041720997424,5.238199333119578,0.4196954672161762,7.753771638012363,7.016519811887941,-0.38747261854446446,7.8744218276704565,7.049862770005915,-0.3589086504259286,7.969693413201449,7.094633740927572,-0.3137087647464518,7.803567153187612,6.525618497619209,-0.2710423637050972,8.097818936275162,7.193565162130052,-0.20695936698727904,8.040735024328614,7.200859245187111,-0.2651782482440456,8.072133272717089,7.187197232865952,-0.21594962910448193,7.756722109535445,6.396803512397246,-0.4100929742615947,7.940929336690723,7.14572075375578,-0.27893048592751774,7.855082769804888,7.1307203319241514,-0.3076209739041862,7.755854950957232,7.135449900104006,-0.32662922765332797,7.80920723787459,7.529827935189097,-0.3263282765371344,7.782222258020638,7.310477329687474,-0.3904783980813706,7.772409150372445,7.237797357476065,-0.3850816242311177,7.765073130957915,7.178674201299279,-0.34836138997734944,7.754741860519953,7.139551133707518,-0.3221097188657412,7.941236396121696,7.148095488845786,-0.275466160753096,7.955658949163091,7.169875384873306,-0.3002445729759473,7.972023368791104,7.206175922371559,-0.3261044678835979,7.988535631848846,7.246787375260677,-0.32091666503497973,8.052231983347122,6.891955325270656,-0.2693901422993153,8.942170533094535,6.55066871874374,0.8073083770920952,8.010053958731461,7.168086337216454,-0.2419190516491501,8.021955354824563,7.1847009534178525,-0.2586368428401958,7.720989489827348,6.607572801903168,-0.31717342310167973,7.883860351244291,6.592610051714691,-0.22403172919225914,7.730413086901066,6.579223113467112,-0.30857367110137096,7.995547532975126,6.11633102127463,-0.06755820579857505,8.164571666368776,6.194159214454883,-0.07999047552919916,7.927695928158631,6.415079234825925,-0.24863109004987047,8.325782132344157,4.690042452152955,0.37293825002451686,8.246089548220748,4.87541998799596,0.20039461671494302,8.198355311633053,5.097771175413912,0.05582821457121248,8.049044109393613,7.396488798860314,-0.284192899064666,7.747916896037992,5.232427042288709,-0.01867140101282924,7.747485449106046,4.864839587163193,0.10119506270567839,7.771557629080069,4.559037891521006,0.22185514783371457,8.3032594652394,5.7993884702595775,0.09426114810009736,8.559982473104801,5.9231248915132415,0.17913644851181695,7.871558782790917,5.805528237307607,0.11976268483865005,8.435981639563355,5.544054693083614,0.15373613210218107,7.794200418971482,5.949787530043243,-0.07758537100871071,7.810488784527472,6.312259104950168,-0.40364939074243866,8.698914071477333,6.030832028605799,0.2415419798247718,8.48362916029323,6.008470709859445,0.08010308508867382,8.340183361813956,6.056767177951539,0.004203618329932918,8.140393579322495,6.052688689491062,-0.009283403614124938,7.994258167679326,6.013697828043192,0.0015834435166766606,7.880421569931676,5.958884165685832,0.004316644712478638,7.637131701385642,5.771220032182082,-0.11937780547738033,8.708334825408171,6.3378232241501475,0.16060787516932934,8.515200129611626,5.532557734065105,0.19356847499413363,7.60230391189891,6.477795412816533,-0.49494430786732324,7.875303912748786,6.159929906544261,-0.13006757846278866,8.886737065589468,5.8555259710201515,0.8678507058067695,7.7940198793986415,5.891650589052742,0.017848556870092177,7.9481715323902336,6.44675753278802,-0.15259636498835433,8.388816742337257,5.655560624455887,0.17624990327941503,7.817266837151923,6.242606369119583,-0.35423887709475566,8.932152719159026,6.9238823982346975,0.6984897488301284,7.864148841661523,5.764435937879012,0.15453536622004035,7.71447727106212,6.149042801673381,-0.4244428938872423,8.596983134537103,7.569394533070042,0.02567102303814861,8.64410822776289,7.810734716386539,0.15702746980203527,8.861212750389798,6.440140828521973,0.48001998453182515,8.72720547548436,7.3780112132871984,0.1564846294205567,8.703421874512596,5.499489850020711,0.5174627546818705,8.1482157761694,8.019137089445374,-0.2958560486692959,7.611957803545858,6.548552709655759,-0.376785999670688,7.974272294808697,6.271582259774823,-0.12521803187462902,8.661589291756782,5.765452006065532,0.33319748743015576,8.198286365418229,5.751557566813983,0.087242183540726,8.114388772976211,5.769954478207897,0.07484553639129574,8.058273661965812,7.224356399513779,-0.2581701231669019,8.725059613396146,6.650456636738634,0.1363297783510615,7.9697431682018385,8.26297141985281,-0.2784179205752938,8.321219598808467,8.099084845642208,-0.10077776485196759,8.474533235436361,7.985690356612302,0.011552149724925053,8.028272107516834,5.773827904988197,0.08671080457897992,7.952326074922733,5.7714140766836,0.11448029195915797,7.897191848205722,5.771190889967569,0.14558510801163257,8.60022858213392,5.515345702466175,0.2867455971292778,7.94177446091162,5.607368641864612,0.11828535003803084,8.019082358944946,5.526702636697874,0.09284915560858306,8.108041456497986,5.4980601045452415,0.0820642317379438,8.201679656444773,5.515421756538198,0.08870120450303232,8.266304294093167,5.561386847469197,0.10920568440450358,8.808638063049953,5.477515198705953,0.78230000347682,8.257499791381436,5.726296597723517,0.11164360168138711,7.9405718114736406,6.800176540766986,-0.28786537339473384,7.816993184649783,6.443860370193928,-0.31664450967789937,7.7371165070249335,6.7411180660907055,-0.33759351941097304,8.453968072204058,7.751925016712204,-0.08374101967516791,8.31165242301934,7.8948903240448605,-0.18765718113092722,7.947064839024433,8.109126826292192,-0.3784628764561271,8.773007085699795,7.609009464379937,0.3452152302607738,7.888857174854808,5.70321631922154,0.1394356898262509,7.709267211735649,5.956368695023297,-0.19842936083573018,8.153716546855287,8.188002717623498,-0.21413308292509312,8.86106703931723,6.788978111750813,0.40744187679889177,7.854944877375237,7.133391464659333,-0.30369683700518535,7.867812231261609,7.168405480004664,-0.3312876506250371,7.8816419890126515,7.217308248315786,-0.3623099600038752,7.893342232747036,7.277880696575338,-0.36481332509711895,7.941430440623215,7.471805075306632,-0.32337103033766157,8.028422794089442,7.160962131946437,-0.25344210983080906,8.044024540640061,7.1467435744066385,-0.25712124777700046,8.06132364348967,7.13414134359377,-0.2579641730045765,8.14867138981582,7.021122860209664,-0.23576282546929553,8.558129454733164,6.694440057082702,-0.04222469491708454,7.7126868018338275,5.849270345899787,-0.0889824590805673,7.773319666879567,5.642924275928467,0.11978024346713562,7.838479526175006,5.655259251310673,0.1396219712149849,8.00863665200609,7.167194301138046,-0.24324575540729632,8.624467796752107,7.101167994050116,0.028863903033270556,7.6674758545515855,5.641267789808365,0.008999685581004276,8.026824237005508,7.655210536169924,-0.30977185591654754,7.628425287103249,5.882002739084413,-0.23502243108180723,7.7955096862674385,6.155245117864756,-0.24203704207864452,7.860862168492955,7.723093415558092,-0.35807849712925605,8.259996781615255,7.3950224479202715,-0.2056275322447177,8.041066250474062,6.566332303651985,-0.16405340894628262,8.15596547287288,7.549941749489298,-0.25969740177036715,8.283033346795463,6.532818046175529,-0.16135850931359416,8.152245220415207,6.707620867471525,-0.19265673682405496,8.406780429834924,6.7885025961042365,-0.1404923616470169,7.91206006389346,7.926017052288355,-0.39545505314708707,7.874893789388434,6.249744790103996,-0.19980701904516784,8.378867874616573,7.53572248116378,-0.1531892713389746,8.244732658281563,7.701131558386292,-0.22644877824464904,8.327683484144746,7.20331145592058,-0.17744550039033027,8.724783117751127,6.924868968813843,0.12701794122576268,8.48699046596238,7.2488905902057015,-0.1017383473282319,8.828058861273304,7.105539326227168,0.31089856234277213,8.257124496521357,6.912254654643737,-0.19476737059503005,7.789477958648826,6.053962417501026,-0.1606673368372052,7.780426813292307,6.36595967687025,-0.426774537592982,7.860397314632176,6.434654273550483,-0.33988256039762943,7.715636562571189,6.258830053175068,-0.48118651717041483,7.835585206723793,5.49359210551029,0.09350861482523733,7.991816618731654,5.35940784496061,0.05860112848966747,8.14023223096409,5.3147118619323965,0.038275799907678,8.271579034920144,5.336083766956724,0.049950877385169026,8.373930757006523,5.411561391761447,0.09107118621353619,8.461414263405164,5.694842197263174,0.20193471167341923,8.841797638452206,6.1157268534127605,0.516814518105371,8.38299398572028,5.885777366649656,0.10489059314753375,8.26970327140547,5.926973440793347,0.056334166284433766,8.132545794189676,5.942195272376709,0.034374102735973265,8.003032817390825,5.926600633683288,0.04466880380394954,7.9026876433915705,5.892748752989904,0.06565935840704687,7.8278276913773945,5.8576085731792995,0.07801393037367033,8.923058926659316,6.203248031454553,0.8725395815041633,7.867043161112735,6.495272922881825,-0.2973182903793952,7.705322350990504,6.050742558190124,-0.2972806187362434,7.69182026545631,6.358352848096459,-0.4925104442902482,7.650223663559484,6.461924989263813,-0.4581401342624519,7.699557878802553,6.402330582154768,-0.4496150591868345,7.847198023814636,6.559747584743333,-0.26654011368327046,7.630854041907963,6.46798372673978,-0.48350127971530815,7.639096313115296,6.536078420272462,-0.3778694592282707,7.826330776651399,5.76638562310855,0.14651869173656962,7.769022967203099,5.785657867116453,0.09350983648819332,7.727018374303082,5.795882519696437,0.020956028742057164,8.303172749381577,5.604220927304274,0.13326658065522412,8.383237785222185,5.5460527117421,0.13076059453963845,7.037807133411608,5.824677870778837,0.30371431789148284,7.125249414238497,5.803194727789353,0.3040096271460251,7.030554986712019,5.7050547664859215,0.30409425507079424,6.9563965802033305,5.846414408877446,0.3040243315256044,7.048738306997119,5.953927501468486,0.30399796581780886,8.055338116942849,5.631615675125717,0.12418723709647617,8.15421409685918,5.614510261384764,0.12389725873483276,8.051322888411438,5.505361295459499,0.12389499310535075,7.962879821291006,5.6470070291032615,0.12379042986234529,8.059486973189589,5.762630542150603,0.12380767752207841
7.424503444749602,6.895946697217385,-0.378436226437412,7.341338004579168,6.322916872239468,-0.5194968147511807,7.402205200192759,6.549568010119892,-0.3169764269266161,7.271075394537364,5.9478996661422725,-0.2949027863464904,7.327183527704185,6.176323444344701,-0.5301405013879472,7.330940571551215,6.023027921435017,-0.46379038305764575,7.357981049691013,5.676561584005148,-0.13057022402091356,6.801011570415295,5.8898421895833755,0.42274837787286546,7.350498516116608,5.410616802119877,-0.011318414786799407,7.335173030801061,5.228975161719302,0.006266416712004797,7.2982946793552115,4.510405816443125,0.24809049683030035,7.4290858041262995,6.958816527625138,-0.3772797679520229,7.439603142808943,7.022107780830962,-0.3538551289737962,7.450045452807073,7.071900882850647,-0.3177649950544336,7.452923188519692,7.07387406713313,-0.310084700417602,7.452920383709055,7.127171078839939,-0.33518370178265355,7.457242596899256,7.1963187766539,-0.3670903729879691,7.4645098612573415,7.2785446052612475,-0.37013981570171567,7.487080172445885,7.481753837047967,-0.3050918745343809,7.363262508118753,6.4254986140381725,-0.48180200045923344,7.314281398778213,6.476009046378035,-0.3418704141642366,6.542795093636417,5.542841886328662,1.074355016645754,7.047979354138172,5.93113320936244,0.2491219878543022,6.960488194764242,5.969828376897812,0.27454976561610184,6.879434777002776,5.990395352089534,0.32097595541816887,6.7777021916241456,5.955356255218294,0.43550115063246625,7.121753587096348,5.880506727982509,0.2379243072917435,6.863575676463716,5.551912643925748,0.283940578401864,6.9770288642878695,5.542021479217609,0.25852951994096535,6.7746140951138205,5.607684199816239,0.33113116675259546,6.728748429187307,5.687768906104268,0.37859688949666,6.727780068315201,6.062809251889211,0.4836797773549234,7.193481009492845,7.857977111718678,-0.17334008020785208,6.773057425210795,5.858252659193185,0.4664728776548938,6.5662671514444595,6.155241085198599,0.9971406834424242,6.644500332111345,6.012854873257952,0.622989550279451,6.994481798470883,6.467823907739292,0.046603659812548465,7.317347758006108,6.881873559850848,-0.3340720983548586,7.348887853608838,7.040160944490096,-0.31523547219976744,7.224443314104542,6.971483753660338,-0.2551739146162241,7.170710154343823,7.066358577033751,-0.17232593299336943,7.275842871416042,7.073707882102942,-0.2523379223743999,7.221526311043018,7.118348546984146,-0.17545637557052438,7.109060416562764,7.36341466909576,-0.05517374227665631,7.273588504867293,6.342656428293546,-0.49473555202936287,7.2482007613948065,6.203537119541275,-0.5001621155823542,6.628791288941316,5.645796317340635,0.4679550447753978,7.151075077485938,6.076679040484631,0.058029149067102125,7.1246712913605315,6.424232943238641,-0.2069250799775325,7.121305518597235,6.365075279707741,-0.16529805264929842,6.755345747246603,6.559102963877249,0.24317059602361735,7.256562603103623,6.0603964135395225,-0.4108874910703722,6.791467501023371,5.4451317500035,0.25433790574600723,6.685243011411057,5.519623313281855,0.35862462181011934,6.571432911433461,5.229940016578114,0.9031110722241276,7.175535129840541,5.461838604557316,0.06656697073074927,7.084833864693616,5.586262107981842,0.2633400769580074,7.031737396947286,7.248768034345954,0.012190697199256131,6.823082625310616,7.549935978800457,0.9424430194242223,7.201946629195197,6.49167181017257,-0.19916732435946227,7.276807726274854,6.520815896289427,-0.25160360980232405,7.130331399224143,7.221697404491819,-0.012229022307088205,7.149686696221078,7.204914820050829,-0.049000534845452796,6.641470435421719,5.449228877140156,0.44119614332836377,7.143282612336247,6.505805250967781,-0.16791649676616158,6.949207947588583,5.423663028192278,0.15622860980719847,6.918735783635541,5.302327270676749,0.16344177199762402,6.827364869949252,4.741800239710493,0.49016875058666276,6.607248940850896,5.322082603790655,0.6460347071436492,6.877962251418833,4.981167337210919,0.32346294594904884,6.590717386961836,5.610217645023279,0.5850733750730843,6.56605188222814,5.576991507626936,0.8186000241510332,7.328588036630203,6.967240075167948,-0.3344738874784772,7.249950262029062,7.027523168966575,-0.2602887935872809,7.195332885715318,7.091188864392316,-0.18407759652542874,7.23103602150465,6.520491239458301,-0.19649228004046632,7.140572464059133,7.213182700603337,-0.033414270617573454,7.177149298361606,7.212188395232846,-0.11525803964330587,7.160516771289646,7.198214127441232,-0.054871222632601045,7.209978905654273,6.404203089283729,-0.323027433360048,7.243926229985419,7.132855027593957,-0.1673154784370489,7.298433517481697,7.101350693326837,-0.2241789164305503,7.368477352293886,7.082942019919579,-0.2797623089700103,7.379062707634455,7.499453594566956,-0.2762959355377269,7.367517405853688,7.288115320354215,-0.33526278429504114,7.360273982386008,7.205571145739672,-0.32993099266393305,7.3622142101435175,7.141471405867997,-0.2940062549217669,7.370880373806348,7.085501409625003,-0.27137754669927744,7.244302775813313,7.136682191706889,-0.16110722730733168,7.231592776415912,7.1697614271461685,-0.1845293901636687,7.220877698583425,7.21144792522492,-0.2058314886930412,7.213444249195151,7.2610208496096735,-0.19200988586784573,7.0811476423151465,6.939865824562457,-0.10557031135661485,6.684672232446614,6.875818674890209,1.2556411472982063,7.38504957593717,6.49166479814598,-0.37264687815871006,7.204257091956668,7.166592692330056,-0.09923139549390585,7.190276513341123,7.191426485701916,-0.11442899897451303,7.2990484722136575,6.574166199398322,-0.26992798550241787,7.191240666997276,6.594881128351098,-0.1306038269670888,7.288477842128928,6.54990598980154,-0.2624546333003296,7.068481818685265,6.193096913151123,0.09722076260691465,6.934876767643528,6.32635066166069,0.14307009270273055,7.123024166314493,6.448616564503411,-0.12100095515843079,6.661242948000772,4.960933433282232,0.6929398621869932,6.70736946131644,5.121916240942753,0.4846826286328209,6.752797576783724,5.339062576780159,0.30826823492941013,7.180989785325059,7.4207127431749385,-0.1348536628953287,7.121705204112876,5.288174546808414,0.06577021277500021,7.073639164242358,4.900161250628938,0.20338523365413366,7.032043822509278,4.601215417400869,0.334780291127886,6.815714387769631,5.991627365161433,0.38108475653086377,6.660813811973451,6.187279034689232,0.5452399803214577,7.171095114603625,5.8308731495677515,0.24832993562577266,6.6795317157533365,5.800148202056133,0.48746806854544633,7.201909465454269,5.962693639842281,0.022722203736407414,7.149898459424103,6.334201326631081,-0.3015577254825866,6.594931614942547,6.34405673000361,0.6597826617770645,6.704378130773059,6.252220217751731,0.4259063316980954,6.799192650717797,6.257663653993705,0.29842963850811427,6.953895487364133,6.184791167655028,0.21430953283000684,7.070492166708675,6.092309548956852,0.17088159794757787,7.1548945283696215,6.00230668165831,0.13151164337210597,7.282239242071625,5.736550172686987,-0.07434342873849055,6.616705359910443,6.626264154558207,0.5740692702695814,6.630196499069992,5.818933771892614,0.558909005830567,7.3264900382744145,6.431532462919042,-0.46450596037117586,7.153390448666023,6.191179123878703,-0.007764808730753739,6.593853866455633,6.224815815431903,1.3306487080832672,7.215138354819344,5.906545538123896,0.11664338601540734,7.129032771899638,6.47987758144785,-0.027584216976700847,6.738582796480066,5.883701757898335,0.4914512940751769,7.153579773383958,6.262080529542874,-0.2511062160786647,6.747660566103741,7.210046221109539,1.1287317051467896,7.17824808292829,5.7863376650854,0.28828391532216757,7.2003443811193355,6.14308082868587,-0.34547501217067933,6.88529332521889,7.7151575565347565,0.3317964766005071,6.952913102438846,7.935992919561268,0.467205897384567,6.616629630023269,6.760877535023614,0.9248603627492902,6.804087045277758,7.576361502208294,0.5149218180024032,6.565447445536065,5.849911853564139,0.9428549759863966,7.191235758578663,8.042979616463937,-0.14577361242345765,7.355331906045234,6.4960353943196525,-0.357521038387737,7.092878762800555,6.328714415824248,0.024068663490735016,6.601852485187076,6.0695309805785795,0.741939115146335,6.876771609303817,5.911030430330989,0.33972611452036966,6.948984263940356,5.894526924548289,0.29812746398724277,7.168041377023592,7.247645408888863,-0.09796886915004839,6.663235064755048,6.917794769667136,0.5344680612484229,7.372319942865317,8.234154107013893,-0.19819510687273073,7.138482880135253,8.137525575790269,0.09997426492968003,7.0484035817468795,8.06119125192401,0.26507647386757244,7.310066469594843,4.837205873496784,0.1236233106713763,7.559564893714123,8.227147690044962,-0.276166410259056,7.024096391571943,5.862064396847619,0.2762194606227275,7.097883947380641,5.827413766249475,0.27612503930217386,7.152308492963155,5.806260936236142,0.2895553929562191,6.59220954622023,5.827212871687665,0.6820798107047528,7.078337222057794,5.694644548777291,0.28423940029752204,6.993408257199923,5.657747264859647,0.285744312679278,6.911172611755349,5.657496935510377,0.30841958514084306,6.837277771939822,5.6990954326554215,0.3458306095691349,6.798860981860081,5.7576984448830375,0.384802313903158,6.555427960741325,5.85854190529003,1.2360654097153416,6.830366017329859,5.906446668548974,0.385228338343679,7.413807299388908,6.675961191813606,-0.31394173138129206,7.153471086971811,6.8175466303176515,-0.1619402779788308,7.189993928669538,6.455613865837773,-0.22899850143182723,7.297918834729976,6.705121405591621,-0.2818471816885253,7.364877377842476,5.553918434131875,-0.03229395145985276,6.98256766409147,7.857069054275247,0.16658799163460694,7.082972171633918,7.951755955336042,0.01062830742727538,7.337353771070615,8.086379853841335,-0.29511130648721656,6.890426829885577,7.78652175595388,0.7094731252575354,7.145854623689533,5.749044902868069,0.28697161454581127,7.232185292662784,5.9444034696843975,-0.12694570747643805,7.528340339307952,8.08135223077616,-0.3691091792684545,7.239879589440213,8.194232536027894,-0.06490478078383337,6.675280324031697,7.0731700596634735,0.8349284045696429,7.300387769292387,7.10814745070072,-0.21679864888144698,7.287654630207238,7.150724476156428,-0.24097462650881385,7.281525417764742,7.207326957197859,-0.2662635004063782,7.28044696807517,7.282839471547747,-0.2637000568730819,7.27034824737996,7.471035253202184,-0.21406941474445862,7.1815808991666135,7.162225602169678,-0.10547098161744801,7.160203333701063,7.159043544503044,-0.09518619022289283,7.141575183861533,7.150139673138805,-0.08511162267239936,7.036961356756987,7.085206904508214,-0.03424655160959138,6.735045930267968,6.91522977034044,0.2948570109604063,7.243499898768735,5.83908353150222,-0.018599017060307258,7.215082959809282,5.65599846542805,0.20544902646771185,7.174127816103887,5.686371409204841,0.26265850797343976,7.204214318594468,7.164461737449293,-0.10208096258095702,6.779150876317681,7.303272517031596,0.37051658065544046,7.272902728666771,5.622795117118125,0.060581910216139886,7.229422554186245,7.66863626612206,-0.18858593519643307,7.341304346851534,5.905102463051632,-0.34834045492418236,7.276151400586012,5.8449631157981035,-0.19377174519896642,7.348393505734229,5.7945157916975525,-0.232952057324048,7.183826150080796,6.168690853401265,-0.14877032250598762,7.507053228985416,7.896318873113903,-0.38997293848560693,7.496613022595264,7.680682226601368,-0.348520992696297,7.3549574638253175,7.693519143680051,-0.29552291244806145,7.034777811676798,7.474500596743062,0.0010977018625301547,7.071178644111856,6.625450759473743,-0.007893540363055682,7.128356111333683,7.598978793974991,-0.0937679311509836,6.872249553355796,6.681992235883839,0.08297406114783394,6.995105167634752,6.800533350201843,0.00258046806963211,6.828236464854415,6.960026803414606,0.1375920674483421,7.3320393561179005,7.907061297850093,-0.31521005360337795,7.151462842556376,6.277450190625938,-0.08552887660153681,6.976217572811383,7.641378415157967,0.08392445917994926,7.087202527275786,7.763309143129675,-0.04322281667022823,6.9504315462285735,7.317434005933168,0.0712217621508649,6.713189443386308,7.171829273787619,0.5076593305874323,6.866196070800474,7.401021570104333,0.18643050396035418,6.735731706468489,7.354648233452689,0.7179118801330129,6.943947525240613,7.024323581233466,0.034833910182217626,7.196010247483931,6.065032765520964,-0.061923146558472364,7.178805539042211,6.381992495059263,-0.3327914174359075,7.150922215306272,6.456751216550704,-0.2355091462082469,7.193940297234503,6.257866301562162,-0.4020596125443047,7.12968909758848,5.5502693754943335,0.21285530425294819,6.966862828137395,5.497374152911143,0.2322828032111794,6.8319367112860645,5.509904293826505,0.26698985871079073,6.734847489915465,5.570695408951593,0.3294508003180028,6.682234150801201,5.669435611982855,0.4040235497167218,6.6990833494947974,5.941950662783145,0.5390596239100197,6.577872756653903,6.459614227007483,0.9720789992063824,6.76799404081001,6.099564892869734,0.41377289618707425,6.848567134750047,6.106093089625212,0.3260803163493404,6.956943615322895,6.070517572719821,0.25620873635285624,7.063276090144698,6.007258574836311,0.21903756705911545,7.145688438659345,5.937723813154571,0.19603110781666194,7.20007652170359,5.87563231769833,0.18398845613740078,6.6413743706574335,6.554315152121459,1.3309069259624515,7.171070572510559,6.510022283759129,-0.1956053901523043,7.222345315748754,6.042187582890086,-0.22180644105892156,7.225884986771487,6.350384382798608,-0.4275624847283688,7.2955880370913935,6.4315107256366115,-0.4180436148070031,7.243140181804658,6.392038625555045,-0.3846110170527441,7.2076747537167325,6.5582755447396055,-0.1821025715859659,7.303747231231752,6.4330491642705026,-0.4480060920772696,7.33112358544522,6.48830814101725,-0.3492851502065474,7.203232634871839,5.778548705949003,0.2572998515154579,7.2382450860420375,5.7861315115036485,0.1755950603089287,7.255540249626771,5.788684590385141,0.09021874458904078,6.781960595372375,5.808828039170814,0.4210615034010937,6.715790905251272,5.783500599127004,0.4391879865632622,7.424949409640739,5.915432580624318,-0.34034751155176013,8.116018287832802,5.61771069663757,0.0936454617240691,7.4656121518373215,6.444548887878434,-0.3767163954406663,8.554386349361838,5.068470574272232,0.5679535121531055,7.84635257403744,5.768506782669175,0.03704046621372859,7.940928685078111,5.768908571792793,0.019199671092726023,8.038972944470295,5.74859297775433,0.026166163335258126,8.172617964063596,5.66710621674959,0.08670681489650418,7.762406695307516,5.749586932523491,0.07139306376920523,7.940176995827641,5.299087714392075,0.019314358813569132,7.8231041998776245,5.34065080080284,0.050878678776909596,8.055543765708261,5.314903690967606,0.024724011330557356,8.139960151422388,5.374763608961515,0.04679409111593019,8.267617601510315,5.7416079474665,0.10735812614241083,7.902502779363803,7.757807507067002,-0.32862469593534455,8.149110846122602,5.5711634617264885,0.1212339626107649,8.640845338421691,5.704564112193121,0.4764119432696774,8.391641419419198,5.647650647772415,0.19756433125577585,7.917477663349838,6.2879415848101985,-0.16688042601229303,7.543797650723395,6.844221781872099,-0.39051588846951957,7.551611853155515,7.005818141859263,-0.3656081401297158,7.6811190758579375,6.904122019018901,-0.3713314657955543,7.778036502577077,6.9734856872518405,-0.3307093276154455,7.658605562084776,7.0173220726831484,-0.35300974151801495,7.747068588344108,7.037044098670751,-0.30883837842894285,7.939591491607359,7.229686907588696,-0.2580854176193915,7.4181028668780655,6.312142893383623,-0.5243220093737297,7.419209364673999,6.172113423579943,-0.5356628667542271,8.261269613838204,5.272191333398707,0.07340627138471002,7.701603309135896,5.963049149590405,-0.08096266132043443,7.703321956853154,6.316150967782582,-0.33976820859249396,7.7124228661645775,6.255621050647979,-0.3027679136217231,8.245402800069895,6.260227952117742,-0.11163249320742491,7.418691175908983,6.0250473850929955,-0.4567756393071398,7.972152538281622,5.140260053104052,-0.015312955426625334,8.131730837016127,5.169723186430764,0.019061838205989473,8.383923982954022,4.787873111022746,0.4510310803482828,7.546964983134189,5.356756023475216,-0.019776836205604054,7.7324856766444645,5.43167041195696,0.09416450507982572,8.012624553354952,7.083179026418328,-0.2337173104634531,8.7149252957392,7.211092415476797,0.4629046326238046,7.637667650686431,6.412816662747133,-0.29770273238912437,7.554137585133307,6.470114736826312,-0.3002062669202406,7.897233942583925,7.100212641411248,-0.22447701521096627,7.877106621459408,7.092969919146228,-0.23592204501149436,8.190349275702241,5.075759575912747,0.0772690160544419,7.725249966406035,6.401808482203174,-0.29811692403477436,7.7814289210414165,5.202204296001899,-0.02858610410094218,7.783829137743243,5.067993405862769,-0.027587742163506155,7.872893795884015,4.469500808727851,0.23127077056096537,8.272711838828096,4.918162525291304,0.24094379550440004,7.807043152972766,4.7400847474051995,0.10137145505294402,8.331810601335638,5.216676067080088,0.1564473192990635,8.437631899419017,5.1412519042652365,0.3561916019714009,7.54827412849858,6.9312192945740785,-0.39003815033289585,7.667942776692289,6.963384862948654,-0.3691302153482251,7.761623451937391,7.005696833799252,-0.3290692803337465,7.618989014255451,6.451152113318427,-0.2768574893046867,7.889432361799666,7.096148470799566,-0.22945741665957287,7.83269735345568,7.108672651492326,-0.2820933038218414,7.866139110669673,7.091413249243202,-0.23622649844100768,7.564115698971165,6.330328584345311,-0.41358085430883507,7.737103797356771,7.0589910406954255,-0.2934738448903227,7.652664973157556,7.047862954496774,-0.3183476725514963,7.554315690608698,7.055543928423682,-0.3320491725087515,7.614024499429588,7.455647360849985,-0.3257382171020709,7.581262908794845,7.2491642138483,-0.39078690329723087,7.569909736542648,7.1698897472327685,-0.38641227520826843,7.562699970802603,7.103052512180279,-0.3511470843046601,7.553458119756716,7.057909786195216,-0.32466908026031294,7.737557475477158,7.0604670722926635,-0.28752790929282834,7.750576705247186,7.083137655461446,-0.3119282060333324,7.765874142456371,7.120968941320905,-0.3378399889305207,7.782003206019154,7.1636462387568525,-0.33388546888464377,7.860187302499909,6.804783339518165,-0.2880911503286863,8.795102210176891,6.4492532565178005,0.7204235004072909,7.804984421965883,7.076774241330837,-0.2582768021201378,7.815014424800508,7.09280373411604,-0.2748009057309465,7.529868259901958,6.534352613621813,-0.3177699911233791,7.701998086232924,6.510658975773519,-0.23385248918856236,7.540917110200139,6.5062645387094395,-0.3092867537042201,7.817283516605098,6.036677532395505,-0.08825019481788234,7.982655151708427,6.1098648587280815,-0.10856695570139552,7.7445912393497895,6.334983167595888,-0.26213348248249835,8.162334125866405,4.5804422886273946,0.3243407859403929,8.068616988083035,4.7784584135214105,0.15956168899651874,8.003342733757501,5.016475345301894,0.020615838882486182,7.851819149967162,7.31250875845621,-0.3006894612900548,7.557052484586854,5.164254857494394,-0.029567722085821205,7.565819621432584,4.772271351859546,0.08773690899333375,7.596277761332445,4.450989409131047,0.20490333741091246,8.124601008379209,5.717793001558197,0.0529342708062647,8.38868444780611,5.833162576249452,0.12473426767796993,7.705435381667441,5.7263119126626325,0.0996317602996233,8.254630627062602,5.461656291865971,0.10559190620725437,7.615881985273332,5.874444830995279,-0.08819800452309728,7.617242318431832,6.242653008672059,-0.40906738809338666,8.5305531721844,5.93758146901479,0.1786376553404583,8.308971028326033,5.91857326733407,0.031530856709882454,8.162636344212443,5.968031895685402,-0.035190315607174866,7.9643137937564354,5.9678671130605325,-0.0394559559859716,7.821368022093891,5.932647807105924,-0.021257836481058272,7.709170688232041,5.880326168297811,-0.012342321317977707,7.453716248727043,5.697244958838268,-0.12148612166072349,8.536060417868345,6.244868809074563,0.09841858109289439,8.337101175397947,5.448312405264816,0.13984651069113294,7.4035550153113725,6.413154642428781,-0.4879767472493993,7.694763778399812,6.083900726669881,-0.1433208931725373,8.74690855142243,5.7512095154764635,0.7815591689889547,7.622798648301908,5.8136467038436015,0.005213995404922601,7.767123685594745,6.364133564536677,-0.1681910614323342,8.20859947730856,5.576252790625658,0.1295121859024929,7.6275492963167695,6.1709354031127885,-0.36058266449768406,8.778360295490124,6.8212994669487275,0.6157709756810011,7.699224829716499,5.685445471093605,0.13277640479943906,7.518838342075569,6.080557392391673,-0.4247418093821276,8.41103458135972,7.480024671290823,-0.024420935654706075,8.465846892012673,7.720166948330797,0.103037030493948,8.700470002923499,6.343475432999282,0.40294343467083354,8.550129348018926,7.284363184925797,0.09598162794551043,8.546375108982533,5.401921538546698,0.4467355566842911,7.950997955261641,7.944348450446152,-0.3170800515320694,7.417775405236303,6.480254828478403,-0.3718983881453722,7.793325525354354,6.191480641022081,-0.14281042859306214,8.495601024442877,5.6761696117187554,0.26960812752698915,8.017301575090617,5.672152421685229,0.05050803839015967,7.936608575495887,5.69011513020135,0.042422632134297804,7.849559874999799,7.132312997938534,-0.2768469274396352,8.551939152081857,6.557295964624955,0.07493120091112271,7.775950424666492,8.187518520567776,-0.2909564177815246,8.130845919260443,8.018370207942963,-0.13451428080836292,8.287862023478887,7.901709719156451,-0.03148828056093007,7.854895326032284,5.693870421041733,0.05864356694077705,7.783620179350855,5.691443909240193,0.08983001536494645,7.731414238981482,5.691352051691862,0.1224863543849412,8.427765276803942,5.42797086672797,0.226695795724771,7.772662485398346,5.534034430330038,0.09355335218103186,7.845726400062935,5.456731745591672,0.06492835872324293,7.929323079868667,5.429928624551954,0.04994009710522793,8.018800746375602,5.446183904593361,0.05218985105523658,8.081290524942165,5.489517177116822,0.06963424480898889,8.667537318839955,5.371766668796862,0.7009241939142594,8.074914489163694,5.647474295303671,0.07154928953037663,7.749256340640251,6.7158000208858395,-0.30041691258152686,7.629359100379701,6.372572538537985,-0.32282362442468715,7.541694042746334,6.66203109978951,-0.33877002469479556,8.263249108944619,7.669135522415282,-0.12324228372023964,8.116838694943855,7.816122325001761,-0.21837734093048172,7.748982871603233,8.036044722166228,-0.3875364345461764,8.603951560517341,7.5124819399715514,0.27944155257867476,7.722718624806972,5.626029414382856,0.11639616825293653,7.522669012201797,5.88391983192529,-0.2022119024797619,7.960042768360343,8.110585369630712,-0.23831060421911435,8.696741708385488,6.6908224809688805,0.3331682043022154,7.652392906525856,7.049493951881655,-0.3117035801440319,7.664095978904904,7.087972447795391,-0.3393226162152697,7.677668457572899,7.141367627874462,-0.3699263433172102,7.689852554976035,7.206766696273301,-0.3726103279701086,7.744817026605994,7.3925797912923885,-0.33263082011440875,7.821403783429501,7.0687917502605515,-0.27170790080200835,7.83483742397101,7.053731319550115,-0.27719130559554644,7.85106886312201,7.0411594570765415,-0.27947551708247104,7.954070625313467,6.930925490659949,-0.2614383715215784,8.377058507719555,6.6037990237685165,-0.08967401420775176,7.531809188862126,5.7743933789916495,-0.09538330486411833,7.602697972878434,5.566816005240564,0.10590466450576048,7.6699327898385885,5.5774655206244335,0.11978395220595191,7.804232031512754,7.076223096040848,-0.26117375516813063,8.444472832560418,7.0101010877005585,-0.023379192280888948,7.491642898148129,5.567464267098828,0.001811383994410711,7.831784387593636,7.578852174053133,-0.322387103856864,7.43898257845571,5.810081088322484,-0.23366401906136758,7.609258424956227,6.082555118767221,-0.24962959284168354,7.66449215840725,7.651597041507868,-0.361007286532887,8.064137004294555,7.310656882233737,-0.2342095985552515,7.858540878656529,6.481284895184503,-0.18296074503398274,7.959997190187507,7.469837599060577,-0.2800080585894138,8.095951270136961,6.446470183164149,-0.19136635712752992,7.965921651453568,6.621606065294335,-0.21592913567167882,8.220752721794698,6.700311155350742,-0.17752021220926875,7.714345563855611,7.85489041761367,-0.40197761565836554,7.692615994655234,6.173916916818943,-0.21123833092124755,8.18590575445203,7.453007332838774,-0.18820814035130284,8.049458729033283,7.622783923046068,-0.25292114768603996,8.132610846353197,7.114247212631537,-0.21248465290990673,8.550637018744057,6.8319226872328835,0.06698511211950203,8.29713612984709,7.160816184825047,-0.14362233362187518,8.658459549216278,7.0078495259624445,0.2408964862374993,8.067855481995338,6.822865953688979,-0.2243637709815345,7.6067123581013245,5.980373763686817,-0.16945279892320025,7.586751222006996,6.298409839306712,-0.4306893665107709,7.672250965829309,6.361228481920356,-0.3480158857433884,7.516327335353618,6.193130570878756,-0.48024261339590485,7.6583292882371214,5.422350376814593,0.076035753965307,7.806002568226781,5.287646541206172,0.03398680258866346,7.94996788855554,5.238685766742743,0.006235744573818436,8.08163060823179,5.256504027511107,0.011319396059661103,8.187302550148797,5.329420689617302,0.047009842409077476,8.285268976045831,5.6111898625100105,0.1516535363643802,8.684235758961862,6.019199354916767,0.43915700217076675,8.207140975777797,5.800205350072843,0.06045392977457715,8.093777541893997,5.841677280137935,0.018580009264009326,7.9581873861245755,5.8596596223285085,0.003590136043984557,7.8319042932483285,5.8466908791499295,0.020232085184290715,7.7345324872061445,5.8139874883358855,0.04663776126998909,7.660129976665486,5.77915244143842,0.062192523420597376,8.780014432562751,6.100957481350548,0.7845119333860888,7.682048870583799,6.418678716976542,-0.30630953486435264,7.5140126653761925,5.980202670238016,-0.299601567277168,7.492442970382071,6.2947397445894,-0.4901499495903678,7.454945456988306,6.396347515894725,-0.4537000767943447,7.503868366508147,6.337654048524096,-0.44866535405224717,7.664145063091035,6.481559766626839,-0.2739226274879406,7.433571397536052,6.403029977235188,-0.4775960116097654,7.445788451464161,6.467803572862181,-0.37418777100190703,7.660605392068301,5.686823684919909,0.12804162149473736,7.601220538875879,5.707490932091871,0.0809112982256612,7.554833879373714,5.718489295798603,0.011575569905703527,8.118284574826754,5.52997516813697,0.09134839850715967,8.19992419801116,5.466538415379399,0.0867100470025106,6.892992530414932,5.762952556407075,0.3287184598784054,6.978356240921395,5.741141297096922,0.32921754087096305,6.884947632307993,5.642161282756275,0.32930026087214437,6.813294537393353,5.785114767648069,0.3292345888606105,6.904306435318223,5.891907932616848,0.32920003271707066,7.88804047452151,5.552148248019178,0.08596609837201902,7.9854038661317865,5.534676731965701,0.08565037639664938,7.88281651471181,5.425015648121528,0.085647385329057,7.796917786576515,5.567679886916476,0.08553413562147946,7.893093340882411,5.683198467172774,0.08555255314757029
7.316805182440762,6.966714096066556,-0.38011064825062235,7.223043749814147,6.3643039866300475,-0.5083360395210701,7.301133088451227,6.604662245590694,-0.31440587043988383,7.172206981196256,5.986422997275657,-0.2725100969370789,7.208566042065569,6.217729695885468,-0.5162545702944177,7.219496507186966,6.062789067556828,-0.4487329266063453,7.269133255666538,5.711964166051091,-0.11630458162450437,6.76291701404312,5.934284798366912,0.49275862141612753,7.268003659245255,5.447030846793024,0.006856964763094316,7.2519674746386364,5.26833559447045,0.027456289877204727,7.222445148219328,4.560926891998232,0.27585273665885435,7.320941167342377,7.030426432870422,-0.37994845362732027,7.333256866977902,7.092957059702397,-0.35782167385270935,7.347109916356358,7.142363522627256,-0.32415004804778347,7.349126851612312,7.143541007176124,-0.31508858436173964,7.3467183604896285,7.198163050584783,-0.340858471048349,7.350189545502409,7.268235353274309,-0.37267143890136145,7.358937579632813,7.350437436986382,-0.37709228773839326,7.389540205871477,7.546461853360383,-0.31531915601280286,7.24938574117204,6.471050848441215,-0.4723144403008361,7.217536615141811,6.529781411501845,-0.3294359422115636,6.552257140794377,5.60173907685544,1.1716903495188138,6.999576619384955,5.977815810579329,0.29782365994469656,6.913236438059757,6.017508025976029,0.33107646269995317,6.835971761149187,6.037441459083506,0.3844198754961496,6.744715300137598,5.999517583221618,0.5076533696140374,7.072038398793565,5.92366349336331,0.2773438928448896,6.818482031022913,5.597116816187681,0.3474913068301184,6.927897951709803,5.584905695771956,0.3110969900874633,6.734479917103361,5.653612130469539,0.40134687610847036,6.693010207088633,5.733108887091614,0.45224821447192054,6.702544169901175,6.1107053646291725,0.5583959905252142,7.110948910931149,7.918811059741475,-0.15749837371662018,6.7386659028440725,5.9017250970317745,0.538762430407848,6.580820296187634,6.210569012337091,1.0881462538489446,6.633134554388973,6.060014373105549,0.7051260937437394,6.932350139100916,6.520275618176117,0.0903422291199726,7.218452123463299,6.952743439080648,-0.3240562524596541,7.25120549002029,7.109283390023211,-0.3085739503875354,7.137526821741117,7.0338180390829494,-0.23462524021591258,7.091008435451968,7.122916717404508,-0.1448177361786649,7.189120645317162,7.138547965638161,-0.23627610418774206,7.142527609887954,7.178169757317824,-0.15395022878556458,7.040024481265468,7.4193357763128915,-0.024441665123090348,7.160991300020856,6.385086025527827,-0.4775035238611012,7.135890878794335,6.246242850439629,-0.4796613945807778,6.6021544570269874,5.693454348383529,0.554715294954247,7.081950536966599,6.12270556601237,0.09114765086691345,7.047548551193759,6.474190337746749,-0.17508272470895747,7.046222472601943,6.414549900261994,-0.13260108089892916,6.709916828837836,6.613310982280074,0.31067004630292316,7.1502847823196385,6.100710126470035,-0.3886229830030659,6.744034302793844,5.498373961936416,0.3236683718306583,6.647743954488411,5.569904739805789,0.43848403102140215,6.57013983526172,5.291409573239217,0.9990950235067396,7.102722012306823,5.498544739450232,0.10173377152126144,7.035209611731611,5.626512732034907,0.3071018966347466,6.971126141938958,7.301092946932515,0.051989379289827324,6.829735036768342,7.60993193257764,0.9999635239971052,7.12410124432508,6.543167551636341,-0.1755416672699265,7.193552409830335,6.576082188505348,-0.23927949966010068,7.065397442276925,7.272436832232769,0.021804770079383196,7.084406916216869,7.2565936086108325,-0.018951686603539797,6.611494050380506,5.499522220642713,0.5254152433918382,7.072327136033419,6.559057959148692,-0.13867619385287863,6.889026172616591,5.47320945512739,0.210432030516716,6.858463687896637,5.350665849347531,0.2211503221831259,6.789131538473176,4.804343300871234,0.5641926987190438,6.591914144332558,5.382249477964529,0.736545547070393,6.829006855534174,5.040271203793048,0.3895172761797964,6.572101135781216,5.659035813037185,0.676495595671065,6.56036713604842,5.634616741273002,0.9133355737581621,7.229313573341999,7.037239223256633,-0.32566442205302953,7.162416676053696,7.0912978769289925,-0.24193775289674063,7.115684201664753,7.149604489213056,-0.15964092727784113,7.153829912235309,6.573924405815317,-0.17782107392002183,7.075379299929827,7.264383880189525,-0.0020841025638114086,7.103095258007122,7.268396623586325,-0.08899421464066903,7.0947084975451205,7.251096333258882,-0.025962044400769737,7.1175962055823225,6.4519575702779965,-0.2970928818359626,7.1662364584658125,7.1933439556279035,-0.14770928998540328,7.212796394748014,7.167005485455863,-0.21075542942979933,7.273210084645841,7.151958049836451,-0.27474549976773155,7.285892691847132,7.563702987765514,-0.2762673342855013,7.267426889002718,7.358329822954778,-0.3302356695407596,7.259178863263281,7.275341810560567,-0.3236493794344697,7.262470467797615,7.211125239942713,-0.28789800922095576,7.274944620796475,7.154491895175462,-0.26554490522571544,7.165875889034581,7.200363791742206,-0.14177841360691135,7.150041116258689,7.232719968535106,-0.164930815786822,7.138098662323462,7.27354600577611,-0.18520519871811242,7.1303703636157625,7.322985567847977,-0.1699572645755535,7.01344868316701,6.9945709015779265,-0.07263081283505858,6.714846489030464,6.930361373331777,1.3278949075089848,7.277911571995268,6.543508402426803,-0.3681082901410907,7.132356312436221,7.225183926574918,-0.07418489371263746,7.1162356193691565,7.248769533647962,-0.0891327788057933,7.2128632972792,6.630750007330081,-0.25840631711855855,7.123248413111756,6.650365125236549,-0.1095636564407881,7.203739904736986,6.606120720770542,-0.2506955583178832,7.005501366699324,6.241756859664338,0.13734759541243644,6.87735696270347,6.378295066493896,0.19442443353773192,7.053128926531814,6.50022880288421,-0.0896354060787372,6.645458000633373,5.024431149238379,0.7808322937962687,6.6789092662262055,5.182298939365684,0.5654086082085201,6.708861881556613,5.391751045867234,0.38196442055716623,7.103471320656102,7.480394547458782,-0.1108938614222752,7.048617583218389,5.328968654246849,0.10623871067791836,7.007645768883117,4.953165516663652,0.2514521071055706,6.972641660329606,4.659413403919481,0.387573801663676,6.778401076708166,6.037266104028082,0.4499648134766245,6.64470305838673,6.237004667238644,0.62510098318459,7.120615270331721,5.870450628532572,0.28409970604253587,6.652834884993055,5.845176964962138,0.5680278863192622,7.128079480100531,6.005731067775841,0.05208792847885674,7.060215665177302,6.3806042601755575,-0.2716411122836588,6.583856262629122,6.400124306064024,0.7455496594418743,6.676478239514069,6.303129720588215,0.5020603180069156,6.757990875036344,6.308515726467247,0.36509633378562967,6.902205971260167,6.234315889722151,0.26696517553907007,7.0141212296647195,6.138691045542722,0.21293968703595345,7.093178190173895,6.046105688990634,0.1655538346047827,7.19806445738093,5.773966262886701,-0.052414232370267884,6.598030444157269,6.681004371808073,0.6569334716116688,6.611969410470509,5.866631550357626,0.6459900661322661,7.217988031168022,6.478452381101861,-0.45054426862337404,7.0810329159336005,6.237951866232799,0.023996664257353584,6.625579498025186,6.277969439202212,1.41614691669246,7.149074198623763,5.947727981712209,0.145347179482612,7.063915727270455,6.531070869760802,0.0011808815991636902,6.709053434066956,5.9271860876895275,0.5663035175927748,7.068129882497981,6.3078551520014345,-0.22084785231844967,6.7703122085692335,7.266461379842133,1.1940171326498112,7.130430928012415,5.8252752225273285,0.32580269461995043,7.103429066425879,6.186017896103462,-0.31784976626231226,6.845328256194795,7.776064298017886,0.3795407883353192,6.9222429272316885,7.997675763503138,0.5074721605871352,6.622387895169044,6.818836966556782,1.006029206775195,6.779153906243296,7.638348606639458,0.5729779253750079,6.571335629977018,5.906215313230088,1.0363735540316243,7.110168616146373,8.105551517498418,-0.1320896396576498,7.252119589867437,6.548887365934131,-0.349826315205556,7.027681316380298,6.378494365613113,0.059983032362583635,6.602581928989405,6.119006912393559,0.8292541451272964,6.831815353369631,5.95876126546048,0.4030304430938991,6.901956671301853,5.943273681609584,0.3556346213052853,7.094326800998777,7.3042831413143166,-0.06992628351373092,6.643195286604956,6.9749522624856075,0.6095825009278433,7.285866635071828,8.299598435898005,-0.20332519910446073,7.075958182883875,8.198579839230671,0.12001513024927202,7.0001414175955965,8.121417276709805,0.2952790089666028,7.229716397003454,4.882836519525524,0.14987456619907463,7.46666051416212,8.29512723410329,-0.2994610993954657,6.976814265564081,5.90929494237614,0.32652924730566213,7.050465501553455,5.871550646992698,0.3199779709911868,7.104563592507355,5.847297775200723,0.3293133829365067,6.584835856533115,5.877087007507605,0.7734297928095137,7.033820151794461,5.738313199780689,0.33133082436292816,6.950995522423776,5.705026725685723,0.3395009438653924,6.870288534224411,5.7058876556265075,0.36903629867235294,6.799351428289664,5.7466802416019185,0.4124296765327843,6.762655742052911,5.803148442752717,0.45442496755072787,6.577054035800466,5.915296451542079,1.3288831283183142,6.788809702086314,5.952328763146271,0.4527597107317289,7.314576271796524,6.734832739925719,-0.3131701542799907,7.081055451523052,6.873801269230244,-0.1356709827690651,7.108546053705828,6.505469031668974,-0.20528148193411738,7.208303361601018,6.7642297121287,-0.26967364968892243,7.282594044941094,5.588760690042591,-0.01679331934163953,6.929324031979813,7.916838491427253,0.20078860283900316,7.0161952081314745,8.011833043339195,0.03420317356760473,7.244673690265058,8.151188903087426,-0.2955345150149796,6.877435133029381,7.848503541837044,0.7589144964019667,7.098938145990395,5.789415465811811,0.32851726482280885,7.146213587237698,5.984848322962698,-0.1014541013349761,7.428678890852262,8.148471956084117,-0.38793723205841285,7.163856136829944,8.257085750633951,-0.05495924096879972,6.676630354742871,7.132678853060253,0.9083802969384616,7.2134421802332485,7.175376048462945,-0.2030920745936549,7.1969193677419,7.217749294767264,-0.2265810911372992,7.189123462265844,7.27403333789801,-0.2505208194699838,7.187537520158158,7.349959964184866,-0.24766366324753594,7.184462116435129,7.534040518149301,-0.19864387054403634,7.110086220397439,7.21678308136951,-0.07825447124982714,7.087777395314285,7.212794282036503,-0.06481346663827635,7.069172857747308,7.202992004862047,-0.05213599266573486,6.973412800031167,7.138798674070816,0.0051259604581514835,6.69797578337695,6.971926859601675,0.36163960764225345,7.164586430775623,5.879062744889093,0.006768710916291974,7.156751792255196,5.69333427594598,0.23520484941454314,7.122798405559886,5.723905915749148,0.29957184069050724,7.132607725106045,7.220079615564036,-0.07661184905363222,6.745897010109487,7.362406651934082,0.4306985130436092,7.200003926548145,5.656878734584325,0.08565016094269998,7.14666782021259,7.729094495702525,-0.1736524740344539,7.23792568969852,5.9426631079828685,-0.3340242894580869,7.184337466455973,5.882833934936453,-0.17234337416066647,7.252328044069869,5.83095243047631,-0.21850452514143698,7.101100858340619,6.2133176500130665,-0.12169492296361581,7.405408782031547,7.961287124672669,-0.4052208847827056,7.396305108130104,7.744166579622901,-0.3613031583341066,7.2616458060711055,7.755398458253218,-0.29503510082412554,6.9711979741303365,7.530832013601071,0.0357819935267195,7.009323966060122,6.679719138972137,0.02650430702195882,7.05552122019958,7.657169345017742,-0.06893768857840483,6.816359460191401,6.736905309918134,0.13598123225373285,6.934633980244444,6.85550659601823,0.0438978234957566,6.779430671451254,7.016285350489283,0.19420517369621784,7.237472160960799,7.97010699099445,-0.31303205777236237,7.077447644499219,6.325411080421723,-0.05559727434330697,6.91823300078357,7.700090487840614,0.12103739652430669,7.017115646113155,7.822860857989333,-0.017931681590044386,6.89392132518787,7.371750470710623,0.11689570069938825,6.691610183593927,7.231314311143036,0.5756853211616931,6.818877812312664,7.459243488283726,0.23734533427907611,6.727440362348288,7.416348402236159,0.7839731035464969,6.887722629614225,7.07984979748737,0.08118945118145438,7.116940560776703,6.108648287854506,-0.03317039325169048,7.086394273511669,6.428323370840197,-0.30462630491417275,7.071990510665979,6.50632538406815,-0.20797292234741127,7.092459164022942,6.301381099694173,-0.37558015848912774,7.072417982628397,5.588499418052382,0.2524146232581812,6.912468115306877,5.541831029245943,0.2849895317147168,6.78394271900185,5.557258752937357,0.3315212324878684,6.693563737504548,5.617704837745022,0.4032937837807964,6.64864115264347,5.715317039219249,0.48306171572828926,6.677273323279423,5.987517381838421,0.6171705243941691,6.587281672225829,6.516835419598833,1.0603626009736469,6.735421482200152,6.148190500733916,0.48473700792696617,6.806774792302591,6.15515681482327,0.3894100120557836,6.908319454136196,6.118801275139809,0.30991257320394966,7.011248646246758,6.053495249619384,0.26373906506158024,7.090901391402071,5.980893327013869,0.23137947711988693,7.142363522627256,5.916362666618028,0.21450432596923508,6.674290174625713,6.608206671269194,1.4098747163641574,7.096598670110408,6.562181955236477,-0.17014816786725417,7.130231628893198,6.083261242099642,-0.19547568357380984,7.122012476877747,6.394233362133833,-0.4047880430118636,7.1945066511961935,6.480905943403449,-0.40249082136209896,7.145079061156223,6.4394601774525135,-0.3629822358075742,7.134761282373053,6.6129757653869765,-0.16167198028832125,7.199551102047593,6.481067213715465,-0.4330813875392207,7.232063619492315,6.541358366345646,-0.3391193793635184,7.152310872658809,5.816013799499721,0.289608689337444,7.178633849613102,5.824204782028358,0.20196837615867458,7.186934693140317,5.826354113872344,0.11494739555642726,6.746613219311759,5.853110196686417,0.4923270120603337,6.6841699178889105,5.82775413736705,0.514701463244801,7.320915814804243,5.9535330087076135,-0.3357439485984974,8.042839197476484,5.654526230316686,0.034791043798354966,7.3535290381643295,6.492544166881073,-0.37808649456367077,8.512505529957416,5.086807196011457,0.46975172123783987,7.772113527492079,5.806449554488852,0.0030890345635733057,7.868029221622873,5.807125622172412,-0.023900604656758504,7.968306960786971,5.785747446509911,-0.02568315547759528,8.103846559308938,5.702016816019539,0.0227419570767351,7.687245906090136,5.786201327366218,0.04567154384269921,7.864220707005482,5.328411954763667,-0.021556087704057595,7.7453736421329245,5.369867227916402,0.021443903548094723,7.981989584770195,5.344844624897208,-0.025564648317194485,8.069071327835799,5.405467473234636,-0.009589656693920876,8.204639800081752,5.77311237531762,0.035894709986949824,7.815955812533802,7.819382630604848,-0.37656688279447004,8.07709963157808,5.6080560842737075,0.059049720045132016,8.603809879096591,5.726903853383436,0.3670996464538205,8.33423634112292,5.674016698243997,0.1156637478068743,7.8312011387980895,6.3313055455377665,-0.20893132311405752,7.433778272202951,6.918516104126062,-0.4038980632878017,7.445820727816371,7.07808850032426,-0.3805100387558715,7.5763144670125975,6.9764100334282855,-0.3984049693440502,7.683564858400583,7.041053371771387,-0.36864086950118713,7.558593747094441,7.088759101929789,-0.37885842653204854,7.656423557854314,7.105039656834529,-0.3431488704005256,7.866836243856256,7.282841936425066,-0.3110776675801011,7.297333728917051,6.352436886072051,-0.5184627499569531,7.29967743022006,6.2134775118507415,-0.5288191297400247,8.194537517872716,5.296932201129301,0.006743826035654411,7.618878561590089,6.00422892989143,-0.10286002281598434,7.593596447173611,6.364505398460775,-0.3606062276243738,7.60631215352191,6.303755787432679,-0.32433440413454084,8.174038582317428,6.297002857205949,-0.18370985012017227,7.306593743470318,6.064811636710147,-0.4511677826080952,7.889344368058626,5.1685360323450364,-0.052063522259420916,8.056609146868835,5.1949600673332785,-0.033949274060272816,8.328011588773972,4.8086278798157975,0.3722842405021244,7.461016757478732,5.385518546909411,-0.01915062947778119,7.654227746357083,5.463477249551387,0.07145955638366637,7.942222720233436,7.131574609177104,-0.29527920703330696,8.711108862849333,7.245280742705922,0.3341055408216189,7.528766485980359,6.461383080566301,-0.31357277987474125,7.445335508405982,6.522482697468074,-0.307414798012509,7.821472102289353,7.15835322758063,-0.27870318062077204,7.801630924251195,7.153083420834711,-0.2839877323324462,8.11712988081656,5.098923948646351,0.019730113509258414,7.617281351687677,6.454461837655852,-0.3206876219848095,7.693684746538878,5.234027624359856,-0.04738624306272618,7.693382628792787,5.095163322156546,-0.04550770691630839,7.793360362922306,4.500758276635696,0.20525086962461764,8.205265866926215,4.942344560422248,0.1745070658407045,7.719695746426695,4.772487836706471,0.08065037413309066,8.267938749666607,5.239129118422055,0.08430229501342455,8.382501235594601,5.163596864950609,0.27273681729111665,7.438912865412158,7.004793608343096,-0.4043100420324713,7.564506522376913,7.034688476225534,-0.39576223133257005,7.668273756720222,7.073345462981782,-0.36487850442586794,7.5101971602719,6.502814057536658,-0.29030777677351105,7.813542391750925,7.155362332318045,-0.27993986510677443,7.751131485237914,7.170442867084465,-0.32482426710877166,7.790673698117324,7.1527066539485595,-0.2832369494865912,7.452091255581394,6.371794253174161,-0.423323565336145,7.649517103924443,7.127197070926051,-0.3270142686493467,7.556982452448621,7.118884255366939,-0.34450245825681036,7.453316628257847,7.1266449489844765,-0.34921486128237755,7.521000862702629,7.519366328230189,-0.3467049159923364,7.479588900135873,7.320042560712977,-0.40918406748863967,7.466034447317656,7.240824329891786,-0.40407658741049185,7.4589998222227765,7.1736619351902515,-0.368921750095109,7.450943348993682,7.128526670703719,-0.341256783190431,7.649053715866335,7.130160500938991,-0.3212194530929124,7.662194077228371,7.150524222957566,-0.3454033316496015,7.677398557736776,7.186274118674505,-0.3719005192739161,7.694200952384763,7.2269522661097305,-0.3708340401090288,7.771429008962475,6.858148189644309,-0.3298960951801692,8.787402396701955,6.47486781390465,0.5868856851786366,7.724073284677749,7.143293115692152,-0.2996666046047459,7.733373440749727,7.156850385459049,-0.3161160443859058,7.421173131090401,6.5910373690554405,-0.3255157619878456,7.595909162041123,6.567003162904868,-0.2543694315912624,7.431607813243854,6.561090387622396,-0.3164403676102753,7.734932621844938,6.078594262371564,-0.12178322770255741,7.902921356466294,6.149540523389526,-0.15673673021315337,7.640352161389177,6.385707162712098,-0.2868746865901655,8.093140745844892,4.605352637535611,0.2700103630860082,7.990343950322359,4.80622255776038,0.11405097866447984,7.92020967476184,5.041600099333547,-0.018447648105328708,7.772955090910678,7.369610293949853,-0.34544312104972774,7.466196421866843,5.192094526287021,-0.026868023513046155,7.478473388457998,4.810226850311135,0.09052438446557252,7.515145834868128,4.491210933316916,0.20731769568261166,8.054827426827785,5.753516623933338,-0.006556964542635664,8.331633480541212,5.86060785772082,0.042311966666790976,7.629049154804651,5.761843524235857,0.07742629934117141,8.188891648477815,5.490387912424358,0.037663077031027004,7.532637677705913,5.913802060266542,-0.10259507558804216,7.505209752631301,6.285387169317777,-0.42136609410626336,8.480671192907765,5.96532546012555,0.08222011328400461,8.247563759853305,5.949716747481349,-0.04548001058884222,8.095800649637399,6.001318317666268,-0.09872556742947383,7.893079642010297,6.004868377242131,-0.08647217627796781,7.747656779039281,5.971170628639666,-0.05469947648628327,7.634930239414456,5.91839439085456,-0.035076766022823225,7.3647095074812094,5.732783881637486,-0.11798897388786718,8.486600869882327,6.275974335298539,-0.002737667325171366,8.274670552778225,5.473798901638994,0.06411625533404598,7.286804678982768,6.457306955824168,-0.48321242248274965,7.604992413064626,6.128247208306054,-0.16525258615144883,8.727964779522269,5.77065458759301,0.6558504868881009,7.547028060045365,5.850952766114972,-0.010372110955957577,7.666679363766492,6.413932988500745,-0.19552449601268151,8.141355639477474,5.6101533025670856,0.06333026062967229,7.519441681607418,6.215346557300918,-0.3732511141222267,8.774640914937583,6.850081152857658,0.4828614922977869,7.624151185284689,5.720565718850057,0.10945051633788497,7.408634892509037,6.122267530492397,-0.4282263764866525,8.365179113914875,7.529184098622392,-0.11963084783206857,8.434240132027742,7.767451477424194,0.0009457152132027258,8.67369837588465,6.372399897140684,0.28307662549327295,8.519537338103616,7.328337066105659,-0.012948046845067328,8.499890529524482,5.423044528770037,0.34869500220617106,7.866119330416814,8.007387898319786,-0.37116965313553585,7.307846581396416,6.531153265509736,-0.3698520253897634,7.7034912491363565,6.236149019076637,-0.17347618366403852,8.44437973880681,5.699256558430252,0.17781961042715214,7.94296216926233,5.710264137521805,0.000967819938800013,7.860892482138288,5.729052480990251,-4.740650591411767e-05,7.769054321223968,7.1927432413215735,-0.32273648999495896,8.507720238384715,6.59294866873584,-0.028339774663925836,7.687219849314832,8.254923742520898,-0.33322984390766863,8.065792399570531,8.07638764779883,-0.2071956205706094,8.236791043858071,7.955156035867381,-0.11769790386238638,7.778536874723073,5.7312852649389265,0.023864116368368427,7.707992733129396,5.727601752419278,0.06077177799340412,7.656137637563142,5.7266397644445455,0.09667611622291766,8.370353144405625,5.451289016843699,0.14264542859699558,7.701897560419797,5.572255483480502,0.0653519054717044,7.775898802282847,5.495911596670198,0.03137348809665441,7.857662850474946,5.47059215768369,0.00892718683978689,7.945234742611131,5.486570242723753,0.00317269573867275,8.006655491662595,5.528438550976913,0.015637066443088047,8.637261848926595,5.390268626623594,0.5870853804312611,8.000711729944626,5.684685891375184,0.016293210541857665,7.650831914721533,6.772639712417324,-0.3309601755371949,7.519554359554679,6.418240807271932,-0.3360430733366143,7.436362822618229,6.721893086157241,-0.3501125876153136,8.204067255262236,7.724182441439157,-0.2037498761256087,8.045180081830813,7.87367156983192,-0.2858485470106938,7.654174928569305,8.102964150134458,-0.4249913310000635,8.589669500952624,7.554008458878126,0.16193813792390002,7.64949456833499,5.662990104748843,0.09095418921361727,7.429116926372235,5.9224191062832565,-0.206202338056618,7.88126747195159,8.173580828156684,-0.2972705916844245,8.675321642562364,6.723067753757427,0.2127803753835676,7.55542327135341,7.120790625387145,-0.33775786883906694,7.567107270247109,7.158137731006495,-0.3661634071506295,7.580958206914053,7.2102012807751805,-0.3974751121902157,7.59438237585575,7.274026295526306,-0.4020109277453113,7.658432746501395,7.453327896052572,-0.36781189432200895,7.739704532911402,7.132637303067201,-0.31443577851221316,7.75215474184647,7.116088433800549,-0.3229919960433358,7.767535985884639,7.1032093444287225,-0.3274051642937282,7.875078635698331,6.981956605382162,-0.3153667800514495,8.316838161828795,6.643137539156985,-0.17509613822631195,7.446012280326713,5.811065124903493,-0.10048961551902957,7.525075578970422,5.600896104962501,0.09642075322271607,7.5930457337063775,5.611309660000842,0.10078924642761275,7.72499583537094,7.140638845797007,-0.30252523532376924,8.397195848391654,7.053669076441492,-0.11898912271426973,7.411413108146168,5.599032341291102,0.003685028967852489,7.746281403845538,7.639136648033109,-0.3632263640241672,7.342625334055406,5.8465512838001255,-0.22795173473755398,7.510551391568599,6.126295062869774,-0.2614178113183765,7.569314349539066,7.714795664195223,-0.3872295177170087,7.993680626035598,7.364162315199828,-0.2963030358345634,7.764690867716322,6.53170397897697,-0.21983434499322155,7.88310553096627,7.526689690564923,-0.331504506855072,8.016141566347551,6.488725088706127,-0.24903452692190645,7.880227313650946,6.670554196436871,-0.2640614956485543,8.149500142352867,6.7442174044581416,-0.24811820432619014,7.6179151651410155,7.919975163784105,-0.43481253454847296,7.595125346070496,6.220848762313061,-0.23087464910578562,8.119355270274946,7.507937263192165,-0.2610031476694948,7.97329295995323,7.679833105634764,-0.31310219539304945,8.064560688759544,7.162165967621043,-0.2832226006542448,8.511656924167115,6.871605457733013,-0.037330696343094924,8.237142458206089,7.208987880130624,-0.22549852455455116,8.637597065819694,7.045370345625789,0.12186281750651562,7.991608056043183,6.871201929834388,-0.28455884667020903,7.515620490720961,6.021967255738846,-0.1829908679840421,7.474305712883716,6.339212720486741,-0.44101004172189257,7.5618254914692935,6.408084298800778,-0.3649251821458169,7.399555162671386,6.233971517745837,-0.4843547832027449,7.577492655798636,5.454761258212235,0.061793774677647,7.724744422701116,5.3176515629189165,0.008332043159511372,7.870654617794032,5.2670017692697595,-0.03167374621646745,8.005700546059566,5.283929166015489,-0.03916003767186496,8.11647423601094,5.3577511795186785,-0.013180722954862346,8.222620383515777,5.640786211004076,0.0792388077510136,8.652075477805441,6.044866935807944,0.3224108903407182,8.141566206391417,5.833594728339558,-0.005987791671212576,8.02609807146232,5.876454250410022,-0.03813695437167561,7.88689362270572,5.896488389432863,-0.0415604108106045,7.75872175346022,5.884579738881814,-0.012938693695148279,7.660624332575604,5.85127706733193,0.023218699507278024,7.585280110428648,5.815681399555304,0.04492514047174755,8.768037282990973,6.123902064964838,0.6528441424225913,7.573163709912338,6.4693578622836325,-0.32457674975079626,7.4124138291652715,6.020225677216508,-0.30381271291568496,7.373558247526977,6.33405066202789,-0.4915907761135293,7.338966821955307,6.439348203742425,-0.45218729795668305,7.387243688458883,6.377943652145879,-0.4519572764909092,7.556108494120186,6.535991374870215,-0.2901837870167018,7.3162530604991876,6.44703002279688,-0.474231946071299,7.3338864550082175,6.517739660125595,-0.37382401106032714,7.584314601268063,5.72122770179021,0.10986516898306085,7.525649532264278,5.743209760826309,0.06967972347815901,7.477735347903445,5.753559934519316,0.005154543271665129,8.044598381928083,5.567679350347403,0.03336119200818618,8.131529418239227,5.49879580000147,0.0245337716423814,6.869060344599276,5.812025000166715,0.38571470356353116,6.956961819731197,5.790702107122088,0.3862007152407365,6.860492595184489,5.688960258880778,0.3862895371538501,6.7867582592090105,5.8344648133635575,0.3862177049624718,6.879973908028584,5.943710308655217,0.38618016031832614,7.831622272625974,5.58844026213007,0.04471118166549642,7.930902811956821,5.572424500401392,0.044701652456284775,7.825886260873266,5.459662748918048,0.04469789469075847,7.737827740852351,5.603344737603896,0.044577415116095344,7.836758274309521,5.722010813523667,0.04459731256708489
7.183868420213404,6.991456115743468,-0.37326569592969727,7.083512162754603,6.3863078691784505,-0.48784987926662204,7.177236282271898,6.6277381185020925,-0.3061562218171992,7.051191849102752,6.009541149342444,-0.24665930970236366,7.0688693320174725,6.238274887326977,-0.4929904465673934,7.086935656158291,6.084202891288299,-0.4252736061579487,7.157428625683771,5.735564466740904,-0.09744955702638129,6.716550299849858,5.961674230871788,0.5370207278316322,7.160064574720108,5.4609390110066895,0.02979135979098123,7.143040091473129,5.279305075378282,0.054504036899446766,7.124224966203067,4.568091931324941,0.3063975525668432,7.187861087006017,7.05288668966433,-0.3744161499694576,7.201830489822587,7.112588610743084,-0.35440130511026957,7.218255509512667,7.160392835610256,-0.3227465826785434,7.221037978431302,7.16510542220916,-0.3168569721032911,7.2160950456712865,7.219847504387633,-0.3416913216906374,7.218249874132578,7.2894458573240835,-0.3734902746315004,7.228008943600622,7.371073633481681,-0.3800255104513306,7.268713998401464,7.551393116704476,-0.3236144752385601,7.114259500939287,6.494212013843118,-0.4546960136521674,7.096224875811465,6.556250504391014,-0.31322177772183035,6.529591634460446,5.6320974794733205,1.2260494937445752,6.927467783684994,5.995687271817685,0.32998914675227853,6.848096272830279,6.033839499438494,0.3685192750370601,6.777598372347222,6.056904405717701,0.42593972569495736,6.6992186883880604,6.031182417726825,0.5528093458093878,6.99241976573858,5.944058032715528,0.30442023857833467,6.749639842883772,5.626729779939144,0.39145432542899633,6.851750112395079,5.610983823549713,0.34839795231268667,6.672723244480055,5.686011865201313,0.4488928049005356,6.636723732053006,5.76700953542278,0.5008718778322411,6.65719636349156,6.143501178268223,0.6040706122023364,7.014890843840974,7.924411604359203,-0.153717649502418,6.694841406904415,5.936448156328689,0.5840172442370756,6.568782180862537,6.237082300015775,1.134084845554248,6.597802979472646,6.093470273843631,0.7540909020366938,6.848123040885699,6.546280108169657,0.11878702118967019,7.095167537622384,6.977536022502671,-0.31070747364786944,7.129015039278186,7.1274061382629545,-0.2993269336254139,7.030396592154138,7.053317796241091,-0.21727489699733454,6.995073325337693,7.1383627259997775,-0.12644767103031337,7.0793898822199575,7.154205188273221,-0.22326308269772646,7.043176929772061,7.190677368205183,-0.14064509761502966,6.956100445491515,7.427468995293581,-0.011191738967505005,7.026369408658483,6.408519015374269,-0.45329826328462264,7.001932287327756,6.267646488347586,-0.45226205777087275,6.548663169524528,5.7314467649525795,0.6143502499060431,6.989623208369724,6.1466569911177125,0.1153126112463559,6.944652875264493,6.498396283558736,-0.1477044568028839,6.945634840244892,6.4375377007168435,-0.10548984657407177,6.645820644360665,6.644820364394978,0.35188515192721714,7.02231052614983,6.122341734881398,-0.36050387141589274,6.665555041007643,5.528059205549278,0.37779966739564336,6.58200630466242,5.604947274841297,0.49797177035426116,6.533564577422751,5.320310918591341,1.0592685709200316,6.998232660299738,5.510011196393746,0.13557642543679205,6.954587345937787,5.6493438558112805,0.33769909516209323,6.8936864977452315,7.313325780448571,0.07099745161270812,6.821479668250374,7.642298137332561,1.0098932196947832,7.019561165089215,6.570773583301267,-0.15519786133016214,7.083485394699183,6.6015955902721215,-0.22535429300098986,6.983877233947115,7.277752443640706,0.03713552030203226,7.000803098042549,7.262349541014156,-0.0055656794070620165,6.548837161884757,5.534332792432661,0.5867520325569942,6.974452060749308,6.583003766938062,-0.1145808043101921,6.796373345534153,5.492285460537019,0.25595046651744385,6.765228008630728,5.367844645214271,0.2699326149788232,6.719978724211122,4.826012359420933,0.6213053215424572,6.541416775153389,5.414123090922517,0.7977998785830814,6.748747339562276,5.063211494931973,0.4424322818932834,6.524161945745297,5.696878991279233,0.7360374776331088,6.523540645090554,5.667946597694261,0.9711099175568906,7.106005782377351,7.058593920848832,-0.31376744100945003,7.0532663733977845,7.108438857730507,-0.2265608146699888,7.017729666560493,7.163402128577449,-0.14357178603619983,7.049251869507328,6.60010080570368,-0.1605346323134635,6.992730416065951,7.269958008555973,0.011925531907369379,7.01238450854667,7.276157631075696,-0.07653583051999142,7.009671777456628,7.257283334314707,-0.012943873706503217,7.001607548550164,6.481063263251918,-0.2709808837280748,7.066732114118956,7.205016592840052,-0.13556052089728482,7.103490994012914,7.182004518249173,-0.1999774720405271,7.152966813498801,7.169186846238166,-0.267232255309132,7.173871960359138,7.569211484121406,-0.2791031614520901,7.144623633277962,7.377385963603172,-0.32624613170022065,7.1350610976905005,7.294863570856545,-0.31790180679280133,7.139512343537806,7.231690255643352,-0.28217422346821963,7.154700397298487,7.174944795843462,-0.2612555384877481,7.066230565291091,7.215029254412072,-0.13192193648248968,7.049330764828566,7.246214038976116,-0.154090696255026,7.037847973475992,7.285847667137656,-0.17414803760351327,7.031571568902564,7.334290098799837,-0.1589019350252812,6.923578667001505,7.013341818739183,-0.051152620227221425,6.716890535922693,6.960307961149998,1.346972511099969,7.148701535194411,6.5672521751685435,-0.35637287365267234,7.040448701386776,7.235201801860921,-0.06264019394825003,7.024183585606704,7.257773612382395,-0.077073893749113,7.099631463074888,6.654025053346828,-0.2449662742234695,7.026224297621207,6.67203995464434,-0.09304643204186214,7.0919314206066355,6.630478322070065,-0.236959807962911,6.920321417310424,6.266885712035656,0.1649936158017883,6.799263591096978,6.406355733842844,0.2282652089618736,6.957083819316937,6.522875670240126,-0.06509233273561105,6.594896532192067,5.050889736368741,0.8421548986249129,6.615599509791733,5.211444532776583,0.6246062454292228,6.63124896029715,5.419434436655809,0.43865626904922367,7.012340834350985,7.489725856819902,-0.10094057593171386,6.943410978377518,5.338584342950408,0.14538241604803187,6.915080513828235,4.970094587619201,0.294507538963273,6.8883187982110545,4.674098361744847,0.4334546811484329,6.728486034877035,6.062053734273453,0.4939887453447676,6.605552331516672,6.269681564982001,0.6725434300453552,7.036291199726578,5.8906504789842336,0.3088734876271555,6.604753516389144,5.880150004823314,0.6197066346536364,7.030652297525648,6.029458695842293,0.07551647061019709,6.946342784868494,6.405122290026001,-0.2428170591290621,6.551961980143761,6.429652395128185,0.7928151207364723,6.625878443072929,6.334740619257266,0.5483481940205212,6.6937192618443175,6.3366277671643605,0.40668917926025516,6.828144209627388,6.258978569349155,0.30111502211689245,6.934130211794475,6.161427322329343,0.24078693546542854,7.006218698307476,6.068125151896166,0.18962646753117,7.090708543127458,5.798031950598027,-0.029339569057909857,6.561312484555397,6.712871805497171,0.7018824074984218,6.569010413756117,5.901986398243255,0.7009131661496283,7.086817313176435,6.502810899435467,-0.4299276376356213,6.984891602363022,6.261220041779306,0.047128832268201866,6.627835328808617,6.305097111147393,1.4498191662937618,7.056625059930456,5.968643787196085,0.1669424887314133,6.97217888930616,6.5529326743639835,0.0206565490018978,6.6625133446049425,5.962925285251407,0.613039980009089,6.957946032470458,6.330576777794468,-0.19274223836354756,6.770054711676421,7.2985836261373835,1.2078060073422285,7.047993066480088,5.844492841736633,0.3511315299064144,6.983374276274227,6.208150258642059,-0.2885641941583499,6.799601713902281,7.795931982569368,0.3940015612553487,6.886011814487376,8.019075423506234,0.512814965269378,6.607582477193509,6.849231097495576,1.0406372118725395,6.746885550865579,7.664447998769918,0.5918666242776706,6.54808554306547,5.936388984837762,1.0877255673628605,7.018433384649029,8.10821163920908,-0.1312529662356316,7.125846546823497,6.5737117295948435,-0.33667114459964465,6.939207689254101,6.402594117633853,0.08440641477882915,6.57726272347303,6.151920436120255,0.8778884035012281,6.77567318562453,5.974777898422281,0.44410871941676094,6.837881441997589,5.957144794125757,0.3936490418149767,7.0053409878587125,7.311962018467185,-0.057020168069295704,6.606731534800164,7.005867895896976,0.6467931330748168,7.182938582498822,8.298609295297423,-0.21577817526698775,7.006490605396741,8.20467807556188,0.11872466879084081,6.946711197841772,8.133266539081994,0.29749611750599964,7.125621836042473,4.89407683233958,0.17866648976101288,7.349178068570812,8.2960571725399,-0.32256376302372325,6.906180839823669,5.925135835223788,0.36029139997599824,6.973334846646788,5.890085884341629,0.34999994118202804,7.023315032650584,5.8666620747930445,0.3561926955822686,6.550078354349221,5.9130430139766466,0.8283604567495241,6.961583670317504,5.763341607407758,0.36295673663896827,6.8855222408421985,5.7338657518555145,0.3762617809748073,6.810699890563824,5.737117013955251,0.4099734611651972,6.74664393394429,5.779339042633633,0.45647234709299284,6.714565237213727,5.836057029955592,0.49935248250231995,6.568219347276211,5.944925881249138,1.373344681068541,6.738493765491477,5.973574744773414,0.49594858084972077,7.19105212098106,6.757864680122755,-0.30630624179884874,6.984921188108486,6.893642823549547,-0.11605581001531554,7.001514564778706,6.534038653772685,-0.18340220123016177,7.093371964641726,6.787326447224778,-0.2559558157258871,7.176640340827552,5.608571880871889,0.0021727824644382507,6.869894627434624,7.929211539349476,0.20914872293630504,6.941792215447132,8.01856823929828,0.03828211652788443,7.135292148274124,8.153132662738537,-0.3010408376211978,6.855937199800741,7.877504813771104,0.7665542495246457,7.019540032413883,5.810498115776023,0.35658688601680977,7.037376714816101,6.008843771056507,-0.07739250184953914,7.305522187871195,8.150590401896169,-0.4041990016572976,7.077465399919777,8.258383247804092,-0.05964730632094406,6.660608586135072,7.163703621412177,0.936409888557095,7.103658646570543,7.193926164826131,-0.19506196773203524,7.085200663513582,7.235133472877349,-0.2170481169751844,7.077025135850373,7.290224948621301,-0.24067112400197174,7.076477095136778,7.364972630113504,-0.23867798252016814,7.084051045975554,7.541276905023333,-0.19280160797330673,7.019761221082352,7.225850593026774,-0.06410868374514628,6.998846916729371,7.222527127619655,-0.04853159614283692,6.98228594349466,7.213874705916466,-0.03403389845618517,6.890239758398679,7.15478985895739,0.027358078064042876,6.643689766264749,7.0023176064412995,0.39800822844536926,7.062113215714022,5.9032452012704955,0.02959829849324658,7.066987115067955,5.711742306262321,0.25733371018390166,7.038078319637103,5.7439069425392315,0.3258520513316969,7.0409502502146415,7.2289599139905345,-0.06370214940675922,6.701303779020759,7.389771120192398,0.4570415645083256,7.101393223775016,5.674371987628775,0.10846617476906728,7.049021523346216,7.736221608420482,-0.16947861889661492,7.112923915858342,5.965544328147479,-0.3122796126133052,7.069895675616068,5.907159677164383,-0.14838184710006935,7.134175638594114,5.855024662699295,-0.19856541309072676,6.994109675342581,6.236084837740132,-0.097910205322199,7.2809624970235465,7.965403359122041,-0.41664843680065633,7.273417427507724,7.7482214458961645,-0.3705914439193218,7.149384825030127,7.759788767950065,-0.2970498658452515,6.893818224754797,7.542952021754601,0.050090692285216565,6.921654889123835,6.7019757980962975,0.04859444383874438,6.969762015670758,7.666488006361909,-0.0602246411050565,6.740342170160464,6.76536396217536,0.16838915243706884,6.850117261014472,6.878523098772437,0.06890361073163004,6.711661607623192,7.043760191611208,0.22534958217544723,7.124757509621419,7.974878546318132,-0.31468334436623524,6.978375694135838,6.347934452889174,-0.03220681357475914,6.849777729364148,7.713260252250398,0.13441923535676983,6.936323783493875,7.831417266563353,-0.010910724603217728,6.822462337653285,7.389092056891749,0.1385830878261695,6.656055903446176,7.260930129654396,0.605852713102471,6.760348473896706,7.480282368636808,0.25997236684426583,6.707246287323951,7.446281302873598,0.8067146976716348,6.80989684890123,7.102001844824561,0.10706997633236721,7.0145414502754955,6.132159271417858,-0.00958790030115954,6.970707350680582,6.455585709872375,-0.27646113677159495,6.967223981363456,6.53250160385358,-0.18313975981838987,6.967968555957633,6.324550443212462,-0.3461470802446538,6.982257062171707,5.605673182238931,0.2822525024197597,6.829822144048702,5.564527158946174,0.32481593387076085,6.710538758140584,5.58602085081449,0.3792726588926493,6.628729240975136,5.650060253505015,0.4559780185958657,6.592670557057159,5.750498223975097,0.5372031292355864,6.634809816090492,6.0226250930626275,0.6650156188810531,6.574443624583821,6.544948045201267,1.1019240836011486,6.6844237023885436,6.178358821804865,0.5285820983605465,6.745160420136025,6.180085361379441,0.4297883380840618,6.839246612823998,6.13989242174413,0.3450144789129078,6.935614430025251,6.074476225255764,0.29272645067049796,7.008067807398975,6.002841386839877,0.2557871065344914,7.054680853799967,5.93759918271174,0.236129117716759,6.678541069998792,6.63589885329257,1.4353907441584308,6.9952578840355875,6.587384570534263,-0.1480793526645834,7.0153726688385305,6.106468278017468,-0.1694726863382797,6.9957305515405,6.41999969345931,-0.37823979938582686,7.0696272906393585,6.507755241040504,-0.38187695294239643,7.023451690617727,6.4681047067387,-0.3385474620106318,7.033813745755226,6.637073125618485,-0.14389810976444228,7.071919481490305,6.5065612448842804,-0.4123374590858635,7.108887574870044,6.56676541921341,-0.3244812671384032,7.066316504837438,5.835422345273138,0.3122916538356034,7.0883008269847,5.844554830917605,0.2216256305575946,7.091473545974455,5.84630743412509,0.13581396991543912,6.700798003657828,5.886761010089488,0.5377218043357517,6.633673582580173,5.862508447456657,0.5629663699697653,7.194500269172634,5.975923289425244,-0.3217361326128536,7.938593038351598,5.659269168991931,-0.00576693202418171,7.220812563227767,6.516625329299607,-0.37093489391986406,8.434941114817896,5.078909550590652,0.3961018409984418,7.67551870295353,5.808091808478287,-0.019439820085614744,7.766725920838854,5.806197616346083,-0.052292606988731664,7.865274630134309,5.787474418213713,-0.06003306569855609,8.002969507213658,5.709778728512778,-0.021520854785574032,7.595439951897725,5.793994200764707,0.029321749369700716,7.758817369307332,5.336561241498681,-0.045449497256817475,7.642896896466951,5.378500444538877,0.004975857289324797,7.876730653431464,5.352436107207633,-0.05654813344398304,7.965678788323861,5.413033349297927,-0.046134823313853913,8.105907473175446,5.781618906090635,-0.014495804551153308,7.688899912973376,7.83480694768651,-0.41349372461133993,7.974808104067027,5.6166861237766375,0.015719753798174595,8.527336693479356,5.724744536971224,0.2808552803690983,8.239049667565899,5.680850561462873,0.05660446523166331,7.714498627024819,6.349243269914698,-0.2355686395432039,7.29540527176754,6.943121460725477,-0.40458616987993173,7.311059653230534,7.096834201283521,-0.3842758638037665,7.438855280762143,6.998309442353443,-0.4101706994682903,7.552913964905827,7.057578143587903,-0.390649038419649,7.427496467771512,7.1060240973626385,-0.3910247597764786,7.531936966949362,7.11967157909166,-0.36372603206064186,7.749862750346904,7.294166192570608,-0.3500321905251119,7.155112484467449,6.374014287515661,-0.5020273068559856,7.158299996329936,6.233147395869067,-0.5105529325071857,8.086399196154515,5.309984789001906,-0.03479865365464301,7.510595782554687,6.022156652092781,-0.11448242730388372,7.463955968098275,6.385126552627425,-0.3673087249518261,7.480527507670652,6.323514942121223,-0.33236529596126035,8.063297659904732,6.315419718624272,-0.23313373709416005,7.17273572684882,6.085579332874884,-0.4349025775934828,7.773898350846333,5.1829922031328906,-0.06916374075703756,7.943855778931629,5.209372121749084,-0.063105443003593,8.238106445823608,4.800694005528888,0.31728803465364486,7.352188770383027,5.394954345551909,-0.009302782538162893,7.5561683969068625,5.473211812205403,0.05830211797998536,7.824547738235624,7.14240892890323,-0.33987041151278474,8.653868587026146,7.272584800099666,0.22220783576297481,7.39893072610354,6.48471217185914,-0.318570127650157,7.318208837295148,6.546276586057101,-0.3060764679810266,7.710029770614738,7.164135432411448,-0.3182888429362146,7.691586580430509,7.160921152493541,-0.31865109221252047,8.006118275838038,5.1118120694478835,-0.013067143518460765,7.490794465769159,6.474613570740773,-0.3300442898269714,7.58004761560884,5.245165942802907,-0.05108807751464676,7.578680331514898,5.103305110993226,-0.0475245471170833,7.689197179273038,4.4970068946789254,0.19538963426568937,8.103995670480465,4.941697555142625,0.13211604891069,7.609067709796437,4.7754506726342685,0.07540138007915394,8.1631608216058,5.249640786804332,0.036997599327340064,8.290757801989294,5.1625065398778816,0.21326948455991174,7.301108276416975,7.026207391480942,-0.406197052083475,7.429330079567767,7.053085336812446,-0.4076607540086165,7.539893419211636,7.088259970479059,-0.38563949370593237,7.382614891902673,6.525717310649688,-0.2939180033611372,7.702709411879939,7.1621299415224975,-0.3164902761598843,7.63580406620322,7.183496485127571,-0.3547425758036683,7.6808004629413595,7.161488917037445,-0.3168687271539442,7.316203346406198,6.396447326802459,-0.4206533429343993,7.528752977199431,7.142325102624416,-0.34711246928284006,7.4296456608527155,7.136390342968846,-0.35740372995797903,7.322305758619397,7.144856797129118,-0.35469953999088405,7.396970318255296,7.527595611013781,-0.3618085719723688,7.347152149429041,7.342774163522885,-0.4188267753632548,7.332713601220114,7.263077913890577,-0.4121917757052976,7.326894366856356,7.196309930603513,-0.37713927129153696,7.321327315751553,7.150893698048789,-0.3500609837952509,7.529538408299247,7.1499237082510785,-0.343548465601402,7.5410338792570215,7.170369571634213,-0.36678448051118295,7.555442841720485,7.206161983843014,-0.39414156522941923,7.572135541964761,7.247039622159063,-0.3960808844287382,7.646671896703651,6.874334602521752,-0.3553692696932618,8.743348560914384,6.486361929380012,0.4704730967113045,7.6111358942888705,7.158993852503317,-0.32878665349951464,7.618742248563154,7.17119515481716,-0.3448380210738906,7.294612796442612,6.613631353295868,-0.32445432297735566,7.472921857818879,6.586220160123502,-0.2645575190082802,7.304516976947931,6.584423178297822,-0.3148778750453015,7.625318737126288,6.09530670332993,-0.1420422316128772,7.7904628461936,6.165917311414756,-0.1874619312471473,7.516709465528062,6.40522936224768,-0.29857291536694863,7.99371832637608,4.599062571445626,0.237066968237404,7.881575671462444,4.807882637254121,0.08942503443567636,7.806162310697301,5.0536757273999315,-0.037136805322784835,7.6511062364106905,7.384320298801917,-0.37831420401355614,7.354543654837456,5.198529650459051,-0.014108857836379102,7.369731004175626,4.816088807296561,0.1027159628047901,7.411499736968149,4.491399691490992,0.2191492332200094,7.9519629776112675,5.75726279334868,-0.04682030071166421,8.236103772624702,5.869177919791248,-0.01700654248615204,7.540031486023802,5.773434220934782,0.06354145302142666,8.087446672428442,5.4990989872751195,-0.00861052094620812,7.424525918042427,5.932840808649618,-0.10785723452807247,7.371507557748486,6.305945940273204,-0.42019568843425353,8.389788336282304,5.974853976053474,0.008258083367436518,8.148480656475584,5.960680995131212,-0.0996268609684167,7.992837093814761,6.013023814237059,-0.1421565681917015,7.789428753947384,6.015537193756474,-0.11745361541586892,7.645603992176904,5.9819566682323595,-0.07633050786792386,7.534813124061967,5.931102293892355,-0.04818120647990065,7.252270663726097,5.755172771758404,-0.10734618700290972,8.393294951542295,6.292481608397054,-0.0786626086567618,8.174125862412756,5.482042805015142,0.012244558258661456,7.149034727042137,6.4799840879649935,-0.46871754373455493,7.490975502354499,6.147534701566477,-0.17673014234416243,8.67403761236244,5.766275879377524,0.5511013413521338,7.447308350894705,5.864819305504145,-0.017675448069224917,7.5473631155187775,6.432344697965406,-0.21228331505764964,8.044097215521129,5.619378426613858,0.016976292217108318,7.391047533782415,6.235024681861007,-0.37319498952015095,8.727424385629659,6.870417308937821,0.3665403981111052,7.53778296936854,5.731735225970853,0.0942694416002603,7.276726804464621,6.142133894174281,-0.41951754968815014,8.257995815423016,7.5549215690623095,-0.19754345011962207,8.339051600501644,7.795911554316548,-0.08672952317404951,8.602889529901686,6.3864776350036125,0.18554090501991213,8.427530590001684,7.355637622997111,-0.10197592293052844,8.416784624595664,5.419833844219573,0.27445899188957207,7.737893203039196,8.022086125318449,-0.41395763086127124,7.176488889987677,6.554568343434634,-0.360378418169316,7.588947994035917,6.254837973829222,-0.1918220204188822,8.354311505358451,5.703818257435556,0.1077091076819214,7.838102236193188,5.707760205807373,-0.03233324365723988,7.759278766052067,5.724834350841382,-0.028004281155211877,7.653643566295481,7.205058858190715,-0.35553967390132474,8.414852393647863,6.613987791086458,-0.10733602790950822,7.562959029913355,8.262539340619268,-0.3693021746184783,7.947131343607997,8.096538653778524,-0.26864017577668,8.125872215983536,7.979632693845187,-0.19130920083084008,7.682014887350404,5.729699444913928,0.0013274013285984709,7.617758170315222,5.732381885835994,0.041955834015418046,7.56914667725039,5.735734232566066,0.07992487326024822,8.27423557199269,5.457728957623849,0.08268090432151555,7.608051932535507,5.579471130306777,0.04768205709121355,7.677358654552385,5.500338770894563,0.011286664716256826,7.755455865084616,5.47456219015908,-0.016306854189676506,7.840862163591469,5.490476503528651,-0.028170954125286602,7.901894034371079,5.533206068626241,-0.02034059761996547,8.571228555720175,5.382439575220651,0.4966635256720264,7.895270349499706,5.6856103443700166,-0.021290450839802605,7.523532501970062,6.79115639241734,-0.3469618109182899,7.38747118069383,6.441970631578862,-0.3382057730663672,7.308920322064485,6.744710998573977,-0.35090166803577844,8.087484711244038,7.747309218744359,-0.26971571888503115,7.921890476192166,7.8927795115006445,-0.3404855044441495,7.525297784782746,8.112924225807983,-0.4539164380644732,8.514565513354077,7.584091000822249,0.06072298150851607,7.560785182044263,5.673396362450975,0.07476321731055244,7.311257595956138,5.9438551590323465,-0.20160149612654213,7.75684428185389,8.188288981419864,-0.34626647986027626,8.604220888447564,6.743376117915544,0.11398924349333704,7.429468146379932,7.142897093703386,-0.3535887757569805,7.438816537524035,7.180602013029679,-0.3813635610110641,7.451553200946273,7.233373825444755,-0.41359846343345125,7.464969632091671,7.2974347130218655,-0.4205482519010325,7.533450770925602,7.466238297034066,-0.3930085016204004,7.623657708845239,7.144536284886592,-0.3427982556271371,7.633562593773069,7.126842600254117,-0.3534284756093104,7.646972685115868,7.1142348461514,-0.35942381560083014,7.752609998139986,6.995412856988018,-0.35196347490516416,8.210031686645836,6.664485023213363,-0.23683125085464496,7.335975077446261,5.83195799536381,-0.0977523156203089,7.428906017216117,5.61353876399728,0.0928798471246013,7.501362916702396,5.622884337451339,0.08990973215628527,7.611997403019881,7.153883971608184,-0.3303570754350797,8.2940995823817,7.078608677655206,-0.19315802375069296,7.306524581104414,5.614217827297929,0.011214376107711078,7.62130282439081,7.6537872684877355,-0.3940542608644564,7.222985706674346,5.869735117997486,-0.21449779930034624,7.389049791541086,6.146309006397256,-0.2630605771458987,7.443662964400037,7.724143580046072,-0.4059319250608798,7.875051310165128,7.381952734742289,-0.34291091920249767,7.645718813046204,6.5495535595784915,-0.24314646470579038,7.7610468665547945,7.543555007424057,-0.37090627675535276,7.898426162349196,6.507583361947809,-0.2874853270562747,7.7603269467485045,6.6882973217767905,-0.2958647410100256,8.034033131105803,6.765299859726855,-0.29824234309043646,7.489249667202434,7.931120524354413,-0.4585050903278393,7.475804354734083,6.240667810597003,-0.2395268116459796,7.999974302696687,7.529127025552796,-0.31804317558548706,7.849592776193384,7.697299446995099,-0.3606967070782918,7.947113028622709,7.180271638871998,-0.33500888357920183,8.418051176270525,6.895795538743306,-0.11900672396690466,8.12305593478437,7.232675038313796,-0.28786080626786614,8.560577687353145,7.0707747949098545,0.02410338465621522,7.872258274908828,6.889501523607102,-0.32580485502345674,7.4000613242337705,6.0421192816333384,-0.18699346826409768,7.338265155029674,6.362179284907563,-0.43812112807286274,7.430212720974109,6.430136333393275,-0.36899238280604196,7.260737117886369,6.2541758166688375,-0.4750086531279004,7.47670390228069,5.464878846110975,0.05612823709108957,7.617795504708307,5.32723398302991,-0.003951403042708628,7.761305389616349,5.276342626508074,-0.05207221629888875,7.897119458591204,5.29265071206132,-0.0689512252907361,8.01019758659951,5.367646702488667,-0.05149754511239621,8.125671455567888,5.648756719648323,0.027915146942710547,8.577986080868646,6.050456826474089,0.22884895509149675,8.04094844689675,5.841340903210954,-0.05235579038599205,7.924448234329778,5.883017004443275,-0.07657530569711438,7.785306473412737,5.901365097588512,-0.07148112571935566,7.660070012863762,5.890997054859668,-0.03529619883112722,7.565629495652733,5.861999502192425,0.00875786976319904,7.491512272307917,5.828716595179228,0.034876676702692753,8.721014140779133,6.126492192316485,0.5402022961291822,7.444600550762241,6.490801200044629,-0.33078485801811636,7.287433322210022,6.041271156930038,-0.2979640081457591,7.2324165152522415,6.356521363298834,-0.4811621359731502,7.2017755448667256,6.463422410307771,-0.44091046511098053,7.248626686076451,6.40225529040604,-0.4440006786141292,7.43055718358201,6.557030300110743,-0.2960726116903948,7.178068205257444,6.470454660235552,-0.461012174071062,7.201196509562645,6.541680229172521,-0.3655031579767922,7.49621147487911,5.7335832784285845,0.09885082950648125,7.4314736372688825,5.75721559704044,0.06475682399822065,7.377534596753003,5.768609631156623,0.005384374535805683,7.9409112928354535,5.57401995670504,-0.006075350419095274,8.030875909411291,5.5071977328846256,-0.017708173447833826,6.816706501315521,5.827813525520066,0.4037602344857293,6.897415710518714,5.805618581042002,0.40445541145131864,6.808684537759719,5.708702018704643,0.4045418352881427,6.742496998621757,5.852525723841356,0.404469940165609,6.827017133609713,5.956187483933244,0.4044340146175456,7.7260328412207,5.578776217499629,0.03048904351011576,7.821958281085016,5.561094508049842,0.030640155896987476,7.720328427726242,5.451361682546497,0.030637467534513674,7.6370149684997095,5.596843246062958,0.030514141313722237,7.731344891376504,5.7123329645378345,0.030533105688511825
7.001137788482371,6.896349823370506,-0.3561816055512088,6.8739440921684,6.307492886061435,-0.4603592817581583,6.979073886533317,6.540313205492736,-0.28898819814038296,6.852443447328627,5.935020785555115,-0.22434118945236908,6.859776169180038,6.164518303218889,-0.46541069122362394,6.880887931347311,6.012123349017929,-0.40078104645832013,6.958437502294885,5.658592325725793,-0.09017055871203013,6.551132724117694,5.882744436547804,0.5636073718214163,6.965217346467777,5.394039664591842,0.029444058339637657,6.948608873326549,5.219601913284374,0.052366363539392585,6.9389310920852685,4.52997834832116,0.2903578505245142,7.006010585243496,6.954428966135101,-0.35758140153217427,7.020252548171283,7.009482850813977,-0.3384466398152333,7.036858253464308,7.054030675676867,-0.30824740490738195,7.039161103169083,7.0609523720701555,-0.301626906620481,7.035071607449366,7.110741809467202,-0.3250344907529502,7.036528879528168,7.1726267435107225,-0.3546550291482642,7.044651130079445,7.245177580603942,-0.3603808205035925,7.0668430450078805,7.412529294531077,-0.3062598304119635,6.907453738398307,6.411327327467416,-0.42916615148352727,6.901284204754145,6.4712899909340535,-0.2897937933341122,6.407397674981413,5.57636612925847,1.2440507195054409,6.7593634801148355,5.9186946329305785,0.34740601308117447,6.6836856665144415,5.9576610918924136,0.3913057073645016,6.616682289181793,5.9800294571437815,0.45200954868271,6.542701858491799,5.947383379553164,0.5811652168962232,6.819781454610843,5.8666134172215685,0.31626659636073,6.58370060999658,5.56616972246018,0.41515387670894865,6.682661562679385,5.548770682676012,0.36474124098997834,6.510565756932558,5.623880741413795,0.47642642433758725,6.478622712785466,5.70032524896638,0.5296924088203033,6.510152655588282,6.058093847857087,0.6344939104397852,6.830243920817633,7.771396729158316,-0.122077631644392,6.531016003379348,5.854599572097079,0.6107028712121502,6.444791996164027,6.155900607839302,1.16228640770697,6.458676214711596,6.007245708522449,0.784662303752062,6.676882295631826,6.456138789871629,0.14854906155881545,6.915429292994832,6.886994496444858,-0.288381823145817,6.950871589232382,7.026642817709623,-0.279351329155351,6.851988136299257,6.958377301596473,-0.1907782621445566,6.819087416673978,7.039433736217064,-0.09821406614431658,6.902401723466047,7.052582399104724,-0.19967797530743775,6.868091477143464,7.088207373323663,-0.1162074797062336,6.779068483433007,7.306636266024222,0.019996623426407192,6.823091109099407,6.330781560840252,-0.42314409225142313,6.798832303525489,6.194794410785812,-0.42099364718831794,6.397681835827344,5.665754132950678,0.6471387817068973,6.8099784282383835,6.06691152026933,0.1324654308211468,6.765472121098536,6.42100856851895,-0.11756570390462101,6.76743521743641,6.360151890082791,-0.07704287632998608,6.493373267820528,6.547566351708316,0.3925721709078202,6.822516780597314,6.0499771330022165,-0.3310918832972689,6.502219310676851,5.475488095714162,0.4041305320124275,6.424122397747161,5.547615452032345,0.5289896781101755,6.39730956024406,5.273858657680828,1.0770199894745807,6.814321874030713,5.447226635657892,0.14431248065569324,6.781846019104571,5.582202483175214,0.34797037300497363,6.721144340167771,7.201174329874963,0.1055691253956782,6.702851631395107,7.4999718469177035,1.0354486393728344,6.837899788946728,6.488528841503482,-0.13088261087776765,6.89544196915997,6.515205362482592,-0.20466777852657578,6.8150055325368175,7.1770407694322245,0.06709035371885123,6.831686661693371,7.161342226387685,0.02181148851873037,6.3940379636682865,5.478624759690047,0.616085816995164,6.796417355968498,6.500081147940145,-0.08678673454115611,6.62441773294672,5.438676406578249,0.2742315019421211,6.592858727737775,5.320348128058021,0.2884593228954969,6.558402477422491,4.790619347982427,0.6313202697418154,6.395054455920785,5.362619743755089,0.8222180250830047,6.5810926050274405,5.019593050373811,0.45662311916058657,6.378762209436733,5.630240218640878,0.7701682071520459,6.389280032607579,5.60826315792919,0.9961706244976657,6.927025885002741,6.962779564163113,-0.29196672716386557,6.8754269668430785,7.0101900360298055,-0.2014633887649774,6.841836361053238,7.063028258222296,-0.11720806764347251,6.8657180473095165,6.514963867726894,-0.1378346346703097,6.823685504500969,7.169042380088026,0.04017482472266121,6.840640650629605,7.174808499856622,-0.04949788891769457,6.8399964339603905,7.155560191491922,0.013826782994382404,6.814831850062089,6.404416010504889,-0.24087304942029447,6.891346245781796,7.100843292331744,-0.1126121421978891,6.926402427195049,7.077816871170148,-0.1787547403632641,6.9742142370511555,7.064502137390316,-0.24862479754104175,6.978045630925957,7.430460107151219,-0.25632073459763616,6.967647517189883,7.254090051817133,-0.3022378658636329,6.958872746424784,7.180487432406829,-0.2950119656537998,6.9629110369527485,7.1247720320074714,-0.2615118987735318,6.976166953958269,7.072324076411583,-0.24214377285498773,6.891983542830503,7.1142597445330304,-0.10847344148922176,6.876550021251387,7.144819556540745,-0.12980023086375297,6.865911104721666,7.181673455361752,-0.14785651566512154,6.859316014416314,7.225754897802462,-0.13099321668681138,6.741916348968143,6.914219051368134,-0.021263785689218374,6.6084603960952135,6.846553466352952,1.3661641169383292,6.94670874553529,6.480774022801135,-0.33625065499966555,6.867463867563466,7.133970975509658,-0.037272754802805695,6.852318202197448,7.157040298318399,-0.05118275704569345,6.909685316011858,6.565809239213329,-0.22366287202834298,6.8445481603299845,6.583715833161696,-0.07049497999887482,6.903050783869617,6.543047839517156,-0.21601297207193512,6.7474624248046124,6.183586701450404,0.18722934015314513,6.63415294703821,6.317955352268225,0.25843402994814363,6.780209528854634,6.440651295252557,-0.038233152178591245,6.445779426010396,5.0110379775598135,0.857700801100522,6.457286062951712,5.164009336149018,0.6454558867519337,6.46911377028456,5.371649502535877,0.46369683096689085,6.829006692670957,7.360862564090445,-0.0707649911593982,6.7605875609825485,5.2849857534373275,0.15531059036117748,6.735710833297343,4.926132504032128,0.2989496405748278,6.714317442575431,4.639567492121902,0.4323824775905004,6.569670387456311,5.98158014409943,0.5217506306213788,6.46656389012768,6.179777450361225,0.7062086843852301,6.858920904085356,5.813235464629521,0.3174409424560473,6.454610245701603,5.806158076774823,0.6503021294693627,6.8452989391550085,5.951537919705649,0.0904714486790666,6.760696890986561,6.331530955741174,-0.21149454637603163,6.4173072635096835,6.3408959701355325,0.8338685036356132,6.483808968355564,6.246170517165145,0.5844254825934166,6.5454039702998354,6.250896617971518,0.4400180625819841,6.668820245778961,6.174222379018096,0.3274926426904821,6.765380090145791,6.0791765476182285,0.2601312614918455,6.8302847465786245,5.988667219422839,0.20363240868438146,6.89606335108151,5.721675046079098,-0.01678007297236291,6.424338289906984,6.610756326179482,0.7441301076599748,6.424727864541536,5.8264035024546015,0.7327398933336909,6.883850220886416,6.419986540570046,-0.40206035454720507,6.804516079810051,6.181824966069287,0.0674855181093439,6.5189170469226205,6.220286292734101,1.465497431699675,6.874508733201782,5.891450011107832,0.17832324796510898,6.796847756364042,6.468269576582689,0.04332293850810386,6.509540961135451,5.87964790637086,0.640962890661394,6.774028231855609,6.256190819621528,-0.16379097452132618,6.657348898902231,7.1695136062445615,1.2299558850086867,6.869807543029234,5.76757219694088,0.3587870589102864,6.790877507790485,6.134752171683342,-0.25875440837762403,6.647992880014533,7.656167056701183,0.4309089011558776,6.739270286086215,7.8675849899039125,0.5434672108686026,6.484817849025505,6.742286548665275,1.0738901586239469,6.608554502934111,7.528016376871075,0.6297860601324988,6.420750466674034,5.866266744234161,1.1128776359330723,6.8334117230858,7.9461808074721665,-0.09912238526685564,6.926969144114583,6.486866056695617,-0.31539143735708997,6.763616970840572,6.317675799599736,0.10798236467135595,6.444848737052186,6.062831712018323,0.9129020736961995,6.609899677160698,5.902960799821453,0.4686923212491332,6.6715943216402716,5.886650562324082,0.4154277206905186,6.8337231060086205,7.207889129615087,-0.028654424223679774,6.469859013413179,6.892043051566865,0.6888358094161046,6.986610045227638,8.126830648089916,-0.19190505747270145,6.832341257793345,8.041616213506586,0.14755964232155133,6.783888691078278,7.97706930145397,0.3273467035692238,6.934339923878784,4.847837689955934,0.16985937358701403,7.141648986424376,8.124283535781238,-0.30760033389470837,6.737768728436166,5.853574084337922,0.3773835173994003,6.801419549633107,5.816207441637336,0.36262675632969615,6.847504914172683,5.790269244166337,0.36542053148563824,6.412320984972241,5.836149787938902,0.8593267389291863,6.786229598695842,5.688123190164097,0.3756587154927403,6.711208457081575,5.659218205400663,0.39369851213586926,6.636318096294892,5.662249691144839,0.4316155674001689,6.573658856716624,5.703779523523543,0.48152458448910423,6.544253237409499,5.759242703755415,0.5258996350774575,6.454536897724227,5.875350822035929,1.3893783193014382,6.572532342498063,5.898582063964537,0.5220802207956593,6.995877492972846,6.666902126974383,-0.29018282737331186,6.798869669476227,6.800081295027027,-0.08887413537429707,6.8193095364922565,6.455311203258976,-0.15769257241359566,6.901805252178332,6.697387207080621,-0.2340784361823827,6.980956023311258,5.532660768192323,0.0038128271274326443,6.707326549977072,7.78310403509434,0.2429670995762665,6.767932738150873,7.864516138208998,0.07076294770896718,6.936762483018332,7.987908886978399,-0.27302586618782304,6.725417897792979,7.7285628942950435,0.7950687210327438,6.842375399490743,5.734222047963662,0.3662988043185065,6.845480233212296,5.932575391667894,-0.05963344089719668,7.095005208509874,7.983491401246644,-0.3860099920475059,6.891860373585476,8.089624540585096,-0.03112437735774845,6.536053487108543,7.042541337786819,0.9709524135404338,6.92799393991169,7.092667760702563,-0.17341994000231015,6.911397230125324,7.131612768840825,-0.19403139198310207,6.904067276122115,7.181591803839767,-0.21543680554564562,6.903172569190542,7.249143907078632,-0.21191523767905143,6.894621994129874,7.4060642930912595,-0.1647366163469756,6.84654101103604,7.123592928673055,-0.038104295870459916,6.825959983761665,7.121506663090154,-0.020335236137114597,6.809148765739578,7.112986534359717,-0.004050677256842117,6.71349262381098,7.050192362181559,0.060630644707531316,6.494871365660322,6.891174639193219,0.44064666685742926,6.872413472112221,5.826385511441282,0.04186679086763343,6.885263207393972,5.639499708822503,0.2601334671208822,6.8605131087640485,5.670808569750116,0.3325419113983533,6.867145565020138,7.125079263157988,-0.038755499734600435,6.55568652637344,7.265324055710468,0.4975719629024597,6.910668594085922,5.6004176921981985,0.11368416440495716,6.862572387826972,7.591832576998137,-0.13990759079564202,6.909203710424562,5.8914064174986365,-0.29261020862340104,6.873122733214203,5.831099848892794,-0.13214825271615097,6.9326328534996735,5.77881623428395,-0.18603641920152897,6.808988230543813,6.159145909857148,-0.07586914110741665,7.07058586774019,7.806311750313223,-0.3976433877869875,7.06708523172563,7.599816435139271,-0.35281769691310694,6.952164174343116,7.61160677652138,-0.27255297499760256,6.722238332169949,7.416660999935887,0.08388630532819429,6.7482533374285785,6.61000900716471,0.07484348576369994,6.7912407878671095,7.5297898756070545,-0.028403317682620034,6.5762329555452785,6.665626840914918,0.20568779546076987,6.678401152333142,6.77955631667876,0.10082482814975194,6.553055686656626,6.934719119082575,0.2656164014202241,6.926493766185742,7.817368611921576,-0.28658683033863774,6.799335359936357,6.269055778068395,-0.009418291417797674,6.684810104846851,7.57852199499061,0.1699251856651811,6.76114251454722,7.6862106650190665,0.021959027802230965,6.655783680743517,7.2717641465164595,0.1762793650578137,6.5192097468700725,7.138823013409262,0.6467012022050773,6.6020521355435555,7.35740621364713,0.29939204218718873,6.579300423316092,7.314938426708684,0.8428966190065299,6.641622677375663,6.995303164470753,0.14279254276367265,6.828288436062316,6.054720532859858,0.009368324189401223,6.784174471405223,6.380207026198622,-0.2449048311802195,6.786626784912952,6.454482232722221,-0.1544867014207325,6.773658032158477,6.251394138685982,-0.3141179028265657,6.805059961981911,5.54032390192295,0.28957638750730363,6.659741011711548,5.507000739465711,0.3409930385380453,6.5458793482286755,5.5303399274742295,0.40360182975805414,6.468670914572103,5.5917294166894385,0.48549718186987917,6.438499985236889,5.685939357932044,0.5685210375911618,6.488049311802337,5.938998183422616,0.6944583903068061,6.451351796404793,6.452439560748514,1.1340240826981363,6.534304207044339,6.093697371252453,0.5588124207909965,6.5911094476735705,6.098089946350384,0.45784036690304813,6.678442670056184,6.058448824389103,0.36885028463762837,6.767611667759342,5.993605060616732,0.3103510127891794,6.833476075556516,5.922936360301453,0.2676709448678632,6.875217994303763,5.85914853061847,0.24455015738160063,6.571139422889976,6.537523214504258,1.4516384697669578,6.814885131139993,6.504830083494193,-0.12162889425450422,6.823183140052151,6.0305364591874175,-0.14631882462173734,6.799925603565616,6.343232034018741,-0.34665629382304036,6.872708247945825,6.425301501081577,-0.35449840786284803,6.830788494951545,6.390297216822129,-0.30898300381491867,6.851342535705941,6.550552167957145,-0.12062945237941182,6.871950549500293,6.424211660851704,-0.3843644630432808,6.911748054885035,6.480874357298488,-0.302131044222054,6.886667890356921,5.7591333737514026,0.31772045187690745,6.905164035972495,5.768343734627426,0.22753063715843483,6.905248455342683,5.770697443542928,0.14292964855687734,6.533614320879777,5.807768964428884,0.5646662035018927,6.479685566495362,5.787716596161254,0.5918129991897196,6.985923618873331,5.900453821311717,-0.31020349512949297,7.727920753511981,5.564050934660894,-0.05901618912414606,7.0125171044063555,6.431719449101946,-0.3556326201592239,8.264758751696606,4.9906839138380725,0.29513165346475917,7.467232354450241,5.7210301374478325,-0.05284191986469903,7.555810416562088,5.7181048678784405,-0.09103124057214038,7.653073986334493,5.697133228026439,-0.1046194399167949,7.791805457882063,5.6108798124239625,-0.07689219618748966,7.390970524879044,5.707177057192546,0.0006298015252140346,7.541178187037699,5.263397921379164,-0.08562129745724173,7.430755574946873,5.307222991880085,-0.029021975003586165,7.657617409159479,5.273642073558954,-0.1026555975573345,7.746335939567622,5.3281209377736864,-0.09696197162545736,7.892937787480008,5.684930477262104,-0.07447385909764141,7.465726645027888,7.68293630059509,-0.42044509427261473,7.76337066133209,5.517819220147592,-0.041124977816524085,8.34480976545751,5.628987767329087,0.18249910919828105,8.030114420299624,5.5837621656375225,-0.01480393342013015,7.493315171989839,6.256161065253348,-0.25691324872737376,7.1070854819912315,6.848114532739362,-0.39359623149524814,7.123242795875394,6.991457239392887,-0.374051374144189,7.243933432836759,6.8938615278361395,-0.4080045680486039,7.352751384931979,6.948633783960375,-0.39720688947587174,7.234872881744715,6.996170192920298,-0.38797378034743113,7.333178546365494,7.008576380527542,-0.3678655361442066,7.53340260947383,7.172510493886202,-0.3671317968846811,6.940841599307289,6.295545469293813,-0.4789551131566638,6.943415006173892,6.159017204915716,-0.48779181452530185,7.866213521119398,5.232623601135728,-0.09735970924982612,7.301608469763737,5.938086177439776,-0.1292981691483321,7.244774858690427,6.301930203135748,-0.3674727179375421,7.2627983942253636,6.241581424844812,-0.3350187463112545,7.83674631718976,6.2138974071198625,-0.27832255457645255,6.961588005511784,6.012461026498677,-0.41714581921481225,7.553872922820091,5.120022346528231,-0.11129141369312473,7.721081400602728,5.139826992381705,-0.11624372121863973,8.05786279049529,4.722047292680811,0.22869077640789842,7.1470878081429845,5.327108597293493,-0.023877369602391812,7.351078912655405,5.398856412426859,0.027903304823583684,7.6062136242981175,7.0290003324164045,-0.365148893133105,8.478900939492995,7.1369256534662044,0.13452357463383105,7.185686835255891,6.398200807365379,-0.31539119949513506,7.108495700650586,6.458940544214968,-0.2959502878183815,7.499576044624695,7.055218774517943,-0.3390722383805207,7.482007820119128,7.051271822980673,-0.33491765498040804,7.7870371473905955,5.045065211403655,-0.0722369890555928,7.275797593310069,6.387627627230476,-0.33175195022220744,7.366921383806493,5.181900014970219,-0.07974172294209587,7.364055276992437,5.045408078599783,-0.07690619760710957,7.496239403616155,4.441195119461276,0.14269394898335303,7.904503933157686,4.868848425663803,0.05939662769724699,7.404240973087629,4.71890959076185,0.03463351423422064,7.94866771908243,5.173758735462547,-0.03420612495478809,8.098483038758332,5.081103632947895,0.12757149678175375,7.113340126967632,6.925727764195602,-0.3955031059165022,7.235786963613707,6.946303947735622,-0.4049943601374871,7.340672495374723,6.97875696791409,-0.39042120687317694,7.171774246264243,6.437542309758701,-0.2897991560400052,7.492428768602875,7.052875791014227,-0.334646578847041,7.430623410195187,7.072362826286423,-0.36537045073221786,7.472123834186735,7.0515236971671325,-0.33227857659042864,7.098459483067035,6.31439313163115,-0.41135033430668866,7.330851477988944,7.030103319925242,-0.351107707319095,7.237325195252444,7.024008518182557,-0.3553798161487585,7.134595125279401,7.035892274441512,-0.34628252619658456,7.187105357459854,7.390065438516711,-0.3503878721720261,7.155434254398692,7.216852806020031,-0.4054866911365698,7.142821170138284,7.146131516588898,-0.39933350509585547,7.138402992444478,7.086727958459237,-0.36666770658679315,7.133289392889704,7.046021214939858,-0.34041479612560366,7.331047995211348,7.041156721723341,-0.3472822816169812,7.341389368059263,7.060088803430865,-0.369490998248961,7.354513120313096,7.09292655450953,-0.39635586264875033,7.3696055046012106,7.1292711692612105,-0.4004607977717242,7.427645205528916,6.77248723236867,-0.3671804072187438,8.57720176037942,6.365169306912515,0.3613065359845628,7.408160938104921,7.048200203437554,-0.3394450978067849,7.415088862156666,7.060760698582108,-0.3548634178445994,7.085541935504314,6.5263148132068,-0.3139361330453689,7.262713974855177,6.495728706641157,-0.26592449752330427,7.095136681299509,6.497290464989617,-0.30423828490461774,7.411278919105437,6.007947358041872,-0.1634628223306823,7.569545171306703,6.073487927599312,-0.21784749321126137,7.300613428334811,6.319359343269122,-0.30371544270386136,7.8063304332885926,4.530407710773629,0.16532043770345112,7.67891254127019,4.7429096025288,0.031205212580750954,7.5871182395466255,4.994043043613262,-0.08330565726643571,7.434986922886987,7.256852364323581,-0.3874810168720667,7.146961871049755,5.1395803079106255,-0.02979569128940087,7.170114921266632,4.764966930838372,0.0782534855615236,7.219864916826787,4.445129269700608,0.18622580056528365,7.741037586145308,5.663037143958551,-0.09713720020289353,8.023073014471564,5.77029714349659,-0.0835385187143614,7.338586229791821,5.686893573599979,0.03618994771846286,7.87064623001627,5.409930919067505,-0.07060263956324953,7.218463693674092,5.850870588605783,-0.11836416323970225,7.151333687286163,6.22620049238155,-0.4135283281089379,8.180209984606064,5.874901738665016,-0.06944791167326063,7.928847850063841,5.862521845615699,-0.15786120572773596,7.77021693386185,5.918220638925839,-0.18828490663769465,7.5719040699375855,5.9239943702769935,-0.15200594178557494,7.434992458583392,5.8938012981561565,-0.10268307061312923,7.329443335215743,5.846394286099717,-0.06768065681359867,7.049457498483702,5.676895413929218,-0.10643821891946743,8.178251040040493,6.1855235032303515,-0.15116671074903681,7.960777054969919,5.393323829850378,-0.05615194736405514,6.939342809505443,6.398099088943924,-0.4464338482209443,7.279045663176119,6.063994208263521,-0.18738725886740643,8.515069103921745,5.663253036118374,0.43547801307199585,7.24516581724908,5.7824998942609245,-0.03340749262919417,7.333712049106595,6.344243682536884,-0.22257878373301562,7.828642057651802,5.519628008948158,-0.043072864504166676,7.173106965173917,6.156546900394669,-0.36913156721124346,8.558562378619348,6.7413717748342314,0.2664174339891814,7.338667189351755,5.646881559979516,0.06373044548635501,7.0609952737173,6.067021542235394,-0.4083410778433916,8.046013632338871,7.4151179245627965,-0.24779695144261926,8.140274778773229,7.649349846577553,-0.14208963906303215,8.411710732406654,6.2736171919067,0.09279953878083194,8.224227766538108,7.222628613257338,-0.1657091257616254,8.232044861825019,5.3313364854233525,0.18078478402954515,7.514777066954772,7.86127983169781,-0.4231921403663195,6.971813820697229,6.468223215125291,-0.34239424006692626,7.374209128124608,6.166859902798504,-0.20710720424111023,8.151355859053357,5.605411928299224,0.02628471638873147,7.627121257660429,5.620931599153654,-0.077922857444167,7.548255574892397,5.640265710812643,-0.06827323581477852,7.447348824922985,7.092047762705123,-0.3682934281773166,8.200946011379799,6.498495862881961,-0.17571836763710466,7.3478024723452755,8.091973059785218,-0.3671388030004446,7.732706363054716,7.935712805568971,-0.29470756722292807,7.916719831200984,7.825126198472126,-0.23117591486540814,7.473422646955925,5.645929420197733,-0.034360302749212715,7.412553513202852,5.647254873505875,0.009191237315442134,7.367322029833856,5.650192252411155,0.04819469192019945,8.06780074946764,5.367682484099135,0.005864987225313089,7.404461017019756,5.498386157915351,0.014381771697752599,7.469695739350781,5.4199418800362045,-0.024695341726707825,7.545076009269368,5.3917530759952585,-0.056713755677792334,7.629053215706022,5.403642021969595,-0.07376355464663037,7.689424136782581,5.441799577294145,-0.07011279530278655,8.408684090396832,5.285893261666839,0.3859912658245085,7.684862722944277,5.5948072638910125,-0.07134741237391172,7.3089965485792066,6.6940754767059065,-0.35092963521010667,7.17165453682947,6.357626920559737,-0.33356024167504883,7.102849290316763,6.652934872980729,-0.34137725046670403,7.869494805163882,7.599275320815613,-0.3059453336599141,7.700888564038803,7.738233063953766,-0.36304645293726806,7.305083503182421,7.948283680144285,-0.44816950528227484,8.329097383171957,7.443704260801876,-0.01048936690725532,7.360021830198828,5.590241698280404,0.04309276652205497,7.10302089690534,5.864808780193307,-0.20118945828815119,7.53940538026377,8.022542971540716,-0.35852716228880116,8.412266377933376,6.622015932668694,0.028013729533184473,7.235818793868041,7.035659775192472,-0.3507294851869378,7.244441332981983,7.0702412706389355,-0.37786858279695057,7.25558053807437,7.117680804911758,-0.4092813245274268,7.267374339266732,7.174567005100923,-0.4172429966353094,7.319506760167496,7.333228367633146,-0.3929064750735712,7.419376259022888,7.034066186589679,-0.3535644537087114,7.428523305371271,7.017504074905848,-0.36630524821510374,7.441664356676373,7.0048051873511525,-0.37439683619800773,7.532913392303976,6.8890897575344185,-0.372665720137635,7.987310339804532,6.552269617767016,-0.28665129092842456,7.131643907133108,5.751784390791799,-0.10313710583746778,7.230472003102176,5.5353919424064895,0.07269085669537217,7.301245881649163,5.542573124568795,0.0621395382365081,7.409090935101081,7.042564172534492,-0.34091817689368376,8.079060355956852,6.954094748464606,-0.24780929864046167,7.109941209374527,5.53691495088011,0.0019329632150752204,7.401850244202413,7.511751808869052,-0.3973493039154342,7.016767827283889,5.792082876701257,-0.20769887504209852,7.175297025064426,6.0663773255661795,-0.26344007265165936,7.227630806921947,7.577501350965807,-0.3967935286458267,7.654997640835477,7.251954656928631,-0.366549597314262,7.4276597367319805,6.454925088434678,-0.2576170822520199,7.541185798620257,7.406537595133948,-0.38426715587989924,7.671745890310949,6.40666696305586,-0.3171242833225895,7.536834049283319,6.586617922002389,-0.31616340751991734,7.808181431774251,6.65405100776853,-0.33511657244617415,7.268684915390784,7.774719530925843,-0.4513453083616531,7.261936901472225,6.157782744617243,-0.24516526839705685,7.778433983214073,7.389768586796954,-0.34904875261338264,7.626660410934654,7.551046949804976,-0.3795547645716551,7.7259327465402805,7.059243917766944,-0.3664079180843784,8.2069605455246,6.773965955271045,-0.18412967452315948,7.9030480450029845,7.105179818503566,-0.32849345767776894,8.365827420785886,6.943178355152549,-0.05346927536488077,7.648589380283819,6.780036538341955,-0.3519628859185207,7.1904309270755835,5.961383847725252,-0.19256451893084559,7.118860600208225,6.281275827883998,-0.4290831160374416,7.211909429129733,6.346114747922014,-0.36581373892095626,7.042120624859985,6.178396986070052,-0.46017725249119246,7.27281177706124,5.393661507331127,0.03114684990653608,7.404288718469129,5.260272328796091,-0.03696621291136281,7.540923545003036,5.207431684736424,-0.09310933235331784,7.674960745998565,5.217817343155584,-0.11788342260496898,7.789129640631954,5.285747257674138,-0.10767479835172081,7.91303167347068,5.552650167913337,-0.03644168945906134,8.390684081571619,5.946737778959848,0.13167803206696996,7.825829231915651,5.745322157200184,-0.10646503244893259,7.707722381251651,5.790797211211031,-0.122076355839361,7.571416928653883,5.811192100693764,-0.10840323977679546,7.451170531329076,5.802988198620504,-0.06532975358797385,7.361600887598556,5.775239828424837,-0.01543436490786545,7.29073151828857,5.744196334943673,0.013921629097423477,8.559192756047548,6.015330593122986,0.42574076634198227,7.229861000611396,6.404026435870337,-0.3292235641365281,7.075958261101931,5.963830625536576,-0.29279602205783173,7.014293370990537,6.278343984675124,-0.4643409611408489,6.989765392178892,6.382177734119055,-0.4220647179475662,7.03257431640834,6.322685604846902,-0.4292865961279796,7.219517551877329,6.468005939041367,-0.29356639205841684,6.966650399874805,6.388968649684759,-0.4400125268855784,6.994286672218255,6.456126334554716,-0.348862960802766,7.297038060418774,5.649477109631742,0.07282568658214443,7.233123601680511,5.674461091434807,0.04708315219289143,7.1779790699729915,5.688137029405111,-0.006415645084168612,7.728393363592618,5.478964167075922,-0.05919715882422175,7.812576774720384,5.415005076785388,-0.07382087397181565,6.654039936375718,5.758148711753237,0.4371535126825425,6.737587434378879,5.736563993524302,0.4369773218453796,6.645956435699282,5.640646981902586,0.4370530484423045,6.576269629533966,5.780978961673457,0.4369893879336389,6.664382001185684,5.884729675671301,0.4369499460967482,7.537686546529798,5.500470347612101,-0.027589137834699143,7.634514180210253,5.481253869501733,-0.027618008329479114,7.532166073289205,5.37540547254715,-0.027630263626111675,7.44712047744625,5.51827833696824,-0.02773904762881878,7.543022957864901,5.631039088828428,-0.027727314006701018
6.995077250964574,6.916650635441223,-0.3542231324925593,6.861939579006832,6.330740978661748,-0.461844807015841,6.97045429709769,6.563961523953354,-0.2891227305389637,6.841711602136836,5.957293306792518,-0.2248319273325983,6.847185755518461,6.186197839212948,-0.46646788816754203,6.86898747356055,6.033595510267097,-0.40205225324160876,6.948739162526777,5.681106233430703,-0.09132793153124523,6.5502300780926275,5.900695423354262,0.5672401823906449,6.954468217647543,5.410550895368052,0.028906600754240962,6.936016240938307,5.23455024917163,0.05236696047337781,6.9202428104933675,4.543187119508191,0.28983890572079507,7.000709332597623,6.9752073833313615,-0.35525012069004436,7.015799792621927,7.031068960930737,-0.3361366679068922,7.032952324595755,7.0759268183453115,-0.30600226482817455,7.035844905200799,7.078761907525495,-0.3019696613040253,7.032084411880688,7.129440944874166,-0.3255439811056305,7.0340876070698135,7.192935028624639,-0.3555950692392091,7.042703008785699,7.267146760771148,-0.3624489302340213,7.067882867539186,7.435802357940778,-0.30956138664019844,6.896870814618033,6.435777811882412,-0.42988013758580407,6.891603768899461,6.497485505455584,-0.2897871504508997,6.409627525583986,5.598966572329445,1.2507434377076776,6.7542429015516445,5.93699675581335,0.3499210595602429,6.679109228604054,5.975734200817443,0.3942338523778971,6.612294495567044,5.9991228207192435,0.4554310065132802,6.540704510927741,5.967740814758485,0.585052437123098,6.814002813357243,5.885575871283644,0.3179523639987963,6.5781757592493575,5.582436056012544,0.4181788143737385,6.67688299439318,5.564766793882738,0.3669338241657256,6.505759421961152,5.641234544954206,0.4799070715213145,6.475016055683787,5.719065466195867,0.5333069511599529,6.5061002145037,6.0817684756260535,0.63868894938846,6.83192766989396,7.801376475275157,-0.12102681974994811,6.530428784568587,5.873995851514695,0.6143554873574525,6.450469987939306,6.18012037220417,1.1689869084663729,6.456787810664069,6.031844446146036,0.7892958756575916,6.669737433683976,6.484252780388831,0.15068145299194624,6.910179040471652,6.906254384890191,-0.28555191995833107,6.946640379185473,7.047426310305286,-0.2759768270479318,6.8488841768890465,6.9772230465403355,-0.18664108378203872,6.817446757506735,7.058420333141315,-0.0924114803812759,6.899523039507093,7.072465557501584,-0.19469040276337646,6.866189788439914,7.107576194065061,-0.10997711291901838,6.780560120782498,7.33421708821507,0.026653195567818106,6.811387992527731,6.354733604858471,-0.4236072083908464,6.787168863970411,6.217396980882584,-0.4216268279463759,6.394981065599872,5.689528034505039,0.6505742624767744,6.802030050963041,6.090422666737027,0.13362680363228216,6.7589461157059185,6.447445800458075,-0.11622380732220969,6.760580811641719,6.385888415790864,-0.07567038223954142,6.4850749770311165,6.580474030908251,0.39664130579394274,6.8111961235556056,6.072171563680918,-0.33100980082815423,6.4958293368189315,5.495884101220162,0.40589902699074676,6.419256992914283,5.569113284135767,0.531695373010956,6.396522944054572,5.295190888046029,1.0824630933021235,6.804970425644174,5.467857031600527,0.14439088241473652,6.775793181193438,5.599328144905075,0.3498014228489456,6.722316458724132,7.227716647997648,0.11273230720117415,6.702230478746864,7.5420811444719895,1.0426759968769652,6.831865329794714,6.516114112446019,-0.12906939604346804,6.887834963566117,6.541325141249129,-0.2040967661343217,6.8150979211006755,7.195552620125229,0.07499582665001091,6.830860268861304,7.179616412754479,0.029606487420557367,6.390519592497121,5.501380419970408,0.6190703036968643,6.791275691175226,6.527056877867112,-0.08519620374337465,6.616279413244443,5.457995866901363,0.27546343035559434,6.584382062463245,5.341362043551399,0.28966643144621274,6.5483072323647535,4.810346653831323,0.6333296489813504,6.392743056036918,5.384662437486462,0.825843451508704,6.571505368629967,5.03936651543536,0.4577994540755611,6.377749569500331,5.654699660057595,0.7746524460949693,6.389724409897841,5.631311040155794,1.0008980001155885,6.922423328631462,6.9825441203449214,-0.28861268895613434,6.872691860791338,7.0294363429982445,-0.19673442205916128,6.840215439754917,7.082196154326215,-0.11104268487584615,6.859936383817707,6.542166732588959,-0.13691879378986066,6.8232630887664465,7.187401998482615,0.04805705173691997,6.839211764157046,7.19390407083404,-0.0427348334070749,6.839015739178303,7.1737966181559205,0.02149051810654851,6.805205240018004,6.431167415209238,-0.24028564831022017,6.889063756189045,7.1203379050486175,-0.1063679350377209,6.923120152407485,7.097994520810852,-0.17361964403082214,6.970083719841057,7.085650488492249,-0.24483954926845167,6.97906415747142,7.455423557844774,-0.25759489636687694,6.964959363682983,7.277044983195975,-0.30203808389212206,6.955300111638601,7.201082879596175,-0.29398921947400797,6.9587302024327045,7.143934325281241,-0.2600817901177264,6.97192621610768,7.090861428121498,-0.24063873570567543,6.88898825540218,7.133596951490609,-0.10379909003140345,6.873506438088161,7.163854064993851,-0.1251527710789589,6.863158674280989,7.201737450638264,-0.14329912978081194,6.857317406981578,7.247074634149269,-0.12630494815283033,6.7401367224276685,6.938610281734737,-0.01595280298701381,6.613903562795377,6.878010163924847,1.3743229005318993,6.937145982070209,6.506002548348214,-0.3372023805618606,6.865609332849151,7.152670943856773,-0.030864718423685395,6.850360944573422,7.175603095698534,-0.04464582531659838,6.9019702347364085,6.590275279845361,-0.22309493302560318,6.840581168337164,6.609981677884994,-0.0691201099520066,6.895142608533362,6.568124457247491,-0.21543993681786824,6.739735667789182,6.208634733599584,0.18918806646188427,6.626028712098848,6.3459935229440925,0.26087708094634476,6.774468107750563,6.467100941082771,-0.03656725735640404,6.441020614229054,5.032225110732773,0.8615314266579821,6.452489114487128,5.1858622853261185,0.6479215613786231,6.463335599088274,5.393310740921394,0.4657134430914509,6.830229941191144,7.3891117016083525,-0.06602584938525909,6.750213653137003,5.305524105830044,0.15548146746699518,6.723013975167924,4.943292110483054,0.2990230093212318,6.699857398968875,4.656655451151964,0.4328709904306328,6.566811851824465,6.001252774110171,0.5255879481211512,6.462514787781527,6.205970733358444,0.7111030355064152,6.8530914409204255,5.832286169112076,0.31901467825252106,6.45194883362699,5.827811535321707,0.6539061243228294,6.837157311552985,5.974068334832019,0.09117580437238919,6.751789472312404,6.356793598804688,-0.21076665889875298,6.414625123540258,6.369343353450806,0.8402510276958431,6.477941191673993,6.273610433708818,0.5889121983929123,6.537783530944151,6.278373909959031,0.44373790873097635,6.661588890044671,6.199304498745669,0.3302629750975266,6.7583552700986145,6.102140527392087,0.26214953328461343,6.822677091833529,6.0106127936781695,0.205045980728823,6.887154763816559,5.744340913101532,-0.016701204807390194,6.419598478124601,6.644126042910148,0.7502164259423538,6.423182341163513,5.850645328340212,0.7370330534541706,6.873034731337195,6.445063023331315,-0.40241161793872426,6.796742917879157,6.205965192016289,0.06860840163735708,6.527493951229609,6.244358381138986,1.4735310210564743,6.866924016275486,5.912513720835887,0.17959494254361263,6.791279154514073,6.495559889056632,0.04478810901707511,6.507429443953193,5.900109426421344,0.6446698325351413,6.765376150609325,6.280819027185038,-0.16310622439742195,6.660811024139627,7.206249488488182,1.2378629342016676,6.864261401369885,5.786075877877735,0.36050785868546464,6.780807403176176,6.15799310031046,-0.2586975368723019,6.6458930383899055,7.695498050714663,0.4356476357677724,6.738080884488068,7.909082850079117,0.5480687836194083,6.485953972430495,6.775304850416006,1.0813663404727385,6.603865421481129,7.569637546342313,0.6353567845002559,6.424720756279366,5.8901918092989725,1.1189097128258447,6.837423988644206,7.974836416093396,-0.09848679362620844,6.917501924129824,6.5125593414534215,-0.3155782452191534,6.756609054651939,6.3435511763891625,0.10962519440042398,6.444727772130921,6.087825162601749,0.9188353983036769,6.607032298522858,5.918999861828614,0.47200286643766753,6.6676178703095905,5.902320421941291,0.41847938889392555,6.832776880579254,7.227917521650776,-0.021598195475889623,6.464206975142188,6.928547897048559,0.6951023667413753,6.993005481666277,8.151219414898533,-0.19333734121344304,6.837283377087016,8.073275588810457,0.14950931842796872,6.786324501959505,8.013172113791233,0.33078498684524604,6.918610885228644,4.861781738050303,0.1689093192089775,7.147744690680749,8.147418746847796,-0.3108127559032358,6.732974537691999,5.869814908858554,0.3800321283934786,6.796121594889999,5.833560677807785,0.364851015474854,6.842132051472866,5.8084487004957,0.36738730509600936,6.412925316834133,5.860876723962124,0.8645118029027986,6.781682242568937,5.703794219883748,0.3782598513219793,6.707232232709753,5.673728282684863,0.39661849104928787,6.632521087101501,5.677079409353254,0.43489764974044687,6.570633992576053,5.720221528703007,0.4850835509290362,6.542169503260037,5.777075352882059,0.5293940276388365,6.460292709577269,5.898627810062582,1.396958330817941,6.570823090877101,5.915464485533561,0.52566223673942,6.988232308067293,6.690463438680176,-0.2897648984988075,6.796109819537919,6.823984848582169,-0.0853080912340017,6.812418682168609,6.482728218628365,-0.15683144448076797,6.8957202934530475,6.721321095139493,-0.23263697269588104,6.97173919580994,5.554291579205994,0.003036940279528961,6.708711771065206,7.818761743619507,0.24710368539383337,6.770855152665335,7.896231092285538,0.07328659857992852,6.94119878118901,8.01509149618026,-0.27426124050418493,6.722535341739264,7.772702107625012,0.8015570475942805,6.836999383301559,5.751658948085319,0.3683424506582862,6.836328188233004,5.95521114747768,-0.05970138679055098,7.099754589612916,8.008673236628933,-0.38907010074043824,6.897780287399264,8.11696907170466,-0.030837111825047656,6.535332179708219,7.0795065253776075,0.9780709606078347,6.924022698511022,7.111989873091724,-0.1702933776415919,6.907255982484754,7.151046637937513,-0.19095092758089316,6.900458833663562,7.202157207306525,-0.21247176884248756,6.9004505216503285,7.271677500650839,-0.20906897348767173,6.895678040719114,7.432841895894332,-0.162477942261768,6.845689593136541,7.141976153497127,-0.03041004426493953,6.825324468048202,7.140052615101483,-0.012622507760640406,6.808766245020525,7.131922080824182,0.0034985005299667826,6.712834529628718,7.075206443865127,0.06736930558135892,6.487179994382345,6.927569157490387,0.44616982197762917,6.863850649382626,5.848628279795698,0.04215288966290091,6.878616940890847,5.658912465431129,0.26138140802007653,6.854194860677091,5.689374954928001,0.33385263922900776,6.866259747884624,7.143601844751926,-0.03135956190158992,6.550147650628068,7.30382836783564,0.5034936212382233,6.9031498479477085,5.622626025329083,0.11361835915345261,6.863276427801788,7.6211782623961275,-0.138470012436514,6.8980372671417145,5.913220241960682,-0.29309799415932675,6.86327434979848,5.853699300535528,-0.13283685933300893,6.922050673371521,5.8009083191579345,-0.18723199432694637,6.8003780383330055,6.18292429133473,-0.07527487976614385,7.074015055301747,7.832504272164544,-0.4012063760199559,7.069055554072793,7.625150019385908,-0.3563265696954386,6.95346662005298,7.638902245279716,-0.2742197020838883,6.722820028192491,7.447813217062298,0.0898282354614085,6.7431622952444386,6.638022254526132,0.07755985003927726,6.79238049626743,7.560747155521972,-0.02454917122077493,6.568107833221025,6.697510640566124,0.20891868622757817,6.67369325931506,6.8084060577804335,0.10505626038700956,6.546398932660037,6.968985841426546,0.27036305781903625,6.928790330767852,7.846086101787079,-0.2880441602385257,6.791827054719675,6.29371511571586,-0.008360569649380851,6.685111194825967,7.612580177374476,0.17495523736544583,6.76279942650713,7.718056854628714,0.024962536946569473,6.654622730287743,7.30272979675336,0.18293273535744317,6.5134722775735,7.177413036579995,0.6531648832260926,6.598795786076838,7.391957180805077,0.30524539541489054,6.576002167788958,7.355565801535966,0.8496316541299814,6.638459327888628,7.025374539198441,0.14873929914999984,6.820031793622163,6.077944256871157,0.00987529065720008,6.774925961146141,6.406340817018148,-0.24430097843186982,6.780152139466318,6.481480723975663,-0.15331619884276243,6.763005148834644,6.2753261717736395,-0.3135819117701187,6.7983062690347085,5.558118222298083,0.2911309692152851,6.653165357300911,5.52380380733554,0.3428435967511189,6.539734776050571,5.547862236970357,0.40576118610463474,6.463117408740911,5.610614819873679,0.4882099069062552,6.434484601156929,5.706616841044082,0.5714507365939283,6.485705304701277,5.9613329452237,0.6985206821833994,6.4544168088893885,6.480869791003046,1.1414029730522155,6.529499917089812,6.117500435178689,0.5627125595159153,6.584897407283684,6.121655749127362,0.46129690681024,6.672604385581552,6.080273698579673,0.371667602285325,6.761530459153576,6.0143372682742715,0.31255503180197264,6.8268968238847565,5.9434461854143,0.2690384389393841,6.868461738723569,5.879401430787149,0.24552790951016779,6.578589281907694,6.564397211980311,1.4601469480821052,6.809469302806473,6.532079411863084,-0.12035167431052023,6.813505477898809,6.053595599440959,-0.146298251347138,6.788859665995535,6.3682877277702294,-0.3466778808345398,6.861847454193501,6.451231922485654,-0.35466981662035574,6.8201121430834135,6.416554203278056,-0.3088487397348175,6.846495858420131,6.57742560005509,-0.1195013813318374,6.861127772381087,6.449712209399575,-0.3846580667997284,6.902251457850787,6.506768638901178,-0.3022087615596775,6.880642301448594,5.777921792896274,0.3189793305504135,6.898339270289176,5.788390773563093,0.22865610279575938,6.897624437151148,5.7915905523238695,0.14337229281395558,6.532253964140974,5.826628458771559,0.5682401781909908,6.477058732935768,5.807609187159178,0.5955191666196665,6.974661561129069,5.921266270770115,-0.31183714659658557,7.7196271324619605,5.578851153971978,-0.06328796097440459,7.002629407654419,6.4564477107892895,-0.3565183087923576,8.252522076174323,4.986437000503885,0.28795759841321755,7.460022179165867,5.7355658514647985,-0.055354355390826476,7.54840104520006,5.732263211540266,-0.09426172586856907,7.64588364372757,5.71100073535666,-0.10862531765235091,7.784904835718656,5.625524147276283,-0.08158773476424744,7.384040680868523,5.72316328871968,-0.0011945629806247283,7.531906547607169,5.2698596813849266,-0.08879821684243232,7.421119186564886,5.315212449920742,-0.03142707265750585,7.649293647156362,5.280453688584124,-0.10666940786142146,7.738976113932579,5.336445141390263,-0.10142464656374364,7.887697425366442,5.6971092832412005,-0.07920301492085245,7.471159584230165,7.711833234720592,-0.42476712386245424,7.755618842428124,5.533034298030659,-0.04559383315397014,8.339385385129052,5.6302723848355685,0.17664224054077074,8.024865038406594,5.591699102092825,-0.020188488042806117,7.488005264382146,6.276345086062437,-0.2611617673995711,7.10237841512343,6.8682380070340505,-0.3931366233394207,7.121196813082682,7.012687636333981,-0.3729288637099442,7.243034303050317,6.914407084536113,-0.4083570018622235,7.356561165120604,6.967581111190189,-0.39773879458283273,7.235876274321264,7.01656657584266,-0.3875426817254244,7.3386882586665925,7.027228118149375,-0.3676763640145301,7.5429421305093625,7.193793936658704,-0.3689734709962161,6.928857519541484,6.318224472068561,-0.480081104298378,6.930993014274566,6.179938893248585,-0.48926674475542814,7.860411856593957,5.233804592317862,-0.10294545276614646,7.293569958170721,5.957207415989111,-0.13176059431749093,7.2339624332743915,6.324498656723851,-0.36948669452161115,7.252103402155164,6.2632647479049535,-0.3371693922593426,7.834443741918884,6.233358816960801,-0.28415688707074516,6.94972829210149,6.033115491502898,-0.4187855913397391,7.544109968368583,5.120419034472534,-0.11450519035697167,7.713839200580795,5.1399335635400405,-0.12098359295196355,8.040788777757495,4.719632458412574,0.22184276286545745,7.136895435408525,5.337535746793194,-0.024662322288934446,7.3415669859162485,5.410210449159389,0.026200101557421203,7.615697875004578,7.047124307157825,-0.3676819919401565,8.489847370667436,7.165328754674918,0.1289549651633752,7.176053329748648,6.423261997956995,-0.3174257633271045,7.099862645784944,6.482974115686504,-0.29719720201867805,7.51330564732751,7.071518680660804,-0.3401518681533351,7.496193982752077,7.067528914309019,-0.33536743870309776,7.77834734994568,5.043317838725943,-0.07776673042071816,7.265737181860405,6.410232917214447,-0.33362449178245934,7.355887892048741,5.185081648749996,-0.08201681539006041,7.352289482986671,5.048590079452786,-0.0795488022473942,7.475589887283292,4.447449697425703,0.13866727122972047,7.88972001525311,4.869395888505511,0.053002407391271565,7.387017074273666,4.725997036211772,0.031080192214640492,7.941994266474727,5.172268680351504,-0.04042393679579126,8.087141412218449,5.080045854530987,0.12119891522184409,7.10978580424947,6.946318981340468,-0.3945003995939121,7.2357758374947,6.96659890829317,-0.40476859319107433,7.345134224928695,6.99741916069294,-0.3904708048453862,7.162517216198895,6.46224187668038,-0.29127041189561387,7.50647109444677,7.069189931620057,-0.33535778464606164,7.441907531660332,7.089730301654056,-0.3659914496654472,7.486429445206745,7.067728402626608,-0.3327339807814153,7.088028416944623,6.339239319524603,-0.4130201278693434,7.337368726565872,7.048886453963196,-0.35073929500872286,7.239460137360176,7.044546197720091,-0.3547050560931243,7.133834536535516,7.057490080327002,-0.3450859138417643,7.1891073465308954,7.414675990973861,-0.35452004886108923,7.1557034433512365,7.239149822199481,-0.40857328737322085,7.142794194132796,7.166318576917401,-0.4017594712338275,7.138205270160475,7.105402602604662,-0.36852462228164024,7.1330365832651585,7.063782967012066,-0.3420353616935598,7.338745057423684,7.059094991548719,-0.34853581060489985,7.348856621521489,7.078061620410624,-0.37087198676868977,7.3620096897947604,7.111959395709869,-0.3975966678148975,7.377157641243925,7.149547704884516,-0.4017459209205885,7.428164310447526,6.791527822243291,-0.36835154192275965,8.584220583578078,6.37742332298094,0.35534633657238857,7.419656964903668,7.065596371232373,-0.3401524958835011,7.426270556765967,7.0778884534682724,-0.35554201521724604,7.078341458189464,6.549621223123319,-0.31484936391292695,7.254197336822082,6.51833272731143,-0.2674571650052988,7.087148728877476,6.520755679168816,-0.3053955527997773,7.404101724806092,6.026728402001195,-0.1666644262600646,7.56429084383026,6.091840557661003,-0.22243332707648042,7.290840847159257,6.341320093503903,-0.3058107421899335,7.786318570636016,4.5326280920313495,0.15970381866822642,7.661685473551056,4.746992835304155,0.026146249344083276,7.576088361278802,4.993813912248071,-0.0872600019508562,7.441554963765705,7.281593732437672,-0.3897780072007723,7.135000989059197,5.148067214822304,-0.030849119870206363,7.1532223074012204,4.775490572673103,0.07611488554615758,7.199338742152808,4.45494159201961,0.18377071183735122,7.733876693814204,5.677118891416111,-0.10182729217351322,8.018705143933257,5.781094557614043,-0.08896513895192554,7.331765736979138,5.703956650475674,0.03456023896587954,7.864581716565787,5.417732128467381,-0.07562639242471711,7.2098125714940124,5.870071195933234,-0.1204178132595647,7.140218162698371,6.248259486016287,-0.41546472559452347,8.177580964866628,5.88594159986589,-0.07548597568033762,7.924470464576497,5.875942247946729,-0.16325026682465696,7.765298181837819,5.9334502968339855,-0.19299977390519604,7.565768996850174,5.939984924570573,-0.15556565906977984,7.42763441960393,5.910240385216692,-0.10517987993798095,7.322002584769344,5.863418122008079,-0.06984773038643402,7.039802808835192,5.698158328577967,-0.10744322598918818,8.177488840053297,6.201892998199944,-0.15726105001887494,7.954751128783898,5.397934644616072,-0.06205823757916123,6.928972502391206,6.422104550114316,-0.4473808216972307,7.270105144814286,6.084476806604436,-0.18988302869327756,8.512780215176967,5.662639364364424,0.4290676815840251,7.237444474151201,5.8000549524660245,-0.03520943371555594,7.325233879913629,6.367267428145893,-0.2243079674567774,7.823167803300706,5.533771296537308,-0.04764279853054588,7.1622256030679745,6.17767941098478,-0.3711343779780883,8.567653355869398,6.762264686989148,0.26027625659398745,7.3322415997367205,5.663701224054925,0.06207623070676497,7.049868656860215,6.087291808419306,-0.4103227497000653,8.054102544953269,7.447550003309923,-0.2530922311777138,8.149840313369642,7.685402417975555,-0.1474269101856513,8.413253554061935,6.2873702789480905,0.08704142197787268,8.23288702291494,7.253284400702003,-0.17170432024200638,8.223403015816217,5.330265159551613,0.17438150281663267,7.519980886621286,7.889611959081083,-0.4275859786417921,6.961953185563756,6.493226984009269,-0.34298076661532934,7.366303537297315,6.187281171604301,-0.2101822637600513,8.147117436368104,5.610922018029411,0.0202923340935477,7.618636171682403,5.634789964027642,-0.08141609385557513,7.540077256615095,5.653957120208791,-0.07131681919921008,7.458645155640286,7.10990217243473,-0.3690652494756625,8.202737965583726,6.519100895867703,-0.18195100866951533,7.353320172627549,8.116603343122412,-0.37138850046598954,7.738746840900905,7.967153345195133,-0.29918600270572043,7.924061097924777,7.859528012520193,-0.235893615151352,7.465675040831999,5.6598112018619355,-0.036903639553389316,7.405638754586406,5.662465158420418,0.007115152999986858,7.360630588265871,5.6664334520713515,0.04626716034050335,8.061889516016944,5.369403312860308,-0.00011753082625115356,7.396446360618604,5.509911662552311,0.012050971620275096,7.460858229163542,5.42854051634121,-0.02719563289753463,7.535816657165472,5.399633412320543,-0.05986100341966373,7.620106012689085,5.412669766074669,-0.0774563286765526,7.6810199089985165,5.452989610597973,-0.07394528774836605,8.400998875885586,5.281902749557723,0.3789734289996754,7.67628413945908,5.609096492123139,-0.0753386268467971,7.304892998197219,6.7145987544373975,-0.3523393792019211,7.161492067900173,6.382944577770885,-0.335099397922205,7.096928505113735,6.67584260740353,-0.34213534395690015,7.876314123244005,7.631097957521806,-0.3104263771631134,7.70689312818918,7.769043436467003,-0.3673872618042738,7.309754833270688,7.975168896622711,-0.4524124036659396,8.3399956254339,7.477427534875529,-0.016291330830644164,7.352984228759386,5.60536855418819,0.041078410431475906,7.0928403799386945,5.8847453626281245,-0.20299347625286293,7.544941169691872,8.050272092188447,-0.36299382166399896,8.416719663580048,6.641908813380276,0.022125078896729444,7.239110340136626,7.0540842329048274,-0.3524344911450078,7.247779769938525,7.089119368681439,-0.37977445598325915,7.258827820860568,7.137713476044195,-0.4112482404234644,7.270757637853067,7.19627507260872,-0.4193766966974569,7.323475196447104,7.3587430685942365,-0.3963561431316249,7.429829483765181,7.051026797370664,-0.35416657184001366,7.438562639001866,7.034452642984291,-0.36708802932788986,7.451181660424925,7.021911200351405,-0.37536965176239256,7.538206360969927,6.9069532866695225,-0.3743695260868398,7.988724404870009,6.57457457951621,-0.29336668431625335,7.12230993018812,5.771585614475622,-0.10487069036241184,7.222367867482286,5.551109463473337,0.07158688928020852,7.293766675817233,5.557831457841549,0.06085493837702736,7.420120359641401,7.059825063377674,-0.34090391053810104,8.085030160857297,6.98034974885144,-0.25425180031543687,7.10034612788799,5.555829301654078,0.0010145365811448789,7.406855771857255,7.540087646631636,-0.4013314025523339,7.006247211414033,5.813057711833335,-0.20931824730118712,7.165217235164044,6.087201068941514,-0.265450441539723,7.231236785601775,7.6047204761950145,-0.40118676486373456,7.662379526656001,7.276486692973833,-0.36961873431515435,7.422408933951522,6.476616118231117,-0.2604477568045191,7.547550449179228,7.433719505958171,-0.38759848477259723,7.669762672410112,6.427651433611728,-0.3227338929027492,7.53593510335404,6.6076834062261005,-0.3193038021086451,7.810210760006176,6.676531119166321,-0.3407324103275694,7.273125176288901,7.802870559653769,-0.45592119883534254,7.25221422899827,6.179110462596375,-0.24729806528662324,7.78473721011846,7.417963392207468,-0.3532888751927037,7.632898201054496,7.580008860853646,-0.38361265796875077,7.7334396204517075,7.081319929597915,-0.3706534500874418,8.211748187928173,6.798302113028092,-0.19050573701797455,7.909269870376857,7.131230798390314,-0.3339976881890952,8.372864789095576,6.969344643331099,-0.05953123944675646,7.6524542901881665,6.800435529757866,-0.35584988439487975,7.180909623479962,5.981417539865428,-0.1946471110277885,7.108098465563194,6.305036077739049,-0.4309108705184174,7.2014680028759654,6.369995153821819,-0.36753908592098067,7.030286939019076,6.1995926485377435,-0.46263492448205656,7.26353449835369,5.404491091387395,0.02948656931297876,7.394533212239502,5.2666467419365315,-0.039575740760550975,7.531814422793837,5.212318730778623,-0.09617016627142634,7.667095901497894,5.222633246532864,-0.12199671697112653,7.782500585891045,5.291559923598797,-0.11252633594618061,7.907579068351734,5.563414706396855,-0.04135400832596224,8.389012260135996,5.954046080289537,0.12593248770569945,7.820374274186687,5.7588931702690065,-0.11097155655427517,7.701989040381778,5.8048953148386415,-0.12623775937919784,7.564899698799568,5.825816652145814,-0.11173891339050537,7.444092898472812,5.818106567204543,-0.06762184250944425,7.354681264794434,5.791603713011488,-0.01716077228512423,7.283771479904688,5.761270406053612,0.012737818004112372,8.562129330408377,6.020329537147412,0.4194854022455182,7.220050893793619,6.42778927449784,-0.33084732694449265,7.065133669162409,5.984136260860351,-0.29469056723640047,7.003045008316064,6.301251341047009,-0.4658915452916597,6.979968088910496,6.406349129031382,-0.4231114314348933,7.022293552960118,6.346659869338262,-0.4307533751843485,7.2104228117988605,6.491588824734621,-0.29499633676485815,6.956576698337618,6.412912156146514,-0.4409900956897383,6.984575022244823,6.480853859644349,-0.34956145675858163,7.290247923548645,5.666516918537566,0.0715871869108907,7.225882463744258,5.691881026917716,0.04607936079152284,7.169776374422281,5.706173533671662,-0.00756292415620655,7.720448636436477,5.49221261570842,-0.06337082676778687,7.806260475717247,5.425737982546188,-0.07866263124284288,6.655403366863865,5.770524447452891,0.4178472429708704,6.738443842399238,5.748614673238775,0.417506147386173,6.647393356778442,5.651380049772712,0.41758641026395305,6.57821939731883,5.794219572842654,0.41751813919693087,6.665473370895506,5.898851541752101,0.41747973942746436,7.528997342975659,5.506955356512481,-0.024961411361444186,7.625618262798027,5.486959077011352,-0.024765297093497323,7.522471719920074,5.379534617989541,-0.024775440888292272,7.438771132000457,5.52653707435362,-0.02488656806781305,7.53525836694333,5.640430011340039,-0.024873980995690857
7.060494211424359,6.955249888857093,-0.3599227080477195,6.928013036062731,6.360499239362153,-0.47126699059862226,7.036411970252487,6.593153584407382,-0.29388829887966617,6.900617688017173,5.988369768418963,-0.23385893936733368,6.9118910103358004,6.216979008785638,-0.4763175929741139,6.931134280263917,6.06417081745811,-0.41163858323148256,7.00616440284001,5.708728532940194,-0.09758580422328571,6.592365279079065,5.941486456022389,0.558238609415532,7.0093412594100375,5.437261968103708,0.021827948452935376,6.989279097350741,5.261453196178261,0.044415369610538276,6.967333761451575,4.5735170711445585,0.2818355127304229,7.066522592206695,7.015165959891494,-0.36083909561302324,7.082126727748795,7.071993458991402,-0.34099112806809,7.099718310322342,7.117300160731341,-0.31013236768790375,7.101164927066812,7.124155775500183,-0.3014063742687419,7.098242497084231,7.174708809085636,-0.3252722702916737,7.1012379183009156,7.237894887407872,-0.3547321840832812,7.110869980584131,7.311306690050699,-0.3592653307455751,7.142295835061422,7.490208899992913,-0.3030408782702833,6.96323095894035,6.464426243942504,-0.43806288718048575,6.9569460661067355,6.5246259380579925,-0.29675778849394036,6.433652444489871,5.641571383905423,1.2419228212740545,6.8031723050252095,5.973235557393566,0.3426850026180852,6.726420284478886,6.014442237240722,0.3861435706552408,6.657898894520991,6.038667680262358,0.4465526800971455,6.58235227206929,6.006821257245709,0.5760235318651264,6.865027162268321,5.918793828916925,0.3120582935363196,6.619384548480338,5.617766857000451,0.40770392124167404,6.720825680173507,5.598064785029398,0.3581357262270792,6.545062788452354,5.6781577186338295,0.4689355289293006,6.51376901335106,5.757018143113828,0.5226396983641912,6.547604273708376,6.1204136915305805,0.6301447071719962,6.907706874735146,7.856206412116801,-0.11803544980719624,6.571129696037229,5.91417244106626,0.6054431701364875,6.481330318606257,6.224385186006004,1.1638138589280163,6.492588347523454,6.069663234035743,0.7807882739367252,6.723998365815872,6.522728861125913,0.1445285849244306,6.971285020257709,6.947779757412561,-0.29254039408988874,7.009332222400101,7.09130624438057,-0.28218037458798023,6.904801823617827,7.024896038974791,-0.19372896711753054,6.87097838088889,7.109444913632587,-0.0984837810532018,6.957788593494673,7.120398464830381,-0.20124576081529316,6.921607186326888,7.15811546853278,-0.11540172622379255,6.841525375196225,7.3854949803934655,0.025209070502820532,6.876308826442275,6.384564796823372,-0.4335253958018762,6.849704564343477,6.248794844999425,-0.4322211119639083,6.428569473977827,5.720072413451788,0.6382969590780906,6.856499700661204,6.124716003415022,0.127769493444132,6.813867953862505,6.480430093385648,-0.1250148129584997,6.815080998657844,6.4202707182375685,-0.08412353779228106,6.536100160059058,6.620575348328139,0.38879389105497036,6.871548407669508,6.103563838926447,-0.3420808263672264,6.53468273980823,5.523281789917341,0.3944387637281211,6.455262020712161,5.598854828244241,0.5192286181375856,6.42102426583536,5.3353655101406545,1.0709876045342346,6.856123622016919,5.489918887117867,0.13589185370197446,6.822842399884179,5.630244882259091,0.342567065293696,6.779895052892308,7.277321971452125,0.1096575441974561,6.75301829018619,7.582243199496672,1.0467110676487261,6.888392699036757,6.5455368838967205,-0.13708630311148196,6.94848881511528,6.57075014161989,-0.21011610743404358,6.866981241878462,7.249307935803213,0.07199425205050944,6.883293739968672,7.233187995540114,0.026753655169313488,6.421975932497148,5.529954579023619,0.6062751398637777,6.845579516884714,6.560573078122036,-0.09290591476742968,6.659873828769448,5.483342724502449,0.2647802419388842,6.626135890057603,5.365961697590302,0.2781478044159978,6.582688726900776,4.842249245320606,0.620795703156747,6.420869246357217,5.420983880166719,0.8139294224154475,6.609303416318733,5.0692578921965845,0.4462354289117743,6.407761411021455,5.686126623511401,0.7626275335258242,6.417248881145684,5.67039145132522,0.9909836507199484,6.98414468539752,7.025721882652077,-0.2955108114641763,6.92958130486404,7.077522718763393,-0.2036808005215807,6.894472521260271,7.133064181833859,-0.11702608531273684,6.9171741853756705,6.572051471050764,-0.14310969833184575,6.875465603899728,7.241013350990617,0.045115072595940484,6.894049867257081,7.245860664089697,-0.044869053034564954,6.891771150443832,7.227141540737905,0.01869431366390615,6.865492220702752,6.457930719261905,-0.24959100508134965,6.945765894505915,7.170446121013994,-0.11149197032026364,6.982524975155033,7.145606856471278,-0.17956179218788798,7.0334895402699065,7.129629422903333,-0.25066771267870214,7.049812465679274,7.510451107096332,-0.2529875956790425,7.029990131960603,7.321391993139968,-0.30106687813583444,7.019739382074034,7.246950666518976,-0.2947011735787488,7.022461607528788,7.18981312846278,-0.26134543956119494,7.034471793734556,7.136625458903498,-0.2415881896929332,6.945420402664492,7.182744796383123,-0.10569237143732067,6.930977175321942,7.2134553367661995,-0.12705327782128248,6.921257523557802,7.25065584059299,-0.14461930260110206,6.915708799456717,7.295013656289584,-0.12698266531936186,6.796562774988488,6.983982714373271,-0.021860349174859583,6.650220911847916,6.921077478513681,1.3773289465537264,7.003184275024757,6.533897215098355,-0.34365148476250884,6.919824809905543,7.204587944554543,-0.03308732830536176,6.905278699680637,7.227775521742689,-0.046804890267075926,6.963794034174862,6.621369214893341,-0.22875646107903277,6.895518033794477,6.6448536231001745,-0.07436868839508858,6.956758374361898,6.598546593875713,-0.22140420178814507,6.793110637192699,6.244697603725084,0.18301372360965182,6.678424724705497,6.384144923438624,0.25384272274429515,6.828571169029385,6.502219019497449,-0.043989543964438216,6.4691088053988945,5.067452923250397,0.8486287599536262,6.483704271601146,5.2178944607064475,0.6357019469170596,6.498743246444903,5.420313751122188,0.45362592170624005,6.8943446128119374,7.440087557420587,-0.0656917522540262,6.798797001906665,5.327695869322906,0.14580934212354912,6.767138270634853,4.973254607444123,0.28897514160482113,6.740789130278111,4.6876225295319855,0.42206729269834203,6.610130650305239,6.0408935653252085,0.5163188312794834,6.502700066487921,6.245373294006498,0.7024655515479555,6.905257149887711,5.863507487588516,0.3133635983826217,6.489017338289268,5.864582891770974,0.6438928233512005,6.892134021150518,6.00690467579897,0.08506311528091981,6.809457197858824,6.38846530934294,-0.22058502725040469,6.454828939389814,6.4126413963872295,0.8322680355123125,6.522714262879092,6.3124591896936915,0.5802104480842235,6.587568712266551,6.316350665203323,0.4355407793592319,6.713712858198777,6.23543675400388,0.32346745341055755,6.811434912725723,6.136406418499956,0.256395178409014,6.877621278346917,6.042939405343938,0.199542197547914,6.943131258532086,5.773348715223911,-0.023992302828688927,6.46403904282445,6.686486432723572,0.7432154279216803,6.457252248362049,5.8855139970934065,0.726156116543968,6.938982575816566,6.473105249254711,-0.4112637211077655,6.851548114370547,6.240627473480552,0.0625937957322918,6.554441814457344,6.288947670457048,1.4726932104304773,6.922794510401638,5.943147875541506,0.17432115192074835,6.845557967091789,6.53019134586973,0.040098904812698316,6.547876774315695,5.939063147050153,0.6358644393072662,6.82168427230307,6.313993395919086,-0.17241193150656633,6.702260881145248,7.247320488771767,1.2413055239799222,6.91532994019399,5.816909883736861,0.3547640308538752,6.839124311171526,6.190222507827138,-0.26886892412208374,6.710915556046087,7.738879607264274,0.43660892786544253,6.805585881832898,7.951520451072943,0.552108562271409,6.5262671980934055,6.818507415733043,1.0786751455832035,6.6635289517115055,7.610488721630883,0.6352359326450395,6.453320453885008,5.931732046527723,1.1113680062324738,6.915715751002822,8.031764928382465,-0.09401418672881559,6.983044950803694,6.539999282269404,-0.32195725174280787,6.810933706251546,6.379775876711574,0.10370527198318004,6.47696613796148,6.126549821277545,0.9107942644133088,6.651842012399624,5.96013606391313,0.46319568075748907,6.713979102414602,5.942587580925435,0.40998976338968096,6.887952666168305,7.279137020140164,-0.023778705712819176,6.512332128771137,6.971096633358261,0.6900804163241442,7.077394115160449,8.211804411267472,-0.18534068849758673,6.912621617831446,8.126200291910923,0.15466154955168154,6.8581729378087,8.060840465121624,0.3353131052094506,6.968388310995717,4.892041779762161,0.16123515964626342,7.236576874266347,8.205898377696586,-0.30019617526259007,6.780843243781042,5.90772835782684,0.3722302683617143,6.845598286059198,5.868502173465025,0.3579737769264121,6.892829175761027,5.840724490383686,0.3611566509285365,6.443174672344626,5.896383434583329,0.854403583091779,6.827896173902581,5.740859969347151,0.3703950167428068,6.750531026989788,5.71451221929963,0.387595878978084,6.67418289127217,5.720075194070231,0.4250213956628642,6.611287387577126,5.763875843346502,0.474865110862618,6.582658835252524,5.819900438871271,0.519670345445401,6.48510292267749,5.941859754048232,1.3920985489859108,6.614276552402315,5.956553237050565,0.5166166615829234,7.054291346834785,6.722215989394526,-0.2942678532970042,6.8527013758693816,6.865729268424936,-0.09155699983110888,6.869251616836386,6.5112810550000475,-0.1644935991269083,6.957586998657625,6.756015796866706,-0.23855788040423398,7.027352020213721,5.5808948137271255,-0.0030029032933832247,6.777218012487237,7.866829764874604,0.24970142604651274,6.8442232702396115,7.949035968494983,0.07679619544946378,7.023703153663158,8.07291599586078,-0.2683318954618838,6.783335373059718,7.812399854026341,0.8047109771254847,6.886587382513265,5.784906355778237,0.3616975463862574,6.892426681241543,5.987064963215037,-0.06690969028611533,7.186530608391956,8.0652442695792,-0.3803213032149207,6.977480238146567,8.174798550731623,-0.024794926712714264,6.579814957740931,7.121686586323655,0.9768054510726548,6.983181201107354,7.158831477781605,-0.17200414729496713,6.967983731012401,7.1982620375989095,-0.19277801733393551,6.96177182941289,7.249129281068312,-0.2136477535384094,6.962333514338182,7.317073692699484,-0.20910772050075518,6.962681786798047,7.485943431302828,-0.16052521127669928,6.898758149434061,7.194367781470837,-0.03529656495838016,6.877916719056383,7.192659091438205,-0.01764473338904971,6.860713032755501,7.184518135794532,-0.0016362586899003055,6.7696992202199695,7.123532916969167,0.062360804888967926,6.540558881730864,6.96922388683755,0.43971831099108716,6.919101849110613,5.879533581979196,0.03555814131961354,6.930071388864449,5.686812045957364,0.25562625051546445,6.904977697734286,5.718971636126047,0.3279923451118516,6.920356603182582,7.195169989891364,-0.03538914271672427,6.60736115433697,7.345846142028461,0.5008088891871066,6.958063874720434,5.648268503423069,0.10754252543319098,6.93541087142777,7.674429737860132,-0.1357090497629921,6.958271030794366,5.943076274616623,-0.30211284686525347,6.9205456852366405,5.883714241806798,-0.1405937817313418,6.980745379352129,5.829879383305132,-0.19436989966842005,6.856607449625833,6.216860137347242,-0.0832503964470045,7.157379994954861,7.887429976602434,-0.3935380171415538,7.148156683582625,7.679499500434576,-0.34942268006253807,7.029171239829424,7.694338270750507,-0.26930033272864945,6.785985302434979,7.497597003193405,0.08918719060940594,6.798424399035432,6.675869336357265,0.0723472222348909,6.859776659495145,7.61157733375094,-0.023034996182034494,6.623157847706182,6.738178129561039,0.20246986291365518,6.730196364323172,6.850385815861776,0.09967732893407377,6.603178409045536,7.011779166629093,0.26497733999454515,7.008796258195398,7.902271527536806,-0.2831810930969714,6.846800208380769,6.328514480578013,-0.015100064270602877,6.750844541719127,7.6614338224166625,0.17544305542957472,6.833329502338321,7.769690249911265,0.027061872060195717,6.714695806818037,7.350817887802823,0.17991978595050942,6.565863204708011,7.219701996096235,0.6497719196809296,6.659856449904185,7.438214115745264,0.30298789445481356,6.626932537241247,7.396624405707718,0.8493994257337021,6.696131007789777,7.070936128828818,0.1432374438533176,6.875314060194636,6.111200112322891,0.0033420793428933504,6.834112941584365,6.435148417211686,-0.2541428557473825,6.835906440479479,6.512542065463511,-0.16176505210991485,6.823482637280458,6.3062452026303495,-0.3248368645460976,6.846581929833069,5.58563124966583,0.28361169793101876,6.696820601163402,5.554015270402565,0.3336303096860604,6.580257076073215,5.580486757970756,0.39539103865019243,6.501946518890129,5.645512562969706,0.4771137187917996,6.471772637866366,5.742043122494238,0.5607576759353649,6.523729883765046,5.999102955605225,0.6897050762816324,6.490142793603683,6.525389912974942,1.1371644117795345,6.573427877179572,6.156041060473789,0.5543269309750334,6.631985616105038,6.159765003722287,0.4532884241428378,6.7216723784891075,6.117503774330989,0.3646033361053491,6.812264927330671,6.049331351987569,0.30657762941632005,6.879610810842194,5.975800677906345,0.26400394975117963,6.922413565675079,5.910185034220379,0.24095898787609601,6.60996798412638,6.608469230786121,1.4614666372594058,6.864824872276663,6.56390912509787,-0.12780023231206544,6.8709603068690175,6.085810980483262,-0.15477535939557086,6.851645436016018,6.396630595397981,-0.3566604778020891,6.927614017316299,6.478115228532651,-0.36322002187759894,6.883234651826779,6.442635927521482,-0.318148021713033,6.902501557011653,6.609758047434005,-0.12573477589917148,6.926751330444657,6.477185806818401,-0.39342057945954084,6.967394239902689,6.534099505090013,-0.3088463968292064,6.933016758949176,5.807494014537514,0.3138277444266261,6.9523705584603634,5.817145193572518,0.22391985770567008,6.95324019687811,5.820392608335513,0.13802512027476546,6.572780688237188,5.868160157396654,0.5587893456557079,6.516001154805405,5.845961090064653,0.5855840366706231,7.035819003369723,5.9505533576072605,-0.31839134755029286,7.770821961617174,5.603998624784705,-0.055579044866597115,7.069320589513994,6.484538457133757,-0.36142528473833513,8.3059797869716,4.9983688056352955,0.3078941001835535,7.514006822929086,5.764369403119963,-0.05179322742686845,7.603456537590971,5.761013196660424,-0.08925642909479174,7.700454241013767,5.737047741463119,-0.10186851057535282,7.835282953495084,5.647719678858072,-0.07243985158674125,7.436116834285358,5.749468764043698,0.0008478442345285034,7.584991840826626,5.2971559893967095,-0.08608632855863545,7.473568288926543,5.3434192238807094,-0.030038217256806443,7.701829256833354,5.306096025265163,-0.10186008182570039,7.790581036266288,5.360008045928597,-0.09490073695482143,7.93872543531191,5.716043992483888,-0.06851023489875428,7.553923990973747,7.750936368828946,-0.41157228286050523,7.805081961441511,5.5564111207676845,-0.03703320780960787,8.388792165412342,5.639527976927831,0.19841270164732597,8.075013277320688,5.607292614906602,-0.0067865833363431475,7.550844456049191,6.301367997883017,-0.25559968257519405,7.169369326522315,6.905531735958863,-0.3965079783206281,7.188225395332378,7.052169734963511,-0.375758829717496,7.311742551991489,6.951412635407082,-0.40824909624496586,7.424999921754095,7.005551971628151,-0.3941278123814077,7.303723943559265,7.055775501928222,-0.38757537191707403,7.40585397347145,7.06652884859819,-0.3645995562021545,7.612839734523625,7.230337861637026,-0.357691870008269,6.996080490059963,6.347462309796663,-0.48835219648557604,6.9969132852833535,6.210039280308925,-0.4979948598766022,7.911429494375654,5.254963580311852,-0.09518170975895664,7.352286054340219,5.984289210855273,-0.12998261590280524,7.3024316511383285,6.352216472177935,-0.3710049280192023,7.319464329405025,6.291385577676104,-0.33806863291476447,7.894267517351403,6.24825540502167,-0.27321418352730586,7.012779494113616,6.062957077508161,-0.4264687510091075,7.5970666764111705,5.147057510740946,-0.1141217076264477,7.765214844528806,5.164458620951213,-0.11692646096761823,8.094667383623614,4.736458878806785,0.23631248756512602,7.1907272567756,5.362864088645874,-0.030322502907132353,7.393795821597556,5.4371191138312485,0.02712470480446358,7.68350428614572,7.080894913778973,-0.35568408970446574,8.547762902362036,7.157699766075696,0.15971493254561525,7.2447018413539785,6.450706672549494,-0.31816264168343533,7.167032216721783,6.511665475499659,-0.29971538895509664,7.57751753845443,7.113165381108033,-0.32987971160296575,7.5596555407373955,7.108478648723979,-0.3266344909217113,7.830919468004918,5.066891933479717,-0.07204783869536799,7.334802220731301,6.439544574968547,-0.33414574510617145,7.409842075471941,5.212034307339854,-0.08426864045543407,7.406157756036242,5.076393306696157,-0.08193900899786041,7.524839417224651,4.471449952724625,0.13978744583031424,7.94251958917607,4.889620556253758,0.06265160761376735,7.437042085071946,4.7518881829643425,0.03068608777656256,7.994031240969414,5.192236304032551,-0.03037879142244972,8.140357810708554,5.095995276403296,0.1354531459719984,7.177084152389746,6.985086619894759,-0.3978474543607531,7.304090290039003,7.005248189063359,-0.4048769012293856,7.413147535644912,7.036529451381663,-0.38735613753178466,7.230685438942281,6.490952648724925,-0.29277939693441446,7.5702309278270725,7.110319418132608,-0.3259743547247065,7.505916613571979,7.129874812480843,-0.3578284244420709,7.549689109086525,7.108281224814595,-0.3241038240093156,7.156021662845927,6.364770964443732,-0.4172075537105983,7.403487667177276,7.08794864761181,-0.34776321566576307,7.306307138091917,7.083722802734525,-0.35447897401640327,7.200234191228924,7.097146933418069,-0.34739378443744057,7.264767479186328,7.464827414854,-0.34638016212099176,7.224098153853095,7.2808881146040365,-0.40400648076270174,7.210409864417558,7.209348363327311,-0.398562464324825,7.2046783146539095,7.14881916592644,-0.366097093021844,7.19860335851267,7.107859961120626,-0.3394961980781899,7.403424408107719,7.099330414049678,-0.34250241591491865,7.413835738709317,7.118392943779062,-0.3648159230746755,7.427221635889282,7.151583795812436,-0.391421792718511,7.4424795844353495,7.188208016467114,-0.39457779465022297,7.4964214967470335,6.82486460464615,-0.36357830890857173,8.632573850307994,6.373021754515866,0.38751402452269657,7.483376920480828,7.105025120618969,-0.3324099223201483,7.490438996168991,7.118128785027069,-0.34768051399069405,7.145494936578985,6.578690197581127,-0.3175729550614893,7.323063839978242,6.5499733606209904,-0.26708452740765126,7.154531251360995,6.549696689086008,-0.30802657058401867,7.46381666005032,6.052602749584626,-0.1628112163515681,7.624465500229782,6.1143290032247934,-0.21593720180095838,7.358746821290292,6.369853934955776,-0.3054839774253364,7.83791133307742,4.552465356497202,0.16754150451668604,7.713192949251348,4.769930573302805,0.030685919418805326,7.6296089491929395,5.020909193881057,-0.0856177291804075,7.514362046935056,7.319960669796929,-0.3794348072978688,7.188629975315694,5.174305486009076,-0.03686429338559722,7.203062775339086,4.8035134925365055,0.07171800412536755,7.247732020301188,4.482389948407514,0.17974172861410195,7.786376046027318,5.701345295821975,-0.09328123308635992,8.068605342121012,5.795904396871103,-0.07551495490065514,7.382705324941492,5.728441379807709,0.03612014666773328,7.9148322761940975,5.438704413920514,-0.06644313835545114,7.267356930110474,5.897864809058324,-0.12044909178562903,7.2076925050450775,6.275951755013579,-0.41926186592614256,8.228774525619222,5.8945683858952895,-0.05849298635967615,7.976089995626781,5.892645588242621,-0.1512655780760637,7.81877233634088,5.953656527788573,-0.18385770647755476,7.620512851114426,5.964719913414828,-0.14953106956672607,7.482773526278907,5.937184144137947,-0.10140113857948403,7.376406529015668,5.8906581412111745,-0.06767972608232535,7.097379810212589,5.725389998644879,-0.1123312065855917,8.232118219295772,6.207570091132396,-0.13905680574929669,8.005672300077002,5.416606491584342,-0.05051141663404338,6.995570246575849,6.451173121293145,-0.45488597633211436,7.3320111749701065,6.111972429095167,-0.18851771885626653,8.561712569931125,5.665837493471774,0.45775731245082274,7.291288322731865,5.82744703732296,-0.03515341470212151,7.392732930198088,6.394681381870113,-0.22251631882347037,7.871953054354057,5.554570003781751,-0.03837177960564964,7.2283942093460425,6.206051873463044,-0.37437295210711957,8.619871290110158,6.75483403402884,0.2927600846703913,7.3819893156926675,5.688329568472105,0.06375668620866125,7.114139987871966,6.116657771169999,-0.4160522501950951,8.126009124393033,7.4583026936797605,-0.2311569820141922,8.224292863845271,7.69226810032041,-0.12217773492794048,8.46410104498725,6.287163208571871,0.1121741233671982,8.297404359696358,7.255168089169806,-0.14742800963411987,8.275356140914836,5.343311127338775,0.1934205791534434,7.607603134842659,7.92996162113722,-0.4127450955827606,7.028652654489983,6.52108551562667,-0.3484596519675854,7.429146519005782,6.214201170962044,-0.20700266199864378,8.195465497302063,5.623892559428258,0.036615903238381944,7.673431495839441,5.663369694604467,-0.07570698593091292,7.595353815450876,5.683979638496844,-0.0668362482876941,7.522703207106557,7.149809761246416,-0.36004970410562687,8.25970403970461,6.522768484938712,-0.16225981754215402,7.4445553161023295,8.168070844411115,-0.357873870174733,7.826209100364107,7.999127419419057,-0.27984311272237716,8.006808877865184,7.8804422824575955,-0.21374835544469903,7.519657039603305,5.689476921156751,-0.03364039168421429,7.457234936198018,5.6894713599198665,0.009408470283234298,7.41094667614804,5.691627381944361,0.04838504186750814,8.112806052875632,5.385931404086401,0.012964694583570328,7.44728657856702,5.541209132167763,0.014234315731682216,7.512834097101157,5.463236767702691,-0.02510924249912463,7.588118646264696,5.434364911264411,-0.05649738755424296,7.671806919514681,5.445330280090583,-0.0725189091310005,7.731656255706473,5.482399399695988,-0.0680433734070526,8.452721364013215,5.289551693112349,0.403871360085284,7.729469299301811,5.635855822697816,-0.0684351364772377,7.374615115584386,6.748248834403486,-0.35022706084122357,7.230162682675178,6.4089146725202895,-0.3375180052924964,7.164313467040081,6.707952807096097,-0.34435691462710466,7.9552388330845565,7.652402373716926,-0.2904967698764811,7.790714505951506,7.799973965363489,-0.3498028210165787,7.397810339473247,8.023521089856436,-0.4406651550177639,8.40590687192308,7.47454776177275,0.012480743421785677,7.402871065037754,5.632071748575509,0.04305748555047329,7.152438835983362,5.913561400163623,-0.20620920818149222,7.635501079671616,8.092869713800837,-0.3465993096119548,8.470935805117776,6.63949676167159,0.047915546391540075,7.304699940632419,7.095605080491959,-0.34813149554426187,7.313919081076993,7.130481682455818,-0.37537445266504754,7.325691524405967,7.17845430212706,-0.406422620953016,7.338205697704354,7.2356710878088535,-0.4134966880582106,7.398910074067072,7.402199545684002,-0.387254558064324,7.495414912871016,7.090484571630948,-0.3473775351984199,7.504666725582283,7.074168597767686,-0.35978411159724916,7.517992839465745,7.061148351912848,-0.3677744142026765,7.60634838077069,6.940265831227567,-0.36576337536163644,8.0487538119087,6.584651843520854,-0.27771400621545844,7.17966943238623,5.799433001674048,-0.10701647804347891,7.274676908159137,5.576682176787439,0.07122439004295204,7.344466955281211,5.583234356568794,0.06137542322857109,7.484483606620759,7.098699908817946,-0.3347154677566469,8.14799755987805,6.987914508850311,-0.23414708095338976,7.155296616587165,5.580773856824896,-0.002878450591675305,7.485660503376351,7.580134795562997,-0.3898431834923709,7.065585523791729,5.8413994855104905,-0.2149426310655539,7.228545057896523,6.115857648213303,-0.26706751784327537,7.31085762017231,7.652841711430768,-0.39188876282812063,7.734543927958528,7.305759356258836,-0.3559559168807564,7.488774100876822,6.504619388367537,-0.2557356287487118,7.623820396751229,7.467872192048031,-0.3747777493262517,7.732411193613486,6.447869051429395,-0.31362154419028376,7.60128417943313,6.633954989116611,-0.31191409240180207,7.873162623376342,6.6935387762471885,-0.32828980611440484,7.357082621152732,7.850018145774048,-0.44540958523448937,7.317141817851314,6.206940976209885,-0.2472779432856249,7.860321032256405,7.441767746114188,-0.3362398766467489,7.712869007202851,7.61186373745047,-0.36821640219347085,7.802028147237544,7.106099134492206,-0.35620749767901605,8.27115532160353,6.801214749642016,-0.1693296268253592,7.977788258340255,7.146787228999922,-0.3164355517772067,8.431234830156985,6.9661603404690355,-0.03353068488179561,7.718139669459732,6.825720339971687,-0.34512660284600943,7.241340768812167,6.009591448368588,-0.19545425396648813,7.175967038930658,6.331306221493818,-0.43525089988664956,7.270395450913011,6.397014320742982,-0.36969664704222394,7.097051697236429,6.228304467700055,-0.4679586629128825,7.316156088613612,5.430805719658603,0.029305141419204397,7.447497210414005,5.294143884469373,-0.038845407993013004,7.5844906343524485,5.238847115821806,-0.094517956585619,7.718931450561102,5.247724935352619,-0.11777456045423028,7.8334171585204775,5.3143568950791495,-0.10565216108781902,7.9572916246493905,5.581880890542132,-0.03049077648548644,8.438387275944514,5.958217437188125,0.149678703027133,7.872388916294846,5.779577300534073,-0.10127261100907535,7.755762827289712,5.8278571785431605,-0.11835367855373842,7.6197127281577295,5.852446187426093,-0.10600558203651823,7.498703689333336,5.846093864595259,-0.06391069554026141,7.407759392258855,5.818257440949333,-0.01517283962661441,7.336131356346595,5.787526045927941,0.01347923797911278,8.609849941245058,6.0195286835258175,0.4507243898091377,7.28908398746194,6.456440307776974,-0.33219029691039054,7.127240871661623,6.013302878834097,-0.29886117428027026,7.070741485537876,6.329050444782715,-0.47239987537793654,7.046199052013847,6.434639564036794,-0.42961449941031443,7.089389703119396,6.373731507373196,-0.43640094629541076,7.279134934676333,6.521814732813094,-0.2960024595624589,7.023087246678247,6.441525765608499,-0.44817265102261095,7.0514147970564975,6.508843842935602,-0.35483037467201567,7.340455913178572,5.690968027796293,0.07237250848384817,7.278124179872652,5.717764500144898,0.04514658265101997,7.223522565835594,5.733140277397446,-0.009176031354654895,7.770171992056348,5.518610350934719,-0.05635735734738851,7.8564511065397005,5.447502638248425,-0.07034077793135468,6.691720251786096,5.815897043469349,0.4199766152072355,6.776545102824264,5.792053587906188,0.4196723547236483,6.681757991062889,5.698162182860453,0.41975047272300425,6.613009285547357,5.8406355105935415,0.4196859971328795,6.703813856545126,5.942317860936558,0.41964572161263314,7.590914558108164,5.543432584189477,-0.0179443314489407,7.6885024477952815,5.52290466854114,-0.017831674312598897,7.584278612196243,5.417069464554941,-0.017844120567119478,7.498509046042393,5.5621384996036705,-0.01795440440217384,7.597117422697738,5.674875198563004,-0.017942912627518858
7.143237599352617,6.940504635683307,-0.36897276319467476,7.029827153997642,6.353700113499199,-0.4911104713968061,7.12408425980884,6.5878939487042505,-0.3038060251138268,6.989199259454803,5.980052060493884,-0.25552026367714387,7.01335133543563,6.207594626780952,-0.49768909338320433,7.028037259112176,6.053808001746266,-0.4319790068062521,7.090309145528706,5.704134220594084,-0.10934715255812415,6.636140924436607,5.938427765564862,0.5199430667214412,7.08947520930626,5.437133432015976,0.011634794767547597,7.070693515252921,5.259063992671275,0.032470372991993075,7.042437301642231,4.557067497499794,0.27477246318750853,7.148561961388232,7.003522602165067,-0.36942799405690646,7.163097274509553,7.064777170062745,-0.34844773889078123,7.179396683486048,7.1133602304600005,-0.31573842525990636,7.180758453922867,7.115343966708209,-0.30865044674299263,7.1782308462252375,7.171088698460597,-0.3331069033438909,7.182175308775719,7.2416539272097085,-0.36357061185319395,7.192559069833126,7.323987000127896,-0.36753952247123256,7.226389965800381,7.50971003558102,-0.3066696521071906,7.061361238997727,6.458996415191467,-0.4561132587948672,7.041078320289768,6.519568354693011,-0.3137474984035923,6.457600478471286,5.621769770476892,1.198440349548615,6.852720297391307,5.974026243742736,0.31629308262148537,6.772965732960247,6.014044723353788,0.35390377621360886,6.701639781453036,6.036910334175408,0.41045795254144174,6.620896486617772,6.005921515166922,0.536190223945704,6.91846668564433,5.9204012161009105,0.29119783854417575,6.673924650207411,5.607524522128595,0.37263051658924645,6.776816761184802,5.591083567121033,0.33020612487531625,6.596358819724727,5.666694249470158,0.42972425000163716,6.5604835249245195,5.746844863879771,0.4817637703459587,6.581564819029385,6.119519526444839,0.5882748925930384,6.972493341433419,7.884419335183795,-0.1370461920943977,6.614456490839755,5.909832678204918,0.5663424483857172,6.49488077451583,6.222080433654955,1.1176372637174692,6.522293290108828,6.07185337752962,0.7364065619370375,6.783675816887308,6.518761612043036,0.11449096496112994,7.051508101239049,6.930481363778912,-0.30760297124954045,7.087428718660041,7.083270193885237,-0.294638697050625,6.980447112745658,7.011845229883387,-0.21426268976149276,6.942272217893924,7.100038169033541,-0.12277107003788136,7.0325297767386115,7.113114791036672,-0.21870923107549722,6.992643778634469,7.151944423440977,-0.13535553849564558,6.903873499022622,7.396623124011341,-0.0017641212197710566,6.972040812496658,6.3771500374934025,-0.4569116341917737,6.945723012513392,6.238732661802484,-0.45783085538429275,6.477424592802683,5.716296371563989,0.5891038607589748,6.922607778641909,6.118959617760371,0.10678534589255101,6.882645080717976,6.470382852074858,-0.1518384822965985,6.8823919713126696,6.41040010664352,-0.11017522734547781,6.580148661447623,6.620934836527667,0.344545570189793,6.96324892133544,6.093808352309005,-0.368004994502584,6.597497463413066,5.516925300450298,0.3513513064437119,6.512207263806424,5.592183163628388,0.4708347868763951,6.460812109107226,5.312747591084576,1.0267585234913685,6.93113889041584,5.4958405199899865,0.11420443012299346,6.879551288896078,5.627795238592497,0.3211975567231915,6.8381013117393055,7.283282405765266,0.07734057923635498,6.761247395038491,7.605533212258115,1.01964287202811,6.958835195342062,6.537833370869401,-0.15690637930978926,7.024787975837429,6.565429966029895,-0.2249788312311387,6.928231967245794,7.244267299251286,0.044068853826751186,6.944961592484202,7.228299791313155,0.001590855993210008,6.479976604988427,5.524284996794707,0.5578821096273198,6.911318959710978,6.5527040713845315,-0.11722507384971177,6.72932004914421,5.481800269341856,0.23141427295735487,6.698253135773756,5.36165279072495,0.2430883777444025,6.642021011530156,4.820524754403597,0.5850735902851042,6.470526489919193,5.404934499032529,0.7670980819849501,6.674703502013825,5.0545850621951045,0.41068648314086187,6.453125392622075,5.682958097621114,0.7111519696261696,6.452485995033461,5.656453428985996,0.9439426775029345,7.063707556212217,7.013148429548731,-0.3099052950162582,7.005253926279058,7.067384963935609,-0.22280406449426512,6.966157936318754,7.125149690032835,-0.13911076820948756,6.988587055438659,6.565753499815192,-0.16136516644729432,6.937043381997504,7.236192900040651,0.01901803762978627,6.960245077484022,7.240783732890635,-0.06854943982053019,6.954029602996664,7.2225877465520565,-0.005786148880311533,6.9436618791743046,6.449230436318914,-0.2750126730776695,7.016293819431215,7.165865440732889,-0.12996119876933376,7.056652567333701,7.140626319124308,-0.19471133916422495,7.110840990015438,7.1249969876643435,-0.26161855304210635,7.129695200262034,7.530441299599207,-0.26274547386026165,7.107264686599951,7.333268375593592,-0.31518054301954074,7.097069188736573,7.250242215212938,-0.30898204272525587,7.099529858409659,7.185478979195406,-0.2746603768599516,7.111904328426165,7.127676600459376,-0.25389329053956694,7.015902650350286,7.1743784234585055,-0.12468467606734165,7.000569659103147,7.206772243711329,-0.14668082252555956,6.9901761362504935,7.2474956643933615,-0.16572653173983298,6.984492679604044,7.296448278467788,-0.14955766498503212,6.86492951415972,6.981739156073577,-0.04895531055246609,6.649310283494575,6.931867538703847,1.3454824456571632,7.0956537284259005,6.529353857156056,-0.35600240966345215,6.987303379363808,7.1977077195543115,-0.055153064548788516,6.971807923952931,7.221267812380577,-0.06943235933697811,7.042506331480042,6.616484852437661,-0.24363734798866185,6.963502728011837,6.639462026633521,-0.09283878015214424,7.034068654032037,6.59340936301825,-0.23624008616433298,6.852985957676217,6.23978972477341,0.15708352974583864,6.732943069722661,6.380793278933434,0.22008355239191882,6.893053943534588,6.494196054306431,-0.06842818002020855,6.519597640078749,5.044957142998174,0.8068770489769309,6.543379465111317,5.203395263467588,0.5926457799938862,6.563771855380249,5.412363922485838,0.41007284100309765,6.962255310033614,7.455406563169597,-0.08931556194573707,6.87582158584101,5.3292241069176765,0.12045227324168595,6.839415667742073,4.958505289757256,0.2643335959243483,6.808108893117002,4.667295248969023,0.3989331509263265,6.65073829468485,6.039944857954742,0.47789814300797845,6.5309624615583814,6.246977195158835,0.6578182269817754,6.962272741810838,5.866375954854,0.295680420057593,6.529608361103541,5.85988924191302,0.599398196799218,6.963603832319742,6.001074783827274,0.06599251950001044,6.886923536120089,6.377569097417893,-0.24807286370357148,6.478412625935797,6.411745142574203,0.7809195638289065,6.554578336071767,6.312265476306385,0.5354108056065298,6.6257320616199955,6.314659905226016,0.3952891686357625,6.7598570364870225,6.234904643523866,0.29075112746306275,6.864478379765137,6.135565128744938,0.23096117748783318,6.936894165984458,6.041356134638881,0.17957368187575323,7.023638175811667,5.768274793529137,-0.0417621939054487,6.489598248745557,6.690791637850353,0.693348023957382,6.495124819396981,5.884008546152665,0.6793567130238108,7.032892357704892,6.467913815148704,-0.43193481725098665,6.9195844112,6.233100105945531,0.04107922776863267,6.556099781587968,6.286683994593105,1.4359860540373812,6.98729501211074,5.941536897350719,0.1568430039047155,6.907402388004058,6.524248438242388,0.018852495667882666,6.585787492744378,5.936925843639153,0.5950055196768389,6.896702065872243,6.303638838393261,-0.19863002447413391,6.705227938477036,7.26500065508274,1.2122676710379416,6.972317629118991,5.820456121381184,0.33716231915640876,6.923374079568722,6.180571885726706,-0.29566673611247135,6.745194122756414,7.762461043548752,0.4052197470647624,6.83318345874858,7.980602303742814,0.5287509079588197,6.535813376524564,6.826018998309091,1.0352456200278064,6.68830795823133,7.6327379410665905,0.6003559857988475,6.4755154645609965,5.923288615680465,1.065808319242026,6.9775408868467,8.064820100414572,-0.11177023496156832,7.0723711494930575,6.535876130922574,-0.3361522130353827,6.873095953154103,6.374266821540382,0.07947553070456051,6.500894040387378,6.131037050292964,0.8618017027697676,6.697329948851919,5.956711608060655,0.4280089195432508,6.761184640640481,5.939429046848668,0.37813372865918937,6.953616818511976,7.276729452070831,-0.04871651154677428,6.538578753663543,6.980541244342673,0.6440869545849586,7.146674448550305,8.246961254283496,-0.191141507296032,6.961746999409732,8.160714398742746,0.13848366002381698,6.897922290277996,8.092710943974625,0.31533522825269134,7.048090078360765,4.878061821490263,0.1515957447987399,7.3164090579326295,8.238808760710892,-0.29532766625572293,6.830065262438565,5.90580245131049,0.34532363756623236,6.8977647070118815,5.868560505175841,0.3353732522803605,6.947935453678793,5.843420396061898,0.34199983344384915,6.475951956262712,5.895771509424117,0.8065674606134143,6.883665885592275,5.738831475889423,0.3473225612503484,6.805902030120314,5.7093885068852535,0.3594525070118306,6.729725860918008,5.712796419332747,0.39245423870565543,6.664738800880908,5.755250118222137,0.4385948892164689,6.632595998220125,5.811604613541857,0.48163176821292214,6.4956226709545275,5.930787068971585,1.352115759844605,6.658803629371328,5.953254538001386,0.47931708967409614,7.139887211769967,6.716328494213937,-0.3028020201148295,6.925087971905487,6.86069847319166,-0.11429236254423299,6.941379710900003,6.502208396390145,-0.18617536828239234,7.039473899513975,6.749376354748244,-0.25363961460149964,7.107024825345334,5.579667147580814,-0.01229916201517907,6.819584580699787,7.893440628533294,0.22430672727050605,6.896029199271357,7.979233560595105,0.05588647933837987,7.098438629155372,8.105444508601966,-0.2792190698706776,6.799928508700839,7.839692881179805,0.7798839419439674,6.943207955695365,5.786007791864619,0.3417842895184616,6.972712284555366,5.979531198990401,-0.08670379689612306,7.27161287681974,8.096935012231794,-0.3799811919889414,7.037002073503466,8.211004378765876,-0.037932977192147235,6.592084547949148,7.135958786454533,0.9368113374401735,7.057174823379363,7.149727798649042,-0.18804625556279053,7.04096466510226,7.19259114430322,-0.20993908605636782,7.034546284728003,7.248972484559867,-0.23227274440624465,7.034894920272504,7.324378169208825,-0.22863686789209034,7.036523048265322,7.50441077530461,-0.1794644064222738,6.966191405331026,7.189169635069491,-0.05809772751652721,6.944939279809355,7.186400771575066,-0.04307298456503062,6.927398728294437,7.177808997216392,-0.02918335809070031,6.832905247584068,7.124350617364839,0.03065826348542554,6.579419315888528,6.976283009802142,0.3959212884573853,6.99505842841568,5.87388138085601,0.018563811818460164,6.993905839305561,5.687928245943515,0.24284014923671804,6.963237764998016,5.720222705066155,0.3105161044902233,6.987916977922129,7.191510374115268,-0.05730909212514519,6.640400553519316,7.36068786389748,0.4616727319258039,7.030803333522244,5.649716395724065,0.09361002734574429,7.003874724065013,7.698048534888988,-0.15399730985217192,7.050998396072989,5.934541176514768,-0.3205289826974469,7.005373856906366,5.8770253761963165,-0.1590595960120684,7.0694614372386555,5.82319256176997,-0.20859472560705175,6.931518903159346,6.208211014423629,-0.10450792777754352,7.244568520361734,7.91603639544347,-0.395712194289571,7.233974183435448,7.703378475093314,-0.3521749579175947,7.107717912807802,7.719001531113478,-0.2798528675008583,6.841901439174363,7.511670761883291,0.060073276276870584,6.858629669870593,6.672415755570812,0.04762568540233555,6.921068204077394,7.631709466210314,-0.04664615570804827,6.677640407840699,6.738673243532073,0.16559160978411122,6.789973569363167,6.8494528850682475,0.06927212317226737,6.65107368207866,7.0165824896620625,0.2254924585470743,7.086288680429524,7.930812964361587,-0.29582153029422964,6.914561967545923,6.320177411353283,-0.03723356253929028,6.7985172320167,7.680786194538582,0.14621390147772628,6.889260788810422,7.794714015041597,0.003989629919499636,6.767292038109043,7.359222200068399,0.14478325373114628,6.591724756067223,7.233293646852583,0.6079638670714979,6.7036486194604485,7.45034995323216,0.2665259469664976,6.643259364984222,7.416104180966949,0.8123297960518073,6.751913026970031,7.072922690924457,0.10897741366832044,6.949410182032031,6.103612681091453,-0.01724322395533473,6.912388573561506,6.425744951499172,-0.2812621831100591,6.9063474168463985,6.502665108953441,-0.1863096583361897,6.9101719487695705,6.296398375405071,-0.35195806302947225,6.910611229555641,5.5870798365279875,0.2645070203180158,6.758023213522949,5.548979201047233,0.3040948696624456,6.638002638244241,5.570965901661167,0.357032235482464,6.555363463317983,5.634521115517003,0.4333832672000577,6.518521053517331,5.732951737431419,0.5148392602471669,6.5586064711529275,5.998583434226273,0.6470660888921598,6.5009414548214295,6.526669363463401,1.0907260860374635,6.609877511598284,6.154898364229678,0.5139740339846024,6.673116513015258,6.158267578131731,0.41621083124069014,6.767278789958352,6.117491164846935,0.3325817710549868,6.8632609444437405,6.050168943932769,0.28124139571571827,6.936136929581802,5.976900395171599,0.24432067365588314,6.983048631178722,5.911041746273246,0.224744003402196,6.608527594769978,6.612803261087733,1.4278360880724754,6.933383406051336,6.556019595412733,-0.15020493955797987,6.953321872841329,6.077755777298017,-0.17744611167571642,6.9393848183143705,6.389170293796696,-0.3825288898098231,7.014408398406556,6.4726196977283745,-0.38396797017863565,6.966439633838711,6.435187396586428,-0.3421136847388502,6.972072886966752,6.603712937900423,-0.14451990315671912,7.017141701075441,6.471757870662369,-0.4143684231263334,7.054315314643368,6.52959511295285,-0.3244894389035313,6.991827274189248,5.8107448782891185,0.29893151187922623,7.016167613364106,5.8180195075606695,0.21005032258478507,7.021554729797731,5.819419627907384,0.12371610115555423,6.61958561697045,5.861378612959127,0.5199664688823659,6.557341621397479,5.840178782769131,0.5442800502791835,7.132420135677851,5.942285766500306,-0.32813889041419964,7.86220637010148,5.607862001335672,-0.005663914670880171,7.167006176234494,6.477525697110588,-0.36961813116698855,8.35295064343823,5.02566923013422,0.39439997367951357,7.602512633900561,5.765669788740628,-0.02181785206178811,7.694775544397216,5.762551592430614,-0.05339182859456616,7.7925329510752,5.740190457241886,-0.060082711226293634,7.926161468926859,5.655116411672836,-0.020011853210252506,7.520576308232016,5.751735871933571,0.02524029008239785,7.679515766614422,5.29143236252935,-0.0504224833197629,7.564826526082218,5.336966953725492,-0.0020100713396979104,7.796718669422476,5.303503868257685,-0.059829454740365814,7.885076164549634,5.361186316366408,-0.04798363605279084,8.030237546213373,5.724636779695079,-0.010736186651597148,7.649812715494055,7.7729061644619915,-0.3885497820839064,7.896353827143141,5.562125898794808,0.015995819595687327,8.449199155479617,5.661696907575285,0.2904984320624644,8.1609138182742,5.620443560865612,0.06043145571940195,7.651608885819322,6.299950274332444,-0.22882462992252547,7.254899288816378,6.889637315198482,-0.3988904430721251,7.272381269559819,7.046217905486796,-0.3769023914954561,7.397815457573533,6.9420232921151515,-0.4016051373188226,7.508598585465152,7.0008088230866745,-0.37917279332013054,7.385998804428228,7.052452206293557,-0.38180076447513345,7.486672198800417,7.064042246334937,-0.3520487954299285,7.699533722308561,7.239032187915064,-0.3303391729149863,7.101711619647144,6.339567823067321,-0.5040471162288198,7.102613888436312,6.200197277797737,-0.5142768675344442,8.00557227871104,5.254544630107913,-0.03926699569488152,7.442975614194881,5.981044277253534,-0.11553179458951512,7.4054171069858254,6.341698683515308,-0.3646622986916332,7.420524879671217,6.280601001612657,-0.33006891499883373,7.995869054236499,6.25584787795311,-0.22215884905000208,7.113574989955413,6.0528917875353185,-0.43998049760864366,7.694107558693952,5.136071299375699,-0.08008212931483975,7.862811601406733,5.157677289975038,-0.07138517597033396,8.155555289955224,4.755661808620339,0.3084756931763117,7.276765710167459,5.364425140574819,-0.024999745175268356,7.478929700628146,5.433747832243331,0.05092866399836518,7.772426441952759,7.085993734758876,-0.32077888901368923,8.585532387885511,7.18310267932409,0.25701190085428993,7.343696762000696,6.4409412776128665,-0.31532248126559553,7.263431795132487,6.50341258356085,-0.3031775223859782,7.655201923740946,7.108908851827816,-0.3005348431689417,7.637025460992859,7.1050069228137644,-0.30217757027518577,7.923928806899876,5.059989610405953,-0.0222709407220218,7.433720037759478,6.429478140909684,-0.3260364655528099,7.50147108039338,5.205699047145648,-0.06477475733279116,7.498287340601,5.067043553377835,-0.0632674206612818,7.605448842456346,4.471021107397131,0.17341997035407591,8.022592665993562,4.896243165135973,0.12242511462912906,7.52771636418339,4.745520349266359,0.055961158161497986,8.081465355851211,5.193596512853852,0.03209222326967828,8.20950106229799,5.110036591454568,0.20946807943574744,7.262233186130493,6.974334137108383,-0.3998063958064145,7.388598231048025,6.999035662707344,-0.39879722664341427,7.495413189172137,7.032587650238998,-0.3741658203683413,7.32758631348932,6.481862723284176,-0.2906602643242773,7.648011664271165,7.106533946498677,-0.2995665515235342,7.584562086985311,7.126485661439361,-0.33871165551616966,7.6268264767740375,7.105301868484412,-0.30067970123768173,7.260515807438283,6.3560108698881495,-0.41985930221388956,7.482646852803612,7.0863465539299115,-0.33544932019822626,7.3872936368405036,7.082571528254058,-0.3477387885110391,7.282956082895613,7.0943833005017405,-0.3467280069086456,7.354033108624051,7.4822598673492156,-0.34348316873709184,7.309743146321777,7.291794691219794,-0.4056368894937574,7.294823636830415,7.211831642733123,-0.4010371228579449,7.287670332728351,7.144064562864173,-0.3674050363099414,7.280256249239,7.098138105316012,-0.34065571268146994,7.48192866358194,7.0929308848233505,-0.3303928192093964,7.494061877801652,7.11311618557885,-0.3534895753970206,7.5087924268278945,7.1483548718747985,-0.37964236181912986,7.5255004366625435,7.188362195148427,-0.38003239783453996,7.5937800107819085,6.823039558945788,-0.34381912266366127,8.665109148188876,6.404143493161911,0.49648412178252394,7.559642315535493,7.101430619398276,-0.31354886330211307,7.567828975391458,7.11410073235652,-0.32942457114343193,7.2407614202157875,6.571183149785245,-0.3206113042653921,7.41715706031134,6.540764698527562,-0.2591071568972958,7.250358659484801,6.541696949973557,-0.3117031431500835,7.558495304594086,6.050634023749132,-0.13996743111149026,7.724247798787124,6.116138458934272,-0.1824435734140573,7.457891637330798,6.36041622862846,-0.2947177719500621,7.910748291504484,4.5628283512371235,0.22148909837929476,7.800615717538904,4.769221988123691,0.07477449633793133,7.724007937532507,5.0086453564962525,-0.049477561150697694,7.6042209480686145,7.329777836522052,-0.35853727333835184,7.276803362806265,5.170512656181375,-0.032879101864761846,7.289724493356549,4.793378596366598,0.07935789889287384,7.328036053341727,4.473574165489509,0.19194665929633473,7.877627217505832,5.706526557700447,-0.04581732917530178,8.159876278893766,5.807905590414705,-0.010390408284332278,7.463868645105717,5.731606701500736,0.058436176366212,8.007242242969198,5.443558436465579,-0.00902039043791311,7.356118646451255,5.894107123334671,-0.11124873066129917,7.313011255915926,6.2661765545944865,-0.41984967115697275,8.314468949307336,5.909906588940352,0.01948988179282802,8.073721463136762,5.901678790090137,-0.09232914035524886,7.920561684811089,5.959212022185813,-0.13627631765325413,7.7192985685973925,5.968103623112758,-0.11442388530339585,7.575945210867433,5.938627185096316,-0.07577641497109201,7.464656561436288,5.890724661281926,-0.050345494786162466,7.184751725449578,5.720965647411487,-0.11702691812210621,8.320112661501714,6.222715647617035,-0.06294477480713759,8.09422960040647,5.424877149449055,0.012159134455331014,7.096672441486931,6.44419962541177,-0.4694809043187699,7.426313624252106,6.1057937450578486,-0.17585432893841252,8.592922764157835,5.698901201071129,0.5650750274431282,7.376471989539203,5.826886703999499,-0.022051653050103672,7.4883442548718415,6.387658610075742,-0.20685989334789495,7.963637698147412,5.563014222162196,0.017875828598261558,7.330636177232612,6.195696392918234,-0.37340522834857,8.652710273684253,6.782871863321689,0.3974127948962022,7.460519652065244,5.690171367036832,0.08858945760771948,7.216945428899858,6.106523787888033,-0.422411052922976,8.206801228641377,7.476395817490715,-0.16705827594038242,8.289243773120536,7.712544103558236,-0.05116544200738495,8.527628207570485,6.309394113961877,0.20634046996603203,8.367991478099079,7.273597310339038,-0.07140971119677819,8.337355478261626,5.363070342848889,0.2773289640558888,7.70192257305948,7.954999903896864,-0.38546047894464297,7.1236526490047485,6.516169855405218,-0.3591149406458679,7.525585503735402,6.20942566066067,-0.18823549929428982,8.275697190403418,5.640641412500712,0.11400165497442326,7.764725780045828,5.662589414569207,-0.033327586084464456,7.686095913881328,5.68240167529209,-0.030051291726165084,7.602023149596082,7.147791476834885,-0.33836278028473216,8.344311454645505,6.539437094374104,-0.08707499569726938,7.5307913296858855,8.19793194038928,-0.33977100640785646,7.910022432300834,8.021947690236237,-0.23600255640992038,8.084089884230211,7.901251459272286,-0.1573013506971262,7.607809105092615,5.688184841704268,-0.0020563220664344697,7.541356381226434,5.6902780495134495,0.03757773391459221,7.4917204414847856,5.693771377669346,0.07466371739366624,8.19410531665284,5.3983571408499795,0.0840870093156961,7.531623871366153,5.539812526675677,0.042014230166970756,7.601042786444947,5.460214848239643,0.005999626867726381,7.678357599335591,5.431672056211373,-0.02047553984629598,7.763152736469041,5.444115207430147,-0.030817881366787824,7.823752566814146,5.48382932821085,-0.021718847738295497,8.490227980898633,5.322660694156907,0.502442913350243,7.820673417685116,5.637315778041721,-0.021615681577990407,7.471305738541005,6.742811547445297,-0.3381739069784989,7.331682083866114,6.399109195899321,-0.3361195066633642,7.257185640717213,6.700458604228268,-0.34578407617191004,8.04291323734033,7.672577919278859,-0.23921560337776,7.882126707843158,7.821450177678264,-0.31072147261565575,7.491279766156537,8.051951265195964,-0.4273699577490673,8.455128051549394,7.4967261506327265,0.09669947211819764,7.483428493694382,5.632663585335904,0.06900102090440544,7.246090663149024,5.90695434314952,-0.20677460837782147,7.723302299190438,8.118368428236606,-0.315158121396085,8.53162566272373,6.661311016207377,0.13948829692473871,7.3855616154554244,7.087601641890114,-0.34243198899097926,7.3965122579081894,7.125407680335765,-0.36997264993630263,7.409986324432051,7.177726021956801,-0.40066286260092343,7.424049585026119,7.241736205198211,-0.405717380725094,7.489554717482347,7.415190755840357,-0.37419109644531756,7.57306408672768,7.087706929824552,-0.32871257020267547,7.583399736079946,7.070724892451926,-0.3389590124349929,7.597107388418623,7.057767503805014,-0.3447720961348323,7.700380209410609,6.941293249284967,-0.33680002145650795,8.144197441186481,6.596610534587856,-0.21942646154942122,7.267711645076777,5.795289167330315,-0.10436994436594661,7.354173957384029,5.576881898215799,0.08360931869799598,7.424702928036513,5.583756293882263,0.08239163279480206,7.560773289241854,7.0964890591905245,-0.3161385934958285,8.233237564709773,7.00320673836175,-0.16859816645585954,7.235542346114612,5.581864597417802,-0.0004678849876627342,7.579117794322389,7.597292862528297,-0.37178873606704965,7.158168265181403,5.835125310551594,-0.22289327161421424,7.326264287504574,6.107409322171065,-0.2644382737465846,7.403454288870287,7.673921560667364,-0.3854280994184475,7.825813700153233,7.319032889040542,-0.3207412799543262,7.587131530948281,6.500742732561064,-0.23504825376573593,7.715768982344867,7.482979451113065,-0.34788528080889397,7.836002225305721,6.451657636979728,-0.2760677749736577,7.702370221098618,6.635403211624444,-0.28404967681639265,7.973396704309075,6.70215994568543,-0.2818231594908822,7.45251428269242,7.875194438676307,-0.43520767700442964,7.413600280486345,6.198613077883526,-0.23816843294040918,7.952884383412834,7.4596682840655735,-0.29186521413523614,7.806900919135162,7.631226257345635,-0.33467371506031995,7.894183919514169,7.116687608096714,-0.3140763053014995,8.351570046682008,6.818117522328528,-0.09482370394017645,8.068639054169031,7.160794188102582,-0.26414563778641936,8.492909685506932,6.986523133015215,0.05365463442595507,7.816240865372334,6.831033771981188,-0.31035839048577984,7.334955771628976,6.0030717682261745,-0.18895767603500138,7.281649396874824,6.3219924079979535,-0.4377563771525017,7.373344031433943,6.386728450443014,-0.36637111402328165,7.203967819391366,6.218204303671196,-0.4767863878360089,7.400165958414557,5.429011967006834,0.045744693138577215,7.539248530724382,5.287258846426132,-0.013679305272822313,7.681000954033995,5.231757113648261,-0.05984830829692077,7.816176019161057,5.244100555101307,-0.07435338273218721,7.929362640496463,5.314745970025653,-0.05472379069233094,8.046689657558359,5.591272527586153,0.03006908848122577,8.501964447868703,5.98036304339958,0.24439691589152113,7.966577393058642,5.786769211893808,-0.048545075465196465,7.851699192061319,5.832853949979172,-0.07404777099285008,7.714097623544531,5.855660292758228,-0.07054913159233023,7.588735951724074,5.8481667203647305,-0.03605554210042888,7.493013182083795,5.820349438904567,0.005500952748191633,7.4182726940537425,5.788755039955284,0.03026493449834901,8.640774387182729,6.051856339968151,0.5605189274092643,7.388613571011983,6.446431590167663,-0.32727919874090405,7.225080490695237,6.005079211691409,-0.3017765740298454,7.178111612869019,6.31971163426583,-0.48215955884785305,7.148523611478336,6.425979234585076,-0.4410896815934725,7.19458812870212,6.364025303785131,-0.44417737229334264,7.3751388072170325,6.512378095223229,-0.291985253711152,7.125519243710005,6.433728705468237,-0.46149240019041093,7.148186829542349,6.502762726905901,-0.36420746004438903,7.419589839140866,5.6931567332043915,0.09247892290105496,7.35788832047514,5.718957506675163,0.05795955889229729,7.306148016586886,5.732688866230866,-0.002184423158388133,7.862398816922044,5.522128337316426,-0.006657160313942603,7.950018599237039,5.452466074627571,-0.01811976180708917,6.746727421881128,5.807393444799834,0.3925447967883395,6.831955564360848,5.78421545653034,0.39292716282177054,6.737142036220627,5.687438064367948,0.3930113147263244,6.666848743196225,5.831999444259601,0.39294311289793143,6.758298635603104,5.935902249680499,0.392905896053556,7.667902716627105,5.538524318338747,0.02687246006855999,7.765113462771313,5.519381437861305,0.02684147508454249,7.660352665275399,5.41172034127069,0.026838002347673442,7.5760163325185115,5.557113216935978,0.02671985847753078,7.674802911323862,5.670626509776581,0.026738352503680462
7.2967649427886565,6.971066593864327,-0.3720543900740017,7.192649959610417,6.382105491900811,-0.5052305031850101,7.274521437427356,6.61284274832861,-0.3103087297626851,7.136230198534872,6.008620017158328,-0.2753796177533925,7.176236376962558,6.235965956330196,-0.5146230979826333,7.1847406276403385,6.081852545722158,-0.44884349596225587,7.2288473955096695,5.734096954310223,-0.12168669075953277,6.730775560359312,5.959494324247846,0.47645613389112446,7.223921777294136,5.467748060474836,-0.002437198750512551,7.2056946747649,5.288036308113717,0.016041202144290376,7.1655124060121755,4.566553907011835,0.2556526343106579,7.302049055649986,7.032091362483919,-0.37157115016557174,7.315379303721962,7.091292087895935,-0.3494977938347272,7.329705760007307,7.1369941920168145,-0.31574363311898723,7.332652291342621,7.136143205704973,-0.30638938269119637,7.331143947920972,7.188080029820361,-0.3317443506023619,7.335690024838314,7.255634171567992,-0.3630641809618574,7.345388322261976,7.334580164702012,-0.36671222352981553,7.379662094132316,7.541701674032349,-0.3045067596344547,7.220398567683197,6.485683083887896,-0.46912190169774204,7.188482722436187,6.54192956085872,-0.32731172829558763,6.512246765430831,5.626774110529431,1.144177316892503,6.960966305379919,6.000274317928591,0.2854075583701927,6.876940351912801,6.039522816870053,0.3177999568287772,6.8012636054508215,6.061035301838165,0.3700955605967128,6.712287479340377,6.02639321355091,0.49156986651762313,7.0316346501269456,5.947935502752457,0.2662859731141647,6.7800429673959215,5.628660592139111,0.33151805524192207,6.885907628943274,5.615025869162486,0.2963268027923292,6.698708179215059,5.68600991369544,0.38471881852802065,6.659104693403199,5.765658865019455,0.435096392631279,6.668020055357763,6.139822743524141,0.5425196026356808,7.110791811339995,7.922591361087429,-0.14902366138921805,6.706693279133759,5.929598256075686,0.5219099752081268,6.549624216974369,6.2374237877860965,1.0670344957024336,6.598722549236737,6.090330137306903,0.6870158769733561,6.902819315697816,6.543233751752137,0.08400811314067244,7.196112835484491,6.959421481094118,-0.3180185350833388,7.232028246241649,7.10879588713786,-0.3021996299836231,7.116533338113379,7.037635752279868,-0.2303885616295237,7.0721950570677015,7.125601639075347,-0.141608980559415,7.1697006898388,7.138014253102898,-0.23124325302913096,7.124531767578596,7.177925721594805,-0.14992261652964375,7.029499818019002,7.428672732009705,-0.020720784171189995,7.130471132884494,6.40466189082772,-0.47566591978807343,7.104440633202234,6.266414849905267,-0.4789614309284137,6.565994303207278,5.7251665089214425,0.5347939904021345,7.046230503562947,6.144158353917531,0.08407570906879451,7.016257965887085,6.490356843829768,-0.17707867364311616,7.013945640343944,6.431636683647439,-0.13546716180399435,6.681053545630969,6.645234949474828,0.300289668202364,7.116121525281515,6.121874859916679,-0.3894448004761478,6.703483664643507,5.525964504109842,0.30618827754284195,6.6093917988908935,5.600124839266756,0.4196981794199066,6.522459302728014,5.316326516708131,0.9706865165074506,7.059169283900374,5.527545809259793,0.08988221190054856,6.990362866335234,5.654156857628076,0.29352194173594975,6.957592527000984,7.314336792873325,0.05321118247521396,6.818127586459934,7.632125108272496,0.9944146001120712,7.093124549764469,6.555842801202041,-0.17628632198943128,7.164023706132761,6.586443932229436,-0.23738670509247187,7.050585757498573,7.275119162355376,0.023840653049989474,7.069160831347408,7.258413732794305,-0.01627914441523529,6.572033289334511,5.5297904347377305,0.5044955365444962,7.041569371612512,6.5722928647140515,-0.1401244790486825,6.84696851579202,5.500636261062499,0.19511049173880105,6.815795617374557,5.379154281882903,0.2043316220901929,6.732013103520145,4.823564401179517,0.5376291937157169,6.546086976261832,5.408362124521743,0.7115721025025313,6.776734433639412,5.062336567936685,0.3671651431046388,6.53540229239592,5.690588262146453,0.6552186822292242,6.521200011359706,5.661919915364008,0.8880228953109918,7.208843253963207,7.0402441340667,-0.319175355562797,7.1424733371903395,7.0929267112319545,-0.2370845321654285,7.097220228320555,7.150746776246853,-0.155843905830437,7.123462597636926,6.584834564876291,-0.17749188958513998,7.060270023820638,7.266694187401618,0.00039384139203760596,7.088501301788345,7.267926819676891,-0.08488570921745656,7.079316542683124,7.252367731116273,-0.023043502869176478,7.086738995427796,6.469106038906435,-0.2975743211894525,7.148607734808431,7.191355590488119,-0.14350678570655628,7.1940348293380145,7.1642054088984395,-0.2055760711838419,7.25487228275129,7.148407791610677,-0.2681562751098167,7.277583725350842,7.563006498696829,-0.26707055285298076,7.254619722922548,7.345801538203999,-0.32160929129430904,7.245033674311661,7.265916162818079,-0.31570169327937075,7.246906124819745,7.203399888098754,-0.2805142555355245,7.257477858317803,7.148773301807273,-0.2584786077902212,7.148937465695954,7.197022050867959,-0.13693686488726153,7.134773770189132,7.229687858495313,-0.1597626061558365,7.124065935005585,7.270750578873233,-0.17975160945909197,7.117620046932045,7.31998922215157,-0.16447073133482223,6.992737630280481,7.008028724800601,-0.07138653983641323,6.695563809347231,6.95327094770919,1.3133161957285582,7.249858970150777,6.554441795707607,-0.3642029802452022,7.115913864977883,7.2233107228195985,-0.07037825172151424,7.100820608990277,7.247720630267435,-0.08508685821300346,7.18447614137524,6.6402356679759125,-0.25554880415884207,7.094050602469853,6.659991459024113,-0.10949838800696238,7.174843088574002,6.615954145107685,-0.2484052414820015,6.971345812786102,6.26391029827025,0.12970766864348843,6.84555207608583,6.404482292727281,0.18550883352738656,7.021610831146239,6.515705431974426,-0.09220861787337847,6.591605974506875,5.047263306268855,0.7531829566337658,6.62865018738749,5.206955482871755,0.5414530635255591,6.66721537168119,5.41979712154554,0.36213424777993763,7.094335433832267,7.487506544114967,-0.10547060682844639,7.003644707106702,5.357965213806596,0.0922780170172917,6.95524512370385,4.97160725568173,0.2314909019723133,6.915168789768181,4.6730959199887705,0.3637905973998357,6.745193218805036,6.062180941283538,0.4345857920747354,6.610638462267763,6.267550667579522,0.6089158277240422,7.079000842897197,5.895754537469285,0.27320613434526975,6.619152534716661,5.876108890568619,0.5496064928162283,7.091216319947313,6.027719152651801,0.04542249605527111,7.029111858059853,6.3998309825479645,-0.27316301063145604,6.552748943299961,6.4317391106890955,0.7291414532972282,6.642987166999032,6.3334351082371425,0.48742231673282127,6.724350718938168,6.337180009253311,0.3525092847857148,6.867289760234569,6.259331949819236,0.25666236938290904,6.977064889796931,6.161446775749946,0.20388096064578282,7.054767727329479,6.068635949573115,0.15723856444375792,7.158702410852201,5.7981092952373,-0.05882500978136974,6.569995973382666,6.71480465896683,0.6431060268454969,6.577217079819425,5.897829035840362,0.6258737732666614,7.188517800190179,6.493891278321985,-0.4480427146858148,7.046962927066296,6.257248331232121,0.0183821023546877,6.59850015627643,6.300236118749113,1.3945347888493236,7.109603377034752,5.970413327510423,0.1373516264428206,7.032571226158527,6.545894048614877,-0.0017218182740720487,6.676535530916821,5.955396541026519,0.5492211636886281,7.035531788595438,6.327373672347354,-0.22330555192551155,6.754318345728471,7.2895459410171375,1.1835955921632852,7.087959701266711,5.850552291342789,0.313847176273015,7.070280513254827,6.207155895421624,-0.31977073466601963,6.836286638146427,7.798525554548794,0.3792127073311151,6.916638547660439,8.016289654440254,0.5093822184530985,6.598073610787889,6.848953916667957,0.9913216191538413,6.766386496211822,7.665241314261106,0.5690159348909518,6.536364124410376,5.933045697738003,1.0125894367878596,7.113696249370519,8.10586140081348,-0.1217224481450082,7.223870563773308,6.560500425377077,-0.3467149440689776,6.995303217207444,6.398104455496487,0.05422794954096067,6.568098266891708,6.149196922500918,0.809997342441718,6.797840016661218,5.9807023343113075,0.38812394764958535,6.865457999921115,5.964741254689944,0.3416440381811295,7.080727369948675,7.30409338715263,-0.06600574939654258,6.618655833720137,7.0077312654467505,0.5990428869326934,7.290724553551263,8.288620708441409,-0.18909193840326732,7.078955241817008,8.201880438370404,0.12837902197846088,6.999238941205328,8.13249032697884,0.3005435215232837,7.1779109889381285,4.894053147826106,0.13274238764469748,7.469209987632827,8.278287503670494,-0.28246069818093505,6.93789426346933,5.931833410560046,0.3134595232442128,7.009551800878927,5.895534249174217,0.3078089793952459,7.062719152604348,5.872340136679737,0.31724919224391296,6.549641755851365,5.907796730414682,0.7516103332279269,6.9909500679370575,5.764199981230934,0.3174894529351608,6.908736932796239,5.731974399416178,0.32501382847877514,6.830284834438424,5.734819906819995,0.35360774465196904,6.762547586814955,5.777122976579066,0.39634849708647296,6.7282990709274895,5.833382081541328,0.4379715845844121,6.543323550802356,5.938938058853552,1.3036735842393583,6.756140284270807,5.975757072553539,0.4370623692009438,7.290173131258511,6.741443406903309,-0.3077307998510366,7.057243515206223,6.884697446430556,-0.13406793212085635,7.077204861892815,6.519889506470572,-0.2059989992790022,7.183482739382192,6.773386612798432,-0.2656663026663027,7.240234336010498,5.610354915440934,-0.02453358941605236,6.925415703264275,7.93224966987154,0.20523680353195214,7.0167329186761345,8.019512598477023,0.0418296653240062,7.248117710442623,8.14528599007998,-0.28199234439435533,6.868933503786626,7.870426531571094,0.7573965841376498,7.056198899692346,5.814842787001564,0.31575549378455575,7.109929600146876,6.007444912399602,-0.10649123792803127,7.429201704539902,8.135157639392379,-0.37155422514927067,7.169151372211288,8.25295785751299,-0.04378746713272116,6.656201658482835,7.161924653333891,0.8974637220203537,7.195991466455679,7.170995058961099,-0.19729484925066124,7.1816474712933385,7.2125376430136265,-0.22045226164502713,7.1753818828753175,7.268182185725951,-0.24411716144526988,7.175280858943821,7.342286045698938,-0.24090241683349584,7.176081333289915,7.537759636038747,-0.1917156447838752,7.093478133524706,7.2175670913809755,-0.07519857638518226,7.071203058184813,7.2145953040627875,-0.062145557668621634,7.052482060879371,7.205559976189571,-0.04994781680786781,6.955960008330204,7.152769359542022,0.005734421130306548,6.673510425412565,7.003771688576152,0.35323460504388093,7.1263242408075795,5.902102909386728,0.0002142395020715542,7.1129939927356025,5.718644852899281,0.22386598481631984,7.078824752572158,5.749835290193739,0.2873161828120808,7.1164947525839874,7.21969490793812,-0.07334035977196021,6.727495790361076,7.39154363096443,0.4256339931032121,7.157707605748993,5.683124066874531,0.07605188659822609,7.142159742069652,7.73385761039961,-0.16610998054964932,7.201315567956559,5.962990874765751,-0.3356384416909765,7.146811052248969,5.906007764961099,-0.17696211684368018,7.213950574944418,5.852376685327905,-0.22220058075117258,7.067369761228585,6.233253042836468,-0.12553511499716927,7.403068777815986,7.9524944448103865,-0.3903445448660383,7.390139117694597,7.738475245935096,-0.3484589442266628,7.257386656157425,7.7550066898363665,-0.2842414861331192,6.961841846119555,7.544519820788053,0.039127889017170236,6.981514152113254,6.696021924814364,0.02346720377110439,7.049387501422212,7.666062133704515,-0.0632119871607621,6.789817032768206,6.764900602552728,0.12939404063740706,6.910636042397357,6.875605994150953,0.0411484553414848,6.756785013389177,7.044488542299712,0.18857662427353106,7.2377739823455105,7.968262596784795,-0.30089557063178424,7.0439616744347555,6.343294763329167,-0.05953221018723946,6.911039436568263,7.716297686751299,0.1242593918934769,7.01404876894068,7.832414172680305,-0.011834954670992348,6.880584228997473,7.390559349187419,0.11690120817119694,6.6704832152430695,7.262189502233986,0.5679039700894107,6.804922916747249,7.482923986333474,0.23569543118375563,6.71115867721692,7.444480171068585,0.7770481942564944,6.867769623909177,7.100370210629022,0.07901309578122602,7.081666752200577,6.129504271409903,-0.03846177343066345,7.055644671179275,6.446769226719516,-0.30551469697181377,7.040995499557206,6.521534653132789,-0.2089045773365307,7.061069095056572,6.322009582206923,-0.37613283668343966,7.028183700689229,5.616011554049656,0.2389124339259429,6.870886633128891,5.57149998889926,0.26975384756818227,6.745322304939726,5.588532343127534,0.3152191110788281,6.6570344043626015,5.650414412054687,0.38601853700780303,6.613791952351629,5.747883563961634,0.4649534368021226,6.643840257976113,6.016647911936898,0.5996850290667063,6.560139826066041,6.545952277686504,1.0422532025342082,6.701357952751602,6.176091738041536,0.46990588949945955,6.771913347130774,6.181368133796988,0.3762034306633482,6.872166269594513,6.142458485959087,0.2983376788871035,6.9733010467936065,6.076404268972146,0.2529777582564144,7.051304851455406,6.004403671128509,0.22177293908281964,7.101644936209085,5.940037395663656,0.20526194989684504,6.6523017137940235,6.629946661175028,1.391603165559456,7.066051539233572,6.5749363242548755,-0.17083579807080465,7.095461429735405,6.1052746636175845,-0.19906167187203738,7.091500449754647,6.414142004621552,-0.40425927601390366,7.164648791708896,6.496240084729278,-0.4005817681325924,7.114169799049409,6.45705963663056,-0.36246450483377074,7.1049106751057245,6.62323698839147,-0.1614465685452051,7.169764531351065,6.49670521574721,-0.43083308625830413,7.20324484442611,6.553308082698591,-0.3365367829707073,7.109521295090412,5.841250021761695,0.27871496406810964,7.136729004196637,5.8481140366628175,0.1927046401340787,7.146149485808683,5.850176608597537,0.10690990188372192,6.713715143927844,5.882355186221945,0.47567810930758564,6.651189047437402,5.858172582619976,0.4971890157767674,7.284747304271054,5.970284241375733,-0.3363791742373028,7.998719909020824,5.634415448459012,0.03568104751330009,7.324692447406794,6.500990314174852,-0.3742558699145292,8.463664313301294,5.047382219854887,0.46831498181435244,7.737064418669544,5.799583262460037,0.0017621775594217537,7.831500046411277,5.79488775431069,-0.023877673782698512,7.929843335947701,5.769903273252467,-0.024614925958120926,8.060421678292458,5.6808527823035595,0.02476923244984109,7.6525908730614915,5.785580223066497,0.04333981470189569,7.8169091038608345,5.320012837875132,-0.023285169411033493,7.701215655644971,5.367764184384215,0.01764425139104285,7.933507558129687,5.330998839647834,-0.02588436795148912,8.020088575197569,5.387765168932818,-0.009408375676245206,8.165009509594508,5.749850022850415,0.03946015208005975,7.80773416652673,7.802447949000161,-0.35902293869524704,8.031182265675026,5.58687527002896,0.0599957955916359,8.56753515531175,5.685370797017708,0.37259884066314747,8.293520369118987,5.645787656303164,0.11897623270858383,7.802044554829255,6.322730079273915,-0.20360307906337877,7.414146332526607,6.919197820591683,-0.3944988909656761,7.4293244766788735,7.0720301916239405,-0.37067684282755,7.558217683721864,6.9685858951020245,-0.38742068252924156,7.66745822831339,7.02680304029211,-0.35613332101578477,7.543571318320114,7.078054445094497,-0.3676456425635382,7.642645628249727,7.090364632080392,-0.3309333529300707,7.850801931322823,7.264782449809062,-0.2953144149649324,7.26719720239386,6.367227613322715,-0.5153182513723664,7.267475719760555,6.2277830178789815,-0.5264477650060877,8.145430510426426,5.274414914683608,0.006530119900536896,7.584156981243744,6.0063133040558245,-0.10263708066997673,7.564363306221233,6.362012954414289,-0.3558655681348459,7.576162059553926,6.301604852709874,-0.3202418069785337,8.145166725716408,6.277479776624451,-0.17520252900906486,7.271896218318607,6.080303512105878,-0.4504229595301231,7.839743318599358,5.156576812588684,-0.05610494371436647,8.006270746345105,5.176936993338163,-0.03579289622044248,8.27409571206847,4.775657660220252,0.36679627859781844,7.416935013968958,5.401839766944501,-0.026799017646376634,7.613711392092023,5.465600951152996,0.06672887181418516,7.923037550118205,7.11137340050118,-0.27961264763995314,8.690021059810592,7.20556278240989,0.3537145344892779,7.5007175278233715,6.460457267882209,-0.30900296037033914,7.418579459076095,6.524456630040309,-0.30293718360849387,7.810078062048465,7.136403482639593,-0.26383544122029523,7.790307538343588,7.132142938639745,-0.2698101254397429,8.064833056634471,5.078547751944011,0.017159191824124533,7.589190638941573,6.4490170091953125,-0.3154439375583195,7.645963282222275,5.233200307630904,-0.05338476254848292,7.64327562471142,5.095158822346844,-0.052709417127957035,7.736421092661334,4.487491104957023,0.19161501547711113,8.154096820327648,4.915498634284093,0.1698897839310393,7.6680755967836465,4.765069089400277,0.06929982454132876,8.218444855360428,5.213360329973123,0.08380343444613009,8.334327723447847,5.1307073197972475,0.2706993903506284,7.421084712266191,7.001751209946223,-0.394499329437601,7.548146860550808,7.025332580844773,-0.3844506052515606,7.653405378509182,7.05875887417867,-0.3523788174644614,7.483224953462724,6.501637147958461,-0.2857590155415946,7.802309041094354,7.133896124784256,-0.2654394372923605,7.739725417087365,7.151331171628357,-0.31056216653527613,7.779241208514244,7.1320790971274795,-0.26911486243202853,7.422002346310618,6.378005604014246,-0.4193946253062998,7.636302167217844,7.111855368841028,-0.31506384817022176,7.542374465353912,7.106842056240515,-0.33351812300374767,7.437252750636107,7.118236012292142,-0.3394167761914181,7.510239734921995,7.512329667504828,-0.3345058906325614,7.465126937068177,7.302947046152177,-0.39718010293923434,7.4509492104597586,7.226233401282198,-0.39264191851654096,7.443376624928002,7.161159958296868,-0.3580707530631387,7.435615321079768,7.1182837180375715,-0.3308946358591022,7.636373024280908,7.1140084413810465,-0.3085402190243981,7.64911677230614,7.1341472815028375,-0.3324673688829223,7.664706729290271,7.169697883618481,-0.3585484901489112,7.681946743822177,7.209800876647184,-0.3568621928965426,7.749987764795216,6.8457814845969365,-0.3182781762336671,8.760715362095572,6.426320299252437,0.6001551586645818,7.712723965174611,7.124630686844854,-0.28605235325935136,7.721861018534404,7.1380907226065995,-0.30225126005277986,7.395486370513112,6.593583658276934,-0.3201923473454052,7.569820001632203,6.560609867969531,-0.24883963561799785,7.40537128158801,6.563333304789457,-0.3116296045128438,7.701600809383801,6.074693176132424,-0.11946006455411243,7.8713280298486845,6.1395835132419165,-0.15206166892986386,7.611342240587415,6.381114896128082,-0.28216681237327224,8.036985529295436,4.581243768828536,0.2607485550218214,7.938121685889773,4.787439225453488,0.10628471765140435,7.867776056479471,5.028823632550428,-0.02370345518468892,7.759090441956096,7.356012672391022,-0.3301651720412458,7.419198932211591,5.207143850410691,-0.03628462604151831,7.426946906513307,4.813136837250365,0.07612676116030147,7.457846198449633,4.487352898606296,0.19004765373437105,8.01407203883289,5.7341534294941505,-0.004734894917669301,8.295134647357692,5.83332630791248,0.047517569721423944,7.594194129770968,5.765745857849355,0.0743617088693221,8.141879238612294,5.467964490216965,0.03873228320383015,7.496364378552985,5.920940364835421,-0.1034693661542217,7.474419034100614,6.289206269783921,-0.4176501209059009,8.447499782706778,5.933069550610718,0.09034011361261851,8.211900048020631,5.926142395752411,-0.039731034554362624,8.060967488144572,5.983973685648586,-0.09393070539661691,7.858658646661914,5.995136830078947,-0.08332329672656875,7.713210844400018,5.967479424166546,-0.05372469338915909,7.5998956679048,5.9206071261724995,-0.03583492923534301,7.325144248878209,5.75047580998163,-0.12207538515915664,8.456885888119912,6.244762755476268,0.008059786759983409,8.229165318535411,5.448171867527074,0.065435620795295,7.258053133483269,6.470393392477936,-0.47958677958770307,7.572117594518668,6.129200498060333,-0.16378464335213636,8.69157570586751,5.721595593565074,0.6628498476101475,7.5109300651205535,5.858036130156948,-0.012169190857543906,7.637961344981657,6.408304364802231,-0.19112888165397682,8.095455234314262,5.587300412407341,0.06485969888373971,7.488003946666572,6.218937811432401,-0.3703271614674439,8.750695050890267,6.804713853333458,0.4993802353742522,7.5886455306445395,5.724245367101617,0.10587492179039476,7.375346828836241,6.13226489064906,-0.4262846854397606,8.350389125445627,7.503567946112748,-0.09977994279835131,8.422045259745063,7.741403536838334,0.02240930803880226,8.645731887620505,6.331739449609178,0.2952706116196351,8.500867077629952,7.298019323271404,0.006351765964185608,8.457050753563674,5.385774506393782,0.3503525510051232,7.860318525980808,7.986897302815417,-0.3516635601369717,7.27960911486633,6.541043496792887,-0.366025006481923,7.6723122879107795,6.232092670734418,-0.17030255043934006,8.405975439086326,5.666284640293211,0.1824857888411779,7.902995524597431,5.69330889274606,0.0011504843888652937,7.823598431547077,5.715798643940384,-0.0005718726404566638,7.757693645792141,7.172919424545091,-0.30801705624720616,8.48099342532834,6.5611984726815145,-0.014978085855632426,7.686428979227253,8.233742965431345,-0.3139038487693081,8.059807817597601,8.053947728015727,-0.18621830302546763,8.228264521812902,7.93207989354222,-0.09638105093991828,7.742648797105044,5.722968536856314,0.022411366116399746,7.672634301692425,5.724812223606125,0.05844219638643856,7.620803412394093,5.728225639847071,0.09368734251650045,8.325859252079137,5.421165855506302,0.14441378680680383,7.662315829578187,5.5692353691015475,0.0620039750840721,7.733913734805998,5.4876620521935395,0.028998820331791342,7.813993440949033,5.457694425403236,0.007436746244311163,7.900158435854572,5.469775203878024,0.002811633392281985,7.961074463436789,5.509711226797726,0.015808983302190147,8.59429106294656,5.345299689172765,0.5898905309027217,7.958647082860554,5.665804425841063,0.017024216463393305,7.628475618747186,6.7644010953358835,-0.32145481763516753,7.490839632299271,6.419071832167565,-0.332131367846873,7.41349108008204,6.7235053450669655,-0.34285323413201674,8.19228035865792,7.700573031191841,-0.1834442336600141,8.036567402467853,7.852280107876039,-0.2657759864183159,7.651203898668655,8.085874096588933,-0.4064218195475002,8.572965191629686,7.52189817723872,0.18308460994901096,7.612297057051073,5.66444411054126,0.08744697719595898,7.392650684880412,5.934613673341438,-0.20742146797415975,7.877851088981005,8.151280076682104,-0.27673594295867915,8.649577812568168,6.683811358649807,0.22784823068543517,7.541324938954477,7.107697953437916,-0.32613131802656997,7.552443183859729,7.143878552015252,-0.3540740376205017,7.5665423362992055,7.195033142216622,-0.38485443789439155,7.5806085156499305,7.257295453997046,-0.3887266273103575,7.646767965898848,7.4435372810412845,-0.35351483245108317,7.7273275357164914,7.1144728708438985,-0.3008761682491075,7.7390364899989645,7.097622920936382,-0.3090800218111399,7.7537782668915725,7.084353708156351,-0.31345237615183696,7.854456331733692,6.964838889420617,-0.30166118645984846,8.291992382155103,6.618561825339438,-0.1626265622658941,7.4078786394433465,5.823671857681308,-0.10301689601312142,7.486466839486649,5.611310433459671,0.09031279681169736,7.555641573468703,5.61736906312914,0.09590608718907075,7.7126075070313584,7.122859260268266,-0.28933823994094005,8.376434357784563,7.026490848281583,-0.10250843300721169,7.369868385217796,5.617118607965638,-0.0029517673066984016,7.736527729033469,7.626243270483146,-0.34758403927131776,7.304742325601479,5.864024604318433,-0.2305780253482721,7.47761602059943,6.1315324671457105,-0.2602184643882161,7.561279971645351,7.705989737963259,-0.3726713200723331,7.977752532349746,7.344484017764066,-0.27922589347859694,7.737902776989949,6.522098703416978,-0.21319623091945025,7.870583679908978,7.510034880838682,-0.3149509197259643,7.989834713934693,6.4743206978148615,-0.2403759874404634,7.855685456233566,6.6577955916242235,-0.2545059644562611,8.12591605432569,6.724346509607689,-0.2360635502883037,7.612476655151511,7.9072048550764515,-0.4177962635984694,7.563771895288931,6.22070152090311,-0.2283829252742519,8.104776796660051,7.485664962030396,-0.2423833338362423,7.962484589147261,7.660357087795283,-0.29492027255164166,8.04534385651661,7.141542373599396,-0.26671922722315633,8.487782373835918,6.839938933892056,-0.021653186498136818,8.218696713634088,7.185657560129685,-0.20850925104904275,8.614400437754998,7.009105611848151,0.13972647808245267,7.969005543614342,6.853512621576736,-0.27171085738698286,7.480854398847956,6.0284845492439025,-0.18278058447808487,7.443764584887151,6.344389189253713,-0.43712572839409153,7.5330655309995596,6.406835308465054,-0.36024259220154303,7.367819844384673,6.24350767343844,-0.48092788981719586,7.536382483417028,5.462655121372761,0.05537744205837398,7.679111759744557,5.316914419865034,0.003395546454668536,7.822402280135956,5.258503996250453,-0.03453516690836813,7.956531192739767,5.269629256706502,-0.040189139059697836,8.067135560406495,5.338615272372081,-0.013304104183454358,8.179126902466061,5.616119593531951,0.08169443929636175,8.620590959779477,6.003387117817826,0.3315158190351051,8.102735972932807,5.812703044008062,-0.0025660391011352204,7.989041255139398,5.860263216757889,-0.03527645850639866,7.851112720223191,5.885511131748591,-0.03987936138520699,7.723843613190022,5.879688224585946,-0.013396397042746307,7.6258658338501935,5.852366863556787,0.021385285632923252,7.549963186652506,5.821251843433411,0.04192165947429931,8.736805663419661,6.073928481095402,0.6629591148138321,7.545378524205773,6.465738574523219,-0.31967620011901166,7.377439567639393,6.031829563864564,-0.30352052665737805,7.343243668382915,6.345073205456553,-0.4881180839832493,7.309812464163459,6.450311378317611,-0.448598127073083,7.35778339741253,6.387597265065772,-0.4484017793451137,7.529734547480495,6.531824361488753,-0.2852234440089281,7.287553524590401,6.458781954351559,-0.47058201320765214,7.3057020529506955,6.52677035869361,-0.37000545461614626,7.548949439562142,5.727641595243107,0.10572997393382162,7.488967181791187,5.752588192327019,0.06561002848432221,7.4397334493984095,5.765678508561691,0.0012032153479818984,7.998554342021983,5.547614844651141,0.03401515016723732,8.083359021627718,5.477583511916606,0.025285223470611424,6.840959696533219,5.831734830213871,0.3708952018461491,6.926911418694488,5.808794329880752,0.37141729036712506,6.830538095822245,5.709992924877195,0.37150279239248013,6.760231753496415,5.85587604206613,0.37143390845307866,6.8536360952707875,5.9617884093589115,0.371396156020345,7.792123864445285,5.572738233615172,0.043895671041987834,7.889849785511452,5.552811263127491,0.04376408287687644,7.783087133461909,5.444076188970987,0.043763326512806,7.699366356454521,5.5914476552617955,0.043640935296319336,7.80034819464621,5.705997217919986,0.043661990170063024
7.48316140096674,7.029384126080512,-0.37355447786053775,7.387147999992134,6.446783980743371,-0.5145876220972793,7.4572406994478335,6.673647070061785,-0.3138728831693429,7.318212062849257,6.0629361811828115,-0.28891114559155423,7.3715026122936855,6.298327376460231,-0.5251570498324742,7.375734375282248,6.1405996415913835,-0.4595845055646463,7.404928785113454,5.782139226446611,-0.13059809919392668,6.864206983851117,6.00200106509193,0.44353522685313995,7.39556184906012,5.51684466087755,-0.01344283773947174,7.377798096021933,5.334950174217488,0.0036005890275948834,7.335175307980165,4.6029410472819885,0.24219158712637298,7.4883412832497385,7.089597507648607,-0.3719444581062003,7.499949357575399,7.14811264859426,-0.348598395466602,7.511569496293279,7.193471214989358,-0.31282900276166414,7.513749602934377,7.193427925111393,-0.30420959330492225,7.513428832035361,7.24576183921982,-0.3290061773370134,7.518109106546441,7.3138844943930685,-0.3609506919873103,7.526438504868889,7.394149605500294,-0.36499916048746256,7.553339970508238,7.606624842591621,-0.302063129463452,7.412192968569923,6.550011888265306,-0.4771612605234288,7.36883567194302,6.600963364959391,-0.3358059704017936,6.61482889997038,5.6585707536424055,1.1010532075724615,7.113148620601556,6.037165220061453,0.2631359264494132,7.0254348118039145,6.0782948621485104,0.29151505836374875,6.944653770511768,6.102297325304499,0.34021024976365816,6.84345551956325,6.0681309665385506,0.45744666865070077,7.187087732164921,5.985646716933047,0.248222474781877,6.9202389890099205,5.664387210032521,0.3005010346201193,7.032736607777303,5.65242855866236,0.2712755767207012,6.833400203483267,5.720827630351465,0.35026033202642864,6.789779619237924,5.801214095051017,0.3993577289728361,6.797057286426874,6.179424275094364,0.5072143712126189,7.267517486742437,7.994797371927848,-0.15759266468352878,6.835698115366037,5.971493055849048,0.4876963136116744,6.644885559010223,6.278372871728989,1.0270763060746446,6.716386953675095,6.128290413176724,0.6488825371530672,7.060743739480073,6.592924221720344,0.0630374417768088,7.376693139628642,7.0153056900303525,-0.32516045272228705,7.410743822163308,7.1657415643076385,-0.3059478194037847,7.286733934537891,7.101001906646796,-0.24160437944771315,7.234963498513134,7.194906167993361,-0.1549761885323041,7.339904549730255,7.198906578519359,-0.23909822373600406,7.2873215414059995,7.244198435922184,-0.15949063309334321,7.18105127803433,7.496845260424305,-0.03436277937962482,7.321457384356333,6.468015891709631,-0.48767830573211135,7.294768110086024,6.327294691849656,-0.4926632061467365,6.689557874389064,5.753967096438485,0.49177607412914637,7.209898659171689,6.1913183464826425,0.06788361276950414,7.1843640182038095,6.5494689906154235,-0.19435478610376575,7.1810519877044605,6.489100191288734,-0.15274605014700185,6.8275752310515845,6.6890795567210635,0.26816433851391863,7.30330828043725,6.179967882414377,-0.40369771665630977,6.84237682096479,5.554744949035468,0.27084522831808794,6.7403773524388635,5.627914068507169,0.37917227096847783,6.635789716946765,5.343681245833836,0.92669772412693,7.2215592490870115,5.57258960446854,0.07112388896549594,7.1425296736771005,5.693917293835484,0.27331006792188317,7.104279163309748,7.383048235647857,0.036009940385561164,6.9198940893264655,7.683601342313806,0.9717514872009496,7.262099155295569,6.616278756047126,-0.18960055065876602,7.33494253617734,6.644908268454402,-0.24555309494013783,7.199838375400792,7.350863275886448,0.009614286587475304,7.2195920434850835,7.333084619775519,-0.028744259968660462,6.697589920926805,5.554851399555053,0.46241209749111845,7.2055916711492864,6.63160550185695,-0.15580308729756248,6.9962191118687915,5.534977087548565,0.1671799422238084,6.963827638099388,5.41255047398444,0.17463961762405666,6.874238171146661,4.849555675674303,0.5027200746301305,6.667739775894956,5.4352694987093,0.6681822824800965,6.924059143322755,5.091524093721804,0.3348918930964336,6.652965153446712,5.7177426942938965,0.6109273382687959,6.633225678765031,5.691946894717969,0.8442788528822043,7.3890797220875335,7.097302396256158,-0.32510587465380825,7.3132990165353515,7.155381799741643,-0.24664374704485917,7.2602944641535405,7.218729084606316,-0.16736148471408369,7.291491563093203,6.644763495747767,-0.18825423988950843,7.2102719456603666,7.341846916877612,-0.012669785195370048,7.245101845998393,7.33905791326449,-0.09654713944436592,7.230509608773705,7.326085852947882,-0.03514494952161491,7.265067705451725,6.5294868087490885,-0.31269902224181273,7.310539819067713,7.256770242285152,-0.1519705913776137,7.36333856711166,7.223594583021474,-0.21153909348034544,7.4317230905630876,7.204995548239611,-0.270449143676466,7.447405381108325,7.627520369915994,-0.26936654189228826,7.431269611349656,7.406498575442265,-0.3256240225578874,7.422879181395979,7.325503213770688,-0.31968623475263697,7.424642002000304,7.26199980147729,-0.28368391500453255,7.433500104570023,7.206426243222832,-0.26159259351015735,7.310978395208402,7.260444914221221,-0.14568007534028063,7.298052463450281,7.294456564898706,-0.16898207190020909,7.287517410362035,7.336629422077695,-0.18955961156310902,7.280407225323899,7.386614328053949,-0.17503294120532684,7.148637804490878,7.0708891836666385,-0.08783496279524419,6.779321210523779,7.001865957097702,1.2850939141248865,7.4370761323579435,6.616225530787333,-0.3691421925325127,7.2721346006118965,7.291810914651958,-0.08133574829654587,7.2581491313488415,7.317767809347523,-0.09633165476237716,7.3568145696013705,6.6995642232300385,-0.26344995548218847,7.255747607627008,6.719912594883745,-0.12077452367736032,7.346456934045766,6.674803832374606,-0.25640676773981586,7.1315936569650855,6.310931827649206,0.1103476509296427,7.001471380505107,6.449422534288813,0.16059139799742514,7.185098526788945,6.573724806008023,-0.1084792003618215,6.717499716439822,5.072194453540525,0.7118908658216292,6.760791013744582,5.233001801940962,0.5023172481222682,6.80258703608424,5.446914830716816,0.32531161246009754,7.252439125478311,7.552847459437625,-0.1170858135790216,7.164066742799505,5.3998938620408685,0.07075035298341319,7.115149890369751,5.006668836210081,0.20772137865858487,7.072419942138268,4.703359015921949,0.3385550994244551,6.881520806026525,6.104424206685804,0.4019415935638421,6.733338134413784,6.306987481063523,0.5718240261764189,7.236133034888306,5.934686014527265,0.2568639283670496,6.744372085603818,5.911938248162117,0.5106912225997923,7.25761971743144,6.074675544482626,0.03057762344725289,7.205188578515125,6.45896830721505,-0.29013126814072066,6.67148328583369,6.471469146564963,0.6903142769438297,6.774783579708943,6.374249306368395,0.4514847298838195,6.866403412905218,6.38006505308838,0.3208457692144064,7.01847791551398,6.302729460280129,0.23154025902267245,7.133298994288834,6.2056451670785,0.18402117953523858,7.215090605846907,6.113700304962427,0.14097553898161205,7.331318250820542,5.844890743236674,-0.07111295561004692,6.695450975153281,6.758120525043264,0.6051468532834235,6.697039216905487,5.931219985609583,0.5839438170206006,7.376847847717106,6.5567069162770615,-0.4581729716749514,7.2120872818543535,6.308746043647064,0.0029199983929702107,6.67974029780282,6.344871091973373,1.359948943700512,7.273024526955626,6.01634349843066,0.1235953515604005,7.193190895287784,6.603281857275948,-0.015474853411643574,6.804009924696024,5.9959404821769,0.5136374181468352,7.209393374038727,6.384848229768393,-0.24003547620656535,6.844915311021823,7.339316233192016,1.157894325388876,7.243420637459083,5.889561639275254,0.2968455681319593,7.25124616998883,6.264288048647654,-0.3360031478121329,6.967214893632577,7.855061903879228,0.35944548164038076,7.040525947130391,8.074261975127795,0.49235693913101425,6.702256711705404,6.893012494450773,0.9566738356069538,6.889290984286087,7.716205007452249,0.5450260836673666,6.638625558788505,5.968552892498114,0.9705386609478132,7.2673542626124075,8.182367445457109,-0.1292630655265876,7.408419652485706,6.621132899740195,-0.3529571450541525,7.156211404124274,6.449532533159051,0.03705289489549146,6.677231613891271,6.186608265826079,0.7706732862802058,6.9406377472428975,6.020528423190605,0.358603125372591,7.013036874622934,6.001441845029045,0.3148480808146979,7.236344516587215,7.3752851540896005,-0.07838751799217547,6.744792919991243,7.053230461807775,0.5655477035416971,7.450044644323898,8.372395816318647,-0.18779220028012708,7.2206026137510095,8.275686228945956,0.11905845259288647,7.132583646797224,8.199125595920282,0.28730638183162127,7.349203357451055,4.935474019041614,0.1194045054903035,7.636470729602687,8.361691861739327,-0.2725038382991775,7.0886096468268605,5.966892974062722,0.2900547346525775,7.1633102344403214,5.931072374222425,0.2874433925212036,7.218108832912202,5.909173018498367,0.2989335728964242,6.661916932473666,5.940305537456148,0.7086993905357095,7.139851378604346,5.804795800199981,0.2956702435097848,7.0524945338823795,5.772386584677314,0.299274990760801,6.9697320935856935,5.7750180415214505,0.3244664618661687,6.897347159608268,5.817083738510724,0.36425198872593495,6.859973801522294,5.874447084834468,0.4047179118233809,6.634346957571325,5.976986612329755,1.2642032657826618,6.893997516591998,6.01766064619299,0.40528879708903776,7.470948687689837,6.802205943224127,-0.31069728675259467,7.218324572631894,6.946574847555208,-0.14836810620013874,7.248843226926735,6.580328286572936,-0.2193428480079601,7.357038115692498,6.833051045779028,-0.2742910094598574,7.412347676658387,5.657743987940297,-0.033677562374925356,7.0628252019730215,7.996869608709099,0.19018946598117756,7.161357931911136,8.090526195180097,0.03066002557471797,7.411484008109488,8.224384175207373,-0.2838192402275548,6.982579961629452,7.923713972969879,0.7370378051263039,7.209777305579363,5.854790641558064,0.296707869949438,7.283157906749971,6.057981974001333,-0.12025247258756303,7.601149027864178,8.21503356156704,-0.3646022996441354,7.319491598094666,8.333090026467143,-0.049117944114406495,6.763870272441106,7.208075516606266,0.8665378339449256,7.365077258931545,7.230533027888013,-0.20387891409102082,7.352297519220321,7.273377942680647,-0.22758537827098851,7.346393063734015,7.330118908299886,-0.25220778264040894,7.345977906707635,7.405430521895764,-0.24944508117650038,7.340230997990314,7.601776376259598,-0.20046061048961916,7.249518832891034,7.289314295132628,-0.08715147838363692,7.227614154640997,7.287178188039626,-0.07558913897131232,7.208488544622255,7.278953111226371,-0.06472227628694197,7.107264035878907,7.218347991746202,-0.012271880637964097,6.812127131649433,7.050207976721697,0.32257720909264526,7.2958063574870415,5.948926965037324,-0.013185651620865414,7.272733562202094,5.761530405854987,0.2101798534083966,7.235513492864322,5.791222649282784,0.27047679863436647,7.2727896261424085,7.290192866754268,-0.08416497024659915,6.859665095015497,7.442089242160258,0.3993324913288179,7.324279032795462,5.7299646332824965,0.06336889653786819,7.301670361775905,7.801838773097203,-0.17461019957942556,7.386820842061944,6.017965804349133,-0.34562543204932183,7.324069680106946,5.956351533943301,-0.18949948919673518,7.3945583754954995,5.903568398642226,-0.23152045479059136,7.239237841709531,6.28740839183135,-0.13967432553143275,7.5767668911883375,8.028042578864321,-0.38592642337298605,7.564352631594354,7.808680702825986,-0.34522340392035644,7.425082707151385,7.824504217727206,-0.2871982236682848,7.108889890148032,7.6105698988474355,0.02360271373345774,7.138473908880918,6.75219265044265,0.006646682427147922,7.201925515254785,7.7333470894560605,-0.07540278403046412,6.942177021756094,6.812784286190337,0.1041214709250837,7.064828600751609,6.9312331986726425,0.02113330840034593,6.902333301945621,7.095019387446128,0.16283651707563981,7.403815312678597,8.042389270223834,-0.304573676259094,7.210644522478914,6.397988481905944,-0.07468800205723933,7.053197816981769,7.780058287120016,0.10766355652129007,7.162635338146154,7.900590081435531,-0.02358490822076781,7.024581078636844,7.454230988424104,0.09676477531393796,6.796276649283252,7.309703117983776,0.5381756378970173,6.943199656414238,7.5397214007026845,0.21339743124880609,6.824481778952449,7.4926184651266565,0.7493509810810647,7.016737094683703,7.158646282342245,0.0574425743406647,7.250816819559838,6.180490199630474,-0.05312851733844615,7.2338138329016175,6.507178328194761,-0.32181883784936965,7.210459298574836,6.582129429364311,-0.22426115031626995,7.244655463486268,6.382289159277573,-0.3925797582645708,7.183422995610679,5.65721492885796,0.2202541531643726,7.019137908735406,5.607570664544377,0.24384283427985798,6.886253596127267,5.621508231073619,0.2829745331774576,6.791685083538493,5.68274424729986,0.3490492577714269,6.742937132599813,5.780882045810314,0.42598951996256973,6.767679072031851,6.0552951628870115,0.5625396779845286,6.659952565552261,6.587710275271079,1.0039106327113594,6.836078498556021,6.216927502814231,0.4365009765189741,6.914956204557991,6.223161245241119,0.34615406976501845,7.02197871826806,6.18357300667765,0.27295638607056255,7.127519440745509,6.116688016212107,0.23257307301175273,7.2088036381602265,6.0452788786642095,0.20551128845447109,7.261637869710701,5.982497910563727,0.19141118528813772,6.732722140740453,6.677047809327455,1.3604318742243617,7.232456943611976,6.635449784954224,-0.18485804694811223,7.273123171103775,6.159108548266664,-0.2137674576903213,7.276687134499475,6.476016003091496,-0.41850706858656866,7.348248851125445,6.5567054969368,-0.4111413579470456,7.296196676058853,6.517697058870003,-0.37582218440837684,7.270190104454147,6.68324039088677,-0.1728986082876509,7.355386713298673,6.558535736203529,-0.441253992218437,7.3850367313537015,6.613235690527261,-0.3438935486272513,7.267038459404305,5.88189081483397,0.2640986605131001,7.297922593816388,5.89176516503066,0.18068554141545204,7.311295617756765,5.896968466427967,0.09463886972906252,6.843533583277612,5.924336895013227,0.4416669315256598,6.779220437365239,5.895968541214,0.4609282659568722,7.470043148603236,6.026111398107765,-0.34115333483560506,8.162749324367754,5.6911165806652075,0.06544109450903435,7.515958096380697,6.565506116225944,-0.3758746999980387,8.618441289266247,5.116956897025948,0.5205712945119091,7.894450015465878,5.852160958889253,0.019762530644477503,7.989059688922225,5.84907034547064,-0.0016220410049890654,8.08812041343748,5.826780671174772,0.0018679177954453586,8.222384324779439,5.739519631920431,0.05707570260465178,7.810245525463883,5.83738172358516,0.056830306435519264,7.9829011715291776,5.382204979201457,-0.0037752763400415823,7.866911975719412,5.427759769387656,0.03227955379994542,8.098845658120716,5.393329768168202,-0.001781420164428931,8.18459297098656,5.44931635443865,0.01818614953154376,8.322869357246738,5.813268551888804,0.07528209575388481,7.975900275691148,7.875789239382657,-0.3370316816032382,8.19613575566021,5.643859646670847,0.09117560741602997,8.715647645730334,5.760669930821677,0.4301419329596583,8.449925858742674,5.712669262530484,0.1604215317985168,7.971833156172877,6.386186667634639,-0.18308060048594024,7.603361069661151,6.974635204517771,-0.390173000725524,7.6139685091027145,7.128558397816657,-0.3642401682828227,7.744462652711109,7.02806413963766,-0.3754556841403229,7.846829020694537,7.092791732906283,-0.3378628605664715,7.724954530491992,7.137437080820162,-0.3552427264184052,7.818020671414359,7.154784967161837,-0.3136580970688889,8.012712284703845,7.341598532331915,-0.2692199063015602,7.463387152448662,6.433643018935689,-0.5216365980866543,7.463000382227503,6.29132364194168,-0.5334460856662463,8.309660267106521,5.339091809099468,0.038123587527790666,7.753640816509713,6.061199618373317,-0.0918295906185377,7.755031060295491,6.425944517359313,-0.34707508853134306,7.764320642304594,6.363796575015296,-0.31072305664921085,8.303704005700684,6.344724899926477,-0.14020749848280747,7.462879738305307,6.140111388541555,-0.456409707526795,8.013563888860523,5.221374211686711,-0.04076711430844526,8.175433968281482,5.242118934108338,-0.012182532891311,8.437268182293906,4.839825033679053,0.4083267618548394,7.5911341629816365,5.458811031115486,-0.029334816403248906,7.777587925395517,5.521689578858921,0.0786708260703143,8.085442118364725,7.192034132974962,-0.2489995635748463,8.817542083076937,7.2874819268555076,0.42126852812774873,7.690702301640245,6.525431043952906,-0.3020792301045392,7.60756444584449,6.58675789795586,-0.301172981347807,7.976509882333304,7.214094938653723,-0.23636637074558353,7.955749192333739,7.207175654880709,-0.24548119648503489,8.234727617360365,5.143431141246696,0.04381127482714464,7.779613323948151,6.512327694662145,-0.30548145524204523,7.823031652206283,5.293675049753665,-0.0462645712027224,7.822906750263303,5.157399223591552,-0.04581010233211675,7.910694364754524,4.5395753109939205,0.20520302549150665,8.321569241567541,4.979222698745523,0.2032202071467065,7.844783751378247,4.820136655246773,0.07922073725703419,8.382427003614191,5.279275133134359,0.11910287350762157,8.495099201233693,5.198348609465446,0.3136925604246045,7.609029204993978,7.058299635550405,-0.38915582165650775,7.732565032972177,7.085695031600627,-0.37214941971078425,7.831422791830089,7.124419601615198,-0.33481897449051795,7.6730570635138635,6.564876638820132,-0.280558150737265,7.968477835795563,7.210130721304384,-0.23991434438615444,7.908368066066529,7.221763634084614,-0.289421442769814,7.944363244758946,7.205713734411744,-0.24535809089457336,7.613038841231673,6.445257480292524,-0.416796852280672,7.80898728032239,7.17543069060025,-0.297875454731751,7.720269288289998,7.165499566793116,-0.3202505777467777,7.618312399971906,7.175022630275175,-0.33083477549156504,7.680797435627942,7.577526947898173,-0.3265375676106495,7.645163479031984,7.362452898788714,-0.38956947063386116,7.632599479040452,7.284756793554136,-0.38461872309426953,7.625238780446225,7.218807148320678,-0.3493149848809406,7.616578675842934,7.174828890329531,-0.32285919208358715,7.808547284841439,7.174244831812075,-0.29177668269282003,7.821607344254238,7.19636028209089,-0.31605760266628896,7.837105830235659,7.233730801496342,-0.34213536305596676,7.853872496740401,7.275559468662006,-0.3392941986882475,7.9221775371372045,6.917026312328851,-0.29858106643625737,8.891476936619519,6.508071093219012,0.6720003521369223,7.880580932104236,7.190330214991475,-0.2655053819522221,7.890334638378729,7.206341082807164,-0.2818209200258401,7.5837848191095,6.654613717160016,-0.31855448831191757,7.758035803628306,6.623510294677589,-0.23969357044397382,7.594520708844696,6.62494240900107,-0.3100614666699911,7.869357498989341,6.132383080819696,-0.10292562131210178,8.03544443832612,6.201507080547172,-0.12890837461305008,7.798611903013522,6.443591174825956,-0.27074024149314735,8.206813452444699,4.639287867524099,0.28892658091689405,8.111106628966498,4.846582157827233,0.1286258926352976,8.04363687031337,5.093396913196367,-0.006340714803512056,7.9221406342904155,7.426949139594773,-0.3090086488541055,7.597572290406127,5.26572469166134,-0.0398207636450382,7.602953719006206,4.861820904540867,0.07445610625348124,7.631977808006076,4.531819680972035,0.1893096524368089,8.174486558657177,5.792651215255613,0.025502198508746455,8.44913102819644,5.901916641413335,0.08925437513224793,7.75298508130907,5.816747354868836,0.08619761519658208,8.303834585004708,5.530741421374285,0.07199600148008838,7.666469905361954,5.9742699950699505,-0.09688509766685618,7.665164821991844,6.3546460883517835,-0.41371071865475817,8.598916844634129,6.004277686870784,0.1393488863335895,8.366797938328746,5.992824320633587,-0.0011110967898389872,8.217647986328044,6.049099032977044,-0.0623487457251802,8.01714701334975,6.055625159497724,-0.06022231897630261,7.873503391892105,6.024327287399522,-0.037056842435592735,7.761231448226242,5.975629013369984,-0.024380182310832835,7.500572447950035,5.800432038567134,-0.12542821882433133,8.60625909180496,6.31673409063671,0.05931302085572812,8.390126214860697,5.5137842084394855,0.10305526917407948,7.451615853992971,6.536159836986797,-0.4851324084930906,7.747532685695935,6.185954659635828,-0.15282741826290952,8.8312607163709,5.800410038793086,0.7304552154758599,7.673986021714774,5.911774314361955,-0.004605959781650541,7.822343981849764,6.470980183845003,-0.17777757934669333,8.257426416486505,5.646503167907204,0.09786437591546192,7.676115032106471,6.280979490118556,-0.36587178862175923,8.878762486560305,6.887149909502171,0.5702233651969283,7.746917401692735,5.775416166464698,0.11840544518680826,7.564434953329499,6.193331680643057,-0.42721135015548783,8.499326706201472,7.577430432760416,-0.05139582444888298,8.56387049490628,7.8185280855577135,0.07417585862778049,8.785653765430105,6.408261666716011,0.358418345012345,8.641135120701474,7.3729773068250015,0.0625168488373579,8.612316836039467,5.457746880754703,0.4018057804426051,8.028495348407622,8.063906468582584,-0.3263349789655646,7.468963740334646,6.60382262591544,-0.36945129822875716,7.846724699185344,6.292547822916905,-0.15495850222201893,8.558898545971536,5.737555264999026,0.22965067359127533,8.063360022582048,5.747860384964968,0.026449663576030423,7.982643561271782,5.7680426938081215,0.021335284400513414,7.925903305322674,7.2450230726139,-0.2852817816578841,8.627275972721659,6.633866510892932,0.03766214670258199,7.854691456071073,8.316206974060988,-0.29470105588334805,8.218665653295275,8.132690536317519,-0.15094318862327902,8.380547087438323,8.008883614349443,-0.05355802855207727,7.90105278636066,5.774952751869439,0.04044513475248851,7.830115579449588,5.776285867209706,0.07355612809766833,7.778454432624938,5.779093677081288,0.10736025016064384,8.48466846965464,5.489338911122025,0.18659540813650302,7.8189922098231035,5.623795497904432,0.07685898832829938,7.891885267614014,5.545177886005314,0.04557571713860378,7.974740674697804,5.516617921270834,0.027699960966490612,8.06336499027296,5.529027568008969,0.026954408139948333,8.126174345178667,5.568514323743766,0.0425258044108383,8.741789764329978,5.419022310740132,0.650863581322541,8.121164074056873,5.721930457734364,0.04499394287188109,7.807840453391396,6.83118390366551,-0.30807756164280353,7.680625695456345,6.484986943211975,-0.327106833941321,7.597659579832187,6.784814767004487,-0.33993086150413115,8.34877160734225,7.774363893992358,-0.14328046994551846,8.199065983629316,7.92838289275887,-0.23289745879299592,7.823102619219339,8.163552670955553,-0.3902684070037019,8.705827940133698,7.6009765780224505,0.24385494302646077,7.769707748265717,5.71627935448467,0.10102305113503447,7.570530310080927,5.989045327188325,-0.2067534551320682,8.042461656577153,8.232017387131735,-0.24896361434729483,8.786031309939565,6.761576618579118,0.2911019194618017,7.718964204919888,7.164296675921808,-0.3132853428328094,7.730267121089406,7.202069578291289,-0.34091657113829515,7.744164591256271,7.254567426199877,-0.37189979324235783,7.757150844975491,7.318651348660077,-0.37536054398844393,7.813160140690115,7.510379379484321,-0.33787357215000474,7.897028956720353,7.1845875642949375,-0.2792035456983564,7.9099662432005635,7.1695177190723784,-0.28601203222223603,7.925804661174525,7.157211329338241,-0.2894805449853752,8.021131811132875,7.041220714188214,-0.2752566709128329,8.44528106773812,6.688777237245442,-0.11987685749376963,7.580395434565919,5.875749329524057,-0.10147853738430387,7.650820969312853,5.663001579102591,0.09595662736416063,7.716742937411218,5.669991475053597,0.10608660295959867,7.879981260843907,7.191660136816155,-0.2683825620790675,8.524309933477902,7.098879283286275,-0.0537017367535168,7.540350168438366,5.668633876093825,-0.004541901656808446,7.902919218804048,7.69632998577563,-0.3295610063159662,7.485061187906264,5.916656135190117,-0.23542213245967447,7.658930369894826,6.189378818015807,-0.2552302455492961,7.732720450730771,7.775291432853007,-0.36265545270407823,8.139209566136895,7.418609096220367,-0.24894063877681777,7.916016890733765,6.586804736184477,-0.19530671987515313,8.033776713519291,7.582362640167847,-0.290811686555592,8.154102703496942,6.540692500110719,-0.21258228639508522,8.026066857220828,6.724994542688725,-0.23140123020865636,8.286227669065378,6.79384035172502,-0.2011716556060627,7.784929462896218,7.980481906054079,-0.40450044228274573,7.7453220632392235,6.279420344841704,-0.2191419670066269,8.2647608572859,7.558096179723288,-0.20644938365831242,8.126228989778719,7.734415852672692,-0.2658703298168655,8.206191071740193,7.218228767164267,-0.23151590846631742,8.631562380310275,6.913282092719987,0.03191589775671162,8.374564568237655,7.25817255046315,-0.16713964626670721,8.750307934907156,7.086428120845501,0.20180073382242592,8.133726654708145,6.925923446755751,-0.2421998592188324,7.657173226651545,6.083872869374757,-0.17667519550762606,7.634887455541395,6.411845500875367,-0.43437196612727746,7.723812671251912,6.472246945028063,-0.35353772175252984,7.561469951523996,6.30881559131986,-0.4817029275871325,7.704080293271537,5.516235054235394,0.06316111842995353,7.849200738270888,5.375796657922449,0.015612837125506467,7.991923207899057,5.320807867855577,-0.017544604961363546,8.124400169852253,5.3326991005633335,-0.017058788630459315,8.23229841650344,5.401216332329177,0.015249696701976914,8.338242941285179,5.679118897437866,0.11777579036346397,8.764839140500616,6.079157111357148,0.3930879264324389,8.260731350284548,5.875325656456109,0.030820793580780548,8.146228203728187,5.921601116659897,-0.006916373709656518,8.008921936536494,5.943333345068206,-0.01720460089295001,7.882224528126625,5.934373049999685,0.003931345553638107,7.784787528870105,5.9053042517815895,0.033500039500623954,7.710185585404792,5.873844574893618,0.05097561656711974,8.871207338350304,6.154571627121958,0.734075863773239,7.735905450276749,6.530198607890046,-0.31201946873741304,7.560806409951917,6.088881721156288,-0.30320949067342273,7.5383765758052625,6.412932005845263,-0.4903558024259689,7.503483514825615,6.517181838355213,-0.4521545697783071,7.5514813444362865,6.4557967914015535,-0.44936813871940773,7.7192381375902865,6.594798460535167,-0.2784645351433303,7.481598707339235,6.524909436406941,-0.4752764210110298,7.49648687700837,6.590306958278818,-0.3725326415812896,7.708644891551335,5.779254417365862,0.11562679832215356,7.650939484224657,5.8042898053968885,0.07147742666507127,7.6050280847978495,5.818566239413475,0.0039156492997786205,8.16417576133019,5.605842262941384,0.06274867810954125,8.246863686263167,5.537916186394303,0.056210570361109206,6.951500667931464,5.871430986779565,0.3456501817951253,7.035540514463168,5.848170483745083,0.34612541683349685,6.942650371733181,5.750877902360132,0.34621128691929526,6.873578177925236,5.895363547427692,0.3461423823850557,6.963887250390355,6.000675401288033,0.3461038384260893,7.935308563563059,5.631341775237801,0.07083448215967257,8.031509317452134,5.611498688717058,0.07044532789041948,7.9283956668212205,5.504376111518578,0.07044087027491186,7.845461486352938,5.649150947164344,0.07032044258033363,7.941983720811159,5.762801779893895,0.07033995296462628
7.573193203350928,7.04893104729716,-0.3802334509024342,7.478263982270109,6.453852050118305,-0.527224885447235,7.5416475390157,6.682708685282541,-0.3203833592360785,7.405096487018684,6.073594900231729,-0.30234660587845164,7.46351644299538,6.305229840363965,-0.5385423531430921,7.466082348045355,6.1496982185111655,-0.47203966261808816,7.489553964489996,5.798422253412648,-0.13600830294054667,6.925674234464623,6.01574300712304,0.41868826005434484,7.479705165606511,5.529033584227052,-0.016170571115933806,7.463587718135658,5.3450831384429796,0.0007639837160647124,7.424797648542668,4.616631604147765,0.2420469462647983,7.578722728733623,7.108953981178687,-0.3781852706526473,7.590015561959121,7.168550689721358,-0.3538488640216317,7.600729641045571,7.214656439712385,-0.3162468173761735,7.601821576194615,7.212335721144964,-0.3073231252665219,7.602006891559335,7.258266847042313,-0.3317646404559648,7.606473704600499,7.318867109560085,-0.36462334878946545,7.613656100486219,7.392599103922503,-0.3689462305942323,7.638124856143337,7.62006159734292,-0.30493491805065065,7.500702821932135,6.557612261079453,-0.48848987590011017,7.452334798988714,6.606745066278047,-0.3468973773169279,6.655233544208537,5.662088590593477,1.0751219671108043,7.181430107569424,6.048682813202087,0.2448820931571694,7.091036836415838,6.091264720257817,0.27017641540002746,7.0076427840374595,6.115200337865661,0.3166543998111517,6.901831274539138,6.082587684680487,0.43185709951889867,7.258137126287008,5.995955602679321,0.23470179805095173,6.984298037342511,5.663764625517093,0.2775195144535911,7.102255543495448,5.653532010003215,0.2530367042297501,6.8924044244860925,5.722133619768491,0.3250193170945124,6.845801886767334,5.805875851207123,0.37307482082130017,6.851195989383503,6.190775507355646,0.4810793550185407,7.338548314044791,8.009496847042975,-0.17274692921873286,6.895829194976406,5.984515942664851,0.4629108762922892,6.680710843100575,6.285044720637499,0.9999103899301588,6.763060001922491,6.137630624510855,0.6214859466349193,7.130794822413789,6.5997814850729775,0.04227838910974049,7.462947667375969,7.035885558372248,-0.3368764266961921,7.4966779147606895,7.187842019188749,-0.3157056386001385,7.3683455991890225,7.1250094192775,-0.2580344725190155,7.312519345567009,7.22108617011678,-0.17496346357720235,7.4212802203699955,7.223114660609065,-0.25361995761202993,7.364374148372784,7.270194029016277,-0.17680683916609935,7.251524218772102,7.514036262423766,-0.056094108940197215,7.410627437904185,6.473648007578858,-0.5025811938677,7.384733179441525,6.332726363980052,-0.5088565690464317,6.738388112115584,5.754558819334737,0.4633233366196801,7.286341412046047,6.200699145136422,0.053870987199622446,7.2648847438170385,6.554650066249538,-0.21282596517666988,7.261482781371614,6.494988497329215,-0.17108854602907686,6.885763719666478,6.694109856721261,0.2397040210364844,7.391905596807607,6.187728495108801,-0.4192003273902729,6.902684437968254,5.550268586769799,0.24852968755477373,6.7944246274014155,5.62455688360208,0.3535523371645978,6.683504828599436,5.344567819178777,0.9006878216808252,7.2985109294969535,5.5827230091435585,0.061681717993847654,7.214347105603583,5.6992150984124,0.2589447897012417,7.172181445367072,7.40139873274111,0.01146867400809554,6.943480902760043,7.69762961975505,0.9517868407178878,7.342672293661222,6.622144060334907,-0.20437598546808472,7.417070710585231,6.652458090246148,-0.25536314708187496,7.270453470526886,7.380118826859989,-0.01310993028269631,7.290166036073314,7.361999260698752,-0.05029294174749161,6.748713741687523,5.551269289739289,0.4362328140213959,7.285143989689392,6.638392654063871,-0.17288901175617893,7.065359967131024,5.535413422033252,0.1503629491412382,7.0332376869109545,5.4113611786352225,0.15673170589047364,6.944705409670003,4.851285046470735,0.4829371415498625,6.71775324625397,5.432055202863267,0.6417973570005634,6.994453319329188,5.089133753332326,0.31607869713904496,6.699056351456489,5.717490044379439,0.5803565378441116,6.676851294254572,5.691535914798948,0.8166569259240712,7.475524165877858,7.118449255366398,-0.33651212163545097,7.394848547349647,7.1790452413757535,-0.26241366168460123,7.337456378895746,7.244401694004214,-0.18622999182124256,7.372511631138217,6.65189786764357,-0.20041625050302952,7.28086534301856,7.370870164657636,-0.03444625628413599,7.319196400708164,7.364233023595036,-0.11700373340862319,7.301140269421775,7.354523923986493,-0.056064307022168865,7.346936685304,6.5327158545806725,-0.3297088649490421,7.387112343623975,7.282799037574277,-0.16786244385554538,7.4444332369375985,7.247944068475984,-0.2240708881438136,7.5170276800611955,7.227348403941523,-0.2788528941403243,7.528142325436002,7.638981583329468,-0.2769051895648468,7.516747568759906,7.4058840773187455,-0.3350750588930959,7.509165319337232,7.331460001344237,-0.328999989132024,7.5104810584267465,7.2760742280891355,-0.2920825179354457,7.518150263520559,7.2265387183479755,-0.2699133655854424,7.387081695313655,7.286691372984807,-0.16190838591857512,7.3755279950747425,7.31733540679553,-0.1854035342962486,7.365837427002672,7.355754845659078,-0.20740228337728636,7.359170350381155,7.40212431366913,-0.19398607462900844,7.2228053265002625,7.08528279434127,-0.10931163117599663,6.799664062963182,7.014729671235209,1.265973004694726,7.523157342125023,6.624826143863534,-0.3772630148844247,7.344954523652894,7.319975437991393,-0.10082253923418442,7.332033766223467,7.344268144052026,-0.11605470491583403,7.438905137057709,6.707974297007956,-0.27368633740949033,7.334693754458607,6.7293611155994935,-0.1339628177820015,7.428466180012729,6.68275216311811,-0.2661519314247268,7.203849702943576,6.3193793812117685,0.0935141756747652,7.068281535130981,6.4557828936684105,0.13951381480070493,7.264142056855351,6.580810893736833,-0.12592471929029242,6.774908068490748,5.072249741727792,0.6876916425597811,6.81872018446766,5.2293725810872775,0.47864856090635394,6.861731880619259,5.441424320052687,0.30184930586064973,7.325547015706851,7.567558190760622,-0.13652329923927048,7.241532869608062,5.407767486062453,0.059583828902087826,7.195665891336963,5.011256040435692,0.19568449440136698,7.15389081886917,4.709806031274963,0.3271369015121441,6.941929242956211,6.118430527223018,0.377043665640222,6.782941489551376,6.316876198285238,0.5432218333840576,7.308945610033517,5.945349183955498,0.24536593999224401,6.795890757036915,5.919645586493081,0.4833189535669342,7.336537642337575,6.085524220459901,0.01835410313552538,7.287994995300475,6.462947470769062,-0.3086143189796036,6.716483836005636,6.476846835874492,0.6586368661893863,6.829250373692194,6.383675972504309,0.4225536445524583,6.92692653867929,6.388668083329315,0.29419613767339947,7.085452429175129,6.312118582671744,0.2107583179041948,7.204553188578111,6.2160133217763525,0.16741638398155828,7.290027049549774,6.123710589614744,0.12801675602483106,7.414359404249092,5.858800137492755,-0.07968441519851092,6.7401821073963575,6.764151224320133,0.5736186760989069,6.7446182721272026,5.936386335065657,0.5550931534668301,7.4637316939190175,6.563241571658535,-0.47143030471568187,7.290369170223104,6.317623161755342,-0.01236002114468587,6.706417647944305,6.355909316106572,1.338711067225981,7.350372859816757,6.027213315447829,0.11362259666824844,7.270332302788415,6.61210424407548,-0.031126449574621507,6.859058350107467,6.009724534278045,0.488187179288746,7.291813204565117,6.390281039753785,-0.25791613351267423,6.864294934663622,7.3526422602831785,1.1387012632103815,7.31649436014026,5.89973202505107,0.28525496088089863,7.336824881152892,6.270699173153933,-0.35335702100675725,7.014880774532596,7.871715586124776,0.3354556681421755,7.080747557165441,8.094228733804353,0.47311279894888475,6.7349405335803825,6.900300997277389,0.9298413141205037,6.929805341595082,7.729781835534036,0.5196090030677423,6.678236170230155,5.972071659548177,0.9434571823554828,7.335045140900173,8.199783652797677,-0.1437612451874441,7.493352216715361,6.628826104735883,-0.3621585430712777,7.230701899291559,6.457994561271208,0.019828618736747898,6.718835202883376,6.19443976231729,0.7408208448737107,7.004492422837213,6.033605270027877,0.33526705630221726,7.078765395514335,6.013651081755909,0.29365192970390275,7.310589214768306,7.398724489477915,-0.09958435640668373,6.787592905205858,7.060340059001311,0.5352146950314064,7.520673403486367,8.393391880089291,-0.1939685676726779,7.276608791641213,8.298076347748172,0.10427218920315053,7.181387342485258,8.221728555737585,0.26988592465643574,7.43750600605407,4.94732722886698,0.11705436103170125,7.7135817089004615,8.383940796488552,-0.27100478844441633,7.1565885829286575,5.977733043940384,0.27213672676594153,7.233688327669168,5.940663912609385,0.2725534413282677,7.290324979636132,5.919093916907336,0.28652584117900143,6.705079813561304,5.944074784447344,0.6796412936533369,7.209933748917627,5.808933198349307,0.27966289156261054,7.120353014363199,5.772354083607713,0.28061710977655113,7.035116499608659,5.773922849445212,0.3029593270765397,6.959842823962046,5.818828326073973,0.34045332506403414,6.921154677819654,5.880511257972553,0.3797619213025387,6.668141472112714,5.983478176622417,1.2406507292327904,6.956549912481246,6.031323040036205,0.3809447322554367,7.555638849052088,6.814173543269385,-0.3170076572251499,7.295778953370133,6.959758006545117,-0.16606337022102682,7.329675984583101,6.584879278743848,-0.2342592907972378,7.439734066939131,6.844720642889332,-0.28574241601994976,7.495001523461373,5.672759191844357,-0.03712259047039207,7.116745779513777,8.015081967035085,0.16946940871353589,7.221531639743511,8.109290596447703,0.013160763935476728,7.486506952243151,8.241409760222291,-0.2933668068693131,7.014397529081517,7.940502511254772,0.7171890820982593,7.282144731786533,5.862772657436098,0.2833617595142517,7.366493871044624,6.068823742341582,-0.1328715174271749,7.682586288648173,8.234174620732766,-0.3664434485903657,7.382863632512058,8.354528397101818,-0.06097214613053777,6.794962754710507,7.217205238728694,0.8401273841476832,7.445538714363296,7.253682430019691,-0.21659960520515795,7.434076246303937,7.291416914785177,-0.24063184517504113,7.429076295213501,7.34194386172759,-0.26719435262476027,7.4290406576433625,7.410750743896864,-0.2653074769268129,7.416861161672817,7.614338916330074,-0.2157876477165141,7.322440132342174,7.316919159976312,-0.10714809656636756,7.300893657436416,7.314733864175417,-0.09703366414446216,7.2821361787697,7.306813770587829,-0.08716966360996463,7.178204194720484,7.23470756217513,-0.036720387081156707,6.863845901279877,7.056664400017222,0.2934051618041747,7.3767624805043415,5.961469126056262,-0.023321519630191894,7.347899612449142,5.772673039860453,0.20194597092774477,7.3091829562506385,5.800677398851015,0.2593988791652506,7.345482672442347,7.317121581374699,-0.10331813804031996,6.908134847945242,7.45229773591577,0.37183960036681724,7.403331714545424,5.74286256881527,0.05593131763347846,7.374898635586096,7.816053265325399,-0.18959900065102955,7.47516707742507,6.0300365237542035,-0.3558139864595145,7.409238285420185,5.969201766024921,-0.2003942665769503,7.481229028105635,5.918410388312079,-0.23948255581155475,7.320814346392454,6.295450178366548,-0.15417221560312414,7.660431836795851,8.043991163931464,-0.38853642563419793,7.649166088123658,7.823214991420439,-0.34753747262357865,7.504709197567109,7.837640367061115,-0.2955850228756235,7.174041726528303,7.626131388288915,0.0010828092861133137,7.211826103891983,6.7611911677444265,-0.011725425995832676,7.270440641001636,7.748597047064377,-0.0946909950611836,7.005999892054073,6.818770077065853,0.07888613362740775,7.134283027778949,6.940459549563697,-0.0017063482616564885,6.961689562846625,7.102433018594739,0.1349228939215336,7.481765017160519,8.056408718870536,-0.3146757128231349,7.289951497901081,6.405821158588394,-0.0904797813550977,7.112834912566774,7.795315050510384,0.08514507097691316,7.227624238734395,7.916592552697427,-0.041872499459343925,7.0876598202695105,7.469215603211935,0.07086406090552037,6.838476227849657,7.318568466722323,0.5094080604443256,6.999126830277156,7.552263971159969,0.18688493240320414,6.857870906270451,7.503375639692526,0.7232832847797993,7.082596434304228,7.170024659622288,0.03200416673272643,7.331664560996832,6.190059192195861,-0.06710345643198455,7.316177898517431,6.510508659124547,-0.3398865763314248,7.290782566036711,6.587025373217591,-0.24118255700108818,7.330840620375229,6.386540520392044,-0.409998083123026,7.2573915883197095,5.665503382564151,0.2081769105112101,7.088311275051643,5.6085538327313715,0.22679562538919926,6.949078139526001,5.620079022914173,0.2610655146797418,6.849623659788991,5.682823954402882,0.32359417066467244,6.7965721473779634,5.784288036720004,0.3988828140907425,6.818653898587201,6.066524406316243,0.53641376562568,6.694844703417518,6.594165716770547,0.976120440890255,6.893500636143554,6.228597660543672,0.4104748247175542,6.976686565112323,6.23391692426255,0.32243354409918573,7.088110991907464,6.1947091823475375,0.2525962461363192,7.1970650223406025,6.127760443085287,0.2152614367199373,7.281433405886568,6.055757583625989,0.1930982536629322,7.336205500183884,5.993348358047986,0.18100429899745993,6.754910402383211,6.689675117493222,1.3406791520368817,7.312420985873426,6.641876582920614,-0.20045023983554913,7.357496097336047,6.168230467734606,-0.22858543325548178,7.362784712744605,6.479684299208923,-0.43518533674109905,7.432949386336157,6.561503883738581,-0.42452533766733536,7.37974890888195,6.520931935638665,-0.39156005072563915,7.350325105472771,6.691231766556873,-0.1860717053261241,7.440998487927646,6.564183829012999,-0.454718244387067,7.46905737240052,6.620180430220275,-0.3541046972282637,7.34107430501621,5.8928147726871805,0.2545176234568569,7.373625661580747,5.903592999399879,0.17296132261333816,7.389590580251408,5.908842413481286,0.08677143603714785,6.904268171585211,5.9338781628793065,0.41665749766696314,6.833675847151997,5.905305028269335,0.434511073914078,7.559403601961524,6.0399473320097306,-0.34658496946770095,8.249878672390013,5.730042309333634,0.09777621746526119,7.602686856397579,6.575037607374391,-0.38068012329715806,8.696023274700114,5.176386285429603,0.5818776829785123,7.977384545342543,5.879279623548565,0.03769075078488115,8.074005838253541,5.880288166783486,0.02081931256056231,8.173803864166686,5.861455849219479,0.029120388478042082,8.309089069672382,5.782083853006935,0.0916378631753417,7.890977692784654,5.861182509056516,0.07185916209445425,8.07721607057162,5.408398271053905,0.019168303285321285,7.958194426574345,5.450733566124275,0.0501729823453831,8.194250563657969,5.425062398850684,0.02607616320054965,8.27921195637104,5.486527228820016,0.049359215136380676,8.408248470328644,5.858555307385903,0.11345422028608453,8.057906922319159,7.90352781948464,-0.32399242051097055,8.284090739723005,5.68452386649849,0.1259701460554784,8.788901909995161,5.821585604875591,0.4920420507036686,8.535259344799574,5.762306427082855,0.20605625235315395,8.059845606134695,6.412434778854704,-0.1659353533870448,7.69466599942233,6.992929456830065,-0.39127450469490416,7.704763548545382,7.149350592433521,-0.3644724905003728,7.835130769371959,7.046884738019806,-0.37019575062373333,7.9360079009089,7.115315287448416,-0.3283455719768738,7.81447665922247,7.159011937698078,-0.35082354614560884,7.905703136765896,7.178974678986879,-0.30593718016383425,8.095865211025114,7.373728297782747,-0.2540227512485207,7.5550900304719555,6.441855018506869,-0.5313273488806951,7.555519819567826,6.29962048682416,-0.5434071487487779,8.405699671312336,5.379885720313168,0.07754819344537082,7.837177791400717,6.082865657727567,-0.08153293596159669,7.838926883343116,6.439234944350284,-0.3414188582064937,7.84762031220271,6.378737318034511,-0.3041522724634458,8.393902210093676,6.38388979792514,-0.10753376189571051,7.553725111535649,6.150766632863919,-0.46416594241864306,8.116008991170219,5.2470074762946295,-0.01618979452241986,8.275682411424519,5.275151178184433,0.020771519237984336,8.524126880639699,4.891193423014671,0.4600431655702041,7.684475079865515,5.479147044420027,-0.023708728790209986,7.865057775271495,5.5432112787552645,0.09356269845385694,8.169085449880344,7.227024102053262,-0.22849965807885458,8.886602308529952,7.355901672448049,0.48558421116582745,7.7733601690508385,6.537068627397393,-0.29911668380287093,7.691279004756364,6.5979889152950095,-0.3022523445054352,8.059477113659463,7.245634753931007,-0.2201132914329667,8.038364704357992,7.237936326029681,-0.23244446981141428,8.3355649332797,5.1789240367991685,0.07997059602346401,7.861674344362543,6.526460748269957,-0.29883859938838364,7.923425700395789,5.315443014983059,-0.030958613324380012,7.9267186118765895,5.178867016686946,-0.030210953807984567,8.008072769740238,4.571841236870551,0.230030313989786,8.414536363203887,5.021707827005921,0.24623919410152612,7.944343528564303,4.844595874555732,0.09896096621103542,8.477479439582567,5.323059832848768,0.16332935607066448,8.580913923152648,5.2490719607327545,0.3653816494615694,7.70049274213998,7.077412593351877,-0.3900659901445438,7.823203587397995,7.105895564909399,-0.3674358435513172,7.920233286862779,7.147581543451845,-0.32653966038358495,7.755361770628073,6.576533672568806,-0.2780342768807609,8.051271206759363,7.241192174437538,-0.2255910755185168,7.992945333967834,7.251839254892126,-0.27925363861653213,8.027021265782897,7.236356156169739,-0.2327408407540789,7.700395095197801,6.454699511536199,-0.4173877114791017,7.895657618495246,7.200180458722112,-0.2899803244934176,7.808582205121557,7.188301743843536,-0.3149898802773874,7.707769221210866,7.196789900299133,-0.32928983394465694,7.7644058731778305,7.594170902637274,-0.32505776112329937,7.7304960124396125,7.365017050138083,-0.38869514646220243,7.719976514486119,7.293302854996908,-0.3833455017147817,7.713365032474019,7.234757454773324,-0.3470140235386876,7.7047528572743404,7.195955981157891,-0.32112883038293266,7.894763115484769,7.20237929679966,-0.28432985410706496,7.90762827830478,7.223178095483911,-0.30877542307011113,7.9225490161703815,7.258720869685877,-0.3354983664058977,7.938176090676128,7.298944282349838,-0.3319058988746014,8.007798360450172,6.941976284548794,-0.28641494151542657,8.953923816775852,6.5758572714875765,0.7451184685506418,7.965289866788928,7.2206820400714085,-0.25552739173325095,7.975388128663383,7.2364566541175295,-0.27198664804869566,7.669132393169473,6.664511429218403,-0.3200991496142237,7.83960684818136,6.637801783150974,-0.23386291192337197,7.679147263129804,6.63548035183215,-0.3113621538251353,7.954701231949366,6.156741627873346,-0.08758624453140276,8.124675335476509,6.231284733332117,-0.10672459972897443,7.880734029624033,6.459731536439761,-0.26250219877291414,8.300409183089439,4.681696185076791,0.3278980977368219,8.208704449354755,4.880428738578625,0.16084238823854688,8.147773470186097,5.1200080058461435,0.020135435942159344,8.005887473939344,7.455324078371935,-0.2982105985820987,7.696817795907295,5.286094763222573,-0.034393546090552965,7.699194109084132,4.880707424377109,0.08277701569328125,7.727715569217404,4.55499143733335,0.2004563650429167,8.260169377143216,5.831804678112816,0.05720571714163244,8.532623590112129,5.951653113737303,0.13254001006770186,7.832070927599865,5.838844880093683,0.10002542702085143,8.395969901913114,5.574081611136367,0.11042747690725614,7.750117345806486,5.994639863589806,-0.08985142974148166,7.7529020655371115,6.366220690650455,-0.41281349571093284,8.679930060776954,6.056569407473745,0.19046702049219755,8.451708487112587,6.038470511103189,0.0373674623400213,8.303683563033768,6.088199889225903,-0.03193922561370446,8.101298514968436,6.087584072013909,-0.03748995256644668,7.954709072214797,6.051174592106174,-0.0205920854644294,7.840311759318699,5.998792353262348,-0.012388894536961001,7.586265064077742,5.818605234884905,-0.12592989787470318,8.6894859188339,6.36879942522568,0.10909773893472141,8.480863583242922,5.559582465725504,0.1462895526009224,7.541184250603899,6.544546102363861,-0.49417362286757965,7.830946918637696,6.205507366099513,-0.1439465939623865,8.895827449936013,5.868675308178143,0.803621860988425,7.752821524628598,5.932674325760027,0.004609248126056723,7.903905577728108,6.489108298256357,-0.16762618903900822,8.346920488628644,5.690847396943871,0.13477048762548802,7.762308245799476,6.294140854039658,-0.36399467977874034,8.944087134666214,6.955440158547132,0.6400904510318156,7.825356809385765,5.797289691433646,0.1333530812304125,7.653647156192877,6.205208010510349,-0.4303659344903771,8.581278851870866,7.629995213643335,-0.011909378501913771,8.640182053298641,7.876246546792189,0.11920351810912756,8.857810715615031,6.469804139263716,0.42100933499746757,8.721030157666323,7.431878833729195,0.11125429080795148,8.69164413008149,5.514743631352903,0.45991736494761504,8.110543613413775,8.095448964205897,-0.31044727057923516,7.555587530951089,6.612911791414819,-0.37609895820281214,7.931397112084376,6.314766454133037,-0.1424179760749974,8.641103640862424,5.791354610502774,0.2816322459619473,8.150452702709114,5.781309448607826,0.05297784843987711,8.06932876354856,5.7980238253784995,0.044019072812935184,8.009596632239361,7.275018643261632,-0.27383666113503097,8.71090694949277,6.687455609624994,0.0866340866144858,7.933609492438577,8.342994653902183,-0.2840809256796473,8.29714478166475,8.174281407606543,-0.1234341431541983,8.45904056079289,8.057857029720966,-0.01821221688313359,7.985984603768375,5.80194431446944,0.059623230690572245,7.91226900268822,5.800224801710256,0.09043409844487636,7.8580471524738424,5.801941107088127,0.12334893595134519,8.573053700682893,5.538629356362553,0.23555035086943155,7.9018542791909345,5.644731668433206,0.09371875760084172,7.977295451417198,5.566883891095487,0.06509645428081866,8.062780716411305,5.54029042350671,0.050770401661792953,8.152832579642965,5.557857250955098,0.05399826344035002,8.215886132489073,5.6020649439605466,0.07215890746954133,8.811564553597657,5.484312353835906,0.7196213462602142,8.208307446823412,5.758409815163907,0.07500114289734779,7.8933703992437545,6.850252306526235,-0.3001689721551365,7.76474015358573,6.496099676766135,-0.325045889357747,7.6845007389160145,6.797120965958097,-0.3408696832506589,8.430055812247815,7.818743189119456,-0.11279737532146866,8.281549780972128,7.96742313173742,-0.20961109997447272,7.904907706200404,8.18736681061001,-0.38334060154888766,8.778459389193168,7.665001286039014,0.2992446004061869,7.849669472485676,5.737504103769241,0.11685273034190183,7.657079766948621,6.0063354013578705,-0.2061715398925521,8.121692470855914,8.265934110488825,-0.22936248819887117,8.860872695641334,6.8250173431111385,0.3513404691004683,7.806532332087189,7.188765032255337,-0.3080863706514826,7.8176241694171065,7.2231909250091615,-0.3354493201999945,7.830363175238826,7.271353675548585,-0.3674271346201146,7.841556223267937,7.331149954484031,-0.37086342050027876,7.896894954930456,7.533507205244656,-0.33124609153696777,7.982445793053619,7.211821827383567,-0.26835736245275,7.995859774453763,7.196891823749729,-0.27374315706038,8.011944435360089,7.1842526031243965,-0.27597921412524096,8.106376155961774,7.071748357954058,-0.2579424162206514,8.53345750925337,6.73449506395365,-0.08218204645981841,7.665237919504734,5.895237414705198,-0.0983617761528593,7.733063342992392,5.682600863213815,0.10510283414263574,7.798330701695506,5.690962506295419,0.11966173930392443,7.964723229423726,7.218877353519593,-0.25795088014355927,8.608202323359126,7.149987079436196,-0.012194978824259534,7.623480665822011,5.687390909016135,-0.0015675291372493753,7.985559091180921,7.7219237513184895,-0.32019646245418326,7.57255600359685,5.933253436274779,-0.23930347702160862,7.744426025855362,6.2053277527460144,-0.2520102976627977,7.8161159874488435,7.793533172003457,-0.35924176386980805,8.22246340243384,7.453885746041143,-0.2286324525745833,7.999315193254395,6.609460649122603,-0.18169156953758156,8.116740274109462,7.613211343610891,-0.27642036269659337,8.244740447527438,6.57394424672254,-0.18927759431534263,8.111839395464012,6.75277998844033,-0.21439522103075756,8.374617295388909,6.832454903999051,-0.1730190888871846,7.867409142149236,8.000687239704728,-0.3990880864947405,7.828266973363278,6.296681812790536,-0.21229113434281582,8.347572656162178,7.597689043561351,-0.18018103771703778,8.209583984585775,7.769470684645919,-0.24633285409054645,8.291302358416239,7.256348120266054,-0.20593657693793246,8.714044481167766,6.968547656844085,0.07985975761196284,8.460048391276406,7.303079665988713,-0.13504618877747226,8.827446080354195,7.149955718374474,0.2585446243355486,8.21942494320383,6.959073765198457,-0.2205185796993672,7.741612083317224,6.102038670462099,-0.17161485725631967,7.722851040893493,6.42219377106144,-0.4347488210538647,7.807993472462869,6.484511051708486,-0.3500745335152222,7.652164633275114,6.318295999079557,-0.48549926010800976,7.792605169677049,5.536460453843922,0.07491871987966175,7.944146096425736,5.3977540416049274,0.033070907790194275,8.089912311309174,5.347094522901599,0.005676041735019595,8.222538954082534,5.365499902375346,0.012410210258600111,8.328447397771633,5.439974583699452,0.049950074912536904,8.426283931824354,5.725810347879683,0.1581222281935759,8.836652690223783,6.140157328233677,0.4561843294756036,8.346239811038997,5.917922866352583,0.06523356426355634,8.231652906269764,5.958813414329538,0.021929960218114896,8.093091182565532,5.975467563606678,0.0057089469754397935,7.963926373355427,5.961514742146039,0.020898611722490884,7.864058497804811,5.92894485404503,0.04705504019722208,7.788744195328241,5.895228148936963,0.06179480045859349,8.933638911852999,6.222341841481554,0.8085496459993308,7.818254954408558,6.543062866694695,-0.3075637902323637,7.648854615760647,6.10391962141401,-0.30419031556956866,7.629031573746789,6.421612165916779,-0.4959448101034648,7.592081828275754,6.526386622124069,-0.4590818866626798,7.640526828370675,6.464650946621684,-0.45364310344295006,7.801073369093368,6.607493455250957,-0.2748773004565575,7.5709594404546445,6.5335169871573875,-0.48347157146105246,7.583314273270272,6.599440789902453,-0.3782658561081231,7.786960178567106,5.800318172144018,0.12823294243468394,7.729638572502079,5.824094133437643,0.08013183375485955,7.685036727970898,5.837900128109311,0.00967881672252629,8.253182275141855,5.643099467720861,0.09488264723134424,8.339457981441635,5.579531308361951,0.09073428928959017,7.012910729655338,5.881374399921309,0.3302284161746993,7.100939804405934,5.857449473584505,0.33063686727544955,7.004156716926508,5.758156075664521,0.33071968007905894,6.931128208198624,5.905883069656982,0.3306520355162398,7.02512301219041,6.013456500622953,0.33061846937986555,8.015251601868945,5.661171279538111,0.09278232476174839,8.115501512171447,5.643376728016539,0.09251056601596074,8.010593058700435,5.531918445529766,0.09250921847033987,7.921588227279447,5.676955872103871,0.09239360239709199,8.019794679310206,5.794738041411726,0.09241169960067797
7.6378885300883965,7.094263854823203,-0.38378712984709734,7.545192282324011,6.490252870226965,-0.5295793554976402,7.607118527616382,6.720635905067827,-0.3220514471429476,7.473993396995977,6.107152698991987,-0.3026942905773243,7.531303423998683,6.340820930550346,-0.5405132149125639,7.534977732739974,6.18433041261183,-0.4732735623746098,7.560913269587944,5.830952800227618,-0.1341153426472862,6.992203791327542,6.04533198777249,0.4202818622033161,7.553500757326545,5.554504501536622,-0.01321721157646188,7.538384975664197,5.366726361625805,0.004384812848623498,7.50380569570463,4.638744070872983,0.2482399653322726,7.6427710962762685,7.155021328206464,-0.3818904330807439,7.6530531302334355,7.215074523185035,-0.35731165070919063,7.6628599019032375,7.261907242299813,-0.31970661196127503,7.663259064791116,7.259983219746734,-0.31241587668702786,7.6632080925518355,7.309071639929338,-0.33729836117263245,7.667235617373768,7.37291042107298,-0.370269682358595,7.673660991198418,7.450155619065954,-0.3746859153749609,7.695896374226026,7.669969452404413,-0.31004705852833525,7.567154856183644,6.594338900754265,-0.4905894512628251,7.517876905421184,6.643048259777159,-0.34867753219735176,6.7180162191364134,5.687597325808189,1.0820805141958587,7.249391044840712,6.082678127030404,0.24603225265345013,7.157345231566285,6.124648381685477,0.27128569927659174,7.072851206812697,6.1469993496500415,0.31788778695660236,6.9672001131638615,6.112763234907031,0.43355344491617476,7.328120181123691,6.029625358885818,0.2362665145336665,7.05326494438989,5.689588832734398,0.2785400001685371,7.172421527691164,5.6796600148578715,0.2543544578542411,6.960225531408947,5.74808055418575,0.3262586087254032,6.912884525739102,5.832308948959994,0.3745120668352709,6.9138185381799815,6.220993811030946,0.4829110398025096,7.39159569532261,8.060105228497667,-0.1792914415505209,6.962990236950705,6.013625101184144,0.46481795887507105,6.738146664057442,6.316908489058561,1.0050145266990835,6.824594146037497,6.166050044600984,0.6244776847647658,7.193416346923352,6.63568671975504,0.04136390487030072,7.528364264173194,7.079207660426491,-0.34047966156966214,7.560331755308842,7.233164642697163,-0.31943696612329153,7.432974384834497,7.169330169066701,-0.26181217656905,7.376141055956882,7.265568628501569,-0.17930751620256477,7.484725566080301,7.268100728331686,-0.25763763542493606,7.426927354250695,7.314697252140507,-0.18117632630808006,7.307562574479125,7.559376923220933,-0.061743893901146304,7.476979221547566,6.5093157697985795,-0.5048230003822947,7.451648172382317,6.367628738816969,-0.5108999143387734,6.802814641487951,5.777161652532346,0.4663484272813909,7.35346056323416,6.235574743140293,0.05450188176099022,7.329071423617285,6.591142725975791,-0.21441847116766086,7.325930528591268,6.5308432848271805,-0.17243472188145803,6.945181541632908,6.728805103810922,0.23918624567992242,7.460001876273226,6.2218287506687195,-0.42051536531353595,6.9697329309128415,5.571347954942995,0.25123741119545795,6.860282610640537,5.646108435750817,0.35658836988959247,6.748812066687499,5.365999827736358,0.907094791026717,7.370605901522463,5.6045226266469275,0.06417468304045046,7.286058750773006,5.726704878996692,0.2604523709374651,7.228433557389404,7.444462522481655,0.0065293556784204836,6.99232655545313,7.74446645698948,0.9546187762667924,7.407014438745182,6.65936583761632,-0.20583330574829892,7.481291042239281,6.689708678364796,-0.25673749978040866,7.330238041769805,7.423424628117681,-0.018216016119630966,7.349662054529554,7.405893049481036,-0.055490136337220684,6.813406816393973,5.571516665875821,0.43977551309278434,7.348229088478828,6.675646083674599,-0.17438795475827976,7.134155016450769,5.5556747092834575,0.15292950576780473,7.101920459498052,5.430193978717228,0.15965398253879007,7.017253416298459,4.869529499236607,0.48827932297119003,6.782496101824794,5.452758168584131,0.6465029419151322,7.065241984782811,5.108383976661924,0.3202387020136467,6.762402988684646,5.739495321461494,0.5844793737468836,6.739710291341251,5.714993109623682,0.8217383662388423,7.5403161774059075,7.163148169736637,-0.3403258923231742,7.4589960719460375,7.223744829294566,-0.26647129051078483,7.400678804778417,7.288883761499263,-0.1906793846463486,7.436391678622803,6.6892133143492645,-0.20164223003536944,7.340510742781753,7.414426233087718,-0.03957751801988333,7.378668130354957,7.409482643796483,-0.12282775114753973,7.360751029288834,7.398622685154529,-0.06123897819949081,7.412991113280402,6.568620893321811,-0.33152411732183945,7.448858339680351,7.3279098308968065,-0.17224533712887147,7.506848953765266,7.293412393687631,-0.2281258530653793,7.579480087225164,7.273416917512863,-0.2827006316346787,7.58510282776088,7.688035162675196,-0.28252862276207535,7.575901979611526,7.462367418927106,-0.34136997069975095,7.569400506387388,7.38442009628603,-0.33525215780304063,7.571463087281044,7.3257295113096035,-0.2981231216963179,7.579587057135765,7.273233130283913,-0.2754759897657647,7.44777284635936,7.331723415897537,-0.16752148709715398,7.435369362161763,7.363304666684843,-0.19138265347763814,7.424927232298127,7.4030436295134345,-0.21377120000769229,7.417407032207265,7.450788823503199,-0.2004207808296806,7.282951597933555,7.126095659293727,-0.11276441322404106,6.849895042610496,7.057711015909003,1.2723088214465426,7.589156197661884,6.661689023057277,-0.3792379023613441,7.405419223031397,7.364809424621878,-0.106245294900346,7.391887888299887,7.389299072879586,-0.1217628419064511,7.503018856630684,6.7456510699333165,-0.27540417544449125,7.397191872860392,6.767686153598121,-0.13523644025689383,7.492616212304517,6.720202999993384,-0.26761287124295496,7.268979461020107,6.354470721894265,0.09375478547556419,7.131177089006674,6.490637674737581,0.13959237930624244,7.327569537355702,6.6172175390832,-0.12720945675358392,6.843370595982739,5.09099203324415,0.6933479105205118,6.886029334827515,5.248225956165395,0.4829533970154319,6.92810009812342,5.460834755793887,0.304917954515886,7.381608726018172,7.613644410081865,-0.1426591043397159,7.313426535752839,5.4264611595885945,0.06252775473355876,7.269748352122476,5.031733215487588,0.19985077568735204,7.230194612360562,4.729156618733882,0.33249561858835075,7.0069469730999465,6.149227051882208,0.3785539949043935,6.842804157999761,6.3476382880742435,0.5451810336205136,7.380584255800543,5.978626915567964,0.24708225386064742,6.860906482132562,5.9461435997291865,0.48564088140947836,7.40512487629753,6.119633000507934,0.019229093581863924,7.353644350463111,6.498577139444488,-0.3103301877799662,6.773673596916288,6.50909034327557,0.660840454659963,6.889695746461313,6.4154019316423945,0.42351505467316847,6.989028436196097,6.421298917183812,0.294524127130757,7.149764008372061,6.346399160116551,0.21133727558210322,7.271062861560793,6.250826211467766,0.16819406489704644,7.358603733969333,6.158338160173677,0.12916620070234544,7.485043604136649,5.890995226423243,-0.07806890332228794,6.795970003047257,6.798784962909431,0.5748526202320012,6.8077488978339655,5.961624084173985,0.5580299416027285,7.529827382816171,6.599573965103914,-0.4735912863414558,7.356679711416254,6.352878377855933,-0.012438067695329565,6.762542982862948,6.391296369976439,1.3464824035837883,7.42058023358212,6.060962517259673,0.11485544165264701,7.333473702085749,6.6488153020043566,-0.03211048879481875,6.925286574098973,6.038700571234132,0.49028236146913856,7.357837714542416,6.425515254666736,-0.2592692182161292,6.913282252789254,7.398577456266154,1.143725873733046,7.3888331435374415,5.932600060377004,0.2870579504343423,7.40392092636413,6.305085801221204,-0.3547318317096431,7.066538546249551,7.915286635435261,0.3325763171555549,7.1308884856237125,8.140639930721317,0.4716311883655058,6.7880061290990055,6.938381414161724,0.9334999365510054,6.981302911310391,7.771554971531572,0.5186590468012574,6.738939246482293,5.999555327305316,0.9488279529772549,7.386403706104747,8.252375386734835,-0.15014776087053106,7.559091191513423,6.665473891303485,-0.3639486759886659,7.295127501851552,6.493551707402862,0.019408419057255547,6.7784621157330935,6.223691032199573,0.7442344033656535,7.070716834032732,6.065017322998403,0.3364663605152052,7.1458771956472935,6.0465057851136415,0.29480310591396064,7.3695699446030245,7.444395038108524,-0.1054239508510427,6.842332485306711,7.097676123179467,0.5356143160705571,7.572231978383413,8.450478635734605,-0.20038100363767256,7.326989458914325,8.350305263011144,0.0996538574686769,7.231537838553403,8.271027636716763,0.26654128759993606,7.51457878616415,4.970092342943294,0.12165724052868354,7.766758555607271,8.442773212577066,-0.2774075280319424,7.225181384939608,6.0111052059747,0.2734432025049269,7.303986620622076,5.973974801335144,0.274104248733081,7.36193990292611,5.952299036061316,0.28833694532390064,6.766778704155176,5.969450117700522,0.683179083394068,7.281135981128801,5.8407642383700304,0.2810255923173041,7.190648051787279,5.803916693762533,0.2817302745513554,7.104830902569017,5.805011161069312,0.30404799389857284,7.028824114614872,5.8496158189924925,0.34163409753647445,6.989500108889147,5.910769942547611,0.38103606476373847,6.728253742124069,6.013245322105569,1.2483145372043665,7.02266796036388,6.061550492808544,0.38233383771855955,7.620491920198012,6.854591667812827,-0.31906488223753093,7.357088925168214,6.999730452688172,-0.16860932487193253,7.39443075691295,6.621930676419383,-0.23571827130687534,7.50339217443949,6.884450631247581,-0.2881534273145234,7.567683244466878,5.703555585256373,-0.03457438072420067,7.168153500050097,8.061841156308619,0.16502913080659878,7.272902169688028,8.158948297567825,0.0076718036621859715,7.538888236787223,8.295815221302654,-0.300506903976313,7.064145004760011,7.986208404082143,0.7180144809080422,7.354214378040404,5.89520976910901,0.2850257689175452,7.435260956413437,6.102304592909544,-0.13245786990709288,7.736495403852597,8.290636872543189,-0.37360511096154414,7.433462569661398,8.409342602798443,-0.0667245569711696,6.8469680874056795,7.2576585984680495,0.8426201132500941,7.506677371156988,7.299256253233179,-0.22221785195640692,7.4943406534136585,7.339069161704669,-0.2467715296027165,7.4885011013812885,7.391906554190327,-0.2737180308197033,7.487329457796727,7.463716388470851,-0.27194032910490695,7.473271888538572,7.6615970826230635,-0.2220608745099995,7.38353705608443,7.360964251191171,-0.11180591301944097,7.362463265777302,7.358480969843745,-0.10178651397385981,7.344050800695647,7.35051637797663,-0.09189599819042656,7.236465633629649,7.276656885341986,-0.04101134501237149,6.920274782515746,7.093806540507415,0.29219329136691463,7.446510027079186,5.994526305669375,-0.02206120637656149,7.420083433728863,5.802237840501198,0.20402264707069387,7.381669749121534,5.831157766063031,0.2612446392728133,7.406033043659338,7.361884623173652,-0.1080084363232003,6.96213160599045,7.49216823093395,0.37011620476664514,7.475762349074629,5.772545075283249,0.058050818312073975,7.429808362648273,7.864818375197798,-0.19593125278438617,7.544859885890401,6.063992134861912,-0.35611539596860337,7.478875963183848,6.002078094190213,-0.19971203786706,7.551639193714554,5.9516866512711,-0.23866521606503524,7.387645705737891,6.330368749822626,-0.154869872192502,7.715550121021963,8.098065906302386,-0.39568739779159723,7.7056076626870365,7.875126972152899,-0.3539455086398799,7.5599692062829815,7.888211043432705,-0.3021917473731616,7.228835591952734,7.671614922438613,-0.004388750535434575,7.273577013419333,6.798760553668085,-0.013096027713683546,7.325322451314232,7.7960360047629225,-0.10070419520034125,7.066075488582858,6.854886732465557,0.0772599882433019,7.194468098057778,6.978921574441523,-0.003966816158618213,7.018981447001916,7.140713923183955,0.1323317293193516,7.535445097919846,8.108836125086455,-0.321827613502415,7.3556401649025,6.441448745914143,-0.09115444970100745,7.166083022048947,7.840933214622812,0.08015494558004009,7.280729639052293,7.964734015049411,-0.04777669267988289,7.14288778150139,7.512208935997092,0.06628741168844152,6.8924216843844635,7.357607980506228,0.509041805711311,7.053290071550098,7.594451567196032,0.18321715650368095,6.9090716586572345,7.544797426949312,0.7242672849859778,7.140283889784964,7.210577479426643,0.028751848416753194,7.399407370471886,6.224494383407371,-0.0669604606225879,7.3820351698228475,6.546589399251322,-0.34173090440816917,7.355207259828057,6.624026281580741,-0.24283244341073146,7.397260075152386,6.421367837394668,-0.41172767946988936,7.328927839844667,5.690920213265998,0.21016253597244414,7.157694140133747,5.63221311615572,0.2288091996482181,7.017179470655561,5.643673613926649,0.262990101943664,6.916704572009602,5.706748529399963,0.3256216127791626,6.862673280454625,5.809114785290732,0.4012020017985611,6.8824878410758945,6.0950981233618515,0.5388117472070418,6.749534293063767,6.629469542400685,0.9804485995621725,6.956592144042852,6.259725533694623,0.41179646507095913,7.040308662667714,6.265992247450531,0.32351878355924457,7.153270324099389,6.228515446959535,0.2536350134135676,7.26429288668186,6.16215461684986,0.21626495848352695,7.350820057655717,6.090003053190506,0.19458858746565758,7.407094845657848,6.026955418633989,0.1825534629497192,6.807451679424647,6.729360773010953,1.3479095365437521,7.376052751936722,6.6791926028582616,-0.20194548345013133,7.425551103790152,6.20227910210793,-0.22903036352797862,7.429019369817737,6.514804977425762,-0.43722712547846143,7.499009997699192,6.5972615484459025,-0.42653659568819624,7.445961537067785,6.556195871558322,-0.3934689836347218,7.4134541709470945,6.728981711851242,-0.18744173883604864,7.506996845051062,6.600103071306011,-0.45683806636218693,7.534661130521352,6.65668441066268,-0.3558991453460621,7.413568320046326,5.925385693721817,0.2563834087361543,7.44559539844761,5.936044276122676,0.17457838273671422,7.461081626243312,5.941149756117536,0.08857591510317592,6.972059705948114,5.96356820845523,0.4181860775622422,6.90005675149342,5.932696261504658,0.43632353484940545,7.629345295617632,6.075194540801559,-0.346565863601432,8.325612443715181,5.776731978092787,0.10184124406968814,7.66982730446952,6.613138324103126,-0.3821586655159657,8.776743324335381,5.217898550672475,0.5920878329879768,8.049153376241238,5.923007587487834,0.04046236143175277,8.147085406274135,5.925759729449487,0.023846757524552314,8.24765004477798,5.907546845811771,0.03253789730296617,8.384393486468358,5.82954711509369,0.09593411792433014,7.961425127009432,5.903245793903001,0.07473924611394907,8.154416793704005,5.445758459669008,0.022359606828071123,8.03416538413652,5.486764549290952,0.053306844117225506,8.271876934731798,5.4641590790894226,0.029783214581586302,8.356940269143816,5.527583621049061,0.053465717318130754,8.482625606586026,5.906326024785087,0.1180281606757663,8.115949265181944,7.960089080005222,-0.3294142210881129,8.360004346851483,5.731331507109872,0.13053796416999364,8.865493172109364,5.872435229015222,0.5004180297180935,8.610972269253708,5.8089148448873615,0.21189794777921162,8.128596123874129,6.459105960351829,-0.16506039392958988,7.75814640092565,7.039157120811319,-0.39435920302495275,7.766068635579842,7.197094963177823,-0.36768445653260984,7.895678835446562,7.096009115579373,-0.372967374661476,7.993893007592653,7.165614938950212,-0.33121604038971614,7.873543961059787,7.207929794659568,-0.35383515104964436,7.962909783218301,7.227920963321158,-0.30893183887941916,8.155341473199664,7.425810272499727,-0.2577875907274639,7.622533681444639,6.479433115041344,-0.5332765927726221,7.623823063722748,6.336690743330992,-0.5451516886869848,8.485383132939152,5.415534075532942,0.08388135952631715,7.907001851755209,6.124115685889064,-0.07976678704223565,7.9072918909758965,6.482759951052901,-0.34197472760204595,7.916236442091129,6.421888328570408,-0.30445644486174184,8.463835516182385,6.435361511874008,-0.10521559733599546,7.622955817736136,6.186760567963388,-0.4651188566185634,8.197064045846972,5.27591500983646,-0.010633415979461778,8.356467878531904,5.307294884382669,0.027112085276639594,8.605719256932483,4.9277448219256685,0.46957515848147546,7.759742334558298,5.5036428217621856,-0.020015962101700847,7.938713045856733,5.579370339278588,0.09654885838581496,8.230226153970799,7.279265802490453,-0.2314413369849133,8.954782894868389,7.420409368892705,0.490987671882195,7.8411428469308335,6.579938884198417,-0.29986533129732024,7.758170092248132,6.638847716509223,-0.30323351494839784,8.114922641207727,7.294401685880969,-0.22330487085498224,8.0939421803528,7.286373199235039,-0.23586284221793,8.417590054697614,5.209402339887243,0.08688193506704626,7.929746957175609,6.570896696117805,-0.2992992971437031,8.00260854259056,5.34115696339801,-0.026383692089512474,8.007331012871962,5.20254908642019,-0.02534666950926198,8.089496108833687,4.600484020902357,0.23740897022945104,8.496130378319602,5.0556894500300205,0.2540983402998339,8.024981766039879,4.872261898429525,0.1050954468837681,8.558119800471925,5.358081541635912,0.1704947144161923,8.661299099475142,5.287631086722649,0.3737218400816896,7.762987327819462,7.12496924459754,-0.3933456362000573,7.883010439188485,7.155033532827137,-0.37048052615469856,7.97780947130286,7.197307467161297,-0.3295894157256712,7.822768431548922,6.619068333912245,-0.2786497520147319,8.106774262111662,7.2897359311897505,-0.22886981892222022,8.048955230635025,7.2997142854678305,-0.2833947918703928,8.082527988348541,7.284667424016338,-0.236159297838457,7.768141985256444,6.4951146167678075,-0.4184758924332856,7.952581802453896,7.248911475040168,-0.2929814541037645,7.867138688963303,7.237064377961465,-0.3180083973256014,7.768217366737069,7.244902616108676,-0.3324821127397389,7.82270310093238,7.6445142032758495,-0.32972366655306895,7.7905030040850916,7.421533629832303,-0.3939660078376245,7.780447832488661,7.346643205710262,-0.3885109462263681,7.773991588152898,7.284887107188444,-0.3520317837354926,7.765237285536385,7.243233454751993,-0.3257169165082377,7.952032594523632,7.24916992583088,-0.2884134709877131,7.965063539807569,7.270750566855349,-0.3131691530541245,7.979917999003753,7.307350788414513,-0.34016427083912115,7.995441558580336,7.348772553058186,-0.3365857818310872,8.071211433309662,6.99146218114197,-0.28827201853672,9.028860634837413,6.637244603687944,0.7544858809012106,8.02129668851564,7.2678989931311575,-0.25934213185066174,8.031400678594762,7.283988272771856,-0.27603601134890343,7.735447242312487,6.704904149020948,-0.32141503450578324,7.906522281954665,6.68287552662591,-0.23427413264384195,7.745795324805059,6.676021555239995,-0.3124593107782448,8.025062172952545,6.2004268714411594,-0.08586263049998717,8.195117767809135,6.278117897048112,-0.10455913905807579,7.94908338383406,6.503727489368291,-0.2626778072382201,8.382413466243957,4.714138474036913,0.33632993349625373,8.2906210783282,4.910999723403538,0.16791850744592468,8.2302125135124,5.1471594923762485,0.026118350960336944,8.064807597050903,7.506684550345619,-0.30252665652279287,7.774130146493474,5.306928386803063,-0.030265925277156082,7.777853273717455,4.906019879209718,0.08803667951462008,7.80792617697341,4.580535927372552,0.20682358508007292,8.334724269925513,5.8789000883773435,0.06110763269999215,8.606519018545963,6.001136902560702,0.13725936735084637,7.901858681020036,5.879804666144836,0.10287537253952181,8.473207229021154,5.616300444555342,0.11565689710594627,7.819967112145147,6.033750520673131,-0.08806919899562159,7.821206958021702,6.407583077304487,-0.4136817200054321,8.753299683861194,6.108773759784842,0.19545769555432077,8.524830620709329,6.088109183229675,0.04108589359493988,8.37606562765652,6.1366720868044995,-0.02905398288766206,8.173006584744844,6.133548421831197,-0.03483209116108532,8.02549579594585,6.094900695674502,-0.01817384119079502,7.9102116669920814,6.040300812379959,-0.010054231431201155,7.657489150888465,5.852893118602496,-0.12387025907660353,8.760730862013034,6.424090185723504,0.11345118113896177,8.558575678949987,5.60080524277385,0.15223303473075006,7.607911110041233,6.581950492852793,-0.49615354680141316,7.899823381043177,6.247278256446378,-0.143000239191988,8.974153063713405,5.921730768789829,0.814632315592125,7.8224037287664725,5.972219848674322,0.006641576071799795,7.97193043373302,6.533781008814943,-0.16741291308659392,8.422888295907214,5.737418382190576,0.13961646324060265,7.8309440915617845,6.3352197275805215,-0.36450481632295106,9.016657450002619,7.0195873705223635,0.6476937898292818,7.895174856404672,5.838081734538097,0.13631280254734515,7.722680491170167,6.243470414796551,-0.43106953538974313,8.643513377560964,7.68964186509079,-0.013055906986282024,8.701266360502196,7.937572272783284,0.11931473858331604,8.93051580145824,6.528090065987232,0.4278674826505773,8.785672799154488,7.4923764274042455,0.11248332555417706,8.770439278798593,5.559230920371771,0.4684780887188169,8.167739931965219,8.154179880479186,-0.31592400964647904,7.621999549810501,6.650284163998238,-0.377761188129898,8.000409557112915,6.358610242058839,-0.1415069679567619,8.717148879510324,5.839106204755725,0.28786127920717497,8.225212208630984,5.82740699896282,0.05629529355965776,8.143088751963315,5.843217726084639,0.047065751090744075,8.065662638416843,7.3234666310531455,-0.2778724926706152,8.780332918650828,6.744989148741547,0.09000049608593125,7.988452618448161,8.403296290133502,-0.289820188130008,8.354685285994853,8.235072824215516,-0.12694838107202855,8.518055620398354,8.11881806895885,-0.020275017234268507,8.058466937652097,5.84557896122534,0.06256075656629641,7.983378367923844,5.842308481844536,0.09343979857438368,7.928240763400847,5.843154549224687,0.12640886504641682,8.651465764807407,5.58000282579697,0.24220083185596403,7.9750720466779,5.686952275709702,0.09655340146612046,8.052384729044004,5.6105420173545015,0.06801202105981595,8.138341872440568,5.585227839282536,0.05391588609773456,8.228556992614116,5.6041324377448385,0.057528279945826086,8.29181066988434,5.6488060158788755,0.07594176020962393,8.891313124020376,5.531139114218512,0.7304845969501194,8.28368885378621,5.804839578461034,0.07872645530472559,7.957813277209229,6.897271944223496,-0.3015511618326056,7.832670686427515,6.538589629359916,-0.3257430083719181,7.749162364272948,6.839977711435778,-0.34274130790307417,8.490354003147184,7.878268585097779,-0.11583005016173765,8.339971538895833,8.026388887011533,-0.21391765545576252,7.960728745712235,8.244874570453277,-0.38984133961953077,8.842417106093079,7.727803560177174,0.3021706585065584,7.920660976044349,5.778534313398573,0.11983998597152386,7.726995183537335,6.043395760598737,-0.20517452545155643,8.177909970579744,8.326690757847542,-0.23422495520172032,8.931581193051064,6.885517458678132,0.35682151404038076,7.865498244361143,7.235542389971716,-0.31235018711105517,7.87681192772457,7.271831034744299,-0.3401355989545265,7.889590883487563,7.322062381756942,-0.3723935331402228,7.900533402798772,7.3842126177345975,-0.3759102138211376,7.955252460624588,7.5839800026590085,-0.33574139707327166,8.038049325185833,7.260524530569503,-0.2714800758087732,8.051560558189177,7.245961546431733,-0.27686276222464434,8.067802754547714,7.233899791612967,-0.2790245954011225,8.168580614953896,7.123142141090977,-0.2603622721201474,8.601316978464018,6.789551808411237,-0.08051783113036735,7.735732256101134,5.931917678497637,-0.0964044669544761,7.804226023153047,5.717579412327962,0.1079683899116186,7.869350596980482,5.728705000949259,0.12273204358910413,8.02022052813987,7.2673749123611024,-0.26104745837007287,8.673956726950273,7.208033174975854,-0.011477585501836947,7.695204300442007,5.7199399295498,0.0011485266322251574,8.043931952349988,7.775700952965913,-0.3250899938610448,7.643099903115563,5.968056637187266,-0.23828579594589247,7.813197137266213,6.245411667402345,-0.25165701233596927,7.87383041068616,7.846135254704758,-0.3653213817248219,8.283405275835289,7.5089352259814035,-0.2321646626744404,8.066521987295962,6.656283094018214,-0.18155865175512192,8.175886875223558,7.6679614333443515,-0.28080624566966583,8.312756670633838,6.623994693150765,-0.18864255909190591,8.178156216749784,6.802153438215046,-0.21486665445290892,8.441368963280864,6.885869238921046,-0.17315312309628364,7.924302978436802,8.056001604276249,-0.4056815911545946,7.896725561148946,6.338932803940421,-0.21199820963543498,8.408598838856282,7.6550137666485325,-0.18338271532399872,8.268527843235486,7.826304181949637,-0.25075880609838647,8.354151872279576,7.310857104141842,-0.20827131333742177,8.781627326360978,7.027340176324866,0.08227435984744368,8.52376881871082,7.359754557906865,-0.13646740188751857,8.895449054590634,7.21139016357966,0.26235499053443906,8.284472821184703,7.011287510546186,-0.22168024290277527,7.810890463959106,6.141478553592884,-0.1706642105727748,7.790777967009655,6.463397679315378,-0.435809011374215,7.875983449356565,6.5278825874357995,-0.3508255903056444,7.72049227447547,6.357177276008113,-0.4866603261950654,7.866561482197379,5.567936045546163,0.07808804034698218,8.021351250349236,5.429682461527277,0.03691856529190355,8.168347291323393,5.381322011071845,0.009987176827858903,8.301139307591324,5.402005612476884,0.017166587004027706,8.406857167694426,5.47882831521893,0.0552337607807221,8.502072592749393,5.771951356383474,0.16332706857451826,8.910984100869028,6.19516596201244,0.46392500241917456,8.420229842357195,5.965986159186116,0.06921200000450552,8.304825103034426,6.005580820323226,0.025408174964360722,8.165520126840546,6.020967616356391,0.008774730352756912,8.035165445112803,6.005056021634307,0.023547932210903004,7.934087494621848,5.970808420189488,0.04977550218702855,7.858106551746775,5.935475684383109,0.06437681646159797,9.010341199845158,6.280087148489566,0.8191420126704794,7.8860292880077765,6.586865365389504,-0.30817768754870817,7.718318416158035,6.141406761706574,-0.30401378057775374,7.696699725433822,6.4602474513441415,-0.49749125399299354,7.659222924942826,6.564306200954643,-0.4607967607131201,7.7081505313001,6.50342739928352,-0.45504461530233153,7.868308896710139,6.6513423764024315,-0.2754818228565273,7.637963193650158,6.571218323768469,-0.48534213742257526,7.6501793010244885,6.637243167850218,-0.37982430746270135,7.856537181112061,5.840015448995828,0.1310952150350201,7.799146747196689,5.862290317560905,0.08243359200778047,7.754919355636063,5.8749780976282855,0.012239598184317316,8.329141014927266,5.69004219849644,0.09902122512302602,8.41674793587121,5.622897759947703,0.09525861236157414,7.087666180471411,5.9089234552317444,0.32966535808040737,7.178088779196392,5.885991690906941,0.3300411437353058,7.079729587439957,5.784690467649565,0.3301235024898808,7.003482296666677,5.932308944278021,0.33005711743000954,7.099010734345951,6.0418414662601485,0.3300234425483377,8.092774844281417,5.701838682295294,0.09445553037335068,8.194426411943981,5.685504592322283,0.0941571341283969,8.089175199101886,5.571890701603491,0.09415533933123917,7.997011647133913,5.716162599451655,0.0940388906481496,8.096055015566872,5.836101714313696,0.09405688348965578
7.532539430996202,7.022809830558801,-0.37571568478187856,7.446443411163945,6.451268833654323,-0.5210541898163311,7.511246736951235,6.6757005139692405,-0.31590954591154646,7.381995674789564,6.063048402680748,-0.29666069091462466,7.4330860504574465,6.302077739574389,-0.5323614886600586,7.439213567220687,6.144139857115729,-0.4668579184213984,7.473537190891103,5.78258400944793,-0.13554732832567581,6.91919178681606,5.970847623807676,0.4306600718528944,7.46915277342994,5.502086901989126,-0.018639263621504937,7.454871591428705,5.315176660934912,-0.00220442742870392,7.424268144196138,4.577875881256023,0.2344066523014914,7.536743209035608,7.085791827373173,-0.3738812434493597,7.547167668264437,7.1487162187026545,-0.3497484567634914,7.557818282359875,7.197196568079788,-0.312792982502109,7.559593384709115,7.1936819223225985,-0.3032357169540112,7.55877126198647,7.244319988257262,-0.32764875254592807,7.562251771160019,7.310499445072508,-0.3593849298533146,7.568833020014132,7.389518524409058,-0.3625843900446364,7.5916675497534705,7.609373057801016,-0.2971018440300144,7.469063876076713,6.554216235764319,-0.48249549623817367,7.423345745259054,6.6021937817116,-0.34058771785946335,6.6599294123279185,5.605636672564589,1.0876816966619145,7.165869851981365,6.019823664826403,0.2528542754537769,7.077348712353071,6.0562473995694575,0.28001119452606477,6.995788591071876,6.076385850380124,0.3279570485669199,6.894422850670498,6.037850625703218,0.4447022533199786,7.241668713594615,5.973151843203323,0.23996684838077512,6.982586267349406,5.632592483599539,0.2869771911249443,7.0970903253789315,5.625573148588724,0.25949950817787465,6.8927530027874795,5.686588024770885,0.33620885648287696,6.846176479127059,5.766499989123249,0.38518938681794285,6.841266500513616,6.147606142712762,0.49479568962009524,7.298024657288848,7.987787043945398,-0.15817173805849324,6.891473592079834,5.939309687597985,0.4750014493611248,6.679782680429431,6.232198730507242,1.0164479808289386,6.757816065913399,6.091627123796212,0.6359312611399979,7.1061948367070435,6.57801796870677,0.05412952059482829,7.425036217328021,7.0077534636374255,-0.32928390823685,7.456293237901513,7.1661265875374855,-0.3092595349547128,7.330514861946307,7.096145879898246,-0.24762488865018975,7.275942554747224,7.1912639143148205,-0.16265600947166875,7.382915229011346,7.199310191550117,-0.24442360606312682,7.327815227123505,7.244108768145994,-0.16603869822016085,7.217144422965134,7.489922039859106,-0.04119958947481476,7.379581222675914,6.46961511382393,-0.49494112568997484,7.354764637549023,6.327717869781577,-0.5010281941574976,6.743731880446915,5.716776854748,0.47679286437468177,7.266271233894936,6.181557819857276,0.06032215466930826,7.23509813242289,6.544932507372102,-0.2026635854492298,7.232473882555625,6.483456076131985,-0.16121786142766736,6.864999249109962,6.66231470610971,0.2562062168302216,7.3653114195358915,6.180340281707477,-0.4121597325701452,6.907062631941747,5.518997312109408,0.2574036864025296,6.800529466191981,5.590741032057848,0.3649219903964209,6.688490353972737,5.290003419626873,0.9112632990302749,7.2933230540713705,5.549374604475364,0.06287357537994241,7.206500209479128,5.673949310267875,0.26327311192501396,7.1405149044833305,7.373697640249929,0.02738759381370083,6.934385411250818,7.648849172064478,0.972028995931341,7.3123101063630385,6.6141159835476,-0.19561378087059533,7.386429163589709,6.644951986256208,-0.2491265427409028,7.236052534407136,7.349353277863379,0.001293868594665762,7.255612796832414,7.331984157400446,-0.036760255673695584,6.756395130619416,5.515777094386108,0.4475779937995237,7.253679812783842,6.627745725744386,-0.16298939677060886,7.065107902403105,5.502308434193369,0.15575447456604802,7.034903426491823,5.377018993680912,0.16220001049829008,6.946949807566531,4.804525017149839,0.48674372295419277,6.721217381179194,5.386405843002874,0.6527926443699748,6.994355565737854,5.051152233029098,0.3204142637159642,6.7051938110547065,5.677429108262598,0.5953761552517417,6.6806524521334065,5.643141399122886,0.8295461850232807,7.43603033079633,7.093000335951657,-0.3291826097028477,7.356548985222998,7.152926397351492,-0.2525563581987744,7.300995251244287,7.21672696099438,-0.17466680863232847,7.341395186802485,6.643640572501401,-0.19301033298398498,7.246344714374363,7.340422294168767,-0.020683111003677236,7.283308945025039,7.337610293091486,-0.10377194728551613,7.266531525345185,7.325045185596947,-0.04281782133211605,7.318762631849678,6.5271124995336,-0.32059121389756284,7.351049439362954,7.2583536800271125,-0.15772636231882523,7.406066233328173,7.226281648519234,-0.21572280665734306,7.4762204686009115,7.207925411846066,-0.27275405909536626,7.484992148238541,7.625375292560729,-0.2665486238020216,7.474113956918841,7.399114460305809,-0.3259724818291386,7.467091777192722,7.319604667579446,-0.32085223875097607,7.469285052691542,7.258894175934734,-0.2850478518678555,7.478032552249094,7.205463310751087,-0.26310700722050906,7.350979032659198,7.260455924636228,-0.15111534396355084,7.338576785115771,7.292607608172599,-0.17434711152578533,7.328001555975869,7.333448474602804,-0.19541416186392377,7.320681392321733,7.382167068886585,-0.1810759855471006,7.190430412730962,7.063043350271759,-0.09594172395506965,6.800239305231047,6.960177733726732,1.2836823143650777,7.492366361483439,6.61989004443441,-0.3726857740674993,7.310416948328713,7.292154587260553,-0.08830048528541495,7.296528337039329,7.316882986213043,-0.10331288135345111,7.407618025526106,6.6992440889979195,-0.2668335620434529,7.302259016017764,6.717973694554642,-0.1254781362568503,7.397576891684393,6.674663615241199,-0.2597781347072268,7.182837867586538,6.297436586557106,0.10206659602205222,7.047499825854698,6.4300771270026225,0.15112606720678384,7.2338564141930135,6.5678587791799705,-0.11610495490294764,6.779095958739502,5.021034876523979,0.6954743527421309,6.82185416328411,5.187159849625447,0.48678292668696593,6.868152616023636,5.4085803987918535,0.31069893867382853,7.288899521774788,7.546428042285586,-0.12213937391302158,7.239877254132382,5.370613761586189,0.06105019621181574,7.193036171948757,4.9752939879838936,0.19570458951691685,7.154364400937294,4.6664862738269575,0.3255998241244104,6.932239073554502,6.075476963840729,0.3894204563447891,6.771524748959852,6.273127783111848,0.5586930624806473,7.292625387643244,5.926005665303423,0.24932429490315658,6.795346394909425,5.877044559040037,0.49676947755379763,7.317738534340501,6.067205242917649,0.023485713963897,7.259643758417145,6.455088575127788,-0.29893130711075255,6.704683895836595,6.432191461651777,0.6772556402744053,6.815011911800922,6.343225835257347,0.43825337262482134,6.910821212036191,6.353330264014558,0.30829668772190955,7.067704416296165,6.282638377549501,0.22144732949406715,7.185776458494815,6.191223451278957,0.17536821986145984,7.271359007214832,6.102868727495904,0.13358501926270883,7.398097474584891,5.841405965720685,-0.07744099574640008,6.724837281402603,6.721655467335897,0.5931346529387956,6.74469339421942,5.893201475194365,0.5694953354606913,7.433119475862259,6.559340990383158,-0.4643609251152776,7.267138872062433,6.300991769507366,-0.00479397659611802,6.711747323934612,6.296987832718015,1.3538959330697722,7.332625640701333,6.0079256430704815,0.1170630127908458,7.240603367713541,6.597217663467357,-0.022173465407382416,6.855411847359121,5.963896206374725,0.5009368965757333,7.264613476051956,6.38037070532978,-0.24880846801105605,6.861510916969329,7.3012178502167675,1.1579022493601607,7.30074989454938,5.880772558444971,0.28907010151197116,7.310304582074234,6.261784480840063,-0.34494006560044976,6.9906062309681465,7.831524698800363,0.3550773419296781,7.058296942788254,8.05142190292187,0.49269944558232237,6.727333519081222,6.85166464612589,0.9491957107549471,6.910356101084107,7.686124899040861,0.5402989110863279,6.680174539962457,5.921307617980075,0.9579913037805947,7.294066235944349,8.175320633240442,-0.12830362750748378,7.463338175350058,6.623761701962159,-0.35671994277393276,7.205806098945131,6.438973974113596,0.029055633191189926,6.71438650855722,6.147229929113905,0.7574205620453768,6.994448730164037,5.992835139565466,0.3460611056733207,7.066544483631256,5.977584620824642,0.3031561315985346,7.274272706864205,7.373106650645674,-0.08582207152611859,6.77114071239391,7.0190036014830275,0.5554097276365557,7.473523678493413,8.373703255523326,-0.18186166035492218,7.2417206296489,8.265970331094406,0.12087842051834022,7.152188193730294,8.183809263705395,0.28808294085306024,7.43282006957659,4.914886458518979,0.11151436225531247,7.6608880072279115,8.371197772519972,-0.2632776234656902,7.142399528371746,5.94739365731105,0.279759259427019,7.218098824949381,5.916623438643829,0.27841450916475186,7.274200166623972,5.898847168303115,0.2910125086799844,6.70630182766533,5.898977669617652,0.6945205285906801,7.19843899748849,5.786226667393766,0.2854583131720435,7.112004456535144,5.746811358919913,0.2877765339008245,7.029604433060659,5.744614527526963,0.3118651163778006,6.9562506042505685,5.784429162911514,0.3509761069872201,6.917800009853935,5.84146286002675,0.3912040039425855,6.672956786059238,5.925521352523042,1.2545108256982946,6.948377854648772,5.9877288755960985,0.39252706325066516,7.522531011380477,6.8025392575537404,-0.312234596002151,7.262473538965072,6.941571162106875,-0.15448186450592474,7.300109122427319,6.5776460221808675,-0.22599149549897946,7.406050587394005,6.830758833362167,-0.2778999268355965,7.482727754857139,5.652551717346099,-0.03846678204904746,7.087158001897568,7.979273522221541,0.18776972288955288,7.1869605712398,8.078716946256735,0.029978401607899198,7.438712897327312,8.223466728569441,-0.28048235049816866,6.998247847451553,7.894130482015878,0.7375777838315444,7.267733417560816,5.8427532940061955,0.28793648246361847,7.345846455073275,6.054032077527037,-0.12772441680253227,7.629037152334862,8.223283955611207,-0.3581393668129107,7.3420572942893205,8.328461614518964,-0.04590277617639669,6.785168003554329,7.169883034095452,0.8605349133847334,7.4075966901613315,7.229804117243507,-0.20756674119081162,7.395184486114344,7.270341310315088,-0.2312882664963128,7.389253965885854,7.324715909800594,-0.2564803984919124,7.388247647847323,7.398075428041291,-0.25359465706012924,7.377555785379987,7.596805105591175,-0.2027556386584965,7.287331372463861,7.288654165079881,-0.09459350669602667,7.265638995918784,7.285531378855717,-0.08375426908529386,7.246738707443866,7.276453892322986,-0.07333616601722094,7.146059254609401,7.209135838207607,-0.021731758072556152,6.842730817715974,7.022092962302377,0.3120889376888883,7.359437793613467,5.943564314923437,-0.019792377581616057,7.335518004985931,5.749656074223181,0.2030107073892435,7.296292936847983,5.779139414805085,0.26215360533148613,7.310708531647299,7.290560124333071,-0.09123724824186592,6.886153974462721,7.413894178663943,0.3918998924236476,7.391829855592964,5.720058945029146,0.05664756590541023,7.335577032828474,7.796053232505079,-0.1757402441725463,7.451989183647668,6.021297227353497,-0.35215604155660407,7.38938553396863,5.955343214226034,-0.19655320365082324,7.461375321790803,5.906151686023084,-0.23739089200065028,7.296566740695923,6.28267607002727,-0.14734139573916774,7.608339714967103,8.034087630221402,-0.38057743658119486,7.599730184101761,7.8134593342669545,-0.34009362637022683,7.459601641799215,7.823156257556972,-0.28467986127417166,7.141712529626006,7.598556027860337,0.017231119823238855,7.182281725744749,6.742867086994721,-0.0005935342041764068,7.23515929380191,7.724663679611895,-0.07923571663028015,6.9818445078340785,6.79247038773782,0.09414315270457793,7.1055192168225165,6.917910953750763,0.012359858785169552,6.936622779836839,7.0728547733527325,0.15239725490925551,7.434691892246142,8.040703726837979,-0.3023235634368857,7.264348917528752,6.391806460848921,-0.08240486282415146,7.082171927149764,7.763946353234735,0.10279056495456498,7.192535502055382,7.889541956231706,-0.026117747905654458,7.0578368100879505,7.4389554093069155,0.08823591802654915,6.82083575520554,7.277038481317808,0.530071403943574,6.9728125367462,7.51820846647716,0.20569467405353936,6.8441318400028335,7.45725617403167,0.7444191907898761,7.053395498320722,7.143752901677276,0.04799046384392141,7.310074160134669,6.174500081189866,-0.06075416246948475,7.287888936663301,6.504285081582519,-0.3303495652586605,7.261128699805451,6.57847525669177,-0.23167863699867153,7.302249059514202,6.380168019364422,-0.4009798236335922,7.2495307955140245,5.637790134048024,0.21090463678544638,7.085195859517139,5.579116458560453,0.23261754861911837,6.949649442389333,5.588485172822356,0.2700651141792897,6.851907869284319,5.6473533557187885,0.3350572134961575,6.798778543922819,5.745398957771839,0.4116853318446485,6.813810019585292,6.021420972469189,0.5499090705595958,6.689631084809348,6.5439389905524346,0.9944747775450176,6.881825740128797,6.187255073430897,0.42392787529300224,6.962777803513919,6.197048717041226,0.3345288076285753,7.072378283539435,6.162663220812964,0.26264038501341974,7.180046490695205,6.101050954417116,0.22313180099169183,7.26405164477956,6.034210101293859,0.19799645218046605,7.319251211703015,5.9738246183725465,0.18443673887368392,6.758540045958081,6.632361987502766,1.3569549798916718,7.281368849188209,6.632551161070434,-0.1913838225606644,7.334188100581653,6.156460319094187,-0.22188710470048187,7.333489722974701,6.474817386934783,-0.42653070089814,7.4038466442127975,6.557391649221593,-0.41734818214257124,7.351409295848817,6.516267022439887,-0.38324315706374085,7.318299654434071,6.681601875865872,-0.1779800129871044,7.411267084081374,6.5599383805968445,-0.44753252280334804,7.439690057033984,6.615286583894894,-0.34819501996452357,7.325331079484926,5.874177797193168,0.25707616632890246,7.357967786980503,5.884130033681654,0.17435344546220274,7.373960776415481,5.889380666952662,0.08859145187861199,6.900499873737106,5.891296582709414,0.42851537875761275,6.832809873095824,5.862134694956779,0.44729263329566454,7.535746136321812,6.032339700981961,-0.34551380911817775,8.234288025583076,5.716889932181305,0.0765198469283449,7.572002744040799,6.572447304964143,-0.3780535518257228,8.704530132895801,5.147515897159092,0.5441112740794742,7.964490959148104,5.867393862373698,0.0246838836028617,8.059664465513093,5.867871063365821,0.005266363588210946,8.158967076140774,5.849140035451447,0.01086350381012154,8.294344232708035,5.768964223754705,0.06955056112739594,7.879318760610583,5.850723475107129,0.0606332676251804,8.063782190914575,5.394989060251661,0.0021983554963998053,7.945449146086848,5.436009854924798,0.036008661888667484,8.180030770603828,5.412229457347122,0.006655969857542166,8.264748525871653,5.473641882492916,0.028381549564049032,8.39507986866974,5.846026494552019,0.08997821725244809,8.007566349449027,7.898514188298216,-0.32579117567723187,8.268446655765901,5.671754256821989,0.1035620161858702,8.787126441726212,5.8021858758345175,0.45672953182749276,8.525096870426816,5.749117711852038,0.17868300214425553,8.0334760164312,6.407972977917398,-0.17597224404013087,7.653294750904661,6.971555172582155,-0.38980493739749655,7.660705945448503,7.132837729058633,-0.36333043885725697,7.793222740778326,7.031695298808561,-0.37223484224325454,7.8924748577093755,7.102060754192568,-0.3330236643167481,7.770275844784508,7.144933458528133,-0.3525074972425876,7.86116734343925,7.165373449160945,-0.3095476068278454,8.052007914274345,7.364535523436925,-0.26034129943992085,7.523056572532756,6.440847930319624,-0.5267303747172379,7.5251389041347485,6.298285022896306,-0.5391789822303722,8.391835470866361,5.368201087419604,0.052382982076397334,7.8171219052199135,6.073669858444328,-0.08903105484640483,7.812359140623416,6.441396249194328,-0.34529178797849297,7.822548199660899,6.379156011895284,-0.30878942352650934,8.368526584850203,6.379439061067959,-0.12606008055541357,7.526907605874555,6.146823846004363,-0.4614696275989177,8.099068750715146,5.23253376989141,-0.03363186613823662,8.260113062284976,5.263209046185384,-0.0010065885503991795,8.5301732648855,4.862162505088195,0.4259243765004542,7.668084425766356,5.450655160484851,-0.0307181220401869,7.8526609335036515,5.528391273219627,0.08127743325401728,8.127183783236179,7.217778794477764,-0.23853060051769895,8.859083515322398,7.337367069933056,0.45721237780154605,7.746542385009336,6.538069631702966,-0.3011837437981455,7.662721426240868,6.595813085286368,-0.3012878203744362,8.014403622680433,7.23123856493518,-0.22809058425205556,7.994093777772745,7.2230173377087326,-0.23865379002493348,8.32188249920133,5.16600299073621,0.055854901543191185,7.835416269335235,6.527997205992916,-0.3028139656859633,7.906027792592974,5.29390779138061,-0.043717901477456377,7.909632758061042,5.156404921302981,-0.043784907857451344,8.00822205632643,4.54007068164382,0.20844760283960115,8.412583401930753,4.999891885621846,0.21727504334204234,7.93808346698786,4.8194096343847805,0.0813257823020037,8.466535561193725,5.309169333393234,0.13551225831982772,8.58033057393391,5.227029956958411,0.3326592296171934,7.657497106586415,7.058550122450245,-0.38875483741250083,7.779727411379619,7.091288528517914,-0.36934763400514314,7.8758624315171115,7.13438383182596,-0.3305932106795178,7.728020443669752,6.576660328328285,-0.27939900290306596,8.00653016189981,7.226603812527329,-0.2325184502946084,7.947522943542931,7.236894570136904,-0.2835278182493627,7.983045614713675,7.221008968704625,-0.23866163521635578,7.671683701803817,6.456006706991918,-0.4178596975130403,7.851134032564621,7.186730149300236,-0.2934808992627044,7.764274917852262,7.1745021405691345,-0.31686579251587266,7.663727033100574,7.181474537777446,-0.3288497113393503,7.718145014494455,7.584950465743627,-0.3198462540775193,7.685312732821778,7.362608939997786,-0.38541127461159785,7.675161366262063,7.285939595501737,-0.38113077815635726,7.669285606803161,7.221915721707542,-0.34597771995599363,7.661471173865081,7.178977588920002,-0.31992803964248834,7.8510842500468145,7.186451367200515,-0.2869682124922684,7.862983694160388,7.2084282152759185,-0.31113633587604445,7.877227183683855,7.245735234120638,-0.3372391545824413,7.892307019506483,7.288045396004981,-0.33382929658036914,7.97183672523997,6.935865374387344,-0.2924162867847943,8.946350846680776,6.556778613073739,0.708956480883884,7.921055712361318,7.2048801441139165,-0.25976084417202416,7.930301037096942,7.220903003059578,-0.2760609961867397,7.638914003867812,6.660815541144887,-0.3183413330090752,7.8120398213306235,6.637638223211503,-0.23651040816561195,7.649605866335147,6.632455863107774,-0.31008147988265106,7.933840574113034,6.148929646507608,-0.09763864108214612,8.101416352019168,6.224905591648486,-0.12002575044269284,7.855758828468911,6.459408986494627,-0.26765357345395846,8.303709746665222,4.652136463069031,0.29954314314433844,8.204695874640821,4.858339918899428,0.13702294660406245,8.132234575257131,5.105072389244908,0.0007931241282177687,7.960750158524306,7.446225790443245,-0.30110018028611196,7.6795009794572,5.254442344799535,-0.042211308027554656,7.692418120470517,4.851842233557348,0.07120560760110242,7.726704762841991,4.520085134280704,0.1859832972399458,8.245186841088724,5.818992098256817,0.03657270170468231,8.520572350736968,5.93998388512486,0.10676764363107212,7.821374043419475,5.829049233622111,0.08931972122058712,8.382407373172503,5.561584478146407,0.08602329068514825,7.731151052861001,5.9835933707239715,-0.0957497278964373,7.724897657445589,6.367739458204441,-0.41438305537435627,8.667256539455895,6.045862055176049,0.16134682926286165,8.436660361078795,6.028564763774523,0.014149947283533804,8.286263107710274,6.079207096782141,-0.05059998453097409,8.083910685221678,6.07726202269353,-0.051738115120003,7.938926213896453,6.040312726798197,-0.031417463627813454,7.825670985885062,5.987269454074621,-0.02109172629876469,7.569327289298075,5.804191400123322,-0.12829165970130557,8.66931824687194,6.36057290917668,0.08165873622634684,8.469331205158012,5.546560469861606,0.11914008833682904,7.509054883810066,6.5420024506097345,-0.4895972835441077,7.808438411756685,6.19919221002224,-0.15034774865494183,8.901056578443304,5.843035632000046,0.7641343568531509,7.738773467516109,5.920109992837398,-0.0027865859837786474,7.879335828902403,6.487155628383886,-0.1734108557137661,8.332398700498688,5.677531518013516,0.11142224237303083,7.736514763565314,6.293781838571231,-0.3663130117310428,8.927291254148875,6.9381119882981,0.6071742119339597,7.815712348787144,5.787503588975522,0.12163501477948735,7.627234314011416,6.2027836630926165,-0.4301070858671449,8.536390390180793,7.6194611294452335,-0.02870609713242763,8.595127360583863,7.86097532515628,0.10161939788664304,8.842860103947855,6.456263442548037,0.3884093822978601,8.682288726297195,7.419453463545356,0.08939701191313355,8.691643572571994,5.493017238423479,0.42501366756531866,8.056942072967864,8.089688302002617,-0.3128974146678126,7.524484619614997,6.608713158007866,-0.37216439109082206,7.908008425622875,6.308915723984621,-0.15039774230396297,8.633860292974346,5.777181539497611,0.2510969747995209,8.135294777744623,5.768781095207057,0.03479821885887286,8.055073095013617,5.785866099729077,0.027947188762054306,7.964086298396214,7.2609210355883125,-0.27869673603690975,8.683959996537865,6.6795650597087315,0.06116460154933451,7.878948947621159,8.334360131700292,-0.28175667183234154,8.244328448245962,8.164622370163674,-0.13111751765352112,8.408553151524847,8.045992763765582,-0.03054632790507543,7.973217834519707,5.789899194850286,0.04556434395266092,7.90118964304094,5.789456130441803,0.07776702678936065,7.848011246340458,5.791933521881536,0.1110981115109955,8.564908661096064,5.523653399882034,0.20547409749584447,7.892922900369641,5.634284378026158,0.08027124300543119,7.96769837565254,5.556359802902541,0.050104142875095924,8.05083731392705,5.530211891013719,0.03378559744238925,8.138545576157433,5.547526250707065,0.03507238663035226,8.200337059617388,5.590983544037452,0.05207695849399744,8.820677725191791,5.45599753582439,0.6799421627376064,8.192684064272768,5.745424915798981,0.054949993160353705,7.859527365066916,6.8453586234773685,-0.30347998465634113,7.737627758427718,6.497503280299526,-0.32671553035608775,7.650193300045272,6.789592958208564,-0.3391291345363889,8.381553958581522,7.811108888247629,-0.1244568612386385,8.229359556320162,7.9603810567137065,-0.21671056737338826,7.850676033400795,8.180072730154553,-0.3802353595659768,8.741222693235015,7.647239063202828,0.2762302567472842,7.840459949567931,5.727504276156627,0.10435113576612932,7.635757792238834,5.996831964566558,-0.20858226010540198,8.067254165942213,8.25797170284044,-0.23249731494887865,8.837611604213324,6.811487309540173,0.321480809711307,7.762900920360783,7.17259689249477,-0.3091441239658857,7.773163230817326,7.209695535943525,-0.33653539868561855,7.785213444841973,7.2614736215359725,-0.3675437511377961,7.795810009346649,7.325134794129,-0.37057319514107095,7.850788399655275,7.5245080885162485,-0.3307009987203057,7.937601998922781,7.198050693849594,-0.27374837599121193,7.9510055862529585,7.183382630567114,-0.2800082164647316,7.967420304731645,7.17104794501214,-0.2829981011458204,8.067488854954734,7.064082382536277,-0.26697113069757195,8.502423067102113,6.7288945566038905,-0.10215204860284181,7.647269643892337,5.8822269191437675,-0.10239804980355965,7.7213709216483615,5.66627604632672,0.09626741052078647,7.787781511581999,5.67756992167011,0.1084611048735419,7.920368713615579,7.204929926631724,-0.26281960207752564,8.571569561978668,7.1417246196660455,-0.03237465476651765,7.60986377119083,5.667933092990874,-0.006592057522145849,7.937491055025954,7.7150798337551825,-0.3201918869868665,7.552069823910794,5.9223395384563355,-0.23947417924919026,7.720231613169402,6.200941709933749,-0.2552050326138391,7.767272536603082,7.786063303538825,-0.3553592132124231,8.17797830851252,7.447043646092935,-0.23712244421824258,7.971988917508695,6.606434541049948,-0.18905515639287918,8.069781695489167,7.606711826634808,-0.2803889860529418,8.214300344683483,6.570271097757143,-0.20207859641631853,8.080274427885275,6.749108392370093,-0.22333853178662158,8.340795588895112,6.828511508272585,-0.18789789064856813,7.815832538008707,7.994503416776416,-0.3960536212531862,7.804410294887257,6.293430516231278,-0.21729700098828944,8.301566253684209,7.5918880151894745,-0.1909100663409786,8.160247198027246,7.763511111793335,-0.2523826305462303,8.249442535182414,7.248818194330555,-0.21833814456494754,8.682187027725103,6.95964577196502,0.05599181457933015,8.418270699000814,7.295555444405611,-0.15037400671065132,8.796715977013532,7.1362648998202465,0.23188950152052631,8.183726766961602,6.95371525173653,-0.23186396575581183,7.719788548760919,6.094243550696394,-0.1762007435744321,7.694009738682697,6.42423194823323,-0.4354976880208095,7.7806818133638656,6.486740299949608,-0.35249914089138423,7.622704816069786,6.318845202750682,-0.4847296645194784,7.77913215470241,5.517704389004073,0.06403073555864651,7.929518740388543,5.381771090595023,0.019064748578388392,8.074644736300106,5.33369184607565,-0.011054217107727233,8.207308745646873,5.352971192864729,-0.007564638320616925,8.313814886601259,5.427680884106239,0.027413610179731217,8.413714887442628,5.7125126265084,0.1331265311634398,8.828458732725057,6.124588840015188,0.4217352665243312,8.331623515578547,5.906003760827314,0.043894359945569984,8.216156521418865,5.947439172755902,0.0036913209126007477,8.077889845282309,5.963761437987233,-0.009207145405944379,7.950001401750904,5.9498692708037195,0.009189837507977396,7.85141139230669,5.918014860016541,0.037157429601618476,7.7765455973129125,5.883551489706852,0.05330201958231335,8.932802890048958,6.200256844724487,0.7701654199881406,7.791345939856995,6.544704218969014,-0.3102445620771463,7.624790703565908,6.09773828344646,-0.30541970267941926,7.598031177886884,6.422232824553858,-0.49377274777651037,7.560901242569792,6.52435454804708,-0.4556907218063569,7.610371552872463,6.464433464899026,-0.4520390407791686,7.77361482937172,6.608040382838643,-0.27662171624221993,7.53906876379603,6.531547410691395,-0.4793389734684606,7.55223552857721,6.596129559863857,-0.3749620574698954,7.776748283278271,5.78954751692092,0.11800626926943164,7.718116567341422,5.810784739017474,0.07250359229948748,7.67132100060265,5.823301841941269,0.003856982866615974,8.237418634774324,5.631118921072446,0.07366158589087808,8.324678854344443,5.566745858474776,0.06821332269147652,7.009907624300825,5.844227212122702,0.33750446873314777,7.097065434120028,5.824210017301838,0.337764626837367,7.003033369770476,5.72192010001631,0.3378468346647638,6.929261367810805,5.864828995938388,0.3377813839884503,7.020047611999328,5.975001619329274,0.3377456694767913,8.010766654165204,5.645347120251158,0.07611603625739514,8.109923473133595,5.628677088574003,0.07579216097525034,8.006052960907688,5.516276341921832,0.0757893551525391,7.917512619451097,5.6602160915519315,0.07567418307534875,8.015185208210006,5.778854232095933,0.07569180697562604
7.398388806825124,6.968229558842764,-0.3764987096991519,7.307836565918079,6.408676152534858,-0.5121975821512635,7.3807547158005855,6.634877469241358,-0.3142136201259694,7.251914264551791,6.0177962928293525,-0.2821156928760775,7.293848065379798,6.259516201385466,-0.5217977691850186,7.303066654192002,6.100362753301187,-0.4557558281695554,7.347008875981616,5.734944965583174,-0.1259889104367157,6.827453409118869,5.930164751082891,0.46786662946306107,7.345654195690781,5.458299243475824,-0.007185788239400687,7.330771732963695,5.274728440445815,0.011776154358848582,7.303008183851836,4.5537704779572366,0.25349298639762896,7.402493002027622,7.032942136167992,-0.3756546762496163,7.413837656943696,7.098007648920004,-0.3527399165855257,7.426043868799807,7.149270639083179,-0.31789218823631094,7.429979697601105,7.146832496344448,-0.3023831506516183,7.4283939537973245,7.201047886455044,-0.32745662382713325,7.431586575262777,7.270799479963498,-0.35887802546571373,7.43868543812848,7.353116560912214,-0.36246215164860335,7.46217501671278,7.552879421396642,-0.29943275401781005,7.333066165468766,6.513025984797232,-0.4754750824771688,7.293872017085408,6.563318226421265,-0.3330056044041647,6.594208882039114,5.583638871164916,1.1375372978518887,7.067749600115036,5.98002938431559,0.2795219080797504,6.980972570689316,6.017276399925225,0.31058040175235296,6.901992525901641,6.036399723469174,0.36181050234918494,6.807351587954551,5.995454987190483,0.4826779415352451,7.140671272307191,5.929292627213909,0.2613445668352284,6.882860748814537,5.600134903942005,0.3220256186088931,6.993864224003036,5.589288303610237,0.2888582741208286,6.797525048497006,5.654641941291501,0.37437220330657656,6.7552474702473,5.732437785575331,0.4249977875099748,6.760056831841441,6.105968156875902,0.5336215022421669,7.179824561898626,7.9300546787215405,-0.14978409341189855,6.801664466795991,5.897860944834042,0.5132856676305736,6.621814631678718,6.199434052324233,1.0605193556539438,6.684251796970977,6.051168767825575,0.6784800088487404,7.00073906797509,6.534145048988053,0.0779500223814768,7.293731124699466,6.953976885080841,-0.32371216651192836,7.326047611263051,7.115381793492478,-0.3065529268568865,7.20391434204704,7.042288937051404,-0.23665049043773367,7.1543131775760544,7.137170096516525,-0.14785332837082413,7.256869449765382,7.1474538317664535,-0.236573043654336,7.2061418506687875,7.191039595819633,-0.1550627037017503,7.105515099704939,7.434741860245955,-0.02407047624045733,7.243614294095931,6.428092532241567,-0.48318933686734505,7.218366378535071,6.286037784115245,-0.48698088305966414,6.656174762300396,5.686564633636378,0.5233601776873775,7.153660845829141,6.137992996200587,0.07873121562543858,7.11447585545087,6.504153286792516,-0.18467355012323103,7.113665724231701,6.4415773425001035,-0.14273992541070737,6.775193605325152,6.618014764029854,0.2915746573073608,7.231752564123449,6.136937007767949,-0.3968333995601095,6.803467889336052,5.493874570926254,0.2956558474249678,6.7046135645873575,5.564632136070335,0.4080642398456643,6.616068335718062,5.271162101926651,0.9626514537223279,7.17539560974653,5.503421438997703,0.08312160399049184,7.1023823575035125,5.63170712647685,0.2877697263383773,7.033440190752297,7.319446802981654,0.048835430864216024,6.87704189327512,7.601852910288255,0.992583600827063,7.190853617870189,6.574007731742707,-0.18257306479318441,7.2619824344512285,6.604463734349924,-0.2425088618885203,7.126211486737933,7.294497579278992,0.01998088761578206,7.144347859118356,7.277110049929853,-0.01984421787371141,6.663595564267976,5.490660463371945,0.49326190965384237,7.13522789497631,6.5857933798267805,-0.14697032937080137,6.95353941422249,5.469817196026606,0.18615917227525136,6.9215371176795575,5.347203836005497,0.19499094544473838,6.849735539955644,4.786949137846563,0.530043011754715,6.640886529501797,5.366832258753049,0.7017335046288457,6.89173978697662,5.029523558723418,0.35888630289338785,6.622070351359203,5.648039019624316,0.6443582945613993,6.607020931154777,5.620514283106629,0.8792537281734333,7.3045685670261475,7.040522146531687,-0.32472392794404115,7.229806135811656,7.100049884054237,-0.24310193077559616,7.179346232248352,7.16338382938302,-0.16182060699347262,7.219449840982968,6.602713146454591,-0.18303821880392937,7.13579076005815,7.285543163690429,-0.0033446270135164056,7.168954009861248,7.285836924315118,-0.08791473544220468,7.1544519565762075,7.270531784430207,-0.026480429494782683,7.192727486603221,6.488640330638339,-0.30517565975542993,7.2298420633700715,7.205822024952699,-0.14803786437475558,7.280499216273695,7.175978199762401,-0.2099310419634478,7.347325179388056,7.1594134819471655,-0.27186753295359967,7.360078758163553,7.570053498781078,-0.2635295215535345,7.347203307474216,7.361781442647666,-0.31993565617892156,7.339466202100195,7.279214982175831,-0.31417773659642473,7.341964928564882,7.215204753394526,-0.2786553098340288,7.352113407124305,7.158590670413262,-0.2565778031734003,7.232785305312406,7.211576774456512,-0.13839848063894258,7.219854906592552,7.2444258342389585,-0.1613855026869169,7.209463388667378,7.285542459228499,-0.18164124878287619,7.202384955197636,7.334607528170975,-0.16675182949423537,7.07706822252126,7.014285870883442,-0.07812179001293224,6.751475076613696,6.9207960237295,1.3125306604834717,7.359443333502953,6.579167210915914,-0.3690363664921534,7.195691157941518,7.2411078185500175,-0.07323308289034933,7.181550493626419,7.265540671658201,-0.0879523526085295,7.2826316225349315,6.658258560688482,-0.2604910671785123,7.183525100415401,6.674561218665866,-0.11451026466016721,7.272848759717028,6.633950397341858,-0.2534632669099693,7.075454300240291,6.254615964202394,0.12384692789612199,6.946548334032034,6.387335887298108,0.17833176368761516,7.117618460119313,6.524958865424615,-0.09886550808182856,6.696597492289171,5.003850852618942,0.7446174044556796,6.732250310551869,5.1680493048128495,0.5319078985981437,6.764978907344335,5.38542195238524,0.35186504091212994,7.173554146262264,7.49132917367389,-0.10778696806074198,7.120513094188497,5.329705353902429,0.08492198303487254,7.079602172082432,4.948263170669268,0.2251494890021345,7.044147307621983,4.6465364904783995,0.35809259444295605,6.84244295005927,6.0343877801979176,0.42578154543564944,6.696969448188058,6.230667780901851,0.6000750251400642,7.189095985355559,5.878545303183283,0.26868752575957605,6.711015714604576,5.840700903857251,0.5397544157156233,7.201574119516539,6.022676100616464,0.04016471255160487,7.133777407863034,6.414909231688946,-0.2811619614954247,6.635246607292527,6.394010664082125,0.7216491276993662,6.733597946223408,6.301020984898279,0.47817149857088076,6.820732137847491,6.311668222503938,0.3438585889221705,6.96980121340795,6.2408268263902205,0.24940195582744132,7.083178725299577,6.148072437490899,0.19804952101362794,7.164037570053791,6.0582204317419865,0.15215989126985055,7.27462611716569,5.794866849555397,-0.06343039607345509,6.653412567073997,6.678500569776812,0.6343518971674242,6.664836121726198,5.8582441192928565,0.6156354003878846,7.299338641659969,6.518927262382425,-0.45491302752839685,7.15200183798467,6.2574725573273735,0.013067876116520223,6.659952791629438,6.265364644325931,1.3924624333381859,7.221589291863501,5.961820452356407,0.13326742210171244,7.1271709638862,6.5534036292225055,-0.006704441235587802,6.770716045299905,5.922182492957331,0.540454254613921,7.140876270728737,6.338573736985409,-0.23089996770549878,6.810394159028975,7.257843016152243,1.1825598120107148,7.19783554005556,5.832542530249263,0.3093409890447668,7.181215169747876,6.219246339635439,-0.3276439886860012,6.907240062816062,7.774083989635698,0.3760932478297323,6.981166297719986,7.993407644522424,0.5072818908346074,6.6691206591827035,6.811047899699748,0.9858489447790211,6.838061901318394,7.631924981143779,0.5652555413113437,6.614644618158114,5.8936598861162075,1.0050827807881926,7.176746063265787,8.115792406647342,-0.12256479617682943,7.331710076254072,6.583510923174515,-0.3517743414386796,7.095742099354052,6.395419587941547,0.048782579708661185,6.648827224373505,6.10680294426261,0.8029570669337717,6.898908391573364,5.9557339012837,0.3800180694133787,6.969692726270775,5.941903200217674,0.3341970696716599,7.1606498126338085,7.321480584572731,-0.06931636261889465,6.700248718470865,6.972731775035551,0.5915699682049161,7.35102712682869,8.311465865629794,-0.18668146475282651,7.13845151276667,8.205812074335524,0.12739353047403684,7.0610008548284,8.123771846925184,0.2988331468434491,7.3098471002654755,4.88379645055751,0.12921461959842928,7.531727951957055,8.307279952843448,-0.2770428845346604,7.0446531112875155,5.910506036472363,0.30696270355562555,7.118421546719183,5.875711605071018,0.30206061715998694,7.172191716890202,5.853364311505746,0.31227040592173083,6.633025438828146,5.865223223630508,0.7423731648631012,7.09938487199259,5.742123080415969,0.3113513913055516,7.014971312341051,5.707408957674611,0.3172826965804987,6.9331536949005,5.7076643251241315,0.3449136527485253,6.861347890405008,5.747790828871463,0.38703662361909424,6.824617245389851,5.803320040480971,0.4287812764189728,6.614433279579201,5.899501284437375,1.2994188628167167,6.854632959290997,5.948493441570125,0.42851807183048435,7.393233554423495,6.758289336859795,-0.3116988231235112,7.145119244931389,6.895407215782699,-0.1404795382298339,7.177594939891089,6.538502146023318,-0.21254230622140588,7.280008206308686,6.7863811652309,-0.27118693467175714,7.359479965523298,5.606589184142021,-0.02859936292161363,6.992346108544507,7.920978391219138,0.20251616187896362,7.08080187074873,8.019459351145086,0.03989305717176429,7.312466289720143,8.162967404232402,-0.28133435653828626,6.931896934817894,7.84098110340496,0.7547994330145058,7.16582267658368,5.795432884715921,0.31053157373484985,7.222489594209673,6.008984883012522,-0.11225104424436481,7.496335784608349,8.160122082498297,-0.36814158976924327,7.227930153692834,8.267692010241381,-0.04351959416426608,6.7258869059407855,7.12524214712265,0.8926215096938972,7.285294488629241,7.182278202799811,-0.19732286853313052,7.271758957111764,7.224953097577874,-0.2207011201181007,7.265640000790291,7.281352319670575,-0.24489480840114722,7.264646709469397,7.3565860359160435,-0.2419886167534284,7.257378071278634,7.541538993252146,-0.19244002275394717,7.170957499589347,7.234480240715292,-0.0801528253032052,7.149473524118936,7.231489095361737,-0.06740153052537114,7.130793307128776,7.2223388393567145,-0.05540697095387669,7.036600406968983,7.1581362924685985,-0.00020996446108015294,6.760511209786105,6.974395009651599,0.34578269459656563,7.239622812802185,5.8980317768519965,-0.005012672471630146,7.2273482681388925,5.7014696391452135,0.21967973837776025,7.1913263118250255,5.731433222863562,0.2825426408343533,7.193773612568843,7.236366085301129,-0.07768097296041528,6.807491775878564,7.361837095140113,0.4206518738078434,7.2748029371100476,5.671870262244526,0.07149472951743618,7.217573154402216,7.739278639074443,-0.16656546629217373,7.319331271225181,5.975606067858932,-0.34107525983788045,7.262307191400826,5.909257729932914,-0.18279050137067693,7.3317840447566915,5.859001063636332,-0.227211228926047,7.174975750436422,6.239317868936779,-0.1317484811018603,7.4749095750161745,7.972440744108422,-0.38711697630795194,7.467706451784874,7.753595418871969,-0.34457385993961603,7.333778376479705,7.76502108690996,-0.2824492335853606,7.0362953749534185,7.543505850959901,0.03560331054950533,7.072742826272831,6.697933856569834,0.017645169789104468,7.123495785998895,7.66872043665647,-0.06543596616569074,6.883913214937526,6.746410699800999,0.12262149435495356,6.999733800801391,6.8709553422024126,0.034597845245889304,6.8441322497667185,7.0241582003664185,0.18239003677807125,7.307679470907753,7.981588886727655,-0.30029855974386077,7.147356616020153,6.348819431291132,-0.0654960325524163,6.982456871975217,7.7078349808417705,0.12102072569907837,7.083298483827628,7.831779421679069,-0.01372279868728784,6.95730194538908,7.385385848526509,0.11212066375127994,6.749947803150081,7.228393689642584,0.56192863179054,6.8822210973823585,7.464306718512087,0.23128015700318993,6.780787737508991,7.4087021294761,0.7724263913620054,6.951766283545407,7.09428245423569,0.07261240239779407,7.190721883489333,6.130386920745491,-0.04403939350704312,7.161398655665092,6.465185975150525,-0.31350171731712534,7.13962514634157,6.538448606916661,-0.21610602502276918,7.170827878594281,6.33939936636703,-0.38468997287348405,7.14086852164751,5.593091341337785,0.23329350919830538,6.978604169681625,5.54376738263614,0.26195487302514686,6.847437585140924,5.557883390783699,0.30557610233360033,6.755115735866445,5.617168793402429,0.3751945745517735,6.708595183414087,5.7130443008813385,0.4543771521442394,6.733886775614589,5.98083387983932,0.5906981525380275,6.6311867931916,6.50788059486262,1.0359870853559296,6.796330985526145,6.145573006564282,0.46119603542175236,6.871156818314311,6.1558067250172,0.36797394984440723,6.975728556084543,6.1215945314007625,0.29121322430854824,7.079926224570099,6.058755822808568,0.2475403711493081,7.160272221039484,5.98916061984851,0.2171633563359602,7.212870166559462,5.926734021485197,0.20129660619202122,6.70941799494799,6.5972218657124895,1.390403731406345,7.161116870893208,6.591378354005533,-0.17736333767139725,7.207762113107124,6.112158263852277,-0.20568133134359265,7.201454360988487,6.4348264838276785,-0.4120588912180933,7.273122795407686,6.5188539983417355,-0.4073181706332292,7.222493820981251,6.4777986615400796,-0.36980522064512755,7.197667878116288,6.63970655576953,-0.16704244205467667,7.279188212622501,6.520398883353592,-0.4377601280307224,7.309451897122908,6.5754751259422966,-0.341975364054134,7.22076084463416,5.824903345083471,0.2746365306405072,7.249779744904766,5.835715426780683,0.18944863524160385,7.260595348911626,5.841749143208662,0.10252405406326162,6.808840116012032,5.851594350907345,0.46660960520723216,6.745909122907046,5.824274965042169,0.4877055102121136,7.402345065022383,5.985973634078495,-0.34050246624571906,8.120567954068855,5.665470225613097,0.045034957818381405,7.439519521053258,6.529774567176123,-0.37789561367689917,8.587743858609835,5.093292509293796,0.48899366287946167,7.847459335310587,5.821838583458262,0.007285663604665975,7.9430745441064685,5.822307402872485,-0.01722649237899178,8.042930613719212,5.800548687249486,-0.016657478390191594,8.178204211310131,5.7130932609854534,0.03504210480572685,7.762859797709605,5.802168597456857,0.04720433182010146,7.94353314882271,5.346448300585882,-0.01840294792931658,7.825677372443908,5.388856908754513,0.021532639755551836,8.059939847012096,5.360474489837403,-0.01931131168651556,8.1453650139947,5.418633105599559,-0.001029618836881128,8.274970510899161,5.7865728670259395,0.05110203712306274,7.876115437687392,7.833905487782938,-0.3513847299626785,8.1541827639689,5.616765841178633,0.07017933949000889,8.665281869827389,5.74017982218286,0.3942636985560044,8.402507707577989,5.685992258318487,0.13393408524600786,7.904115686007634,6.355478005450766,-0.1977610658678464,7.518030394195744,6.918825643712098,-0.39693563459765885,7.527077094297099,7.082448902740396,-0.3723970241422774,7.660374676175177,6.979798937114416,-0.3872813801107984,7.762809780912596,7.049324398343432,-0.35404189431824434,7.6398050922895315,7.093550518290719,-0.36744148669772186,7.733894436545658,7.112778102200265,-0.3291175469274752,7.926542231539999,7.302869404851683,-0.28914080738351355,7.38352818241786,6.397692886588726,-0.5211158060081873,7.385611980805946,6.255164035583709,-0.5324862178135662,8.270023779228726,5.31021852800275,0.017318449427058843,7.694052887648895,6.025324173010249,-0.09992821091723364,7.682851942966482,6.397156791060216,-0.3555800429128988,7.69396553436961,6.333841161741607,-0.3194170401120421,8.238001053289832,6.319095364628886,-0.164713854153233,7.390325535577646,6.102271140668776,-0.4552844110519666,7.973608741987883,5.183813401644969,-0.051876444417342224,8.1366515243861,5.210067993303386,-0.0284298517697768,8.408718948412254,4.813467198266693,0.38352545327480037,7.542356873552541,5.397830344815178,-0.028894364610093554,7.7341832659368395,5.480793769584406,0.07012723132164554,8.00191402232369,7.156149709826812,-0.2725333375349182,8.74776168148187,7.2612906528362515,0.37709807471472456,7.618258419707376,6.49479098774665,-0.30903589098589584,7.533486288933615,6.553083803506416,-0.3050669965027719,7.8889493251228755,7.1768792065705025,-0.25796079402803573,7.870359279259719,7.16892301353634,-0.2649054017455669,8.198137666073247,5.112932907894153,0.026317525425341316,7.707618006567419,6.48336461524673,-0.3146268090621805,7.779904958560904,5.2455940084187365,-0.0521533970206777,7.781530152232748,5.108682889072203,-0.051314151710820634,7.879398230279847,4.5028297791269045,0.19785570592521606,8.286075648759132,4.952047187924713,0.1831041080087927,7.806234223183871,4.780497675494266,0.07358248500026857,8.343422372147296,5.250706288642653,0.09649256109324837,8.457648760664226,5.1731703908108875,0.2876565281120467,7.522445961571176,7.006675568656769,-0.3968133664239833,7.6473710134146335,7.039333014794334,-0.38438344387631834,7.746771296158854,7.081792344221905,-0.35067018542159806,7.599929729220142,6.5335286447995555,-0.28661539942323905,7.881754655434732,7.172373468068067,-0.2602959752528528,7.820748956783646,7.184695916142581,-0.30588441450002557,7.859996644273663,7.16716678994557,-0.264276493357817,7.53820970617233,6.4131191939255485,-0.4215855500379348,7.7259051338008,7.134628397874126,-0.3129018019406701,7.635962956924885,7.124067104623891,-0.33263419886615964,7.532180920977859,7.132772140689336,-0.33988665644697474,7.589235292665193,7.527760422368919,-0.3279500333655902,7.555409848648166,7.324176560377737,-0.39193228179962425,7.544148320239798,7.244841466777489,-0.38735499638245324,7.538325942390732,7.177890109439638,-0.3524813130140157,7.530929092128762,7.132468517597631,-0.3255303167092078,7.725090071348124,7.138410653974747,-0.30346097740407685,7.735883132573234,7.1601813454505505,-0.32744396552683375,7.749062910816205,7.196957780491139,-0.35371154570208024,7.76348183759354,7.238404093663785,-0.3521605186627733,7.843452355854389,6.8828325703373485,-0.3155387790590626,8.834275242145878,6.489182061862287,0.6268038957926598,7.797044517310785,7.15463934344951,-0.2814583858667861,7.804683702476576,7.169696512735164,-0.29756850559300513,7.508137635316806,6.619385646945073,-0.32235251095871453,7.685575392786746,6.5931578248399845,-0.24790605293413429,7.51950694640042,6.590516092603566,-0.3138471458214723,7.8090224835016695,6.099536419457636,-0.11483124613410967,7.973011358271488,6.1713696979683865,-0.1455038377630598,7.728269308036912,6.413128351930635,-0.28053972348157175,8.177682205020215,4.608387763598733,0.2723007550259369,8.074939250419513,4.815376994558141,0.11515176530491074,8.00621194455686,5.056885564535341,-0.018149867229263317,7.83319468569586,7.385123788688656,-0.32443441610536505,7.550590624587009,5.202563360366169,-0.03842183521223687,7.563087074758162,4.8157538816905365,0.07641766358330719,7.599522550224769,4.489318903776968,0.19130434206551103,8.129414586982174,5.767002914618555,0.00464275909956798,8.39771877537981,5.875976834987554,0.06186926991195265,7.705773725235434,5.778456761133733,0.07768052166449155,8.262022500631064,5.502807852656925,0.04985484781620563,7.6082156104374095,5.935187564641735,-0.10237668943334009,7.5919862165007155,6.323475708907832,-0.41927271346495076,8.541502273081644,5.983167762212455,0.10647162756579412,8.315148088136397,5.9668326989863045,-0.027374545784633688,8.16519491285415,6.02131860247791,-0.08421841819339967,7.964504276008292,6.024823300578225,-0.07671375223453022,7.820914505337129,5.990492052895665,-0.04896674146719248,7.70873880549759,5.938025137294613,-0.03278730653961604,7.442442333599631,5.755801969936142,-0.12406623570061531,8.544148936551569,6.295221854292893,0.024994570687582856,8.34693200148112,5.485899005189025,0.07860025725342698,7.372209592593185,6.500248454316125,-0.48511317836851653,7.683307025373075,6.152025173378509,-0.16112580940085935,8.787373575789546,5.781009026705078,0.6892130146943422,7.621474992878439,5.8708162991214525,-0.010345006239035634,7.753062845653107,6.439800689513372,-0.18821714773072695,8.21500248467054,5.619219482079819,0.07581050545763711,7.605458346444518,6.249004220470312,-0.371430414316972,8.81642417684699,6.866067080872145,0.5249785909131485,7.701248261798968,5.736681464239912,0.10946668048161547,7.49279515894962,6.1581391984664755,-0.4295221942535468,8.408507609833341,7.543467105553767,-0.08363202518382959,8.472689727325495,7.782292380040697,0.03915444259748386,8.724170660379691,6.388644073101583,0.31799948659398014,8.559427306883153,7.343036415159973,0.02594394871365443,8.56917494660457,5.434501462797275,0.370287997211333,7.924254139192296,8.021599506487549,-0.3433706389636688,7.391327280441695,6.567200516115905,-0.37026386939024036,7.7816879517050035,6.259831095868048,-0.166155205275858,8.508902592822315,5.711385293036868,0.19901016492696608,8.020837983141531,5.724474547921872,0.008671360170990466,7.938596984081222,5.743709528681679,0.00576876169188382,7.836707837339331,7.208011492630242,-0.303083275737575,8.560591077991036,6.611146964677097,0.0024023108055195265,7.748707862003631,8.26847537190722,-0.3063601904758045,8.116256647059021,8.092311281606198,-0.17488137519919422,8.281420564327599,7.970431618684884,-0.08290968202904285,7.855900198152391,5.746318503438366,0.027454224281410235,7.784805900205907,5.742870514523393,0.06251482671640084,7.733065989316317,5.742369289860403,0.09749048645277295,8.440659252305373,5.461804998269033,0.15953433083668223,7.778396705569392,5.587856132507134,0.0660721778423526,7.853088690590912,5.511484358014217,0.033036609012210345,7.935823517463948,5.484643301799315,0.012729687609583689,8.02396649857138,5.499198541960048,0.009570394623278489,8.085608326344994,5.539947790053245,0.023756778792795922,8.705698259658798,5.397633799936789,0.6138479603278535,8.0789744083529,5.697494712706816,0.025524681041495162,7.729874776774724,6.797198882623549,-0.32043813566472357,7.608180387340924,6.454294289255255,-0.3330298422974339,7.519177962679245,6.74509124260665,-0.34515724247515833,8.252257249361403,7.7385312049670185,-0.17111385776300891,8.097243219576109,7.888443521457343,-0.2556094982365765,7.717692516624223,8.116081940500454,-0.400543228168582,8.625519925128684,7.569005259429668,0.20337551737547044,7.726065751120774,5.678404498873565,0.09125357678694289,7.507323277326059,5.949175360718086,-0.2088031323706738,7.937432508511409,8.189287510850281,-0.2672433347747969,8.720379246273984,6.739666181285942,0.2502550372098866,7.634380735430753,7.125739497245027,-0.3206960567887392,7.643923376730625,7.164181280287453,-0.34854108132565687,7.655586448438928,7.217196971731751,-0.37972602591464266,7.6664457290854315,7.281394587386358,-0.38391066186374073,7.72229053963945,7.46471460196939,-0.34765427382832664,7.813037212039095,7.144821961997051,-0.29758457613077666,7.825029971930503,7.13002896593504,-0.30540267261227944,7.840790194222008,7.117780486363146,-0.3094879354004176,7.940282057017092,7.007211664185279,-0.2967009166976948,8.373337347992495,6.663520186841497,-0.1491800943576945,7.522274072860326,5.833556603197082,-0.10377928414261332,7.602435500304127,5.616050107858047,0.09181693168996787,7.671262135298869,5.627532837312344,0.09872443958040383,7.797905369788892,7.151605930380173,-0.2860358253850042,8.445426346183732,7.070892204783479,-0.08643067081148209,7.488165435147556,5.617479813344397,-0.004383937447558228,7.807088031042682,7.652817913055163,-0.34091125229486946,7.421888247876439,5.874520712178841,-0.23410361840303828,7.591616373987617,6.154862746031387,-0.2603832845032664,7.635807975300349,7.725814962673796,-0.3673118877170903,8.05092273431179,7.3830731000112655,-0.2714539037286825,7.844319548489863,6.556149621824521,-0.20907435021361273,7.940789269606484,7.542841543360183,-0.3079659894301465,8.082624225610736,6.51239478690821,-0.2323488257505623,7.951459049993894,6.694624294424049,-0.24938557708757553,8.210514357716349,6.766759787102646,-0.2258059374484491,7.683236579180105,7.932950017252655,-0.41249231142034826,7.677798133082732,6.247478355930556,-0.22693168962656335,8.1729587877815,7.523742171521845,-0.23184797533297272,8.02860749376432,7.694973619391027,-0.2857901442870174,8.122295294720509,7.1844606258580574,-0.2573999983031148,8.559673868558551,6.8888979875521645,-0.0038013704780487855,8.289519058671562,7.22674454426513,-0.19583293155179074,8.678787813943819,7.061566537757958,0.1613267461590919,8.055663058636817,6.89525646092974,-0.26479772914249755,7.593644519883257,6.04702934952659,-0.18204803151841398,7.560424208663852,6.380704082691804,-0.4392975721634471,7.650926432773887,6.442974290506721,-0.360784299447513,7.485851277708453,6.275424360682211,-0.4846731978645411,7.657953440522759,5.469008825962263,0.057624754698829106,7.806915437869902,5.333919092934998,0.006686509790082011,7.951704202745434,5.28385791482391,-0.030080708769576244,8.085061663887538,5.299704433701805,-0.03354565430334163,8.192730216300783,5.371307000930576,-0.004067277338470743,8.293582395082138,5.652053395930777,0.09381780720387506,8.708077227595433,6.0602957765869165,0.3541434469082993,8.2127087566274,5.848511977733892,0.008056602249482953,8.09753416235308,5.89345770554238,-0.026634381944468773,7.959808332784835,5.913859275257789,-0.03324189086961092,7.832545876258595,5.901516397787315,-0.00798795504864676,7.734782763039024,5.868532081314363,0.02483419002278815,7.659958339174718,5.833557659889977,0.04443160819001882,8.820166278617616,6.136166326416844,0.6902186340990053,7.663138984787365,6.500950098398118,-0.3197131782957445,7.493138936371318,6.051332907455198,-0.3055514681804957,7.460477263462175,6.3790774800961,-0.49232915803003374,7.425542996367782,6.481865520260304,-0.45321919284727613,7.4745545262036,6.421912992194137,-0.45198774936526986,7.646194561992015,6.564573577580011,-0.28538644357242204,7.402508500190076,6.489706885999922,-0.4757316827350662,7.419134506193197,6.5542102381320255,-0.37394133677881675,7.661385579044314,5.7381227933481025,0.10846893123757331,7.600955425789802,5.76064091893133,0.06720369780251638,7.55278572795999,5.7737460242097525,0.0011495037759473002,8.1228025073099,5.5780155038109935,0.042865388438548035,8.205881111604636,5.509491082984098,0.03533738717825689,6.926816355380815,5.808295655090523,0.356081157503712,7.016124516519989,5.787895142068008,0.35638092806923954,6.918969353945759,5.684713307685096,0.3564611706859207,6.843519367887869,5.8290159938291275,0.3563971086791876,6.937519949940851,5.939743319941179,0.35636043262997197,7.9117886853460515,5.601432170585569,0.05272266279958167,8.012181554949235,5.584314802386474,0.052340778390372135,7.9063305143146465,5.4708492327536336,0.0523347299242725,7.816176998859819,5.616336471632475,0.05221875237548492,7.916734712554556,5.73572304378454,0.052235554893230306
7.324824704556483,6.978438436251031,-0.37271494003123395,7.230496816702947,6.396533138171638,-0.503005898482299,7.3108774835606996,6.62885443339333,-0.3101551207265627,7.1885614962182505,6.009105872852391,-0.26935856625988197,7.2181459983123055,6.2474557532979995,-0.5114892960050801,7.232702345136693,6.089566817565013,-0.4454981265485759,7.290762247382545,5.730075893644039,-0.11796643721957062,6.796158412280594,5.932215180106275,0.49720912436671033,7.291540379221399,5.462144327871213,0.002676181908345347,7.27645870538182,5.280046337457648,0.02279172307578116,7.258467311399125,4.5508970176199615,0.2649122117829558,7.3286062140358,7.041972020653816,-0.37228903608301056,7.340357765281768,7.104914084020729,-0.3504193282669506,7.353399395739301,7.154294119256885,-0.31655745570022786,7.355792943359449,7.154763815127035,-0.3042996126212143,7.35298744358932,7.2092245935462955,-0.3292661795271565,7.355202126515288,7.278364952339085,-0.36043326446405644,7.361960958541822,7.360080766677804,-0.364513483264092,7.383978920718695,7.549518195182278,-0.3045649608597013,7.257405390301395,6.502657645540542,-0.4672878425876496,7.22910674226865,6.554792478743754,-0.3243357152560293,6.58544805642776,5.590807195090215,1.1759619522477476,7.028343798502378,5.980749481099478,0.29934381945454075,6.94347320530568,6.0172385829039055,0.33438226433167534,6.866946579673309,6.037036228621135,0.3888147870585977,6.777887454189279,5.999024664341049,0.5129250988885037,7.099549551578749,5.931596899785449,0.27763858441460054,6.847959458613564,5.602542902022721,0.35024292824375336,6.95684298909978,5.592615207304022,0.3118914814339419,6.764709210540127,5.657030439726938,0.4054026389405549,6.724661828028253,5.735488663218112,0.4567762849179192,6.732879745276602,6.110099639426824,0.5648435251770295,7.109442740903688,7.919228701285485,-0.1429393308479016,6.771902528851343,5.901645513810812,0.5433591202559495,6.614194570387665,6.201557241872969,1.0967013903277107,6.66337320679494,6.056555718613163,0.7123619176300872,6.950816516450991,6.534504011405093,0.09629852434022698,7.226353352685013,6.962574405422343,-0.3156613277380726,7.257360322031995,7.119901396171252,-0.3001713767489961,7.143527732212327,7.043507158580242,-0.2247441484168879,7.096434911648204,7.1327486697169995,-0.133377837824066,7.193780260976392,7.147986674116058,-0.2266433534570589,7.146086060692468,7.1865911678154335,-0.14332234511982617,7.0432790004664065,7.427843022295356,-0.009570902648014615,7.170101110557114,6.415770951479919,-0.47140947666259253,7.146757155391498,6.273836887306129,-0.47374827337733777,6.629104421450156,5.693175543881339,0.5606335590545425,7.1041873581766595,6.138071542506421,0.09324481899853468,7.06198726160924,6.495914305731615,-0.16818594599426384,7.06251329281614,6.434914403099143,-0.12631541114683012,6.73272482310054,6.6214512659527225,0.3196441920342878,7.164306316980709,6.125991837923888,-0.3831541860148084,6.767577383372392,5.5013635809328685,0.32680368713746216,6.672414324151543,5.570846176896412,0.4435008628128751,6.6008818261220235,5.278097838997821,1.0016798736404446,7.126367988638397,5.516841714704823,0.10021334611252426,7.063487894141908,5.63548780695389,0.3064383968845076,6.975809688599953,7.312804856269246,0.06672419451547426,6.855623176986638,7.605941555895553,1.0120226013478535,7.136875937325617,6.566284887440673,-0.17006292498360787,7.203874144938502,6.598480532393071,-0.23431895506522876,7.071242453245492,7.280108531011485,0.03575488567119926,7.08892822802632,7.264386746908089,-0.0056190200362628735,6.635124556373561,5.49766164511671,0.5297565130779393,7.085369947318873,6.578827245976263,-0.13205701624318789,6.911909924508296,5.481069480060533,0.2116215139067861,6.88133251210403,5.358809475958979,0.2219338513407375,6.821099474243063,4.790078548474336,0.5615231732433861,6.619399955503328,5.372958799975351,0.739542661324207,6.85715268137939,5.034470745882194,0.38779833033810385,6.598857979149294,5.6557917665101565,0.6843574456839318,6.590962581703837,5.627554383156127,0.9178763069313706,7.236285976745678,7.047256275240929,-0.31701702881455546,7.167816008460209,7.100949484696976,-0.23191706717452212,7.12028377226944,7.15899459891693,-0.14847064669504875,7.165125291938706,6.595880656602078,-0.17230697490445648,7.080609611363531,7.272038494022104,0.01147919134862418,7.1084075790909145,7.276519265868826,-0.07493652774362733,7.098438337061363,7.25888700965791,-0.012645770188410472,7.131922652841908,6.478743999282045,-0.29059921081956536,7.168903280459476,7.201327083525711,-0.13729405697678657,7.216595368168273,7.176250112563334,-0.20159558444463005,7.278785354789579,7.162652170655399,-0.26677805574089547,7.284323822583774,7.565749814083258,-0.264317741944302,7.273511663078106,7.3662508944353045,-0.31736881658536764,7.2664352405906465,7.283960459661739,-0.31095761319736265,7.2698738087075006,7.220483210595704,-0.2756709407426751,7.281174677259472,7.164032386405764,-0.25399695420983814,7.169268755956639,7.209470356452866,-0.12915975149093034,7.155319422385728,7.2414188301152755,-0.15179572991673954,7.144691056916206,7.28132114913502,-0.17163900505613716,7.137403376915936,7.329408992584482,-0.15597772642476998,7.018337234312229,7.010474229685403,-0.06161104200924515,6.745854477521744,6.922986155904978,1.3373092614894142,7.286710328286829,6.570710028142354,-0.36363718269975376,7.135152780212788,7.234241708213376,-0.06109234429881909,7.1205907998547255,7.257639181948906,-0.07558586952063473,7.221677519734796,6.652946944346008,-0.2528569338503408,7.133057809877413,6.669158845879124,-0.10378055024928828,7.2133997461911505,6.62842980579258,-0.2454900102767751,7.028188172134606,6.25548072201798,0.14118605853650207,6.899904864246955,6.389659522896477,0.2000810441257024,7.068630606195438,6.518965317146134,-0.08346668249561093,6.675847258734722,5.009843049230395,0.7814360824021952,6.705732450688677,5.1730845461463035,0.5663979403515002,6.73228892843244,5.393395851764689,0.38428714245122114,7.106340776423913,7.48614516648923,-0.09658308380878523,7.072282544400231,5.344130951873015,0.10461364205045943,7.037173658346168,4.951042689402142,0.2463714162310063,7.007104672356067,4.6466934972833895,0.38071618629300563,6.810572512379689,6.036250350673478,0.45503178199390043,6.673817074036608,6.235495057114349,0.6331281590069882,7.147164178199514,5.880911645215975,0.2835228983620603,6.683980672977945,5.844958785398233,0.5736398919026436,7.150093615710493,6.021889064952585,0.053544971599727334,7.0747831291602035,6.404861613518358,-0.26490803064468144,6.615582532246832,6.39646412738412,0.7574483199662865,6.704652220606503,6.305139617171047,0.5102041901474615,6.7850321832725475,6.314646205247542,0.3717620366125108,6.928815454875143,6.242566550259843,0.271866126918976,7.039979862308008,6.1488484924266205,0.21575707777397998,7.118533151679946,6.058424643409832,0.1667948152724033,7.21991844884479,5.791078965139202,-0.05191495484345847,6.6271087421458015,6.681319532508236,0.6685020412036831,6.641468619483276,5.864409968794452,0.6522286109199595,7.226618832959446,6.508661584054631,-0.44472514411159675,7.100918500261764,6.255516635795158,0.02729063611126565,6.660231103387731,6.266752718709867,1.423105866783933,7.1740079661606995,5.961156755169675,0.1460351556562106,7.080067383747316,6.549523012182537,0.00614073050438303,6.7427602591507725,5.926975289596853,0.5715458898308681,7.084196059739353,6.330346863599657,-0.21493451583946302,6.798963207859015,7.261572092645737,1.2046721123106556,7.1574643903324695,5.835117706259786,0.3248517337370611,7.118419072623028,6.209521650105944,-0.31226906022610973,6.8612038962833966,7.770512566758752,0.39421444106208353,6.939994498261393,7.989638013538558,0.5210907299024314,6.655046844023349,6.814315291314991,1.0175510344101903,6.799542053444117,7.632956462442117,0.5869630229959976,6.60363521570566,5.8982280714452395,1.0425446466789705,7.108664609064834,8.10069397544818,-0.11682833138128311,7.261740394464277,6.575014047870024,-0.34512607322955235,7.047233741106229,6.394293808535842,0.06434287672477804,6.6323268027122335,6.113142451803013,0.8390192468608028,6.864446699105045,5.955288725655494,0.4067530145672356,6.933182851856656,5.940964762095198,0.3584905975918227,7.10054246188896,7.3112647890008535,-0.05560079327726043,6.668669432641113,6.97621530302455,0.621797758415206,7.276924176101714,8.294200927841105,-0.19031401514669444,7.081660265393912,8.190529824387646,0.13438893608577135,7.011791772373634,8.112952544724894,0.30938134607391055,7.260108782273666,4.883699427851665,0.14057133218320841,7.450383494720581,8.294010091887865,-0.2886934700000917,7.006666665112839,5.910471148504347,0.328100478176258,7.078854061432072,5.877586099868475,0.32030989526554254,7.132041661240792,5.8560255102068375,0.3287994104537987,6.613845995491526,5.872453246498877,0.7801441546873922,7.061873886744032,5.744086139797811,0.33155110557613493,6.9791714998204855,5.70792448713824,0.3411892894783191,6.898418315548475,5.706969603180334,0.3717270470869514,6.828338565015387,5.747314154593563,0.41610366819208766,6.793176160391412,5.804169889016391,0.458542485748983,6.611564414353167,5.904355947700178,1.3342744592939204,6.821919153392769,5.94920098832799,0.45705870980535845,7.322760014464611,6.757225765244653,-0.3081194565367103,7.086960012198631,6.891283445149138,-0.12677289369202055,7.122247058755164,6.530261960547848,-0.1996421346368466,7.214569408620415,6.7852068228164715,-0.26297484835453333,7.306399528480815,5.604430839995542,-0.020425224944593656,6.940099422826088,7.911926233259317,0.21604095505681978,7.021815237164807,8.006400592988403,0.049445139960286266,7.235200113129829,8.149592343555128,-0.2813720108037623,6.899768251055337,7.842595742704999,0.771931518876864,7.126539811415483,5.797790616321208,0.32801318041028704,7.165205569793574,6.004227232689875,-0.09945333620719117,7.412383197507846,8.149190954280787,-0.3761244602400764,7.162398661640025,8.249970646575571,-0.04056133518050907,6.705961312994222,7.12923756985408,0.9207504653931644,7.218299512104948,7.18453844898262,-0.19100220850066724,7.203730489829791,7.226796289270207,-0.21379139263524624,7.196897717673774,7.282397154066937,-0.23740318271632407,7.19509005755582,7.356990773457088,-0.23420329157696473,7.185805289867776,7.5368328857296865,-0.18538126225251184,7.113362976149752,7.224863283027986,-0.06622762933041379,7.092879447707595,7.221452882579507,-0.0520398443434148,7.074997907631562,7.211866720839852,-0.03903159697410382,6.9778764912669535,7.152924466382161,0.018379967518075534,6.717924121753001,6.977863815816185,0.37285881519985464,7.186555254038256,5.895917618446796,0.007127459881895757,7.183502582978136,5.705837262911667,0.23262561607009388,7.150147134280405,5.7347950343843825,0.29832069491879887,7.13493941012485,7.2273969647983,-0.06475693044689217,6.764361339835699,7.364049591151813,0.44411945121757485,7.224627378805347,5.672913483731779,0.08315644203565159,7.146647301484836,7.731619354458536,-0.16004510472910502,7.253988652127531,5.9666473379276335,-0.33127607470164405,7.2031762909545165,5.902810598993965,-0.17113581606781042,7.270945588489162,5.851847892891,-0.2185100272377985,7.119015523000865,6.233915555110232,-0.11822919975412478,7.391099707283845,7.965143409119831,-0.3935513125317662,7.386538657582255,7.748272080001718,-0.3502565499521315,7.256144182949913,7.758057527995124,-0.2824191218696046,6.976764572557858,7.5374398989831635,0.05090780665712288,7.023594729614386,6.695435055322559,0.032928760786081264,7.058864171378184,7.661073429013844,-0.05446886562092311,6.832838350038261,6.748326894613343,0.1443464049101821,6.946249129024017,6.8701844531529925,0.052984787094923456,6.793910632344285,7.026331218596997,0.2050757878963005,7.229075757833438,7.972424751394717,-0.2991614338018139,7.095896909182246,6.344654630750638,-0.05117276428927109,6.926808508503438,7.701472907380404,0.13636355565681774,7.021520885030291,7.8221262980970305,-0.0031504687783503985,6.901747029758667,7.381645229393843,0.13154890891589102,6.714248945221798,7.231624227629648,0.5886268079453298,6.83155390436037,7.462813182582672,0.2517122482207689,6.752892169465189,7.4121627855028125,0.7972760826888013,6.896733184787952,7.093517445396285,0.09290215271095795,7.136379482170511,6.127226990182122,-0.030426283510889295,7.100853714624502,6.454260661930667,-0.29785531222286893,7.085715001256465,6.529845783247611,-0.201360230371764,7.105193648129349,6.32733573985039,-0.3689044046498962,7.099115065294067,5.600006403485571,0.2507927939082408,6.939832534168237,5.5499799202602125,0.28559863546137404,6.811885829917665,5.562311373378846,0.33416482313541646,6.721966182164785,5.6208976589274515,0.4076661311543794,6.6788203561316815,5.717237070398804,0.48824964923641334,6.708752728930165,5.9858928973447165,0.6232847032215226,6.621188602445128,6.509919270447567,1.0707954096754781,6.765808453798455,6.149216784690621,0.4908015079552249,6.835814968393769,6.158229030187139,0.39480072467211597,6.936850282279055,6.122884239910437,0.3141344420582401,7.038763019034216,6.06014850471437,0.265718929404012,7.117155752696418,5.991168701631317,0.23201455371428803,7.168099797719085,5.928490710155417,0.2139499678058,6.708006989909942,6.598447435382731,1.4178458187868297,7.109009663002426,6.583709407097325,-0.16387877940989284,7.147355014152753,6.104842144124667,-0.1917734964763457,7.13379861955567,6.422564288900212,-0.39823365925529497,7.206183893745236,6.509246767365118,-0.3967202192359132,7.157808740078352,6.467545942719642,-0.3567812602412906,7.145055828221659,6.633330275898086,-0.15604304020581405,7.209434442675688,6.510415021410963,-0.4272949469092875,7.242231467347889,6.566963024056796,-0.33432570893501656,7.178555636219811,5.827372301648425,0.28812589148233947,7.204355812067711,5.837535900589763,0.20075695813674307,7.211920239409764,5.840763915385515,0.11390187568207308,6.778388134494641,5.853892161423301,0.49669176352023253,6.7171171180540625,5.828090577191983,0.5194376398646853,7.33514674663243,5.978401705940438,-0.3357078172006008,8.06598507028504,5.671042798455838,0.016144319759634217,7.362039123821562,6.522453882874353,-0.3754346164367848,8.561555056412246,5.100203520993341,0.4376644779136343,7.7938783518673596,5.823736911948802,-0.010031580188011431,7.887640773778273,5.824655177937821,-0.03833317633585197,7.987197285073882,5.804701553756965,-0.041684229377574634,8.12527589963887,5.721521372758612,0.0038585644880467103,7.711717488368319,5.804859996891574,0.034195945514846074,7.884544442832173,5.346587172555298,-0.03680173816664832,7.768354923361243,5.388362641521966,0.007886949208006191,8.001468434255976,5.3627110501247435,-0.04245918960298751,8.088768488849999,5.423473640151157,-0.02792338262037215,8.223040243034133,5.797616328873139,0.01639866362728788,7.795988814420342,7.837750903744532,-0.3720679638982502,8.100708059282368,5.624232710863028,0.03949441872284069,8.63370935572114,5.7508622245212235,0.3379538586636275,8.355289558628956,5.699650586648996,0.0928670861644304,7.8372199431956675,6.361225670055534,-0.21686730202177462,7.4408339509498145,6.931618842070145,-0.3979876762888156,7.450678551046807,7.091114743283914,-0.3741630222575898,7.580383621995677,6.991181489423791,-0.3942216590271046,7.684022332630504,7.0590085306786055,-0.36546299776021385,7.562341526209907,7.1026437699497205,-0.3736247997317219,7.657985548368256,7.121485123325625,-0.33886781147842615,7.855593009084842,7.311005646451806,-0.30806921685944494,7.304101750933142,6.386711776401055,-0.5145370817352154,7.30765791906546,6.244464346916596,-0.5254149071177819,8.212943542305185,5.320019779840039,-0.015268753645242827,7.63407119791805,6.027538090845152,-0.10975485769660648,7.604988784512775,6.393173439526234,-0.36254348495113836,7.618989524078471,6.331548214655842,-0.327223033300392,8.1770663830962,6.3297602719057515,-0.19809614775689743,7.317981369524825,6.092911023992811,-0.4491445632556395,7.907414476977383,5.1855107130498475,-0.06866877590891782,8.074250872569626,5.214600872563924,-0.05333925409512988,8.37552943673967,4.816519890873617,0.3421418408011876,7.482124231828727,5.405299156324025,-0.027513353243847117,7.680166883021704,5.480489226092012,0.05897104929680776,7.931834437074918,7.165175993741781,-0.2957418128431402,8.71398228124736,7.282923889465547,0.3109660634978751,7.541408723457173,6.489658266585571,-0.31434616169686036,7.457138805788569,6.548812482747784,-0.3055033183184278,7.814979456438634,7.183059646392943,-0.27715515680611796,7.797248613388405,7.176529676671954,-0.28109823427075376,8.137798540806598,5.119062479161981,-0.0018289163578832865,7.630472074091459,6.481022763653566,-0.3225517996022767,7.713126575978769,5.250069600581475,-0.060111267710223376,7.714433555791359,5.112534269920265,-0.05900408579067313,7.833891228985475,4.4979724334146916,0.18275352687701565,8.23971198175347,4.954854831220817,0.14858852178540002,7.750433948549484,4.777641818695152,0.06208915517092104,8.290675744143998,5.262570763902066,0.060403006633318566,8.418065432752458,5.181352108910163,0.24431055518155304,7.444990794610225,7.017761909685674,-0.3980153158134084,7.568311663521946,7.049219561726653,-0.3907802301314313,7.669205434873649,7.090778139646835,-0.3608290202047224,7.523528591764558,6.529129620279181,-0.29037252710712097,7.808148092666035,7.179345739317725,-0.27755793245788674,7.7474693014530365,7.192249348200222,-0.3197436371072454,7.787073043188008,7.17523748488526,-0.2799350636088108,7.459432358185986,6.405275678243467,-0.42300677149507854,7.651882318823146,7.1430911333525176,-0.3224961464512456,7.560245851682821,7.132561354722307,-0.3392035348758683,7.456960645286098,7.1398236838210405,-0.34293339629450137,7.510885533814528,7.528375543300152,-0.33659001537050504,7.477356149764582,7.333289088903111,-0.39805228587815034,7.4664954010309685,7.254116110826927,-0.3928644175312575,7.461729431541952,7.187565064949492,-0.35833719382913465,7.455405085800099,7.1422841296535795,-0.3313413884826881,7.65193302062622,7.149278161711043,-0.3145570671138167,7.662269146536354,7.170226456681383,-0.3381587784510542,7.6745685589322115,7.2060205212686625,-0.36454614015461406,7.688351703259712,7.246267894225998,-0.36418086271136924,7.769032355785656,6.8884138639334545,-0.3294798136869866,8.812853614009752,6.506809559858988,0.556252078238842,7.725542884198381,7.16407041275807,-0.2949982744220091,7.732393965338843,7.178349308048966,-0.31100578431148174,7.431344263474344,6.61688247014233,-0.3229453987558327,7.609458993483857,6.592439975910096,-0.25529216081728795,7.442652878135117,6.587163467431785,-0.31417898218385776,7.747444654743209,6.103445027773278,-0.1301704096328173,7.910981207985343,6.1777682375470295,-0.1675526795936219,7.653356896262567,6.412283089943409,-0.2899827129840028,8.13752742699849,4.607502411890109,0.24335976433795797,8.022659675366048,4.813899593523051,0.09126485197169529,7.94037276155103,5.059466734797994,-0.03698104573139553,7.759853921045727,7.392474993692245,-0.3404556317471101,7.488371116482549,5.209301125759206,-0.03629373261705945,7.50944123661861,4.813577425816014,0.07646239564637991,7.553505328640731,4.484184359745226,0.1903342606583388,8.075069847527624,5.773374529278075,-0.024081703260387957,8.347687809126306,5.889359481057433,0.021251647555142267,7.655561016312895,5.781044937472388,0.06630839131708216,8.208528964479145,5.511929977531967,0.016066975578430263,7.549522420332535,5.93582064165825,-0.10835163468273662,7.513758635988758,6.31677286420984,-0.4219487674637319,8.495853265736311,5.994535442193815,0.057766259804541545,8.259569483765995,5.979011535960752,-0.06443145633971997,8.105382483849166,6.030299930729301,-0.11431490612560953,7.904642074217594,6.03023444090033,-0.09853139521768936,7.763009404095414,5.9936721031581275,-0.06466962717942347,7.653104795630612,5.939488776272358,-0.04330365024921657,7.384780995075668,5.752234342066932,-0.1208639110287419,8.493213251017883,6.309399272821026,-0.02412575925420542,8.296070556829482,5.497688404401667,0.04073902530492382,7.294693045504248,6.490405413989213,-0.47909814982936755,7.618721227037201,6.153220818750099,-0.17085594387531766,8.769374001106407,5.792654241993063,0.6225976321730867,7.5672511508076346,5.87020264979573,-0.017332010596957288,7.680723898663815,6.441060588338526,-0.19985149963443868,8.16358463282031,5.629002553406447,0.04305268842729209,7.530672616656117,6.244434066673092,-0.3747753609608689,8.78967021455387,6.8866956361625915,0.4550592894825477,7.652352718885005,5.739618043401857,0.09722685807009042,7.419170197202754,6.151323022093347,-0.428081749108563,8.348770151783608,7.562665454396217,-0.1293150587718328,8.41815345671613,7.80158009659274,-0.011625161212505336,8.68768846701119,6.4047862650054554,0.2573436253086193,8.508360414686432,7.364660829555547,-0.027621339392029695,8.535445740403933,5.443894847627034,0.3196104788562017,7.8425999678552545,8.023233591609184,-0.36725406536101474,7.316409613629511,6.559075372720143,-0.3661346866209983,7.715329287645678,6.2628557217902125,-0.18004048527772656,8.467477156615535,5.726393675195743,0.1516965049036911,7.964442738369008,5.726683450084148,-0.015549686251422938,7.882736782714219,5.744566046447746,-0.014983752681491786,7.762834060359781,7.214699684086648,-0.3183089565293585,8.507556931946041,6.628170663243532,-0.047347198816136464,7.665205625964427,8.261279261236345,-0.32624174215338486,8.042290427648156,8.098165223019834,-0.20932617902410353,8.215474407308662,7.9833833827759335,-0.12473730652313639,7.80207162240588,5.7471634575677575,0.01024909702986413,7.7340882505915864,5.7449353949993105,0.04790977647245265,7.6836681242006915,5.745078345916313,0.08419186792031658,8.395440457322108,5.475066949929863,0.11681252007680866,7.72668437895927,5.588178799534991,0.052141038892650364,7.798846424376966,5.510000140152438,0.017823402998777643,7.879956633845627,5.483272895919153,-0.006046895583735039,7.967960175957311,5.499406280076675,-0.013264955505613869,8.029811446366411,5.542446477353372,-0.001993955444425554,8.684955498987126,5.4067659876546434,0.553920719549027,8.023213874241323,5.701361772502765,-0.001406013648593135,7.653012546516685,6.799856827138206,-0.33000859564275076,7.5306261400032986,6.448191937779316,-0.33663847256250606,7.443413405181237,6.746811474054779,-0.3464750624788053,8.183958307355805,7.7528690434804854,-0.20834785868587025,8.022055478879409,7.896355146181727,-0.2859328844574247,7.632508596514957,8.112099768564848,-0.4165776772364574,8.581998445926969,7.59098804494708,0.1442171637255218,7.6762705902937585,5.680914862029497,0.07833088032322966,7.444377443631365,5.94561242737704,-0.20923593245534955,7.857061952990588,8.188079237239037,-0.2948029272406317,8.680578243321682,6.758404582166138,0.18944299602017642,7.559248012030644,7.136931568470658,-0.3295045704267691,7.56810603954281,7.175010030963134,-0.3572599565617258,7.57875905172216,7.227294857000441,-0.38849107893219664,7.589137429134856,7.2907277419887855,-0.39342455802407955,7.6458037359878634,7.469376249314001,-0.3606234622435591,7.73904787280068,7.152470966921326,-0.3109327684336164,7.749741728099173,7.137280143366795,-0.3199831943243767,7.764570597115088,7.124873693831114,-0.32535481269543326,7.8686198515164785,7.01466980388983,-0.3159935521829589,8.312936652460603,6.678616140535964,-0.18878690940695272,7.464344095358843,5.831929126199759,-0.10510199900090755,7.55153992957988,5.618519955620764,0.08678897645795287,7.620690851248309,5.629041988142171,0.0893300522412147,7.725706256674955,7.159841741543302,-0.2988476723833077,8.38764716767451,7.090111974289771,-0.13201849475608626,7.436136288056606,5.616194362500569,-0.003244395849085358,7.72963494222153,7.657555287233831,-0.35739623966347983,7.3594209390461245,5.868621035216485,-0.22946355322912226,7.52306734619492,6.1525032473982515,-0.264852993661396,7.555140461789889,7.725825969265548,-0.37832629166734916,7.9796568002499475,7.393815774706885,-0.29581359638551413,7.772503316721141,6.560271090242653,-0.2242227604740721,7.866528402139649,7.551095584611267,-0.3282580630772205,8.015857887645243,6.521904613341045,-0.25822142228034,7.880508720145773,6.701786864541076,-0.2685932859197241,8.144720041117996,6.77978736342116,-0.25731305898723444,7.599270747832691,7.931959079007477,-0.4262886569565977,7.6088005742355955,6.2469621149097305,-0.23481419989083416,8.10222559241606,7.53691738873481,-0.26358311594949263,7.953296791993099,7.703284088456903,-0.3118930878712789,8.052685705661878,7.197156156031112,-0.28624345500724785,8.506699226444029,6.90804813717411,-0.05443477834099141,8.224138077909041,7.243563798062017,-0.2325374160584953,8.634707899565026,7.0821320738391895,0.10190723525743207,7.98603677713684,6.905603887750887,-0.288417338826055,7.530078278853408,6.0460745292109,-0.18739549260721025,7.481223570632443,6.372527946990923,-0.4409104936099574,7.572538926353294,6.437622020221672,-0.3658161058904811,7.407285553723716,6.26650273065304,-0.4827758350435345,7.601928367343853,5.472540662172498,0.050195522244592804,7.7459327551431905,5.335931695704965,-0.0056193693813686935,7.889033664979406,5.284802448262734,-0.04768023748268666,8.024003977339236,5.302319217033314,-0.05745433588627699,8.1348226266428,5.377585339505913,-0.03360746680721962,8.243428705595523,5.663578366336516,0.057939435950069285,8.674298261657519,6.073412659752064,0.29481511855960013,8.158020109932869,5.858077172752087,-0.02397417098576806,8.040770781939337,5.900210371107116,-0.05368770245682027,7.902869623685109,5.918073602198706,-0.05466929618620256,7.7774904024069,5.904537629161195,-0.024557349000332185,7.682304809051351,5.871313160121407,0.013415671786661112,7.608660440085431,5.835488815290624,0.0358099391589779,8.801569646058805,6.150987122647978,0.6207295436040734,7.585674214308174,6.496717788472006,-0.32553416152141346,7.42525511776342,6.0459350992524445,-0.3054194094750582,7.380265717835187,6.3692654268014115,-0.48943295538004605,7.346750417619429,6.473578753093816,-0.44903422521717756,7.3950354347475145,6.413330223015242,-0.4502255855534862,7.569652444536587,6.561578774246953,-0.2904433863978763,7.324053614634723,6.48081784386614,-0.470475938515877,7.342461890109365,6.546825957935651,-0.3706956262926335,7.612154639347326,5.740553209991901,0.09899085830206239,7.550758980974188,5.76179374452163,0.061787590572881045,7.500113513236294,5.771754888346524,-0.0014044587877973481,8.067839911247521,5.582829055118907,0.014850433511639506,8.152023213335873,5.517088533898956,0.0046745129346056616,6.895140303141358,5.803419924845912,0.3409947125066238,6.980734805415287,5.784296894786259,0.34136069414157794,6.888561040000713,5.681291252498156,0.34144147813423725,6.815447631583659,5.823801345490209,0.3413755921974293,6.904051145031726,5.934681259472489,0.34133846809075097,7.858039371083193,5.597386810326714,0.03208397004998844,7.956010042649301,5.581395320798629,0.03177763840416588,7.853841684303639,5.46745745431841,0.03177446679072485,7.765682515824183,5.611734012213419,0.03165696855296804,7.861696942821661,5.732124035230742,0.03167325573699609
7.2192477892256575,6.957824299013337,-0.3768579810041155,7.115676697414219,6.359993839963262,-0.49454769991058445,7.203732541175545,6.596580186601296,-0.30864907263926533,7.084599977038667,5.977723985587944,-0.2541533002951217,7.10292650147,6.211527070557078,-0.5006075010501408,7.121828728239489,6.0556371027541465,-0.4332184169775158,7.190746321280036,5.701201966171257,-0.10513603084862128,6.725555019543673,5.9175462824231415,0.528941799954596,7.194513599719144,5.430632372754566,0.018038223221221193,7.178781938016366,5.2482678014422985,0.04074214630953851,7.1622847742994695,4.53227093564645,0.29031722978989094,7.223438790188592,7.018584708194377,-0.3772283004825833,7.236354272935494,7.07790025858756,-0.35617454380698854,7.2509940612256365,7.124761168251489,-0.32231972697511924,7.252315655279289,7.128888435743897,-0.3106185288017905,7.249015522168102,7.182197631815869,-0.33411643780826084,7.251141138465312,7.251146041039967,-0.3649865059074724,7.258364732036785,7.332620528509732,-0.37013287421996893,7.288487551457874,7.518535264240636,-0.312638608424936,7.146053049981796,6.467231357249458,-0.46013661594722943,7.124226787614003,6.52246586442556,-0.3172057069007536,6.540866627844538,5.592229637824701,1.2185920982310043,6.949714039796964,5.9688146067026695,0.3231353271740024,6.866432603382618,6.005970519651462,0.3611777744487298,6.792702082765654,6.023698929974782,0.4179786761138656,6.71082558417411,5.983262494213426,0.5449622758321885,7.019205934440052,5.914650261537157,0.2978411717185172,6.775198490508695,5.584286416330531,0.38168570385047657,6.880322998118225,5.573139712482674,0.33918368644494995,6.694971358104936,5.639009304822904,0.4389174411499881,6.657666967180853,5.717768466301144,0.4911320936570569,6.6687131682482645,6.096427224258532,0.5972968225533852,7.0259336676034785,7.88701697758031,-0.1436630341572457,6.704262437445558,5.885560484632835,0.5758145720982726,6.570864781795806,6.194842908635452,1.1313676786037243,6.606988352595641,6.043579570572016,0.7471292654121359,6.871449337991157,6.511892411628532,0.11558918453138209,7.126333493980397,6.942080030690016,-0.31501228624513383,7.158787137466432,7.09229141630587,-0.30183037920677785,7.053255716160467,7.020845495478526,-0.22039055994350737,7.012401861185556,7.109759990172431,-0.12690033255190267,7.102768918713204,7.120545654415276,-0.22494028054308957,7.0606642068332475,7.159536531020968,-0.13995699412834775,6.963471364649055,7.40784213218988,-0.002877283653285981,7.05863454092573,6.380952346616971,-0.4601844160501239,7.0354656734700445,6.239869555010289,-0.46010549335276246,6.5664405583528165,5.678145507748752,0.6007003036892372,7.016629281274505,6.114602469243342,0.11022167508351682,6.96678970732325,6.467030351688569,-0.15286642525965968,6.968883807069101,6.40663343339987,-0.11048403943033318,6.665988037107426,6.605301866914033,0.34812256832413563,7.056167845506035,6.093098376067218,-0.36771769960714845,6.6922315192401305,5.474586055647583,0.3635283401312644,6.60373444375978,5.550318227459745,0.4830111100586243,6.548681331845945,5.276546552424984,1.0473530446404027,7.036145030243783,5.479553764509563,0.12300624376656287,6.983090768053914,5.613956097779858,0.32957588764966433,6.899393313161629,7.29420465387439,0.0780409233479114,6.803856140475495,7.6011898714668416,1.022437547417599,7.041493739193302,6.536996395337658,-0.15942570902202072,7.105204097581541,6.569020012989595,-0.2284987180564564,6.996101500822701,7.254808964675687,0.04413368836291384,7.01241096596706,7.237914692411667,0.00100478602708351,6.569830338543424,5.481477674878076,0.5705702617251293,6.993379171153094,6.550412641067264,-0.11892578054157223,6.829520418431001,5.446778652199666,0.24219721201267735,6.798896135659402,5.329160633447539,0.254630600956258,6.747891850043482,4.781363750231528,0.60425795328882,6.559749244315404,5.3666649793808,0.782146255075367,6.778621187986277,5.018358411301612,0.42521518271679926,6.5411530782780005,5.645166938590638,0.7260072228752633,6.53838032212622,5.625228867833151,0.959601335599692,7.136995893489038,7.0231882257962095,-0.3173860953842957,7.0770346039769,7.075883199300586,-0.228997270503266,7.035415947355679,7.13406275310923,-0.14367411966645635,7.069482537903485,6.566602343316458,-0.1637061819724238,7.00475664619368,7.24615662077594,0.01862121102606825,7.026807026260026,7.249976426800646,-0.06979746840068234,7.021272019473584,7.231794878505564,-0.0065156578242440265,7.030943398533938,6.447308694583747,-0.27683889207680873,7.083288188134326,7.172224394230278,-0.13376974793423346,7.125567991966278,7.146558715539155,-0.20025894691958424,7.181382403687384,7.133030410960273,-0.268448792148161,7.193272547963409,7.5363519209077605,-0.2686945993622669,7.174521600640443,7.340099756331118,-0.3186740061236833,7.166839266154743,7.257474564552847,-0.3115327714291284,7.170457366250752,7.194363020640429,-0.2763668660607263,7.182701896637613,7.139025559396555,-0.2560025558326028,7.082917693563906,7.184340757308279,-0.12691795117957208,7.068200164447079,7.215262696398269,-0.14851414272244498,7.057472630732296,7.255341244209749,-0.16789573842675384,7.050358294538866,7.30397058258882,-0.1518759519737223,6.936338415400221,6.986856645757405,-0.05178429837556094,6.704434027558513,6.918955986774041,1.3578626881345468,7.177466647272985,6.536183268312596,-0.360290605414469,7.053555473582281,7.207524332487932,-0.056943289723471575,7.038692968329203,7.2307653378278385,-0.07073444015203849,7.121867948836736,6.622282284418433,-0.2481846345165782,7.042593316651826,6.641356101300877,-0.09547350487509042,7.113967099594948,6.5983486153164375,-0.24021129720666476,6.945728246601767,6.233507413842626,0.16071780008176217,6.823468540202273,6.370570794599329,0.22339248957395452,6.978528572152752,6.491165726719262,-0.06914770763845522,6.615413777325603,5.00525593034998,0.8270044629923858,6.63861346096484,5.16231621276004,0.6077711733055844,6.6589360336489065,5.37080205202252,0.4229615304296935,7.023136398578419,7.462180168571771,-0.09234307963837349,6.982306356108979,5.30696422669323,0.13086148155485622,6.949265104032051,4.930563454548759,0.2774230207151555,6.922386388297512,4.633180979971479,0.4159752302261595,6.740225624017366,6.022158821165041,0.48585613541359063,6.612987002870963,6.223742885863812,0.666492374067723,7.0655226583171835,5.858870167838641,0.30226436649628957,6.6211161720181515,5.828822287773007,0.6098843580742028,7.059370627491914,5.99662761309305,0.06986317712729168,6.974290646546683,6.373993492076913,-0.2490535502148436,6.560036395116675,6.386630928804048,0.7916252080804788,6.63877244445725,6.292449668194157,0.5424645015910147,6.713540209797829,6.299648048524545,0.4010393614451953,6.851100851698195,6.22544337890158,0.2960712328352895,6.9574944257757805,6.12975212529769,0.23618967582079117,7.032509420952574,6.036375587299165,0.18427688183896046,7.123285493280081,5.763019230374534,-0.03608430095797638,6.569518674868875,6.670702212822919,0.700263059216659,6.582916010667666,5.850868465632505,0.6903644108026169,7.116640403517996,6.47447666222298,-0.43567828381108276,7.011428349932468,6.229903321102777,0.04311973634053873,6.625819141848717,6.265144428464561,1.4539281132398476,7.0857163633245825,5.93582588221134,0.16253421493499737,6.993388275934598,6.522575121803604,0.018718526585824295,6.678462288135304,5.909292447806133,0.6049982420618517,6.985590380760583,6.300322502723627,-0.19869997195201555,6.753010838351985,7.256743380561319,1.2201087447191785,7.077809210772522,5.811842570636414,0.3444009013385222,7.0150751651086045,6.178256798206942,-0.2957669230227235,6.796488271135577,7.752986189432147,0.404359279946958,6.877103407304955,7.975049008836164,0.5245853808700154,6.6045335634286815,6.806563762421134,1.0445386166040473,6.739205888488952,7.621428400013952,0.6012091209017325,6.557522775053846,5.894365508714721,1.080411017998746,7.027695793008348,8.06588811426639,-0.12009455215087474,7.153939891867424,6.541107554370482,-0.3402976871030193,6.963499379361374,6.369563665691459,0.08098418075957,6.5804808317993295,6.10285660073576,0.8747011740891594,6.788994335590224,5.944965682105439,0.4363637250301522,6.85625065619025,5.9327064439946104,0.38597265520310337,7.019552616505001,7.285749113328684,-0.04983666851917657,6.6107094067594225,6.964140215905673,0.6483721955018156,7.193423127042124,8.256888220651012,-0.20335746164805021,7.009044297914115,8.160576441169255,0.13061680149519128,6.94402425172496,8.089683110542406,0.3091133727229661,7.16264126151373,4.8602745413401935,0.16272060031789523,7.361541516772332,8.257430305334386,-0.30894097280973376,6.929240187666374,5.901121256590467,0.35275156180498324,7.000520121323228,5.863243964799458,0.34256976781807247,7.0524047692737755,5.836278403456729,0.3491623737675474,6.5613145663662324,5.861930074791693,0.819074460940591,6.986998120054617,5.723493973131355,0.3553826466811066,6.906457923240692,5.69074092240741,0.36817302622830944,6.826846414140146,5.691182504310339,0.40129101235319903,6.758131227396104,5.731928852826726,0.4477335397978378,6.724019813308588,5.788546236239677,0.4911081498326217,6.573345484571661,5.904199373106525,1.3713015207259602,6.748879368652729,5.936414191170041,0.4880395320549587,7.217535389935154,6.7283396819481895,-0.3091548695155887,6.999365915175681,6.865273494660417,-0.11870112662391662,7.025187075520175,6.500793682975521,-0.18775508346532593,7.115217256132187,6.758286008681667,-0.259731489134224,7.20986496170219,5.575686600016382,-0.006777098150641856,6.87119230300563,7.888234917198383,0.22001192359731983,6.946342469169363,7.976760707758859,0.04938211886855253,7.147641484170287,8.11407061798397,-0.2899086527199124,6.841691410198025,7.83552453560223,0.7786293581276107,7.04855344669771,5.7746127688838795,0.34935466850382507,7.068218374010087,5.975582961198959,-0.0835962079710435,7.320245729710588,8.113221071832895,-0.3918429193046261,7.084200067020312,8.214556589601269,-0.04777024424498761,6.653341495598787,7.120591878690602,0.94253214647563,7.126089765983221,7.160035893268055,-0.19043388089836774,7.110546503220789,7.200889748242966,-0.21192764364932404,7.1032528728685165,7.256478641529903,-0.23498112550864497,7.101492148199263,7.3312373020889785,-0.2319186140628078,7.098965221148082,7.509349940439018,-0.1839240496691981,7.032660700399097,7.198011936919989,-0.06103545127950483,7.012705120446411,7.196211991653488,-0.04535116015717651,6.995724002574201,7.187971464024831,-0.030902635202282494,6.899348489621919,7.132725750963802,0.0303754907868746,6.654056571130731,6.962069928665294,0.3979542412510569,7.0930527161131405,5.8689218466187265,0.022923663488070085,7.098998138435057,5.6778986280964405,0.24984225191260165,7.068350043157986,5.709874620737436,0.31833728241350434,7.0534693283419,7.198879692634073,-0.05937683257638095,6.702258685146936,7.349357218016958,0.4626494918692627,7.133896065570932,5.642547562988804,0.10010312212101699,7.061370177583688,7.702898685276868,-0.15965804509907006,7.146969831442437,5.934705293718577,-0.31898133627242115,7.102795532689908,5.873248718936408,-0.15582998786612612,7.167417069596324,5.8214971408693765,-0.2058876060138489,7.023279273611246,6.205412159225632,-0.103382813246809,7.296733682028994,7.931313840699236,-0.40637078006445576,7.29141438852741,7.71614684273256,-0.36071410907335505,7.165346782355944,7.726704187070005,-0.2878099130373335,6.8994143241958685,7.516778041410421,0.0587011144322707,6.940939831898629,6.6699367108088,0.04662361629598886,6.977711242920843,7.636657897998409,-0.0506921677966204,6.759923468616718,6.727798297632623,0.16643998016488576,6.86760571946098,6.846876233080478,0.06842425505093255,6.725148806215047,7.007555315954356,0.22663536761683975,7.138928908639055,7.93943740690396,-0.30519886383872497,7.004600464172501,6.3172223779301095,-0.036254222225763286,6.854138346881391,7.679180029091921,0.14365198147777608,6.943148791964989,7.794733713730037,-0.0005469076630068908,6.827669346314519,7.362927544664319,0.14506229243485466,6.656009896947179,7.219593770922798,0.6102969184860892,6.76343301170249,7.444603037694973,0.2665563545580193,6.697278369664412,7.403634322399554,0.8144927422867818,6.822326240307463,7.07425484414704,0.1089313130568013,7.042884669659944,6.100064934653164,-0.014575205350067719,6.999923407950831,6.422811929764137,-0.28281854487533986,6.989968379928247,6.500543651668074,-0.18809889839956062,6.998960402214863,6.294662830467365,-0.3538447702937532,7.015751020043302,5.571269730435375,0.27265434762960455,6.860814252827027,5.5242379310263,0.3136593069590864,6.737522904646383,5.539841775604122,0.36737171791000783,6.651856015478067,5.600918400850463,0.44373286378672155,6.612935175653173,5.699397818697909,0.5254037606536365,6.647930453914357,5.97032389932886,0.6574553093764565,6.573541587557894,6.502692380102947,1.1025365125124977,6.697827458025866,6.135092429833515,0.521923326604883,6.762721438009585,6.143459724035416,0.42324872500395205,6.859659346311673,6.1081240670195545,0.3391120300635963,6.958299848754954,6.0443842931833816,0.2874931060366939,7.03438710704576,5.971667905152367,0.25026993589184154,7.083586544820524,5.905548981872497,0.23064411974424176,6.671134339760441,6.5955268334180985,1.4432677272886547,7.015250257060599,6.554634458213749,-0.15215433723414615,7.047069367312607,6.074782357153005,-0.17579726614985566,7.026591312975169,6.389259409187386,-0.38482851684279706,7.099850486057365,6.4772094974097065,-0.38724312240677355,7.05316466834543,6.435492789295368,-0.34440214886868015,7.051570631214474,6.604623910875911,-0.14714369801418611,7.101243517627431,6.477279534190504,-0.4179308322379831,7.1361729613146645,6.533916878085983,-0.3282703582826073,7.096848009264567,5.802016410290498,0.305653358773114,7.119151922477402,5.8117168546148825,0.21699550510784515,7.122452055588589,5.81268336218989,0.1293008651002376,6.710103504964086,5.837916213575683,0.5294243533742921,6.652143166279338,5.8099445738767965,0.5537300491012878,7.226942029964092,5.946378323974129,-0.32807696922162966,7.971209592512834,5.642966382937974,-0.006052773523123892,7.2535581077706395,6.488516935669494,-0.3739427875493875,8.464630619485323,5.076023544955298,0.4005166244225165,7.6981396860216655,5.796031767371335,-0.021157417950704742,7.790988847060785,5.797632107812562,-0.05346858446452248,7.890212755888109,5.77757427415991,-0.06061482569457968,8.029052269405842,5.692849379693324,-0.020773550732451383,7.617034992754512,5.77605622693612,0.026462057076651203,7.781583607767462,5.322772928854885,-0.04917692751568579,7.668923842911908,5.364750523977695,0.00035030304004076665,7.89761424288281,5.336711648969242,-0.05917741925793001,7.985198739109366,5.395169248797654,-0.04774105313361607,8.123567605460138,5.769971081236513,-0.012161160627499954,7.699415055799991,7.812297537618483,-0.39954954779866436,8.00579165376731,5.59548774886741,0.015749779616091794,8.537362415608113,5.725618889060757,0.2904353949709931,8.253723958894572,5.670788494109859,0.05994043168335639,7.7316417801162425,6.335408828799847,-0.23343552318890987,7.331948175414075,6.91114268350825,-0.406393542018215,7.345055558940364,7.063765435486969,-0.384313746503934,7.472192626754609,6.971391123821658,-0.40866772383669214,7.580964649908084,7.038028319279433,-0.38538465265531874,7.459097849848864,7.076552750925012,-0.38827288194943965,7.559663663396273,7.096137836307279,-0.357799046937591,7.7614312244607335,7.29181920112042,-0.33610837140012323,7.188369272939762,6.350538874555573,-0.50804531962488,7.19184589873856,6.208804040519664,-0.5175642373680346,8.107776412493681,5.295203650461681,-0.03863380392771744,7.5343474682413305,6.0012941637976,-0.11565984507725877,7.494490236657171,6.364705214207523,-0.36879372719812903,7.510303841393482,6.303787922637496,-0.3336276467377749,8.070979788230382,6.306882847980947,-0.2283314395828199,7.205763607818677,6.0590065722783235,-0.4415186509618025,7.7992412809421765,5.161274065461771,-0.07774122064233227,7.967298038305283,5.1910750658750935,-0.0700685599869809,8.272537238952449,4.790492694424604,0.31611919567914737,7.381609855942104,5.373270148177831,-0.020606651168742253,7.585333544294244,5.4544511815360535,0.05385900121610513,7.835500022728951,7.145565593987444,-0.32696229008224637,8.630038585798662,7.265642253929474,0.24535317878789145,7.432247849194452,6.461153565411835,-0.3189238623391791,7.350150734743395,6.519655988779957,-0.30738077219850113,7.724027381307917,7.1589916448663615,-0.30548741537561147,7.707015447252157,7.152305233403606,-0.30672297362135276,8.029629372479615,5.097582967188252,-0.01991701458235433,7.5219166400175475,6.4539867016328065,-0.3305364420983047,7.606631028967015,5.220467401672462,-0.06097591454420329,7.606562392921833,5.088323754582893,-0.058434323542042976,7.728233089994819,4.473557351384223,0.18368408614898998,8.133544344884768,4.928499820802555,0.12720053864684377,7.643784140444575,4.75096358515848,0.0635175329044811,8.185564864190065,5.237816562827763,0.034917285739817304,8.316387267409885,5.156508062528488,0.2135168438651057,7.337165215215695,6.993953472755636,-0.4072999492807012,7.462168262319035,7.025794994777499,-0.4054803499425891,7.56819834550428,7.067436763536384,-0.3801165297767042,7.41574228106386,6.5007467583323875,-0.29484541407937787,7.717473339360869,7.1552278682662935,-0.3042703949902875,7.653882743867794,7.168022187382416,-0.34267038003098715,7.696715137900241,7.151175540129339,-0.30505012322550584,7.34674274498978,6.372845589239638,-0.423917488714594,7.5557724198551535,7.116739155378921,-0.34014765518665424,7.459840239725319,7.1044238878434545,-0.3530112669427787,7.35382556463185,7.11039032119961,-0.35275486666557715,7.413306401827716,7.499995127627869,-0.3496458683064855,7.372972219766324,7.306730031752249,-0.4083711180700139,7.361593343990123,7.227473609130347,-0.40242503915327765,7.356984223445826,7.161082943140981,-0.36812579517425903,7.351794497988718,7.116589977035821,-0.3423182263425388,7.555733199257906,7.126566016092645,-0.3336099186776355,7.565368859560053,7.146227441565982,-0.35605539373365647,7.5770411894477965,7.181698269568782,-0.3829512247065029,7.590477745843835,7.222084979215772,-0.3843636039372644,7.663542216675412,6.8644554650607,-0.35033980148522664,8.728074670823657,6.490135485673728,0.4922613054284557,7.633152557119486,7.141408210679293,-0.31780557192828585,7.639095878337978,7.154669675123336,-0.33320455892227485,7.323347658732118,6.587145531860038,-0.3260836130076573,7.503398915174637,6.566532306535661,-0.264105045343606,7.3349849702294625,6.5578757604290665,-0.3163762525511689,7.646380403908746,6.077813549025929,-0.1415715717339216,7.807413172525652,6.152955310775966,-0.1861016245031624,7.545835601395576,6.38544660684076,-0.298668503078184,8.031616315950846,4.58213117044804,0.23020334764159028,7.915149351691128,4.788229105669222,0.08067049258432532,7.830002135436332,5.038923661431143,-0.045834438566986345,7.66319343350704,7.371033601673844,-0.3648638758815944,7.385678292538642,5.17807693972685,-0.027087135345270623,7.4065268414464995,4.7871708499113685,0.08840598389232512,7.451232018997476,4.4618489525543685,0.20449293295673282,7.978267899281626,5.74562069328877,-0.04647579491551773,8.245084921983176,5.862289363477185,-0.012570217832440611,7.562117752195424,5.75048824955421,0.060285964707370014,8.106092027915498,5.4827421889553785,-0.009480679302326087,7.450086917631433,5.908045092740126,-0.11032969587465026,7.401211049783954,6.2845824366071525,-0.42343694885234584,8.396015585337823,5.9694253274312254,0.01727203041463555,8.156638973352809,5.954091474643378,-0.09591978143098273,8.002261800015107,6.005818539837131,-0.13957178089071343,7.804352565204792,6.0052281297750065,-0.11640518963040422,7.664784669166764,5.967340332466878,-0.07626277155781046,7.556467184720666,5.912167457657879,-0.049564597512271526,7.283717346317743,5.722876248724719,-0.11298628945952979,8.392196479680925,6.287061038279583,-0.06878460523138369,8.192598658085577,5.469749315565694,0.01242880509099364,7.182905003301927,6.455150012561856,-0.47389183969589654,7.515733793008727,6.126891823169912,-0.17715879211180982,8.680889490864635,5.773021533224156,0.5660793282484291,7.471162385709075,5.841064717056444,-0.020230308800707017,7.5752566522730715,6.415556819641304,-0.21094658155580634,8.065739636291099,5.598264357042134,0.017469105981946183,7.4206336498347705,6.213817273289163,-0.37626131140470714,8.706161562847676,6.870061208995747,0.3897385329065954,7.560341619434395,5.708096386872982,0.09081295654151937,7.307933263646354,6.118413870854352,-0.4246978735446323,8.253527855908338,7.544191838150255,-0.17854918635934905,8.327897812333985,7.7831804463696495,-0.06672863175807937,8.594220375363104,6.384427571680153,0.20206158422484688,8.414438760526657,7.3463911603501755,-0.08200197386164199,8.436132653378742,5.418658884709392,0.2800229829968119,7.746852368169885,7.9957686900673535,-0.3982141214808043,7.206891900357329,6.524176862980448,-0.3636108303271477,7.611469169784519,6.236664671920987,-0.1909298507388854,8.365589506655882,5.698402596042773,0.11473437467849923,7.868416609336059,5.699593571500238,-0.03339527706061342,7.786255061046668,5.717415831109827,-0.029527375465343775,7.6692285029083775,7.190480181513005,-0.34285234434209716,8.40758636189341,6.608030499893911,-0.09455542116805565,7.5733663595593415,8.229103228972951,-0.3547540228004593,7.9507903690712665,8.074718351589363,-0.25150750769503083,8.123688769090919,7.963065715641679,-0.17311937700631483,7.706187612503128,5.719133833342795,-0.0009956504676976233,7.639787141364451,5.716100190182543,0.03887040787109664,7.591059051124455,5.714609807487167,0.07667398047869242,8.292084504473085,5.447529096305914,0.08471095824153228,7.631412843484471,5.559583393191472,0.04446247548320627,7.702137385469598,5.482905024470733,0.008073378422125362,7.781942196085146,5.456066930069056,-0.018948821747308213,7.870218655705983,5.4714568122815415,-0.029782437930599627,7.933164912815719,5.513757627147733,-0.02128357854164596,8.592769213264976,5.3843765808767285,0.5064223047758695,7.927723755315546,5.673823888189631,-0.021906789618746068,7.545950461716084,6.774626990377385,-0.34510013104881115,7.420323386895837,6.419001228520934,-0.3398322489216306,7.337238753835533,6.720431128660514,-0.3526423919729148,8.089678207967749,7.733087339271907,-0.25142961366288735,7.927419795686884,7.8731020699714245,-0.32310628379646533,7.5373793604820625,8.081598764934927,-0.44007685628310594,8.49517996290147,7.573266206962801,0.08335549483841592,7.582875953656052,5.650231998577928,0.07138215999870015,7.3407595028062325,5.915555837112871,-0.20575876022367515,7.764608793205525,8.160492397032298,-0.33062035491629793,8.588754004621846,6.738988774468479,0.13254752950658472,7.458367366225144,7.113050318134306,-0.3449016862077197,7.4661974783183265,7.1500738615673916,-0.3715011740518159,7.476546813416801,7.202492890155425,-0.40319636297480027,7.4869892974337375,7.265579220826756,-0.409582316647934,7.5479934346119535,7.444339699399174,-0.3807887077804101,7.6458593302596105,7.1284387996111755,-0.3336222407737571,7.655125896726954,7.113605009438224,-0.3439664325461425,7.668484011928498,7.102412431498944,-0.35017392374720613,7.766148902015266,6.993615195104383,-0.3429276776544427,8.208214058732231,6.657690779686323,-0.22682875667781738,7.364151787592663,5.802753197224489,-0.10199386350787373,7.456271865743678,5.588424539523962,0.0879907971011588,7.527281457426652,5.598934959218273,0.08536151786079037,7.634349485703318,7.135303104497158,-0.3206805817800312,8.288588968743472,7.0713364114912,-0.17770249639573993,7.339019789171218,5.586617240395478,0.0037310272235393078,7.632893421030534,7.633762577480233,-0.38084933336878807,7.25501207134,5.837989402011617,-0.2208449673319204,7.41724106817293,6.123516050335464,-0.26527549126969946,7.45823359597382,7.697907864277225,-0.3945423994744972,7.8841426680963735,7.374636293678077,-0.32847226118975065,7.6666140298812,6.534536003228235,-0.23998295541477027,7.77101855938413,7.530340664011894,-0.35633066016868536,7.908161081703135,6.497462033312975,-0.28267229932243665,7.7742815730014945,6.677497181295911,-0.29044548464472675,8.039089940829767,6.757933723674255,-0.28940040455626115,7.50259489293108,7.903334146770558,-0.44646377296197565,7.5035242810122655,6.220192721445176,-0.2402670421068809,8.006253196152768,7.517361447794466,-0.30183210823980383,7.857287064499498,7.681061917391956,-0.34525572213465205,7.954660601578147,7.177345483642205,-0.32130841774689456,8.408622205881407,6.889635788860894,-0.10347125656906009,8.125133627878775,7.224525060658764,-0.2726940059567312,8.54317266694309,7.063643571488381,0.04421831249196206,7.8821186051313195,6.884962934846072,-0.31655602821287904,7.4270574233695354,6.017717088526852,-0.18915551267036382,7.367999608329688,6.339810640472982,-0.4417427686603551,7.4615505379124,6.408767454110776,-0.3706757905901151,7.292913876004288,6.2317929134486985,-0.47978591630289047,7.504712104814594,5.444024105610893,0.04997714698091094,7.643980943798617,5.310126037162342,-0.010688845232921433,7.7841861745419045,5.258756159550657,-0.05841353684436716,7.918814376430271,5.274899987708429,-0.07400279407393887,8.030519539963553,5.349612774176082,-0.05504030831484573,8.143391516264925,5.633665148264137,0.029445369508140227,8.579025195401238,6.050392048240208,0.24220167685745322,8.05907493623039,5.8311117901372835,-0.05035706368699743,7.941729010371661,5.873789052700262,-0.07556492616826693,7.804916361290214,5.891645280148539,-0.07136348534769527,7.681085029529619,5.877416607761679,-0.03584026107826092,7.587116680733353,5.843452971281645,0.006555521337251964,7.514100535280525,5.806488959112238,0.03191664194089261,8.715256539202064,6.133077471649965,0.5592883431173448,7.476747118609883,6.468834499161918,-0.3316153805929872,7.317948523300424,6.01477834520458,-0.302221600287015,7.265792833008189,6.334198593227663,-0.48618141248740787,7.236099339053391,6.440091404322544,-0.44542827915788175,7.2828481898680435,6.379407335232575,-0.44818348234147504,7.462465918637426,6.534616545526152,-0.29651285851120696,7.212798102081998,6.4463029664114915,-0.4659345670725785,7.233562606852899,6.512868724352852,-0.36863531275456224,7.519426132092382,5.708140860228789,0.09491891206039568,7.456336299582011,5.73166236287579,0.06115586529786537,7.404176407082929,5.741329539729295,0.000783074474964935,7.972169096409763,5.55389290475166,-0.006660242055462079,8.050867325888708,5.486888366378602,-0.018328837560167125,6.839614819647373,5.793360564551711,0.22372547069365958,6.926613808386461,5.774445731161677,0.22399673190028663,6.834032888217798,5.669514525067148,0.22407348783474212,6.7577439239982935,5.813031795174359,0.22401043284553018,6.847049223929049,5.9253441775971565,0.22397195638907946,7.771339327840184,5.567689450200997,0.004445472834828346,7.870617164988722,5.551591496134647,0.004221228604982292,7.767826983283179,5.43689891371644,0.0042175451764375075,7.677879446072509,5.582276360721637,0.004098651243480516,7.77416531194537,5.70318295651612,0.004113994359726948
7.191232490987395,6.976681576935668,-0.3689558179452794,7.085309722918277,6.363909272099406,-0.48713610251762596,7.1783030565734665,6.607839973201809,-0.30375422923155593,7.057028075269499,5.988228489829965,-0.24848542009996719,7.072005827175731,6.216464773337286,-0.49279251093670645,7.091443455580097,6.063359176623997,-0.4265048353568249,7.164538447173801,5.715634667365735,-0.10367813668329809,6.7197183593681995,5.932084535121384,0.5352643758927099,7.169942891854795,5.448596055847766,0.018704579484545403,7.1546271430189865,5.26916176054974,0.04108089002379233,7.141963477974993,4.558532682836148,0.28690973676238135,7.1952912590960745,7.037964206955307,-0.3696602557887788,7.208874247738975,7.097049856932704,-0.34940638583664124,7.224870899103036,7.144220764523341,-0.3173527985161145,7.225248165385425,7.147665948994305,-0.3082929731408373,7.221386445279258,7.201328922091189,-0.3327163849619627,7.2236205909589835,7.269609911772993,-0.3637400502328836,7.232198139595017,7.349678719683355,-0.36925200353268495,7.263927075430088,7.540377709331383,-0.31230495549714044,7.115625663290497,6.472534613128242,-0.4531904204816985,7.099577821520089,6.534449760223558,-0.31113086320637295,6.543884222237064,5.602597484672118,1.2203277462750626,6.933554711446404,5.973930939213543,0.32788325238878624,6.852916497920243,6.011365151021698,0.3668974420640579,6.781685398108306,6.032085344538499,0.4244936835020061,6.7042819975201775,5.99927650150105,0.5515682135222523,7.000129587996139,5.922119936844894,0.3009717150893241,6.759301165766022,5.6046275699649,0.38762743100536096,6.86142252023508,5.591270380100679,0.3433659836288579,6.6818332512411285,5.660190899242592,0.4457089951870403,6.645948075153787,5.737882158211614,0.498198621059002,6.662449618196882,6.110891923251276,0.6037096745072134,7.0057233670567705,7.908965464748839,-0.13974238058119648,6.698965908883015,5.90389194475488,0.5819888137321048,6.575403487777647,6.209301622640991,1.135281021966725,6.604713150984014,6.05844209266096,0.7533778880272175,6.851575028778588,6.523370192822535,0.12209833384782597,7.100882125024261,6.960334306350057,-0.30577506694237006,7.134446903103375,7.11044421243441,-0.2936801939305387,7.032089932517435,7.034373866126621,-0.21076166255591405,6.993959390935278,7.118694983955957,-0.11773711283315631,7.081971126690664,7.136120759267062,-0.2160545445833498,7.043097272358819,7.1719961180161995,-0.13163237172025138,6.947734454004386,7.412992136234219,0.00256264301976709,7.029263240353288,6.385517934723618,-0.45200011205193424,7.0061868856676615,6.24542592103743,-0.4516715380139379,6.558596906011803,5.698626128928277,0.6085046553263448,6.995849929777883,6.12571189650781,0.11426882036412198,6.950493126039552,6.479176743661311,-0.1452953234593673,6.951993776307792,6.418634621437589,-0.10337372250103677,6.647793734736034,6.617425902719025,0.35603815118897364,7.027670026610558,6.100797595862812,-0.3605435643585063,6.678498161205732,5.506357066406141,0.36831541193711576,6.593066982920964,5.577159358910121,0.4894405473512725,6.550445009110733,5.2923387429519515,1.0498794710061776,7.011397788538358,5.499101352235357,0.1248958479186298,6.963319478402345,5.629978391540731,0.3325829305207597,6.885412588612069,7.296834091849572,0.08373808736972499,6.809161322785959,7.621133730915986,1.022545810077669,7.024661713689647,6.550785109755638,-0.15247458072615222,7.086771805072146,6.581381545505098,-0.2230804497681087,6.980680739776684,7.260400547299724,0.05009067272283102,6.997661228676417,7.244815522901765,0.007135179226131838,6.561852054864686,5.505976644550758,0.5776089222438874,6.979549642167959,6.563876530249924,-0.11168400067859176,6.810563799672165,5.476766907822533,0.24583852985537172,6.780803941385326,5.354764391633847,0.25873884096021066,6.739369164259268,4.807408868058535,0.6060537393128952,6.5567231968918325,5.386231064291198,0.7882581017707876,6.765802347372028,5.0452710516743275,0.42881879073685597,6.535567534301864,5.662397346003815,0.7315848435198721,6.5366663749422065,5.637239014380617,0.9649926290628675,7.11181373111379,7.0415973233290226,-0.3083379400560013,7.055699929658262,7.090238727934847,-0.219565996087187,7.017133217764496,7.144551047830043,-0.13467792697660147,7.053653014642845,6.5802686800958945,-0.15811695341951998,6.989655189371513,7.252529847014339,0.024688164943161377,7.010673409226633,7.257782122953178,-0.06355557390759843,7.006512260305261,7.239436322804724,-0.00042024119074058524,7.006727540507294,6.458985985169053,-0.2691224511201564,7.066375583716059,7.186088205768793,-0.12653475172866774,7.105475236826583,7.163551804684356,-0.19265410816850329,7.1576130163097185,7.151441416771971,-0.26122909206757805,7.168535506299487,7.556371555741672,-0.26661594004638955,7.148431701374174,7.354511655033219,-0.31498528604999143,7.139874488652991,7.273290011122397,-0.3075161324280875,7.143680109683709,7.211266873306841,-0.27253364744033126,7.157429291837626,7.155709153936694,-0.25192613417585635,7.065294975275237,7.195748466560977,-0.12068874596553332,7.049403509677642,7.226624696449235,-0.14258292220459506,7.0384747085418855,7.265676665345629,-0.16174660742842267,7.03178138760247,7.313233955318417,-0.14581422895041268,6.919748728978597,6.9940638754633,-0.043187840363262016,6.715535472055091,6.934924931364227,1.3550033065719187,7.14982295844529,6.546350477841456,-0.35491031872174955,7.03799225649303,7.216791931000048,-0.05043555603305484,7.022317473574354,7.239353576668437,-0.064543224427306,7.101663304649877,6.634050863728105,-0.24204235362993345,7.0295935236599885,6.653726211964683,-0.08953314925565306,7.094575186466994,6.610281685460693,-0.23451644352154097,6.925951884246284,6.244609679489659,0.16532361376983926,6.803795446219336,6.381605024211105,0.22953136134322463,6.962684857611337,6.5039802486323,-0.062381092648632,6.613623787880521,5.027050773207187,0.8296547490565009,6.632217125199391,5.188193263716877,0.6128322168957455,6.646274852268273,5.3990710908036315,0.42835465854232735,7.004475863866491,7.474277571207629,-0.08699830924446993,6.958860303142655,5.329698974104359,0.13313358078787565,6.931403311902965,4.955468352935256,0.2793311242022494,6.9073059540441815,4.6601179405154545,0.4160146588672288,6.732333638959618,6.033967468519787,0.4927176975603079,6.610682092611705,6.2361997268415275,0.6738123940093929,7.044550939651371,5.869126997080395,0.3047873068541558,6.613217770821965,5.846992405623856,0.6168660910396943,7.037466327660704,6.008743220482937,0.0733513106799346,6.9524145193736535,6.384266925341122,-0.241155067862395,6.55558368442179,6.4011751866812165,0.7972140562016801,6.631088832544439,6.3042247644915985,0.5502913897995702,6.699512173630193,6.310430724713059,0.40844882199498217,6.833633843211803,6.235187138529687,0.30151815514611197,6.939403741300325,6.138804018240539,0.2401923332211189,7.012040824190683,6.046502806928692,0.18756690814191013,7.098164124818794,5.777373452992611,-0.03405585590866199,6.560401192525906,6.684250420154504,0.7075750528116705,6.577850809944076,5.868196103047176,0.6979081302542771,7.088802591603372,6.4806367220998515,-0.42819525827872956,6.990864124447422,6.241011625038099,0.047793607328113094,6.635842527950233,6.277257938923638,1.4520198204847992,7.063287329612634,5.948219330458736,0.16437218659845823,6.977293056858054,6.535070356245704,0.023940589978560446,6.670425504248732,5.928612703589582,0.6110984048451739,6.9645648778772955,6.310298190647312,-0.19155401844718445,6.762477074674835,7.274605534441657,1.218438434599733,7.055975516366401,5.823421327216621,0.3466597005961117,6.989528265213312,6.186663541982304,-0.2882444345703208,6.784503675411136,7.777960098808378,0.40841954528998264,6.868242765332698,8.003130567842453,0.5271691478233232,6.604200545682106,6.8232197510932835,1.0477890792072881,6.732648495020571,7.644606986560408,0.6053337427414394,6.558775020576351,5.906732661687889,1.085193050107585,7.007313074607284,8.09256371392201,-0.11655692853341433,7.127889622421921,6.551998953500648,-0.33460407502339273,6.944264726187913,6.381490021106435,0.08632355898787028,6.583568006970693,6.1160516357156265,0.8793458199568448,6.77920020906595,5.951460454542757,0.44229988066849346,6.84293997859022,5.936241476612097,0.3914501447231304,7.003468184223752,7.292945023444124,-0.043663121153350935,6.601464313277119,6.979177284554671,0.6549446094948533,7.172523449325413,8.285662341522336,-0.2014065938823893,6.991556948029208,8.189801643873299,0.13345659970258056,6.929470698753774,8.118419777796095,0.31215738863227,7.14056590975789,4.882353376045923,0.16209063062586862,7.340219714324341,8.285785759488322,-0.30900133353687786,6.912743356932,5.904546200222295,0.3573115125468429,6.981372160881583,5.869099999400335,0.34620790581544136,7.031674098120675,5.845372895439509,0.35186683431017673,6.559534461810231,5.878001870816304,0.8257774263949749,6.968212720258316,5.740631012908577,0.3589406866734828,6.8906529434973764,5.710089273757679,0.37241827041290476,6.814692691625154,5.711655489820348,0.4066301162653924,6.749982408095629,5.752010009124806,0.4537596069604845,6.7177794350730204,5.807246561288012,0.4972304737334932,6.57940194938022,5.915073892968597,1.3713277869081297,6.7414448300508525,5.947107867526418,0.49425327826849497,7.192267518929415,6.73995259464393,-0.303240944604906,6.982982204346947,6.874964837048281,-0.11020671041598767,7.0067808346289695,6.513745695190949,-0.18132574355923664,7.094103954233229,6.768711084434019,-0.2520762211163817,7.184947290821865,5.591816995467077,-0.006249011057362047,6.855452877368946,7.912599983599441,0.22407151882522638,6.928638328721811,8.002282069326299,0.05321686492171259,7.125898105243509,8.139762671050372,-0.28698625940748496,6.8400361501973315,7.85947556162686,0.780252939013937,7.027393738663975,5.788450566059085,0.3521918145011522,7.044216448914011,5.987602283900275,-0.07955857476662434,7.297174192494477,8.139480773196244,-0.39113533248957993,7.064690507737283,8.244109055099393,-0.044928574404246614,6.652244495134407,7.13881000869636,0.9460332452766976,7.104742442653541,7.174199409204428,-0.18488819920295888,7.087603473865666,7.2147520283690625,-0.20654520345234242,7.080093210140036,7.268953552590249,-0.22917756463497793,7.078880768871911,7.342414590651253,-0.22621733037482225,7.0771171541875075,7.526465138620224,-0.17948443384670748,7.017711038241612,7.206950049451101,-0.05335206698059801,6.996607968534877,7.203720145182169,-0.03755761059965313,6.979457779931912,7.194625082575127,-0.023048006573721334,6.883990477049457,7.13656113700933,0.03784504988100856,6.639599763528378,6.976227174424538,0.4056256360230504,7.069482070019005,5.882359015882523,0.02573904744810561,7.076298107685964,5.693009910237467,0.2512833395742459,7.046686210710619,5.723814613804529,0.32035692592006815,7.039104420663792,7.209722746255129,-0.0528035889495849,6.691156917580623,7.367749634362113,0.4684313121137051,7.110088684543757,5.6580875345325055,0.10134857874790797,7.040631016754427,7.721386986172618,-0.15581283729139367,7.11806737554938,5.944963480367409,-0.3141722219889151,7.076600341454941,5.885830847414325,-0.15208139413973434,7.140089768855023,5.83428982184627,-0.20288329247505701,7.000869394553613,6.215817530254302,-0.09828158093478988,7.273319463137007,7.954341201925134,-0.40488937948519516,7.267147162360816,7.737666236629249,-0.3596407198630115,7.142559530651631,7.747036885944431,-0.2849375474685575,6.884385975531367,7.526912528746924,0.06389079875395358,6.924869172090133,6.682144601109866,0.05309180342812548,6.960206680953411,7.650988957631086,-0.045969319083105205,6.740661546709907,6.74034598941051,0.17390967587884576,6.850371703610223,6.857399515287,0.07574605639840659,6.708328143336881,7.019882773699901,0.23394903205256407,7.116698558108443,7.961498041475441,-0.3017020330141143,6.984873444427995,6.32864258831888,-0.0308999432523286,6.838372111371848,7.6962924672477415,0.148600786170543,6.925305342401743,7.814783531932591,0.0035186189961855466,6.813832272055467,7.3707677646212275,0.15108264433029453,6.6475405876580735,7.236956042431469,0.6161890014954758,6.749432637156237,7.460306797705693,0.2724908938090033,6.6956329225629485,7.423829776372372,0.8185601050289503,6.806251183247083,7.081196959449479,0.11625695187567577,7.020866611235575,6.111514622988751,-0.010277427320069064,6.976143025811366,6.433791189146813,-0.274720569093654,6.972749031746748,6.51294347841204,-0.1807319589506887,6.973039344462193,6.302212210159894,-0.34521221296733945,6.993525324338997,5.589720643141422,0.2753356209493592,6.8413937478231786,5.547009261429696,0.3175350766839185,6.7216159105952356,5.564776539862591,0.37259796276394985,6.638830504956294,5.624198784292678,0.45042473606210115,6.602256712717825,5.720206742014765,0.5325456744488004,6.641810067101037,5.987730610535362,0.6634842474275563,6.576313695276795,6.5185526847184185,1.1064335625491684,6.689185035078618,6.148410984911047,0.5287083662059339,6.750168236283051,6.153964793380421,0.42959208142998756,6.84439785331343,6.116064959246045,0.3443372207862566,6.941245193451913,6.051635872332205,0.2916043528293437,7.014771446688125,5.9805064520945175,0.25297641405401355,7.062154829527024,5.916208496769538,0.23264260291936226,6.682489610423873,6.610111985757462,1.4406263612256813,7.00014782019566,6.568142163699318,-0.14536946846787474,7.021776818734722,6.0851066844599435,-0.17027272460739454,6.999814731935186,6.39687519254811,-0.37665922903458227,7.073103265339187,6.485317488707563,-0.38006825589832377,7.027568347036308,6.445279578560166,-0.3368302660295292,7.037720175977107,6.6179013423834485,-0.14102333503658246,7.074524675663357,6.484175171283748,-0.4105279939787819,7.1114182326318796,6.545072821398123,-0.3223985816471619,7.074641782483354,5.8146590022508295,0.3074688207468794,7.0964517005407375,5.824385530075887,0.21757537737053032,7.099140949970036,5.8270235890988396,0.13080621422262023,6.704486759145564,5.856298891621495,0.5356572885578609,6.642523927836116,5.829853787455202,0.5607382209879019,7.1987322361363795,5.956602636046029,-0.32468179210420317,7.94642351866406,5.650652303320287,-0.015846787669367757,7.2200512872835905,6.4975835515543165,-0.369736121022842,8.45263212349421,5.081678650401781,0.3772469106773051,7.680339993905597,5.7986795312286255,-0.026654497800300277,7.77230390952631,5.7992257959758025,-0.060211214376531846,7.8713138690233215,5.781162594919918,-0.06884602899261,8.009117741669664,5.701198271537578,-0.03150979882160188,7.599879894943983,5.7816015701853,0.021993065925208912,7.7661281025579045,5.327486216197149,-0.05575465780415223,7.650859228519113,5.368823170560393,-0.004942079963438741,7.884182295692701,5.343291780085464,-0.0673882254889287,7.972570596492034,5.403820578778767,-0.057111860983374965,8.110344315885323,5.776109470698919,-0.024176603281279893,7.6832129678069885,7.83261742801758,-0.4037322483992702,7.982191587931404,5.60594975504937,0.0050138072743647665,8.53430536496239,5.729988317057606,0.2685106863196533,8.244346774931605,5.675640935240255,0.04520607308282853,7.71360394069262,6.342435247256269,-0.23789702640093408,7.303730070699045,6.930442615235914,-0.40103752054463426,7.319082283933894,7.083629555608603,-0.3796724067971922,7.446972047471649,6.988059871913454,-0.40660403896078956,7.560028514222452,7.0506727512596585,-0.38615776671082563,7.43519264410441,7.095432099844466,-0.38639697667472905,7.538901602408652,7.111981327101692,-0.358297804417067,7.74961533969972,7.295624455535219,-0.34213134378126875,7.156173373786029,6.353234319280052,-0.5013638360815571,7.160298058308359,6.213478900046554,-0.5108429582184071,8.0967788582035,5.300116529143626,-0.0503562229557535,7.512991543174447,6.010006852157408,-0.11873154564343076,7.46161250368675,6.373107416757585,-0.3682741265237781,7.478846840902887,6.312688712499849,-0.3337615151203034,8.061632086196745,6.313939020643901,-0.23799051025088022,7.175889393852306,6.066366087068022,-0.4362204063312085,7.784983001816052,5.169979997634169,-0.0844856294637739,7.954779475952073,5.197626673872717,-0.0793888202791401,8.257456427625412,4.800775152386782,0.2963688516899015,7.360276536273967,5.382563236614549,-0.02155164591252005,7.565014319552914,5.461817556073247,0.04923075716827489,7.825298602386917,7.144696905426208,-0.33422488033528486,8.649564421662978,7.28169365262454,0.2226223219277491,7.397619587084519,6.470121651645525,-0.31830462013411975,7.317459618176554,6.529930278457761,-0.3049990370365701,7.712940569125445,7.164665371332004,-0.3115735418872829,7.694995877366445,7.160110827644051,-0.3114834327473442,8.01855220368317,5.1015903159936835,-0.03076397421389604,7.488998669843686,6.463574188302275,-0.3304556579625034,7.589369031920316,5.2321861586833736,-0.06511261360782945,7.588724593791104,5.093091306063278,-0.06284155977661038,7.707104862801944,4.494102544064644,0.17373122165192678,8.119780180375715,4.938834977064857,0.11260699482247512,7.623285130459425,4.769300766106557,0.056533465271597916,8.174649283594734,5.241480022389036,0.020256307851412456,8.304516539542039,5.161958881702738,0.19529676906873883,7.309572789406977,7.013440496123116,-0.40211979442675805,7.437466760375392,7.043175109826003,-0.4033998175498368,7.547043681971519,7.081247448617383,-0.3805734981965793,7.381542293299502,6.510930222841892,-0.2936185287749483,7.705854554657892,7.162084813861385,-0.3095724922487851,7.639675176590067,7.179941149576554,-0.34663533256021384,7.684468184620143,7.160011953023573,-0.30972356530587103,7.314159590063313,6.378171760793673,-0.42095615469356606,7.535807037159239,7.133990396876915,-0.3414990458426035,7.437194679859468,7.124785239834305,-0.35245892060687034,7.329955687232646,7.130615336250261,-0.34992026213322747,7.392438837466876,7.520124540617688,-0.3508558895259374,7.350450081970767,7.3249390274106885,-0.40903492585120804,7.337411955598157,7.2463259905082085,-0.4031421562493992,7.331982967571656,7.180637479350556,-0.36886531435871645,7.326147261248154,7.136106033259757,-0.34210292171062173,7.5348161872391355,7.142257296882654,-0.3358116952772211,7.546078076635366,7.1625812906791015,-0.3587749971775984,7.559642131840303,7.198215423403813,-0.3853812766172974,7.575199807938981,7.2385043769138395,-0.38706429270814674,7.646125869028169,6.869652254603334,-0.35228801565006534,8.74207460203087,6.4933207230586945,0.464567312982598,7.616006275420018,7.1541222513399525,-0.3212171482664431,7.62345132397044,7.167039764700349,-0.33694853427569876,7.294151854804704,6.597626435278017,-0.32270714847582843,7.471819730464554,6.575531814412735,-0.26380272480857064,7.303910990217365,6.568172316952372,-0.3135901064263344,7.626672813378055,6.085696425990593,-0.14619465080579594,7.791316587434157,6.159485643642969,-0.1925141672717016,7.514985865306632,6.395500765199629,-0.2994971202119857,8.012982266729605,4.597752247720444,0.21525767474756888,7.897615219308777,4.803083979960698,0.0697748302673503,7.817516258145362,5.042990273638135,-0.05383891272657279,7.649313698990514,7.382714062737927,-0.3692238225127527,7.363828308988283,5.188183796997896,-0.028220166020436664,7.383575183546057,4.807874841003977,0.08503622764539233,7.428767897488702,4.485954854594232,0.19856535102054762,7.958493935985189,5.75095113907572,-0.0563257507749554,8.237837879702726,5.865984747616851,-0.026202664670652607,7.544654562595867,5.759051144332001,0.05599103542215657,8.094377116535872,5.490575695244114,-0.02103125302899574,7.428068762760928,5.918363402505192,-0.11247434023137129,7.369809171669506,6.290701381116362,-0.42117774604158653,8.391513583270257,5.977213436365707,0.0001828696451395062,8.148111615953953,5.957852242951639,-0.10759479443874194,7.991950022105622,6.0096162623446,-0.14862381747065867,7.790242991377766,6.008778282405092,-0.123207846460724,7.647828475968022,5.97208387715441,-0.08142245011311552,7.5380502989387255,5.9187553947948865,-0.05346783706481401,7.258666384629931,5.736697065242771,-0.11310189385369492,8.390961708615535,6.294870243660608,-0.08499906748633322,8.181968810463841,5.475177200272019,-0.001394177071820399,7.150149034321332,6.459463528548806,-0.46758916857094135,7.491860423929988,6.135759240920587,-0.17943012073791906,8.682392198138393,5.77407342487937,0.5389715605769781,7.451266431697212,5.850636391193439,-0.02333795497388099,7.545903468263033,6.424620392787915,-0.2126789580278638,8.04909674778784,5.609022932526268,0.005973777707656874,7.390158410049906,6.221221974935295,-0.3747061046609303,8.723910422639179,6.877998394553144,0.3637249736063569,7.5434407188508565,5.717456484840916,0.08607103097197323,7.278040200335974,6.125350057471169,-0.42115951384206585,8.256581983286862,7.5640802699467,-0.1923657457724786,8.337809237105231,7.80795346949677,-0.08122094267237953,8.601350071269003,6.391865545110584,0.17919892023185793,8.424295779246869,7.365462194560712,-0.09949293747469791,8.427781635547532,5.4225815120855385,0.25907214835769793,7.732355757899631,8.020654516535592,-0.4034501752355321,7.176883048726183,6.534221156491107,-0.35869759798444095,7.588851517949306,6.245397871499707,-0.1942200612667572,8.359468388897346,5.700655512982617,0.09670427653923824,7.845781076071506,5.702029589711876,-0.041408699821454203,7.765785196959227,5.718689612643113,-0.03653230686260615,7.656622707282974,7.20181277661693,-0.3473780317262651,8.41065879524385,6.617984789758177,-0.11097901499255865,7.555547600571026,8.256796562250452,-0.3571040774498926,7.944328218196069,8.101417550504625,-0.25940569680590003,8.124693056908093,7.988769204527708,-0.1837241981716616,7.687656715820931,5.721386225076064,-0.006951327380649831,7.622778836303505,5.720864503674395,0.03392291643944065,7.574206153065105,5.72223963226132,0.0715724276241176,8.28289946205651,5.452372926102317,0.06920237864706362,7.615934749098821,5.568439108250916,0.03897159765749118,7.686068410747303,5.491320059851467,0.0020149451507620914,7.764170946063205,5.466098616768389,-0.026070492180978407,7.849647704846775,5.482202908233466,-0.038238373428059844,7.910266963299238,5.524412553839152,-0.030396155475999952,8.585821145946493,5.3875984792552485,0.480655125344262,7.9033162878512035,5.678652053114938,-0.0309699356144308,7.5230318752027925,6.782662223259548,-0.3448234858191457,7.385710454605305,6.426700266010158,-0.338401325020197,7.309323849759676,6.730070041265282,-0.34853950172505677,8.085854264498401,7.753967926716059,-0.2620483138787329,7.9189363741713175,7.896204327561255,-0.33115251366533677,7.517485780356293,8.106739950287775,-0.4421294358994168,8.511616093897356,7.595448769222017,0.06377147865011938,7.566997421870008,5.6601113086793005,0.06625732510351603,7.3150712000393465,5.926564386097279,-0.2054589193628722,7.751715548836813,8.188020498227818,-0.3356382921584626,8.600250529390218,6.749687887949526,0.11061582826328478,7.434555919598072,7.131617405985455,-0.34592745426560295,7.444026846010618,7.168892436667027,-0.37339465729012,7.455757863925284,7.22087383997735,-0.40476438373271206,7.468093349377906,7.283968470133965,-0.41111067929759765,7.530894160626861,7.461774489767106,-0.3832783940086402,7.628696587524849,7.140046292071551,-0.33678310774423054,7.638571427280622,7.123373646848339,-0.3476207259686827,7.652049230157058,7.111071119602544,-0.35398694108809264,7.75291045914386,6.9947545953297565,-0.3478443772046298,8.206024094016039,6.66665284142484,-0.23926034350283262,7.340853633876906,5.814952470539268,-0.1032122842632137,7.436488532747263,5.599072709637862,0.0845345079746283,7.508699963902658,5.609086394605369,0.08118262108714903,7.617272712048262,7.1486266456613565,-0.32400301520498104,8.2910289193274,7.084500493754937,-0.1921928466688511,7.3143902975110935,5.599273263832589,0.0027139620923908236,7.6166486098339,7.65122036631731,-0.3843292436430324,7.228065741449812,5.850288927544882,-0.21908838696632996,7.389842151512067,6.132408022400998,-0.2656190857721163,7.437496212390002,7.717684447193035,-0.3955066776342719,7.8733376431701165,7.383387251643305,-0.3357466554116233,7.643510249635395,6.543048346012885,-0.24319503623448502,7.758245481218986,7.543435108943312,-0.3618767062936501,7.896372624787599,6.504701822990253,-0.289279747390458,7.757835256729771,6.684349294774981,-0.29492018072125653,8.031126811444889,6.765678929406042,-0.2981093255056826,7.481619537706915,7.924643753859731,-0.4477243982999204,7.47548229885288,6.229244843962834,-0.24139765253630585,7.998146164988878,7.5327945168076695,-0.31099703623224706,7.84622706372132,7.698713142353332,-0.35196641016909735,7.945958597576283,7.182218772039752,-0.3303438542582312,8.414183920897328,6.901929558900912,-0.12012373404685393,8.121225432806948,7.236686766869317,-0.28400893246027864,8.555978541523368,7.078626219317065,0.02369202012496919,7.870473084130041,6.888333246727592,-0.32363810825015144,7.402411850604683,6.027623364325036,-0.19021982465437604,7.336185489561171,6.345104160770719,-0.4387375893775313,7.42800144387039,6.416641701782291,-0.3693820394364778,7.260917360032291,6.236264942016736,-0.4759628759570451,7.484892217520875,5.453076268260749,0.046081336445965536,7.625927396913037,5.316625785809594,-0.015783031124905103,7.76918269721606,5.266171329209128,-0.0647460905175255,7.9052797554918905,5.283039970577187,-0.08210800382447922,8.018114630894672,5.358228860161996,-0.06486332334130641,8.131210366998289,5.641332143173008,0.01663914465227754,8.580842353000463,6.056093645115009,0.21959419902082053,8.044662115873658,5.836399848321567,-0.06094117620367516,7.92742556676352,5.877900892480497,-0.08433360863910469,7.78871148661803,5.894252721115989,-0.07832615915972188,7.663765522064419,5.881077853246974,-0.04113079573939737,7.569481208435478,5.849329983973939,0.0024615874724032,7.49587922144741,5.814472823444186,0.028619220000390178,8.723887281770557,6.134534878598929,0.5311974120597273,7.442882424871474,6.4781599479188126,-0.330857577158908,7.290259981445484,6.024239888837065,-0.3006454200762678,7.2321581690037595,6.33709040784294,-0.4811266643698459,7.2014327053807685,6.444034179085215,-0.4400292705897267,7.247825238299562,6.382886888085096,-0.4438511077594422,7.429333796912285,6.544344234655739,-0.29552464825921115,7.1785884606198085,6.450533256975892,-0.45994698436320186,7.201115745604485,6.522123390870698,-0.36404603124479123,7.501850266790431,5.718590387403413,0.09098959958827618,7.4370628470321645,5.741853972753348,0.05798221293819759,7.382848700519002,5.753010676383114,-0.0013074761116439154,7.948638730905822,5.56436280918116,-0.01642541347500895,8.036922547177133,5.497236759215147,-0.028816355657707446,6.821484887185047,5.804670561867273,0.3815782414033375,6.905358614887684,5.784542914834894,0.3819546311376729,6.815295756686222,5.684776669676998,0.3820390865426641,6.74423295410063,5.826631596809145,0.38196979541900505,6.829928499278448,5.9335522271827985,0.38193346250217175,7.73975242099748,5.572875142641985,0.014961191996045653,7.8373956667688836,5.55701102534367,0.014991295943271043,7.735484683832756,5.445514814128772,0.014988545773751999,7.648767434243337,5.588615841974313,0.014868717545967807,7.743736857831189,5.706094318347322,0.014885874604516146
7.154280823086864,6.95422911359841,-0.36887233580624507,7.048062622465961,6.3377536577312314,-0.48238424098102417,7.141230422750422,6.583963953544942,-0.3025894104155007,7.018797961504049,5.96469656891367,-0.2428707624263661,7.034179039689048,6.1916257390886145,-0.4872287275966655,7.052608142078387,6.039449222963574,-0.42021201375528544,7.124656791139321,5.693793648444557,-0.09633085373329232,6.674245621020532,5.90747354307742,0.5364743717466673,7.129011111431236,5.423746938071306,0.02814650583436682,7.113270662260606,5.244638183352259,0.0519883774684909,7.1016765866756435,4.5465143373575,0.30011182223137356,7.158433476942183,7.014960716746799,-0.37005027888281095,7.172019793622245,7.073909421121816,-0.35046702429951043,7.1879465574592105,7.121199153792135,-0.3190417107059683,7.188558534846392,7.125894004260726,-0.3137798260298925,7.184441469185767,7.178381706779518,-0.33818576073698786,7.186831460692146,7.244835333388438,-0.36963251011201514,7.196128353200029,7.321962627174461,-0.3762649982201208,7.2296622019096874,7.50428025078171,-0.32088734675638303,7.0780425363604405,6.446081331147401,-0.4494044516162022,7.062791948222651,6.5100388994735985,-0.30908155194208214,6.5030622176981865,5.58269986515064,1.220367257549397,6.892631531045811,5.952584719986303,0.32972477648105875,6.811962165176171,5.9891072792424795,0.36837558392198116,6.740573642236415,6.00951885341857,0.4256665587868253,6.660370411936487,5.974359112676835,0.5522432565826647,6.958162655823654,5.902537948938844,0.30348868833275977,6.718379169286952,5.57170834654838,0.39208752702606064,6.821178111986319,5.561425102801296,0.3477733992006597,6.639743912976757,5.626797127414627,0.44960808063706503,6.602602398256009,5.705720578321066,0.501187237479564,6.622558303978474,6.087053666924223,0.6037884825238504,6.974843052018836,7.868170239330859,-0.15071562291351984,6.652799895775111,5.875740736142349,0.5832283189123172,6.5361257439916995,6.186411021854402,1.1315155725831356,6.565587186736035,6.033417372866889,0.7531274943168366,6.815678689194558,6.496742173005258,0.12064448156040126,7.0651777528825965,6.9394593149928525,-0.3063391239144789,7.098882564488331,7.088063055493757,-0.2951673092376322,6.9983856895202186,7.011833142460202,-0.21282058801515796,6.96142072015746,7.093718089411334,-0.12142519758149072,7.047978187729532,7.113337651803559,-0.21872670187985577,7.010386587017071,7.148105224595927,-0.1357130836204851,6.915897836682514,7.376510258139045,-0.00545694204201081,6.992567368591695,6.359137278087873,-0.44763768964679634,6.969010774935531,6.220484275946377,-0.4464515473292962,6.520502526521237,5.667716224330934,0.6130226159481982,6.957896093267322,6.101372681730328,0.11619608806266028,6.9160436784999835,6.454880686737312,-0.14427193541182137,6.917359046088166,6.394728264012366,-0.10245615555078552,6.611616678629559,6.589748081894251,0.353762421347358,6.989834055677684,6.0767309970398795,-0.35502824458606536,6.6387216246389915,5.475068603858082,0.3761949121553261,6.5546518416567725,5.545295276912255,0.49628086404006216,6.510062624936727,5.273615347525666,1.0535801302092795,6.9692417492971686,5.471563515584638,0.13376059576002236,6.922690995022545,5.604641033890814,0.33648132172127937,6.85511668918465,7.261831138681688,0.07644295700727285,6.774545714206222,7.595130631564657,1.0072242387457961,6.9891662536713755,6.5267144110146065,-0.15198810803548632,7.0515090948893215,6.558303469555424,-0.22214986316343216,6.9469656328422325,7.232205711118667,0.04302006517975231,6.9640633180653895,7.2180562635931595,0.00032608052224318833,6.523401219869412,5.4737664946169415,0.584324007901638,6.945359977234589,6.540379579969186,-0.11147304180011225,6.768783217896825,5.4473876175600315,0.2541759456073462,6.7393210773447505,5.32354453796909,0.267870400680475,6.698761002510205,4.792350957126929,0.6160493134035128,6.516596896605556,5.363004169999091,0.7937106840327391,6.724715263557879,5.025069838113095,0.43841602953578473,6.49700873556159,5.63265452557654,0.7337329749204679,6.49641141213693,5.6133922407467285,0.9671892642349154,7.0762282362388085,7.019675105832084,-0.30935188702150357,7.021728056200484,7.067148361937783,-0.22195713738849254,6.984460936086699,7.119795164621088,-0.13852637184334365,7.018333221549816,6.556914134346899,-0.1576613394705091,6.955905247787701,7.225125055990131,0.017816837429046967,6.975446655713148,7.232586714144209,-0.07069731711607366,6.973037823397813,7.213275582772662,-0.007193004900340391,6.970002359732776,6.432774137562974,-0.2666889467587219,7.033838509512372,7.1631841520299,-0.13067683071554534,7.07196114191428,7.141690975858221,-0.19560815703190404,7.122345651907459,7.129436076344342,-0.2631573417911927,7.134036024960416,7.520473577175008,-0.2756812679949835,7.111887607321733,7.327704189251685,-0.32197259043610926,7.102885887487485,7.249255247607827,-0.3137753338925722,7.106810358212122,7.189268205317045,-0.27854055701239233,7.121164263405181,7.135098786147048,-0.2580569123807486,7.030920975355241,7.1749526795496354,-0.12751846566246136,7.0140061157597255,7.204776982318297,-0.1493723975320032,7.002359006786591,7.242568853851877,-0.16883931448130246,6.995860323312456,7.288389003423674,-0.15327827822234033,6.887855037071747,6.965128870482979,-0.046633422685214136,6.677778621603539,6.913207090040587,1.34204189959112,7.112572156713779,6.521732063757511,-0.35244969234468876,7.0039723382793655,7.193487848715316,-0.05740281490990204,6.9874587181338255,7.2151750154384615,-0.0715336778527325,7.06645334542965,6.610664868873442,-0.24150933952740355,6.9952902143896205,6.630574021477389,-0.0903671380203819,7.059290348987902,6.587134094103623,-0.23362923660128235,6.888689615127697,6.219770418629289,0.16596344162684437,6.767017066509191,6.355062778699333,0.2294451377847213,6.928020152725967,6.480017117114774,-0.0623773827010309,6.572725759906915,5.009863211862868,0.8368133085906224,6.591346759424503,5.165895115746375,0.6205485596402399,6.606144470339624,5.366460760634669,0.436337085829104,6.971702219385197,7.439799326651195,-0.0954260042573665,6.916356296367096,5.301831552359598,0.14338251402887697,6.890191995189955,4.937752457913155,0.29024397034747373,6.8666123738784,4.646910728011184,0.4278674007829282,6.689772541023,6.0109046995884015,0.4934891533408858,6.5722505528365955,6.2131684596097685,0.6726927662994661,7.001827277289406,5.851378174547537,0.30751857163898216,6.572151464137645,5.818061344044735,0.6189330038852979,6.998650856461073,5.985111632128456,0.07645836874538539,6.9167205520068995,6.358873506762498,-0.2386332595112729,6.517693152563665,6.377352851309051,0.7939371226440736,6.593204323625958,6.280367344884034,0.549111277384715,6.661865116113616,6.285209432785573,0.4079141990654513,6.795841410787738,6.210005994936218,0.3020901943976581,6.901063839764961,6.1148864264055245,0.2414638511854117,6.9726665896806175,6.023659927251209,0.18974563434440744,7.058902367884969,5.754995922912962,-0.027947750564431627,6.523934344982076,6.658711025132934,0.7028399359864076,6.538670648816157,5.839949479396738,0.6997318567035217,7.05194731814947,6.454335698893083,-0.42460741747783937,6.954143981054241,6.216655404881996,0.04870292963254831,6.5953856706183505,6.255919650745053,1.4446193755592938,7.023051797481536,5.926634645785064,0.16704949214676892,6.9423224201463345,6.5107401962513825,0.022713053132065508,6.625824044197411,5.90084018270964,0.612199377268008,6.9290961722596425,6.2859637629515275,-0.18904697615213648,6.725380274333231,7.251754794929243,1.2039543833961879,7.012808677679448,5.806354921413779,0.34948719320137034,6.952652765915808,6.162386897013048,-0.2839393864572643,6.754891261427042,7.74560449680632,0.3956049141609059,6.837819430948112,7.971398333789766,0.5123648090702582,6.5676115269871325,6.799547467690039,1.0392502121572509,6.702069309001226,7.614668550451408,0.5925894969581629,6.518514472272573,5.883533852972495,1.0842967546243014,6.97672434168342,8.051023779281728,-0.1289480229451984,7.09096384226515,6.527629934768291,-0.33255826841861313,6.9080140048462875,6.356644011036108,0.08599551427718663,6.545081408515167,6.092298389891215,0.8774545035748369,6.735962528696516,5.929995985664255,0.44388863034257353,6.800924242359262,5.914787265990811,0.393453660127262,6.968169916609928,7.266419224566198,-0.05094478418819153,6.566074256537919,6.95199961787202,0.647799303854158,7.140164870332834,8.241599259673356,-0.21519108451782684,6.961050184248004,8.151695803992352,0.11933761850403873,6.89956355312592,8.083119446241124,0.2977871629745661,7.099846236976013,4.865964091138901,0.1738582312252242,7.306249392505656,8.240100368649793,-0.32232365314834655,6.8710001889417915,5.8836929531370075,0.35981433341654173,6.939012020232097,5.8496542405281176,0.3489535447329021,6.988762920798182,5.827603864876776,0.3547474423905576,6.520349008818638,5.851343284160583,0.827177019843641,6.925143091417704,5.715545013479699,0.36226062928486913,6.847860884313603,5.679289016779855,0.37636783763566906,6.771102033013817,5.677560198106262,0.41031317484647173,6.70493101853923,5.717069374485739,0.4569158721846741,6.671822134742676,5.774049563228786,0.4996643593149697,6.53851503769034,5.894452450666019,1.3677352677703427,6.696906229539707,5.9247073008096995,0.49561118667545523,7.155781807533645,6.715450470205996,-0.3027571023378005,6.950752635442268,6.848670341290945,-0.11224636542046573,6.971064423111669,6.488783675740949,-0.1800996526118002,7.059743226210571,6.744133857321247,-0.2522786717842389,7.1445701305897025,5.569153323511706,0.0016354306686279377,6.825781549641088,7.876600454626793,0.21144189437465297,6.899371655997671,7.963736404814569,0.04061945936346636,7.094201670174523,8.09567789212151,-0.29882957870430576,6.808221217886915,7.830425120915799,0.7649912725929574,6.984129477410631,5.7690082512177385,0.3552743526530453,7.00606715711211,5.964173213109353,-0.07523774491265292,7.263680329190274,8.093718447990147,-0.402664896735171,7.03354124341552,8.202995139931476,-0.05884730963955394,6.616855819134639,7.113849842684051,0.9353841469728822,7.069369483971303,7.154358977553643,-0.19144202676462455,7.051406517151675,7.193490639946273,-0.2129960212420633,7.043421503193281,7.246011837236542,-0.23597055601786054,7.0425966944456775,7.316882586833894,-0.23354068043789358,7.043408244846238,7.4922584190526855,-0.18817024614744676,6.985040116510143,7.181740953235493,-0.0587200742112524,6.963708831733933,7.1774236167537495,-0.04293214685625007,6.9468079282931985,7.167844809919275,-0.028306832614045468,6.8530134966590355,7.104483867209999,0.03259578794665055,6.604949823490304,6.947184046664567,0.400074459955738,7.030383663396143,5.8594650684358385,0.0304843334864381,7.034499333441289,5.672853833809976,0.255484051633744,7.004409863731774,5.704230409894241,0.32407432192676966,7.00641187413522,7.185686358192302,-0.05829301587492996,6.659186232203253,7.337211121889033,0.4588639769402757,7.069575337254335,5.635103830740742,0.10751711521098738,7.00912355500932,7.683117209386382,-0.1657805396764816,7.078921774111692,5.921691375761357,-0.30799687523114394,7.03783834347283,5.863099948948753,-0.14594066629713115,7.100784090577349,5.811965295636054,-0.19607045465905049,6.964233583153727,6.191474314809232,-0.0958246487348129,7.240169790844889,7.909534188680835,-0.414647433165888,7.233539919515804,7.696196917647866,-0.36849639188681094,7.110205890670528,7.706869887017231,-0.29426563260627003,6.853802019404205,7.490550185707395,0.05492183036466978,6.890084532798135,6.656625975608536,0.05086661881816765,6.929604874101439,7.613418078982961,-0.05566589512458818,6.705546484965106,6.712144257138192,0.17079390666822838,6.8163492824318235,6.829174290868539,0.07214168100677448,6.674306330293833,6.98913206109216,0.228463344102315,7.084947343938725,7.918159092335975,-0.31193314326786914,6.949220249647229,6.304522657580337,-0.030017551899405727,6.8082268003488275,7.659582247770129,0.13804155901336568,6.895868661147444,7.776164288931981,-0.00775705570715995,6.783419735224216,7.335832253796593,0.14310238783461646,6.613805003699342,7.207942238222805,0.6069387791749512,6.718693182769542,7.427597460525486,0.2633326223726551,6.662470115423406,7.396528966558028,0.8065133626218042,6.773616234297755,7.0494059023637075,0.11113334027012702,6.983500752637712,6.087639127617318,-0.0077775667571002224,6.939836131171961,6.407703301112986,-0.27200297075680274,6.9377964391506035,6.488145879467422,-0.17960154872504175,6.936885800051092,6.276982977349453,-0.34107091225372665,6.951807022936031,5.565185588707246,0.2801903707660252,6.800583014374848,5.517708494658982,0.3231362502605157,6.681017147320651,5.533124812134805,0.3785432532622789,6.5980589720668,5.591951400155481,0.455588772703878,6.56117913524821,5.68882037268807,0.536310735831851,6.600661794933602,5.961963953807397,0.6641956486865473,6.538941398218923,6.495389821606904,1.1003021090578824,6.64936947292975,6.12447151350965,0.5286838280825598,6.7113187505828495,6.130103519771837,0.43006366341574326,6.805446734316297,6.0924526054015535,0.3453461185932225,6.901721174655183,6.029054678882105,0.2928683162217281,6.9740405731188835,5.959506274950327,0.25521543926717843,7.020735773595499,5.8961816182434825,0.23528810004903156,6.643503003267229,6.5886511281284035,1.4302159260167588,6.965589423590777,6.544277533999737,-0.14487629143010203,6.9842822973054925,6.06099752594664,-0.16622422546283702,6.963579737302201,6.370420829228942,-0.37291251177661905,7.036192912824059,6.459012406360458,-0.3769067632751642,6.991126395610476,6.418854268783628,-0.3337231930195466,7.003145436108545,6.594611104027962,-0.14092053929291193,7.037924871632478,6.457895913977915,-0.4070784870719249,7.07491705549706,6.520739781152527,-0.32034482304573325,7.031793235029102,5.797850738497502,0.31050222307939174,7.0546631858700035,5.804913250624821,0.22073163435320942,7.058527645129079,5.805938330193543,0.13534118480528845,6.6583307199151305,5.825483227157685,0.5376794857120739,6.598906110662054,5.800140943497191,0.562638324019938,7.159224093110571,5.93332383077197,-0.318486473810572,7.904096870777854,5.632273871454867,-0.011180159748695243,7.181805849355228,6.472923203639196,-0.3670914868431064,8.412136493029305,5.06683991156722,0.38315580603064053,7.636916754596781,5.779939060546697,-0.022711121894631352,7.728954804151657,5.7792443929424335,-0.0561215581265903,7.828071415411852,5.760951363062217,-0.06461125062903533,7.966816528174908,5.681503160735984,-0.02720745560179119,7.556780513839806,5.764121503620898,0.026156074678091126,7.724041539860732,5.303343701730204,-0.04886925319748475,7.607376459577929,5.34451540504806,0.0013556860027931223,7.842147593124754,5.320460227762316,-0.06059511631592218,7.930069274826745,5.382426252801155,-0.05094258173251503,8.068557594341817,5.7544687291660805,-0.020291221421778437,7.64665256817255,7.7902586096461,-0.412974046594569,7.9405384843362965,5.5870506964038595,0.009827469668264364,8.49666124665741,5.710881564359368,0.2698955913847541,8.202891166578352,5.653786935147109,0.0496928244266756,7.674049197816921,6.314642265412606,-0.23722344800690293,7.265582553087031,6.907619743473702,-0.40068608843904946,7.281072489279326,7.059814402599958,-0.3805507152886867,7.40794789240048,6.961595172092232,-0.40690355539433204,7.521112769064013,7.0197323260666895,-0.3876010593935556,7.396509427941334,7.0693241264682625,-0.3875898508567465,7.499857545331364,7.0825503743549545,-0.36052328427296426,7.71368746862813,7.254967501760009,-0.3479540877921001,7.117845489798074,6.327105809440473,-0.49662754364743833,7.121704366595235,6.18853445080445,-0.5051263621667211,8.052832496941447,5.278991258347608,-0.04191889730935514,7.471989895463108,5.985962957570145,-0.11525355696882365,7.419837838466816,6.348205422047306,-0.36505862025369734,7.43644077800296,6.287578490059779,-0.3305481896131837,8.023710188758308,6.286403381827154,-0.23725018276590676,7.136728167217821,6.042314421540273,-0.4303304876499774,7.74194309959932,5.150146990690615,-0.07428147572895298,7.91103238189666,5.1770335228777125,-0.06952643389124313,8.21554730554221,4.787401406833571,0.30530172367786396,7.31878481073065,5.359072372293195,-0.012022012995487929,7.520657798418127,5.439380622657856,0.054741659677410785,7.788445007332208,7.103465765718668,-0.33904598322734975,8.616290614215863,7.256741329032773,0.2132163322291888,7.356219404701816,6.44549168360787,-0.3161143200145228,7.277254085331032,6.506090005478094,-0.30331894660022635,7.67745868643011,7.126595301038511,-0.3163504625147288,7.658774186408264,7.12409086906292,-0.31602166423066685,7.975604718840994,5.080711631612569,-0.02068325853219535,7.446671337265743,6.438303566087515,-0.3281399242666367,7.54749408844801,5.211410323336191,-0.055014535213132335,7.547542934989746,5.070458742502136,-0.051742220336904315,7.665646197022812,4.482331377131577,0.18682871076904825,8.077857278080655,4.922792506698697,0.1220782147863269,7.5821109347687345,4.753434917325677,0.06844659276987186,8.131356801821127,5.220562769642082,0.028112122448347807,8.263044984918777,5.145189764512128,0.20222555504765197,7.271474143828159,6.989545163273701,-0.4022946225036169,7.398667049470597,7.0163228374535,-0.40414089094229516,7.508053995034703,7.050801517841886,-0.38230339026435967,7.340312179481544,6.486634427904555,-0.2916895008854884,7.670051457279681,7.1251166464393805,-0.31419438924638693,7.605060435691892,7.14770468295369,-0.3513936039445614,7.648044694612032,7.124992436661823,-0.31429703240350854,7.274635212886231,6.3526811608858225,-0.4170130886273669,7.496640651654164,7.105509644586459,-0.34390281231737624,7.398374668027919,7.0999550949833115,-0.35412203220439914,7.292088780056324,7.107173218236447,-0.351231385451715,7.358118139559877,7.482969900237673,-0.35947777202138237,7.316059871509507,7.296900164417343,-0.4150054521490243,7.301967644218607,7.220855868242385,-0.4083859607100591,7.295785765458017,7.157007855731224,-0.37372624282636413,7.289621331890905,7.1135511809717205,-0.34706255117944657,7.497751561574794,7.115434564059521,-0.3406450096614721,7.5102925622617,7.135451179055288,-0.3635156146971288,7.525282868112809,7.17045321524799,-0.3903471945247728,7.542257739173887,7.209766307652783,-0.39236590870097343,7.607956337809111,6.836098637063519,-0.35324981614352163,8.710501637070262,6.474219730418423,0.4580921579678596,7.579108965875174,7.123285598932012,-0.32598396003075397,7.587656412871275,7.135686340263361,-0.34166101772958557,7.255178937504953,6.573088619931242,-0.32152721464663575,7.430219822008982,6.549384788842128,-0.26294673469293894,7.264366972005537,6.543948866554626,-0.31202385827395074,7.585419939067495,6.060913091210211,-0.1437528536799066,7.751006924322347,6.132957553424711,-0.19042226797991343,7.472567680271073,6.3698674676918445,-0.297236440022982,7.971313201245597,4.585346989133931,0.22688333292908283,7.856075137789231,4.787239515438102,0.08076045158608208,7.77605822215564,5.021614643092995,-0.04326082520460689,7.614921156852958,7.345105420841346,-0.37563958803396236,7.322325487198787,5.165632740036477,-0.01707302480669054,7.342499108935849,4.792078463204815,0.09715747241971873,7.387976634907754,4.474552914263952,0.2119101451740735,7.915869585144024,5.731083098405993,-0.052092688822238775,8.198153749837678,5.843306981333365,-0.022940235889934137,7.501716505148297,5.742648563873653,0.0601858248188317,8.05166576240169,5.469672805515577,-0.015003919916549788,7.387475608951088,5.8953393643024015,-0.10810976114314644,7.329300773358721,6.265723151671514,-0.41689694725179227,8.353887689816593,5.955345247402139,0.0018053277724157319,8.107805092819136,5.934047457397405,-0.10486057205152166,7.950834637526554,5.984699925562394,-0.14595375019223905,7.748198248172513,5.983935826088092,-0.12023256783266624,7.605382822867352,5.948455791594114,-0.07826580527370797,7.4959198162596845,5.8961816182434825,-0.0497502572745764,7.218456805235397,5.715175873185721,-0.10645399421723943,8.355123507322519,6.270232385281506,-0.08539101106508602,8.139394849167692,5.453223034778163,0.004886190849844969,7.111659424191051,6.432950682920963,-0.4636300910242206,7.450553241718295,6.110889383676023,-0.17674204164271445,8.647300492333237,5.756542613766653,0.5377490920340481,7.409737769251243,5.829456893327928,-0.01938564960581019,7.503742938822612,6.398024707771823,-0.2118278474738447,8.006689262386452,5.589948691944296,0.010765467737608399,7.348567942842705,6.196488761222325,-0.37037515199834053,8.692600775139415,6.856949830115235,0.35566242098194617,7.50055046841628,5.70177307994104,0.09041783266230213,7.2376109298656495,6.100825600462882,-0.4157142503600039,8.218290387764567,7.528451613056012,-0.20169123057793645,8.300644261516368,7.773038808068602,-0.09205682494435619,8.56774133857649,6.370808810331875,0.17576203609263957,8.386940051186281,7.333264321316745,-0.10801325651347961,8.387995136487783,5.404813669590476,0.263120924949809,7.695655418842333,7.977566954203312,-0.4143129215809622,7.1391914285368046,6.509858167269174,-0.35642065450994187,7.547659468882174,6.219231711054713,-0.19253917678889898,8.319348997962647,5.67838047110356,0.10000702483851807,7.8020948245165265,5.683877102664364,-0.03687571266581969,7.721771571285476,5.700509350125549,-0.03200456761389596,7.622865000154747,7.168309549873508,-0.35236769993534584,8.375277590442886,6.591368391464416,-0.11400143911024184,7.520253767737195,8.21159352689253,-0.369919265479797,7.906703182683351,8.060555832997684,-0.2707872588363587,8.086698502134912,7.94983467903644,-0.19472447075631527,7.643769226594634,5.704105851212814,-0.0023695552458918912,7.579162697071084,5.704708757099387,0.03847005070419502,7.531069089885334,5.706665409999792,0.07602888443684502,8.241094744677994,5.430665352900504,0.07530857239817046,7.572186713103412,5.546106827312816,0.04424608884502827,7.6424091993111505,5.465783922985634,0.00810510844206954,7.721228676864465,5.440379883340231,-0.01987429083801297,7.807284420672131,5.457898346630059,-0.03224860678996195,7.868274212683984,5.5021930884842085,-0.02484373546646364,8.54768773977055,5.371778404510397,0.4831645644852604,7.860365957576889,5.660603121142531,-0.026315586440137012,7.483963578458135,6.752635249006568,-0.34488724458529596,7.344745352047976,6.402021750501324,-0.3355463029638839,7.271525781600851,6.703849416543641,-0.3478663166624178,8.046908109236583,7.715002138408574,-0.27208494135965383,7.880727987403504,7.854902122979822,-0.3416194109431424,7.48231326315519,8.06185235977691,-0.4532908045930907,8.475775861026477,7.5653405213752105,0.05345259617001799,7.523913769328717,5.642541763431691,0.07099812676785061,7.274759422663789,5.903500923618786,-0.20020568512738346,7.715169612265956,8.144978706695882,-0.34753073655939154,8.566457372336565,6.726098318496754,0.10517585031063878,7.3977954876044745,7.107817992587366,-0.3506573731668388,7.4081970097633345,7.144345436497716,-0.37805688126813386,7.421377900146986,7.19519329082965,-0.40970525346677417,7.435078657296258,7.2566722460666035,-0.41652907173434134,7.496502485721824,7.42534284372049,-0.38999802897732616,7.590666057649965,7.1069903926088065,-0.3399307162145471,7.601152712352994,7.089126514488129,-0.35064437649769825,7.614591791600108,7.076037036918298,-0.3567996295317427,7.715233810577952,6.956903112854598,-0.350362941913927,8.17030284735516,6.637409048281765,-0.24176936013618158,7.300718568365637,5.792997485672138,-0.09765386449686721,7.393993133234179,5.58011099843862,0.08994228759135893,7.465211391085598,5.590838745715504,0.08626050676610565,7.5791710707639535,7.11659222709867,-0.32742076797202996,8.25424911836756,7.052532081034826,-0.19828071705963105,7.273114689822757,5.577700072700067,0.009702983220841227,7.580891166840807,7.61069174414634,-0.39259404821867183,7.18829197229006,5.827967771612712,-0.21248622907567513,7.348558173534358,6.107627830303521,-0.2615454495268809,7.402600591695841,7.675985614292894,-0.40425803541649474,7.836327876580753,7.344167567240011,-0.34230869234391936,7.603006089708014,6.51493960322522,-0.24329001403860748,7.721879731485035,7.503325649794636,-0.36971389193958637,7.859015001794012,6.475433915884438,-0.29026176444482055,7.71932505735223,6.653640754100714,-0.2962414752195004,7.994715579391424,6.734319191470961,-0.30117181399354154,7.446499676561928,7.88046351827039,-0.4572798225335927,7.433320181793754,6.204072535730744,-0.2385346505551429,7.960070122953397,7.494201115798309,-0.319105123984258,7.808552337334056,7.657611638714942,-0.3608885212049018,7.909428121904494,7.143644139719932,-0.33575043353405926,8.377872737424559,6.872739125827602,-0.12521843683819456,8.084458539292436,7.2015649732952705,-0.29042836604252803,8.520377638285826,7.051513281735756,0.016381600918089663,7.833268687452587,6.85372177151421,-0.32642968472409706,7.361545073366543,6.003789154072911,-0.1862744115528013,7.296566612318058,6.319651129363786,-0.43442714243423386,7.386640333087398,6.39176118550576,-0.36635726226263376,7.221123826414195,6.2111217895110205,-0.4707347332937874,7.44166456673778,5.431330712579726,0.052541319230620394,7.583258130691797,5.293903758635809,-0.008264521393449246,7.727201213303327,5.244106453855073,-0.05659886952337307,7.862633134921189,5.261433368920521,-0.07407721431982654,7.975146259156413,5.337414164591221,-0.05766452552179817,8.089101054180595,5.6205510503420415,0.021425079949265038,8.545141439330616,6.036313274984108,0.218591828727785,8.002478690488788,5.814068488161668,-0.05744156504591332,7.88519674816463,5.8551491275695735,-0.08077611409885085,7.745806861050656,5.871759045183108,-0.07477862013007017,7.620760412013655,5.859783966572603,-0.03785891559276158,7.526985518996186,5.829196959945117,0.006328941741602016,7.453861548209316,5.795028804000626,0.03262710479475365,8.690833925944041,6.116446026702388,0.5271334737382389,7.401083557671062,6.4531410520437635,-0.3285140364407557,7.249921653998657,6.000159856021909,-0.295478793167168,7.192865404212049,6.310675926223624,-0.47642282585300355,7.162639164185672,6.417502615193013,-0.43625299999654377,7.208061563346189,6.356500960449595,-0.4396793668344216,7.387832886513502,6.519219955896792,-0.29393565677164835,7.139689663262514,6.424119228175054,-0.4560481918741007,7.16286316046992,6.497593498446947,-0.3616067834333428,7.459034396979182,5.702441579755087,0.09536163149343553,7.395316874515231,5.723160189336377,0.0622019167643878,7.341677789226941,5.732587571891468,0.00412447100896532,7.906823205614475,5.543848372565254,-0.011107000331455877,7.993986370304076,5.4772450661963,-0.023349096708810645,6.769107698495501,5.771495237999851,0.4046216368615438,6.851010090640111,5.7515330520077335,0.4049445910057909,6.762650185677972,5.652200120348422,0.405035654915742,6.6940473112326595,5.79399186170034,0.4049594194202465,6.777874954929415,5.900485696378183,0.4049250087761127,7.688979492202469,5.545618361895453,0.02039686433443469,7.784921078249809,5.529205923872081,0.02032236654375824,7.683757796890866,5.419502173594429,0.02031914872330514,7.600209276289746,5.562860493320602,0.02020276338760299,7.694042087349559,5.6786023739645906,0.02022039938788387
7.1884243280801,6.975477498410158,-0.3678461553979067,7.081316945183571,6.370224378539214,-0.48612014437926354,7.173979787160714,6.610879074321539,-0.30254418867154464,7.047084068575503,5.991982178484858,-0.24920338618107238,7.06670665640915,6.22304168198414,-0.4922325336324559,7.083472366657065,6.068433201780279,-0.4262506379084677,7.150268052878164,5.716352587216018,-0.10418839357503709,6.698493250621474,5.930493221057035,0.5299575671841347,7.152265419435042,5.442935764779797,0.017507132213350575,7.13580043314352,5.263093747202431,0.039200924880177956,7.118863380176264,4.557741511334985,0.2832431744058023,7.192993933501194,7.036908409120818,-0.36847164374325275,7.206732822160114,7.096294396928006,-0.3480352435575569,7.222553000340488,7.143431128697476,-0.31593547453057935,7.22354678811266,7.148567913487487,-0.3091322725202926,7.220194765035938,7.202593321932466,-0.3335461185632404,7.223054440053822,7.271239509522437,-0.36430908655528516,7.232441223641504,7.351265651108741,-0.369480729972509,7.265612474747702,7.540911969022549,-0.3112641343698775,7.11157047455472,6.477663257145813,-0.45225683478446616,7.094265559259413,6.538765469578555,-0.3106481092129848,6.521268230822764,5.597389686857233,1.2113587571903606,6.915687281656934,5.974548581310536,0.324095933798414,6.835312859767646,6.011827861532666,0.36255870266055745,6.763965751434444,6.032439341632219,0.41973900263526204,6.683950799576751,5.997333666192573,0.5462039166689893,6.981212933680803,5.923298225560829,0.2978716246342761,6.739360237579174,5.59589655744584,0.3829767665526913,6.842097332095474,5.583627020025016,0.3392367512095674,6.661520988578079,5.65244734776648,0.44063997325271953,6.625252280721036,5.731844766476511,0.49280570125457485,6.644335663507291,6.1100254230235125,0.5983193783118544,7.007783643623198,7.90976808484726,-0.14023140548021473,6.677231367546468,5.899751539775275,0.576550548078964,6.552601569004774,6.204816411510662,1.1276262802612707,6.585921084015054,6.056351092313672,0.7471420257564487,6.841863746510741,6.524196442928383,0.11961739020777443,7.098773621173152,6.960573479259725,-0.30554203061183494,7.132816971752888,7.1110466553841665,-0.293002825102498,7.030299475660558,7.035673342825493,-0.21158054632271425,6.992390773204118,7.119536861966976,-0.1197256377191126,7.080388897066983,7.137592887795228,-0.21655619464975426,7.041595506692317,7.173372744383624,-0.13307323555570333,6.9467324843272396,7.412360170603064,-0.00040487631322279506,7.024946589236768,6.391828247694862,-0.45160503309293576,7.000539693064323,6.252000699626724,-0.45162330382168175,6.541444010864565,5.693833957746505,0.6023822988343283,6.983312406511247,6.125369338379924,0.11222199585123793,6.943697969799825,6.483136433152161,-0.14661127732805032,6.944334385614517,6.422137725709062,-0.10488892085237977,6.636350393428005,6.618107639003575,0.35205889075520236,7.0198552627192345,6.106195039048714,-0.3611295863645924,6.660210391614638,5.498594174243792,0.3637119222104831,6.575824452018677,5.570643438047268,0.4840882907291302,6.529260494482429,5.288115029411366,1.041037537684733,6.992190057447177,5.491671928382453,0.1225727242923101,6.943971418792731,5.625243718799584,0.3288782096279131,6.883424496642259,7.296360450251805,0.08019016290118237,6.7955774341156285,7.616392283361056,1.0192463279946227,7.018298491726373,6.55429471481507,-0.15319832306721043,7.081046293622817,6.584998630762771,-0.22267000447396157,6.977700058255312,7.259883333699401,0.04662568681058093,6.994587456801861,7.244894692226356,0.003912094126830234,6.5443533403031555,5.499885189182166,0.5715768448414675,6.972689157912163,6.567297179459847,-0.11283285231513007,6.791181269487989,5.468398691589806,0.24209845488721307,6.761315883827997,5.346782426834384,0.25449853185684096,6.717100370583767,4.806180761439654,0.5990755154806973,6.537201705005312,5.382113645241323,0.7808898101453238,6.744836910375713,5.042631965733842,0.42312669297192834,6.517198666398928,5.657819816215339,0.723978019947381,6.516199983120488,5.63301953114645,0.9571002362702279,7.110042377241423,7.041978754897207,-0.3080049729276549,7.0540636617959676,7.09144295021755,-0.22028191532315947,7.0157031740469,7.14553829446634,-0.1363917113015342,7.0472421234921185,6.58372090362712,-0.15840593971352027,6.986621768747644,7.252313482294761,0.02140015927210629,7.0082536122248165,7.258574834810074,-0.06673478197070067,7.003410557810817,7.239727835040705,-0.0035879030885342376,7.000566268669772,6.463324319290184,-0.26972757765549127,7.065077152180324,7.1881089176049064,-0.12793316159741908,7.104290157377863,7.16546160625638,-0.19305673738671317,7.156128673237633,7.1522996879789105,-0.26062425262263506,7.169452842579946,7.557279744546773,-0.26650185426946643,7.148467905288036,7.356766801436614,-0.31594430392581063,7.139306314988628,7.275790232276502,-0.3088828421050084,7.142586304187424,7.213395606189309,-0.2742515718195362,7.155844034516116,7.157516199585268,-0.25360265421000583,7.063438556297003,7.197075387011678,-0.12338488659648811,7.047514873126987,7.228175838966994,-0.1453728016622898,7.036604887732273,7.267525918340006,-0.1644788152375587,7.030461027367365,7.315038904733986,-0.1485003526637132,6.91642300631304,6.995585440722262,-0.0455161798699053,6.694153733994923,6.928281321207448,1.3487238656062681,7.145615223850534,6.5506454645721455,-0.35352238486972887,7.035714604949742,7.217572871751016,-0.053462955206552795,7.0199573689928,7.240153044727884,-0.06765814766667486,7.096543368389578,6.637332991471568,-0.24151239285126624,7.022859005492971,6.6566870258185755,-0.09014649711863072,7.0891399641980115,6.613784906969938,-0.2340058114941376,6.913897624437379,6.244398677752331,0.16281470371331508,6.79201910041766,6.381653986956253,0.22669835048342568,6.954944346410876,6.506968457017268,-0.0638638953692683,6.591890104870432,5.024083242167733,0.8215540706917227,6.612137219432121,5.1846831226841905,0.6061707213268389,6.627611215383625,5.3918564020704105,0.42299989061764126,7.00405396720589,7.475199588402503,-0.08925701204136276,6.9389178576092565,5.322120964336063,0.1300785735089926,6.910345584961753,4.953652642543491,0.2748847968131789,6.88453787463895,4.65968343576194,0.41058479930513236,6.713209142459652,6.033683499582039,0.48759120030257724,6.592848924740697,6.2362665424850405,0.6679511362170503,7.024756363850398,5.870944282826963,0.30183597938325196,6.594180502445283,5.8434553157805125,0.6109729070054858,7.02411505252944,6.008569552433053,0.07156530804109552,6.9457484875676005,6.388854577316764,-0.24215678571858024,6.537609430741538,6.399912127257522,0.7906394731350375,6.615212996083785,6.304718308540413,0.5449045094341572,6.6854201508148465,6.310369121488445,0.4039617038446009,6.820069651968724,6.234609063934689,0.29815875481880283,6.925416750683298,6.138285781986013,0.23740777310576938,6.997240821198498,6.046204805896587,0.18524285373664567,7.084080108792194,5.777936307658007,-0.035584429726617364,6.54525691088841,6.683908838094463,0.7017869085890965,6.5593881394067175,5.864443749862613,0.691487506471541,7.084395519267387,6.485771614239808,-0.4275712007239529,6.9804904968274215,6.2418851849633175,0.04594438095181727,6.610270632828372,6.27043927430183,1.4440518736469419,7.047672928043602,5.948427558586653,0.16186555465341979,6.969173485054521,6.537148553794415,0.022404451074187162,6.649340269628096,5.924857793985842,0.605533475024477,6.956994164820614,6.314407914158603,-0.19273302203481713,6.744122166460751,7.26905191757919,1.2135387436149438,7.035373318227139,5.825148919774613,0.34344655877498564,6.981522749291691,6.191580361281153,-0.28907614826782596,6.7806118714578405,7.777567735542888,0.40536990496423836,6.863387888850044,8.001212645121994,0.5258882213096856,6.5854804884510365,6.819955656608509,1.0415282247682307,6.72507095414425,7.643749771096339,0.601640148826248,6.536586269931765,5.902180410241676,1.0773106165295143,7.010181042977883,8.093652391884975,-0.11637770151592579,7.123439979177739,6.5564368484858395,-0.3336940764981807,6.93409228714621,6.382230957337704,0.08424860862495913,6.563862632134626,6.114192897572686,0.8722982660613389,6.759624836091817,5.952427187206677,0.43749504757503654,6.824052495995832,5.937162299308572,0.38707124560663536,7.001239750460484,7.2935937898529914,-0.046850497637429336,6.588567454831311,6.978760984399145,0.6500454723669948,7.176749944349718,8.286382878746904,-0.19924496327716446,6.992327131622648,8.189194490905068,0.1336107796277554,6.92826593533061,8.11710886048361,0.3115171271401683,7.1195851176716065,4.880357822074118,0.1592099501255664,7.345381252575977,8.285505883767097,-0.3056655328703797,6.893704360444624,5.905470190453005,0.35346346395501704,6.961588247773042,5.870324651605187,0.3427421522460253,7.011296519048688,5.847025538565129,0.34864696329152733,6.539915913551267,5.874083001702058,0.8189448532712417,6.947919294917933,5.7358272608246015,0.35511202569038175,6.8708766147222615,5.701708729255767,0.3683328648825628,6.794301805054093,5.702148625461746,0.4020715139070648,6.7286908313495735,5.7429498727638615,0.44883089830508993,6.69602871289513,5.799779706941712,0.49205284232653573,6.554731114230858,5.909164199610369,1.3627173205910652,6.72095453273186,5.947226760835196,0.4891291760481638,7.1884900677356836,6.741433134804169,-0.30199941061478575,6.979524683376774,6.877322597759638,-0.11139944152371219,7.000613125658326,6.51738749306922,-0.18200816982575735,7.090606518003955,6.771057941299047,-0.25174236182859944,7.168565357229568,5.589700594907093,-0.00710111350925667,6.854199722945188,7.912177373288593,0.22243604735527084,6.929523381083154,8.00280088722657,0.052533262505827454,7.130227948295758,8.14088423634763,-0.285543210008617,6.831188745416836,7.856317548709618,0.7782316376621742,7.006733907207976,5.788030491901251,0.3487173799039908,7.032553506617428,5.989412737052795,-0.08084765234050714,7.302583338075021,8.13987016719235,-0.38850860121448705,7.0675067220047625,8.244513711720574,-0.04396927091812864,6.636339203699396,7.136242427423613,0.940835353797363,7.1030704769593775,7.176077861275082,-0.1871723388539488,7.0861788822646,7.216814068279652,-0.20896306773540793,7.078994377138965,7.271333223499545,-0.23143488392624378,7.07851601624089,7.344801484762373,-0.22826862782839805,7.07736487291014,7.527938877415373,-0.1808128030265655,7.0157759072828645,7.208009150579688,-0.05570797100121207,6.994575567715213,7.204266186359655,-0.040264162183776694,6.9774461912874735,7.19492136425426,-0.025973542865726253,6.881176759907732,7.137007525117319,0.03442918859486278,6.6296987991274205,6.976565699517478,0.4016084514660728,7.055637217381744,5.882634751792223,0.024293438990095256,7.056721222340834,5.691833793757474,0.24856238082925555,7.026272572077048,5.723097196135673,0.3171145921828542,7.037254591349689,7.2115059407703015,-0.055120876319412086,6.683513001444886,7.367402638480384,0.46461960537374797,7.093088539681252,5.6558182535102315,0.09947071001684026,7.041703907188225,7.7221953635164855,-0.15659333480833837,7.107991160115609,5.948552743675477,-0.3146598454690435,7.064644948912764,5.88828696345633,-0.15298396982852583,7.128038258278396,5.836644267847236,-0.20324564093424535,6.991510980792159,6.218355983128718,-0.09922103919723047,7.278009295331465,7.954540287089837,-0.402740886969303,7.27037440362928,7.737870774582968,-0.3579603142852073,7.144929852973173,7.747914954726486,-0.28419333972034677,6.882827244877702,7.526543658129318,0.06102302652612849,6.917197195661242,6.683782254289563,0.051184954845673626,6.96001679026138,7.651307034056293,-0.047732486470726164,6.731901584102595,6.741589091646671,0.17091135748764041,6.843764601658359,6.858572808757568,0.07313456913141875,6.700864773728748,7.020154587959551,0.23035208098878163,7.120325038475941,7.9622360229413385,-0.300723213324844,6.9760824431131345,6.330751212151493,-0.03246309645525166,6.83674934117795,7.696071543360451,0.14616843070534782,6.92579230594977,7.815407201553555,0.002020674507509312,6.810859106606648,7.370243430831239,0.14753944564680196,6.636820362029624,7.235985570178711,0.6119033591653307,6.74531457191575,7.460550135577947,0.26896796555139657,6.683336763219279,7.4218952180948286,0.814429622937612,6.800907241724161,7.081258199108369,0.1129931801453697,7.009904097194786,6.112771102681182,-0.01187524154442488,6.9700308980092585,6.438492213430561,-0.27548508641421376,6.966438295767422,6.51676926056352,-0.18163283310867237,6.966974004024625,6.308178732113045,-0.3456637423052215,6.973559858669626,5.5852523281056135,0.2719044606787803,6.822129960749033,5.540110515139888,0.3135260549596145,6.70248448694504,5.557663352859711,0.36815400406431287,6.620004298002963,5.617830523595483,0.4453034674904312,6.583375420756288,5.7151315080814555,0.5268847628041331,6.622619897065542,5.985337577764655,0.6577321602738788,6.55552768303628,6.514341089455158,1.0992878554577652,6.671972195099785,6.14786838582437,0.5236031563398745,6.7344682281025054,6.153789850333155,0.42510675041736323,6.828924224089395,6.115891638247286,0.34052995164181105,6.925277578433711,6.051522724418472,0.2882369623319561,6.997737365405566,5.98086168632067,0.25029674505392246,7.044371258745625,5.916689292100569,0.23017619244219378,6.658593475830497,6.60278330567223,1.4333902477755163,6.993802777083087,6.571621310209559,-0.14618642824736014,7.012039936643213,6.088383788533806,-0.1713889425353928,6.994638509938644,6.402671094717916,-0.3768117068972528,7.067726320428733,6.489702006414057,-0.37966495656316124,7.021996697031966,6.450028124269394,-0.336964449523952,7.031273681407663,6.621125368938074,-0.14144620131990318,7.069699209454277,6.489037616277841,-0.409979373793505,7.106604333126011,6.549472641142214,-0.32170546245929454,7.054374176764894,5.816440513483909,0.3045932858683054,7.077918764476333,5.824683497000242,0.21481503353915435,7.082635934443471,5.827033689687354,0.12904226695359625,6.682715033923388,5.850392248160651,0.5304113631311216,6.621906551866657,5.82562343420348,0.5551307412169743,7.1884201319318715,5.9592746017579366,-0.3241224438390466,7.927012155993251,5.639753999374553,-0.01243302465563878,7.215666421739093,6.5010309072736066,-0.36820846657153167,8.428581949922314,5.0706555920004375,0.38196024964427994,7.661740057269007,5.791623793501126,-0.024822995082055634,7.753834321161157,5.7907181248417565,-0.057744561709306766,7.852739632986583,5.771872523788464,-0.0657484576600914,7.990086558093499,5.689716836976077,-0.02768031249842801,7.580934830828235,5.776107836067335,0.02333559439646814,7.746597364182663,5.315626375915037,-0.05363920435962906,7.630449379927322,5.357687516722831,-0.003766354468167072,7.864189522786727,5.3317126598289155,-0.06454130012147555,7.951993924473032,5.392549116207171,-0.05389843671491632,8.092832044906256,5.765069168793606,-0.019695397561896796,7.683547439613749,7.825722732615865,-0.39965811673725815,7.962692703740233,5.593953740815936,0.008661190744561691,8.517033257793884,5.716995297253052,0.27490931805439056,8.226095418428574,5.6644909925409905,0.0503576088228398,7.702916859837596,6.3358481335333305,-0.23461626364166394,7.299692891303459,6.927477758821645,-0.3991818539132966,7.315452924692554,7.0815945903247055,-0.3776838500806692,7.441086302018953,6.982757116228978,-0.4040199254012746,7.552353466526236,7.042985830472104,-0.3834039868942295,7.429376251028627,7.091535265478582,-0.3840185914801072,7.530832820977125,7.105765802838302,-0.3558289550992123,7.742795653887428,7.2846937594598415,-0.33909137215739266,7.151733207968031,6.358803162418632,-0.5001527634141955,7.154269779572302,6.218886096521615,-0.5097574844505083,8.074294860747777,5.291434882018335,-0.046166536403614684,7.498937198932463,6.00559028719065,-0.11706851427302017,7.452525701448526,6.372396584605623,-0.3656720698067702,7.468520019780392,6.310820906781072,-0.33124796248515315,8.05044395421564,6.3039734922298125,-0.23276504105981446,7.167703748126601,6.0704109863120905,-0.4355900836989451,7.763435108308505,5.162917002463698,-0.08235032143263787,7.932217477870998,5.189975164958665,-0.07613905497307123,8.231714060906853,4.7919795971175345,0.29979555859715157,7.341619405688915,5.376305127055695,-0.021783011356233745,7.543772343398471,5.452854060476453,0.049924902891690076,7.816703111998196,7.132388964633558,-0.3306556499367406,8.637681611024544,7.262394029056262,0.23264914431993433,7.389442207693783,6.470219989546074,-0.31607893034814927,7.31066372084749,6.5310032947134316,-0.3031490022448886,7.70231541192481,7.152916521768534,-0.3087031507990882,7.684103429254057,7.14930853364986,-0.3090585995219641,7.995297474835551,5.094192486773457,-0.02749242559049861,7.479547497325512,6.461576623552915,-0.3277617063749889,7.569221982405756,5.224982930272973,-0.06418205410300207,7.568256868313147,5.08687860041077,-0.06212128090524542,7.682846682859551,4.489840140055614,0.17386127154738065,8.096388979888149,4.9304287104925315,0.11584606920478974,7.60202187439371,4.764354255253649,0.05679135855828422,8.152094246340697,5.232510470516306,0.02460186681237671,8.282005596786293,5.152119613713122,0.1996546559578722,7.305964034831305,7.0108153607184605,-0.40023757858172015,7.431753369000206,7.03850574287989,-0.4009786795527433,7.5392495949659315,7.074293292406705,-0.37799318488290634,7.373547897561369,6.511024034280342,-0.2914297503253731,7.695130906799175,7.150833134172967,-0.3069733979664852,7.631125659150186,7.171113817920487,-0.3446502413783496,7.673607463817912,7.149649121014425,-0.30739572280175653,7.308037631414339,6.38074622022277,-0.4188607400690121,7.527163988709133,7.1284389904342405,-0.339183534433854,7.430991068738653,7.1216454264519164,-0.35018142039198463,7.326041205389732,7.128883082788448,-0.34789865019073607,7.392659254669147,7.517890501123627,-0.34933725153009315,7.350044571974179,7.324566958645369,-0.4083169997368874,7.336244839165942,7.246209485338026,-0.40284631519354996,7.329947120032647,7.18034394530763,-0.368871457991672,7.323443789636144,7.135592723806197,-0.34215440737979924,7.527268892414852,7.136425659229602,-0.33461084746640485,7.539281066077647,7.156708441051236,-0.35763111334369974,7.553729103787224,7.192328144648901,-0.38401789212206905,7.57017031190545,7.23258459203932,-0.3853055413998851,7.638510880032762,6.862155619986871,-0.34907558234914177,8.72692738962742,6.475996686940967,0.4731649738218144,7.606208231609913,7.14581034474317,-0.31932703319139405,7.614254345838514,7.15855824306207,-0.3351173793804539,7.2885500196820505,6.598487848602081,-0.32079358699733734,7.462885292067238,6.572687831217697,-0.26127856763211493,7.297840291860473,6.569149778902833,-0.31170171395235535,7.613029769913761,6.079787978887239,-0.14375507724541856,7.778619570032225,6.151967323285807,-0.18884397940457157,7.5046138881279045,6.3924464802005625,-0.29683753635515686,7.987519914093589,4.590973956269519,0.21723638590664465,7.874823961114421,4.796264214138093,0.07163663163351469,7.795458712874143,5.036390544922616,-0.05190281855313321,7.645429629103909,7.374789258079036,-0.3664352661208103,7.3442944501847345,5.182454268616694,-0.028779585864061423,7.362598748116519,4.804544962988484,0.08370594503351862,7.405269379454538,4.483745234753375,0.19669643702142928,7.939811806806973,5.740557718594463,-0.05275034761184848,8.22246505085268,5.855122705930514,-0.020887391870861863,7.525342860377862,5.754631949432663,0.05701523508650357,8.073580816190853,5.480205953347432,-0.016860213734684066,7.413664473344163,5.915345125951297,-0.11132138661017608,7.361743433235896,6.292337573191527,-0.41902447726968756,8.377439295310479,5.964719104084722,0.0067267991935223495,8.133167519754984,5.947298095355085,-0.10249897403178893,7.977055419769159,6.000056966393023,-0.14438142886084285,7.774708759883043,6.00065421815758,-0.1199673424135694,7.6318292133365375,5.965392585875434,-0.07918010412715432,7.521809703569266,5.913535187348636,-0.05198152911483005,7.243981330628567,5.736438849428939,-0.11340942930768484,8.379049217514238,6.281505216539045,-0.0781917199885734,8.161457251755085,5.464943163523442,0.003334482781005203,7.145851606867419,6.464157254713587,-0.4662602556213064,7.479410423150039,6.132142620979143,-0.17754779538824295,8.663595623769142,5.759283379744217,0.5458618868784698,7.434844531528708,5.847048617380387,-0.02245273682935833,7.535020576909403,6.420224282116758,-0.2101341209153057,8.028939393901405,5.5972896786577815,0.009929641141704219,7.380378527519713,6.221472322546592,-0.37270879183697386,8.710500168669956,6.859770809076872,0.37318999387707963,7.523494457083103,5.71273445840579,0.08701576622362774,7.268914843403717,6.12760588538584,-0.419696166955427,8.249598044657725,7.548707013715465,-0.1852384608939687,8.330931985775319,7.79037857608522,-0.07247389433477971,8.588727247713994,6.376841704295931,0.18694946218917458,8.414812988867755,7.348374504979142,-0.09130786309695355,8.407731988731763,5.411446819434303,0.2644247827511807,7.733809602455589,8.013954948576588,-0.39863963288436455,7.172755211235961,6.538375227793282,-0.3573779238789606,7.5769058291706095,6.239978035593357,-0.1917134672899277,8.342107727224521,5.68920490689217,0.10261749336431203,7.8262227736131225,5.692730370762347,-0.038568910103765265,7.746360981165777,5.710258381271816,-0.03414762322410031,7.648491418594811,7.192567325097939,-0.34507778954396817,8.399540408031232,6.6034987489452295,-0.10378750843462195,7.559626090764675,8.25322141865324,-0.3525662094470443,7.94337433665317,8.09001433137066,-0.2528473256738946,8.121103593597367,7.974017408451553,-0.17620726808626322,7.668168556355432,5.714253464064592,-0.00503856289031426,7.602863202113572,5.7151315080814555,0.03534737740223447,7.55416620256105,5.717311407086284,0.07278294502281386,8.262747374490509,5.44173496702834,0.07444640636263142,7.595373776883316,5.5579249127659685,0.04018406656534029,7.665741783963146,5.477497339665782,0.0036687035287434368,7.744632168095538,5.4511451791103,-0.023913395265589638,7.8303762610015335,5.467325177001288,-0.03551764922957865,7.891143480934014,5.510666842376885,-0.02735404011870508,8.56448749811266,5.3750864956742666,0.4864667637069081,7.8838512746705085,5.668676300720136,-0.027770376700775,7.515751864243047,6.777771079106986,-0.3418192618949676,7.377837060409175,6.427424872477269,-0.33628766763749746,7.30437928951692,6.729355920843829,-0.34649744265147986,8.081377958957884,7.740678697106031,-0.2558517240957923,7.917233032546181,7.885548616629032,-0.3256275716117801,7.52136840864721,8.103555301704793,-0.4383438496839306,8.501706826388425,7.576385506790246,0.0735634886944402,7.546909663557489,5.653618073122297,0.06729602772376347,7.302537180444504,5.926369806064264,-0.20475986036147445,7.753656684219473,8.18059658318439,-0.3300022091248084,8.588324417484035,6.733463250601723,0.1189714565672827,7.429755303085289,7.128790068169378,-0.3452606279610599,7.439907184366679,7.166028086267259,-0.37278017006673975,7.45269564545179,7.218058925587512,-0.4038389665089104,7.465989043040427,7.2813711094207205,-0.40974526369024344,7.529098413042581,7.456912075063632,-0.3807374658244998,7.618607849625828,7.1313350320701065,-0.3341488777723474,7.628945760145358,7.11400703795954,-0.34486850665105995,7.642550372060959,7.1010982872918715,-0.3510566451217565,7.744874145976729,6.984246748850179,-0.3444375272600668,8.196392983191465,6.6544085173303715,-0.23324910609688884,7.326315353740676,5.813513000736328,-0.1026869046495957,7.417043771384371,5.594484203887852,0.08448237997667098,7.488494384707215,5.603355910280457,0.08170161767866702,7.606791496213707,7.140496622369514,-0.32156762336096834,8.281866424536707,7.069832786839558,-0.18546433168534365,7.296277926003306,5.596239242884521,0.002430628423031109,7.615640473470074,7.6444882931845966,-0.3809708765697232,7.215740553691135,5.851721378112104,-0.21893130196697372,7.378704264376447,6.131336960519225,-0.26408017407789575,7.438886820989057,7.7144926340846025,-0.39299690626364897,7.867728973817666,7.371980636197936,-0.33179490418084245,7.633811194016578,6.537059035965536,-0.2401117316854773,7.7550120400973555,7.5339645462718385,-0.35824287678754757,7.88707321715214,6.496222820761513,-0.28505293816895433,7.749345141914447,6.676673979190084,-0.29130078433215556,8.022627687607349,6.754869900790621,-0.2933564598654625,7.484482167642505,7.921228465017976,-0.4444942665304459,7.4639783886808235,6.226467137654865,-0.23935898203213168,7.993343468477036,7.520924316293002,-0.30588729493328065,7.843901845458826,7.6889422875198274,-0.3473201062536991,7.9386494737476125,7.1697612594747575,-0.32594851138646236,8.403411354772242,6.886213536498292,-0.11265044006934284,8.114155471488617,7.2235055259884104,-0.27859357990909833,8.544754411708992,7.061422307073094,0.03242709044375768,7.862546730755177,6.877877188683869,-0.3196807116642359,7.389855528294314,6.025765367874413,-0.18889114236226748,7.3295198122713545,6.347567276178153,-0.43662085002738316,7.419662167879103,6.416703713752848,-0.3669406615780474,7.253955574968273,6.240106018114334,-0.474173185853523,7.464798735659541,5.446111199951893,0.046242427678220344,7.605734066860066,5.3078981199147615,-0.014743199584072601,7.7490073519820335,5.257090807482205,-0.0626893290079759,7.8843247400623175,5.273684825331761,-0.07912551595403804,7.996785009382638,5.348432911804354,-0.06128625833519626,8.111722404873989,5.630111250744918,0.021135662608461753,8.566258972023226,6.042088384484197,0.2267749738984775,8.027330171055684,5.825522027287952,-0.0567956858361451,7.910440867279934,5.868423097099531,-0.08074562255922665,7.771495909055907,5.885830818026443,-0.07544946609254356,7.646319212528402,5.874073910047563,-0.03922590780696949,7.551907975455952,5.843824576824641,0.0038100855175215976,7.478183049793134,5.810111323238899,0.029435253147872806,8.70675091022758,6.118284142095703,0.5389600098199917,7.434239586825733,6.477337356300048,-0.32839783807547757,7.279528300990267,6.0252086788760675,-0.2995647922995098,7.22679530619974,6.341282844847583,-0.47943122184339376,7.197160708692329,6.447531416073296,-0.43852537680470083,7.242563032527254,6.386236880180071,-0.44207776595934506,7.420880449581513,6.543082606747887,-0.2932174187455082,7.174267922672421,6.454744594878494,-0.4585196734356096,7.196830611698335,6.525889588738678,-0.3626282232205346,7.482193868141768,5.71460454179973,0.09163230512556109,7.4189019656916635,5.738264873266478,0.058188927250248317,7.365835377116952,5.7502588636202825,-0.000997564578764948,7.929393470113059,5.551567048841395,-0.013056210036820167,8.015965602936191,5.4862414132164306,-0.02519358654557725,6.804168348255928,5.8003000293220754,0.3893777721262414,6.887897590654092,5.779980880882459,0.3897621130780672,6.796971254685607,5.679013511881628,0.3898487023451623,6.7261808353507515,5.822599060367618,0.3897772366956416,6.813431345470863,5.930714218197082,0.38974113233692353,7.722036609241832,5.560862566205103,0.02166423249631368,7.818955744238989,5.544188821539201,0.02161884798425379,7.716355723898161,5.432651704829203,0.021616717127731385,7.631477436243362,5.577722340109146,0.021497482045966135,7.727347534183336,5.695202601427111,0.02151575550657943
7.252221241336888,6.999324175318161,-0.3671842841861276,7.143491208748876,6.400420895550067,-0.4943702766151338,7.232839526165908,6.635453491245365,-0.3048079414034874,7.1066204746852915,6.019662616652358,-0.26034343898461326,7.129612137819176,6.253049542057411,-0.5020828209604544,7.145435134848652,6.097571946550852,-0.43694734877274855,7.210525079164256,5.744534966147836,-0.11474270522887822,6.7417294048547065,5.95105956978965,0.5159493037405464,7.2137483472423325,5.477585139051506,0.004159476068003428,7.198055880990675,5.299140793543387,0.023993928754715472,7.179927541998107,4.586326251441922,0.2632006638482111,7.2570943903754594,7.061414718857432,-0.3671769155131862,7.270588886755457,7.121978894430272,-0.34589818374070946,7.285650454247656,7.170365811633685,-0.3124227411794634,7.287414725083337,7.17041353256321,-0.3044126208724115,7.2847009481057805,7.226075786184088,-0.32852320383410166,7.28772210401175,7.2967996072971655,-0.35938860103389986,7.296173620986336,7.378893641647994,-0.3636903270303265,7.322872779277302,7.564085937124486,-0.303467171886768,7.172613607769997,6.50677540833745,-0.45904297250473064,7.148609980218828,6.56204326251137,-0.31597727058128866,6.553195942533075,5.618894530937712,1.194526535132004,6.967392557460434,5.9969193830633545,0.31290242862960327,6.883057042978672,6.035407014503792,0.3502532887548127,6.808542215081844,6.055029439657524,0.4065935041474469,6.725118310709689,6.016826730237486,0.5325666261686449,7.037817420985603,5.944466361953045,0.2878444887223116,6.787799049862646,5.6240087408482236,0.36704430133081545,6.8941998800228035,5.611285148013571,0.3249542879755813,6.707228576364747,5.679687486260923,0.42419590410882313,6.669468689099568,5.757550498786643,0.4765981778703633,6.682391937882014,6.128874770984249,0.5853051833554329,7.056606133429394,7.932604499377361,-0.13321563933432723,6.7195504010795,5.919840958761298,0.5623648377652471,6.5819983306150265,6.225808610860659,1.1181239234054297,6.619023455921194,6.07722809322724,0.7336006473850062,6.889319713200478,6.544416695057191,0.1125873574282348,7.158432772138887,6.984540512062609,-0.3065672997905409,7.193532217583037,7.13604323485107,-0.2925574129855568,7.085939767741501,7.05913674625098,-0.21304182203871053,7.046151039193126,7.142971190972727,-0.12062648091970626,7.137588550833636,7.1612125162837295,-0.21649340932509864,7.096803998770611,7.196784960352879,-0.13247639257288435,6.995180875789975,7.436124369937825,0.0023101899906575237,7.084576914136532,6.420519828220676,-0.4607484255403261,7.061016108740222,6.280778911003422,-0.46240457864505174,6.580504244453864,5.71943200277165,0.5826178546503974,7.037379511279371,6.1479406858863115,0.10382500745979567,6.993067821101735,6.5013983824253625,-0.15461126106745163,6.994427165814827,6.4408082410526335,-0.11301660455764494,6.677603704026861,6.636483701900409,0.34261388287455025,7.079903070156565,6.134677776370187,-0.3727238814449849,6.709026532562446,5.530568353724407,0.34301040958720874,6.619117494223493,5.599624398528416,0.462865734759967,6.562150634602801,5.310848211290503,1.0196878391942419,7.054695892691636,5.533169144383529,0.1066766509922519,6.999704539197612,5.6512970420853135,0.31665005673752655,6.929973032707309,7.319229145952379,0.08112448914674918,6.828347102613172,7.631954923806557,1.0288222742503597,7.066532788549009,6.571038657726867,-0.15886172434661489,7.131791159674701,6.6045261182427915,-0.22650039613811848,7.031177895776223,7.284411113636752,0.04826487904046485,7.0486170884041774,7.269282877198893,0.005757562494810747,6.585718457782865,5.528503721744067,0.5497823462451922,7.020341034103754,6.5837247054184385,-0.1192540326885112,6.8475695140929425,5.506578410851557,0.22335254730482038,6.816896886640628,5.385321283373997,0.2342037735034108,6.76124375613863,4.830833907872282,0.5735208331539163,6.573524356732429,5.405552501268362,0.7595473676741302,6.792924137337976,5.068997838678483,0.4003930290341587,6.5544233529115985,5.682647587448235,0.7047622493001684,6.550924285932001,5.65510840044195,0.9388660413156632,7.170530027773522,7.0663412030525325,-0.3083509572538417,7.1108746551967865,7.115093746789514,-0.22099939668990654,7.0703995873973,7.168995940244963,-0.1366556253469475,7.095966777168793,6.600874063577364,-0.16307451089925046,7.040388035174584,7.276766641793842,0.02323639463568626,7.062160709270451,7.2846672627437625,-0.06460481260041115,7.057793542440521,7.263952870437954,-0.0016380740875945369,7.052469851684961,6.4844392062061615,-0.27830519333532766,7.119929701574191,7.21181003536956,-0.12659166290207727,7.16091075158232,7.189517343497544,-0.1917187905062885,7.215930877989734,7.177679745861796,-0.25866390788775806,7.2246925810062335,7.580979847954778,-0.2597924552376506,7.209522939644227,7.385181575891313,-0.3120354253079816,7.201387222938558,7.302324708446457,-0.3056422023777831,7.204628035476018,7.237381435811305,-0.27091055459404983,7.217449526394035,7.179713499593619,-0.2503677690315943,7.119423719365549,7.221060176135317,-0.12122912213426847,7.103171233970346,7.253626201644379,-0.14315781033520936,7.0915490822958365,7.294282328264712,-0.1623115681523517,7.084246376521732,7.34313241919587,-0.14615882300874833,6.9636106737955625,7.017952180513993,-0.04761698408597837,6.725879740246966,6.945734975018127,1.3530836218719855,7.205136824798162,6.577379927126715,-0.3577218335312467,7.090461325814013,7.24197527705648,-0.05141645607138212,7.074425689936799,7.265378182318332,-0.06553925792043461,7.149115260649094,6.658819904031698,-0.24464553395054683,7.070777144163249,6.673443561817666,-0.09352531327252368,7.140877084300621,6.634359418758162,-0.23759972292297657,6.964381928230094,6.265627515879175,0.1543949378832437,6.838843601773587,6.4018019953927965,0.21739251900739348,7.0034681766247235,6.524577420385471,-0.07049743179529756,6.627989376444925,5.047225164582617,0.797264271013818,6.65228775091375,5.208916305824705,0.5834625326474525,6.675386786139066,5.423951375824636,0.40113007177289145,7.0530565384067705,7.498414920314076,-0.08582955129913285,7.000221048081885,5.36536937327303,0.11176041030044483,6.96506475858933,4.982429967184668,0.2536977074227268,6.937105908114574,4.686375636415789,0.38676181745440963,6.755689180297574,6.054462402730224,0.47408809206625724,6.626866531044333,6.254753459952811,0.6555644710451634,7.0845895461472885,5.892186680101452,0.29224836733350307,6.633937649954565,5.866947220831256,0.5946813372007175,7.080532565359272,6.032722712218001,0.06255693557878342,6.998874335379549,6.411148279795979,-0.25171610459642313,6.570541798637105,6.4190643398701575,0.7806846691733956,6.653044969780774,6.322878595741892,0.532853609663023,6.727751383174079,6.330313235850565,0.39261065774048876,6.866858594518373,6.256411762253811,0.2881067345289578,6.9759619732020814,6.16065129582102,0.22844265551425297,7.051712632817937,6.068930265716861,0.1766195682181357,7.143033649248134,5.805336693700739,-0.046927196252068405,6.580655126804568,6.701153280969166,0.693700511519541,6.5956542360213595,5.8881149619675535,0.6745725330924065,7.143101721750546,6.51362546705944,-0.4351114965427796,7.0332755113402055,6.263482881164043,0.038473667147297164,6.639183443310459,6.289984839731531,1.4395404369378977,7.104923574573646,5.972284154974352,0.1533565032628636,7.016852493799788,6.55499460050915,0.017898135125533097,6.690900298905004,5.945089541150374,0.5911775770782354,7.010549822210586,6.336863635206273,-0.2023183195044375,6.776689898180533,7.284945166980409,1.220840680261783,7.0950200781404185,5.846530031667418,0.33353738839554886,7.038831490738013,6.217791494700427,-0.300161181682695,6.815189459853352,7.799688376860584,0.4113268238447263,6.897256124847542,8.023181630729667,0.5365400076076952,6.619854361517632,6.837267407542505,1.0393936005300486,6.758339095442972,7.662827558095851,0.6065371810742248,6.568530501813294,5.923837586609032,1.0636434645686754,7.0554145137480155,8.117695036989424,-0.10676634704085394,7.180891083707491,6.582296586424559,-0.338083486780624,6.983313101684086,6.402489738200659,0.0774341327334284,6.593282225112607,6.134872168980164,0.8604060785593936,6.805718960677729,5.975398647404246,0.42403668813991097,6.872905818778939,5.960746216704887,0.3741651587834019,7.054317634147312,7.319927415435872,-0.04464159180578397,6.62417942164504,6.996057396980812,0.6460486633031801,7.223221653531457,8.30925807655753,-0.18501397797742555,7.031104910825185,8.215327848127703,0.1452628384332813,6.963959457648121,8.142474129645377,0.32258061034318786,7.181258113797809,4.910576282887245,0.14122030989368287,7.397115317164486,8.30669939260093,-0.2889449649371893,6.945946912087489,5.927851057137776,0.3414479000344466,7.017847615536063,5.891432268347929,0.33165019669130674,7.070409412294555,5.86795778169179,0.33835573292911925,6.573166449760991,5.896807188924891,0.8030015723993618,7.0003684215407125,5.760028127340888,0.34293843344258484,6.919004236700269,5.727439995813001,0.3545161976348517,6.840396637318282,5.728680739980656,0.38735925015759215,6.773286273059987,5.769220371390677,0.43365372741254143,6.7395981039287065,5.824451733089077,0.4770102094990026,6.585082646574779,5.929529009233287,1.3518851598514467,6.765415828580207,5.968855265832292,0.47528164163816844,7.247811967804435,6.766568850450941,-0.3028363608496069,7.02741917079774,6.898620382009261,-0.11414911037618602,7.049237460488005,6.534897071395292,-0.18866640546261498,7.145374080129995,6.794301026510452,-0.2540019064178756,7.228591661659792,5.620042991249005,-0.018344769088325222,6.891437680337345,7.936333047885704,0.23051200256805218,6.9705021374416996,8.028225311913454,0.061607763878164294,7.180596336789835,8.162356914576371,-0.27470860109212863,6.8644957067285,7.8740088121474345,0.7885733598909341,7.064171304315887,5.810512309219096,0.3378357590141183,7.0900409605671655,6.015282116033296,-0.0909074880398676,7.356284447728686,8.160131575348073,-0.37517348272536377,7.10968584262891,8.269521279608933,-0.031701511307616455,6.671042777995524,7.152835387816933,0.9421720315197362,7.161587967714553,7.199135216131994,-0.18475598670218002,7.144582474122577,7.242033524661636,-0.20650754165506258,7.136929580939163,7.298603177721867,-0.22916482932365756,7.1352979462164265,7.374047160187686,-0.2256090718096754,7.128822637146884,7.551619546064407,-0.17671720313460912,7.069839568253753,7.231741243008454,-0.05474216186168817,7.048610772398799,7.228103925688909,-0.03978883271860262,7.030677527794585,7.218649567415919,-0.0259861624268773,6.927946296759239,7.1596707091930405,0.03327850600465776,6.668358475709732,6.9947064736082245,0.39633043401913953,7.113290176364812,5.908451797507412,0.014305293010527461,7.116123957444557,5.718716890607147,0.23842010184378457,7.085746778688274,5.74729014804954,0.3063380156369629,7.091196789551401,7.235308382490461,-0.053599946281406616,6.718776339531467,7.385723348797098,0.46530603747687216,7.152144837895569,5.686991595591778,0.0879892906972659,7.092499290216089,7.744873169738779,-0.1510690566483438,7.169196648860319,5.976786063252353,-0.3253264498202699,7.123828080449373,5.915450633244981,-0.16414086314062576,7.188571346247544,5.86449099651746,-0.21374752598686814,7.046533508407703,6.241703891062799,-0.10827140945441978,7.333590338625958,7.974092935150884,-0.3920606389387922,7.327205558966838,7.758825927397893,-0.34895699444263245,7.199716990405177,7.769897884826111,-0.27692275572757064,6.928047352845293,7.549512807381545,0.06430759849315466,6.963905420713218,6.702581399963044,0.046830646899019404,7.007601651255655,7.6741998766687285,-0.042956992004959796,6.776020401610429,6.761013572831509,0.16420709347480136,6.889985700878704,6.878831635380567,0.06913754430049292,6.74206836381001,7.039558533134897,0.22601467778006526,7.173996812947852,7.982975344047946,-0.29229679004140363,7.027758831531419,6.35138272801431,-0.03983024038407125,6.87782458341191,7.718960003228227,0.15118907171581927,6.970168792713399,7.839076389956623,0.008599485985569836,6.854159914816045,7.392153042272242,0.14823895990506888,6.671127693178943,7.253499881536812,0.6114233568738896,6.783682417912724,7.481031869956151,0.27037516348536494,6.716756621367151,7.438549716003105,0.8186042987412685,6.845314700172877,7.102038563672498,0.11026830885624911,7.065367134667518,6.13648555746514,-0.020576576465361786,7.022305311776416,6.46018434199661,-0.28484489057081047,7.015183664823157,6.534612851153267,-0.18890985676714583,7.023716588089286,6.334299337022669,-0.35624105922864097,7.032471975100407,5.615906358615385,0.25910541420816297,6.875671527356274,5.571047281304959,0.2978405979705132,6.75131499568389,5.587163270806152,0.35035002451774266,6.6651920516800605,5.646285642706793,0.42686954813553896,6.625669297135951,5.7413485414344665,0.508909764857206,6.660053630415598,6.005576521101923,0.6435597185726321,6.587453955705156,6.533595974287356,1.0932021942946826,6.712214009943378,6.167139938679695,0.5110171175961463,6.777897658764545,6.174935292873308,0.4131196044269069,6.875930483576786,6.1385410663266,0.3296291407619627,6.9763577762057905,6.073839907230952,0.2785189945034991,7.053297950167899,6.002607998574106,0.241314038488644,7.102541036989264,5.93922688460253,0.22160862804202494,6.688473549282973,6.621407397062327,1.4337926088767234,7.041681412720393,6.588390128057901,-0.15222114646967258,7.069745529951454,6.114634284191233,-0.18168155046611792,7.0505287326986865,6.428329919760173,-0.38631873213266016,7.123456839688802,6.514694275525129,-0.3869867812848643,7.075891003184573,6.473207945086734,-0.34550279741791096,7.07962937659017,6.6379209440131675,-0.14588290348906952,7.126668879312873,6.515716766618044,-0.41751821970028313,7.162241323382022,6.574185431962029,-0.3265568208263138,7.115109185913772,5.83841992987245,0.29532125746408194,7.137293102137605,5.848564136288429,0.20621016306849937,7.141213236142424,5.852810597237795,0.11956224497874418,6.725668504955979,5.8729523383893,0.515575168144177,6.664211667289668,5.848896779238355,0.5396479208653199,7.251005059412371,5.986985008381611,-0.33246342624491565,7.988186048485072,5.6685927210355045,-0.0063985410944493405,7.279886748450739,6.526191510648823,-0.3714735316858172,8.495348648354495,5.092181087308844,0.39520153578005934,7.722798029163128,5.8195624431478725,-0.02317862402052003,7.816225784276187,5.819552618250617,-0.05451060241103373,7.915533038618101,5.799652288860239,-0.06099433282108077,8.051760151509875,5.717323158753661,-0.020408004365218616,7.640289243792456,5.802067810028263,0.0234283776238203,7.811681769295665,5.348407039051139,-0.05371853037891354,7.69499707882283,5.390650939245748,-0.0054662689572660145,7.929202979591941,5.363513169470175,-0.06255354182242127,8.01646280456387,5.4233246877354295,-0.050047182290806895,8.156317409877934,5.790063540028365,-0.010515340950331003,7.744582633491375,7.844696231186589,-0.38257772705815446,8.023429358496172,5.623207660832739,0.01525234978139425,8.580534718227206,5.738608096878646,0.29509035044801085,8.291413256028612,5.68907552647744,0.0612322137597571,7.768158878011944,6.357559079495945,-0.2284862315652486,7.366717085056942,6.952215898314673,-0.39661518059494605,7.381610927517428,7.106694161414705,-0.37360430627803554,7.50835069855257,7.005824046630842,-0.3981696635575399,7.617189506788764,7.066074527269891,-0.3741818260198169,7.494952345809998,7.1147414540450775,-0.37747439471246097,7.594120648033588,7.128138403230898,-0.34651645048941077,7.804752409617257,7.307444883473159,-0.32328795908441277,7.216758274694296,6.388740496270403,-0.5075378758556538,7.219400470277566,6.248435349239351,-0.5184400467781813,8.143972426476793,5.3168035025838964,-0.04264644410857128,7.560359493951269,6.029048902422937,-0.11704039342156357,7.520393917252301,6.392411498951965,-0.36575570465019,7.535241442340013,6.330731495762286,-0.3311624826509985,8.116517452875554,6.324435841956839,-0.2210761098385642,7.231195259432416,6.099172703025072,-0.4443899716104423,7.831974392797875,5.191407286248402,-0.08626235666421186,8.001820900540142,5.216283224320156,-0.07656504600725486,8.300890071209613,4.815821464866359,0.3055570459580468,7.4035906262340285,5.414939488817317,-0.03185905507024355,7.606556160845152,5.484040096548163,0.047885244352607256,7.879929716300435,7.156501478049868,-0.3137074122873016,8.698272076263097,7.2837584597476575,0.2706757000746173,7.457966520092853,6.489998694495846,-0.31583279195825925,7.375687216250927,6.551732734620428,-0.3040459636018547,7.7593150669255255,7.176405316332123,-0.29310488784064265,7.7410288277985,7.171765157714174,-0.2948678647724442,8.065661679347587,5.11941850961372,-0.027235190868947656,7.547095180878394,6.480353452504755,-0.3263341377755791,7.635070819793201,5.259281185379099,-0.0712352146909106,7.634458869049879,5.120780661440313,-0.07039890320792427,7.749287355719859,4.518297961068642,0.16434387446627588,8.165852472664092,4.956180999721502,0.11827272721400109,7.668356869915394,4.793542808561851,0.047462768287990724,8.222073341871765,5.257077601280437,0.029395360654599977,8.350211757209019,5.176233785105331,0.2080517172477682,7.372894840095328,7.035687523616354,-0.3970387038444821,7.498490712378616,7.062033687384509,-0.39475283623130686,7.603574304528203,7.097258751157851,-0.3688931803218772,7.440624874659075,6.530738332742848,-0.2911567730011887,7.752140084815739,7.173821368354009,-0.29223288434809647,7.691178000904064,7.193837491176324,-0.3317672620965482,7.730733739031816,7.17161427536347,-0.2934479039521792,7.376198110908196,6.4047677108071115,-0.42203863738293457,7.589514174777657,7.150079504136854,-0.3295325365824781,7.495499732942787,7.144597913246836,-0.34269686816743783,7.391215466362747,7.154170170286887,-0.3425666224870839,7.452684936039815,7.540576361549578,-0.3396610845684567,7.41529137708658,7.350983915659514,-0.4009506796756874,7.402086013397234,7.271086447623595,-0.39613691863213113,7.3956043883223135,7.2032258822820285,-0.3619764526542266,7.3880939561491,7.15707272564742,-0.335581493358409,7.588886784910076,7.157503617569897,-0.32417430517250556,7.601687924255208,7.178632059117173,-0.347168797350466,7.616559309807681,7.214829787718778,-0.3734113610859572,7.633024434050621,7.25548591433911,-0.3737193102092994,7.7041328297134015,6.8857834519669865,-0.33975135081198865,8.784143783608544,6.493321615103224,0.5087990154573429,7.6655230888356485,7.16694534383213,-0.3068704461181267,7.6742405798145,7.180502298487535,-0.32257966732849597,7.351761486099424,6.620314026353499,-0.32106551469191164,7.528586478006375,6.59173410201654,-0.2583388529165162,7.362000432596078,6.590294052790281,-0.3124649136737083,7.6759529190504034,6.1023131612548545,-0.14086333497164877,7.843374080727391,6.174393519967523,-0.1830258069441399,7.571299517044919,6.411373550654473,-0.29495718800128434,8.056519612451638,4.617000633340174,0.21510816460384016,7.943703124383844,4.823418215779744,0.06825143944871664,7.86420496824351,5.06406258225369,-0.05585070304523907,7.708279638133465,7.396068965606809,-0.3522150224808637,7.407459530417445,5.222129739965367,-0.040896079998273924,7.426366141628299,4.83506352614064,0.0698013882650884,7.469120585590989,4.513033921474989,0.18119608430966833,8.002215299987101,5.768364201772726,-0.04643152689595817,8.285950613154728,5.877925139957175,-0.009032100828785226,7.583593972403032,5.779626341140669,0.05640520664936571,8.139154016151501,5.507763363638371,-0.010424390061684732,7.474334798919991,5.940294991289844,-0.11365721856148696,7.428986582081932,6.31649100896927,-0.4221839932289332,8.440367821536103,5.986353407843778,0.023089975156837497,8.19649843253814,5.969979514789635,-0.09136181278091013,8.04085732267012,6.023338531782548,-0.1359180453091461,7.837550723768568,6.02548316649768,-0.11470042308176215,7.693346496083959,5.9906518003929214,-0.07655908089106421,7.582078131112232,5.938992490625156,-0.051910935693840365,7.305329021671417,5.764030018526438,-0.12178760613761792,8.442013491826346,6.30152207622262,-0.05871332831274114,8.228695322621759,5.490442420666667,0.010848695958588608,7.209441533352684,6.493193891438907,-0.4724147892524834,7.54226624387747,6.153982295919875,-0.17683162590565585,8.723851898045346,5.7770346736004266,0.5737429021485726,7.494416187131216,5.87341621389542,-0.02419587096487186,7.6008970200261645,6.439340120691359,-0.2060281393023877,8.09058954901912,5.625728097867881,0.01725716200853806,7.4462784012510586,6.24494610715701,-0.37575898519616496,8.768449913800136,6.878407761241843,0.410619913714986,7.581454250136528,5.7380715873106745,0.08649650392262548,7.333798065025068,6.15462582669009,-0.42595824505397206,8.317110274799548,7.570375274924555,-0.1568807575069639,8.397867421345296,7.8142025572199945,-0.03952216790124899,8.648182644721034,6.395679680846065,0.2145980594472428,8.480820432427578,7.370278610311947,-0.06086086882895857,8.473335264275878,5.4340404926381485,0.2790633552170442,7.79528401577676,8.033404436323687,-0.3787050946771183,7.234145535722472,6.565066523752465,-0.3609119206505124,7.641069621345867,6.26107016710952,-0.18835670189333434,8.407363886320809,5.7124514132718405,0.11645834501620364,7.888871074581029,5.722035249655086,-0.03450770646630212,7.808965886982981,5.739968143370113,-0.031526546445085145,7.708568069045742,7.215765258293147,-0.33130084264381765,8.462938417644764,6.623281145324565,-0.08113768038714872,7.616232982863134,8.27314736847447,-0.3326131243446118,8.006990901831497,8.111421138313613,-0.2265104622716902,8.18755356536567,7.996917575031429,-0.14673957751022867,7.729655105668872,5.742994913503086,-0.0038950632464910717,7.662339120346593,5.741662938146633,0.03569994294508127,7.61225600480991,5.742830697363249,0.07263320655844042,8.330300199364634,5.465322965498658,0.0837737025137724,7.657036482942295,5.590089335742259,0.03948165390668024,7.72848664467388,5.513331624157747,0.003055042069807606,7.807059856915475,5.4878918071613825,-0.02318142839269973,7.892099255107733,5.503471637983793,-0.03299455715348885,7.952436054486953,5.544832700982186,-0.023333462098551458,8.627788263354397,5.394440542472748,0.5072823408047221,7.945995132557804,5.697622836200264,-0.022561965057041975,7.581644432076254,6.800243685793089,-0.33589255662329187,7.446886141324129,6.448196563788533,-0.3373802390567802,7.367002708855718,6.753054002498058,-0.3452574820145705,8.147678518077125,7.761449876743403,-0.22993285996377774,7.981804777717828,7.906747475136839,-0.30250126167536756,7.579598046333674,8.122300106688606,-0.4219262212594299,8.56594264046813,7.599597326474979,0.10949023401313142,7.605993334588105,5.681004022493117,0.0666791433772042,7.364460165801751,5.95257541108045,-0.21022637491902144,7.814347123565321,8.200575063120668,-0.3069107764441363,8.648214926526302,6.753305940934816,0.14906922951485474,7.493206321212077,7.149890725753879,-0.33670642216355345,7.504559691768819,7.188418358561713,-0.3639959515128003,7.517791021258052,7.241281920021614,-0.39496727338613097,7.530936032007115,7.305584469000052,-0.4000602106396393,7.591325464764488,7.4782331777951745,-0.36881887953638487,7.678560025714904,7.153029078648535,-0.3222560597751533,7.689173721864006,7.136726766988681,-0.3324635139672126,7.703373505511251,7.124103879350894,-0.33835470219213043,7.809881707762839,7.008502734689631,-0.33095727826792537,8.26222559161858,6.674266046073599,-0.21543060983674864,7.3870777810615635,5.83997822875496,-0.10801443795087595,7.4773994650852345,5.62335292895644,0.08040927281201915,7.548060827922903,5.631245128565856,0.07953241717992453,7.666186269400374,7.161413926677461,-0.309519856860318,8.347968171742961,7.089638841558078,-0.16094883516554068,7.357723795176571,5.6275309665142075,-0.005290549545915093,7.67726313927722,7.664400945213432,-0.3665656884788128,7.277612284736164,5.879111145411551,-0.2275828892821273,7.442258614716938,6.155066543509823,-0.2664704028130814,7.498070347131769,7.7347149277552925,-0.38160137789342036,7.931422002814862,7.392821135285595,-0.3132615637131991,7.699702502829688,6.5571455512296595,-0.23354842215368601,7.817756362912871,7.554015417437921,-0.34148316439780896,7.953608024373821,6.517755432798495,-0.2747105309826609,7.815196275399519,6.698170722873841,-0.2814835256668059,8.089026688577169,6.775310201894555,-0.2778498926837319,7.5434747062398575,7.93974439256838,-0.4307547248050348,7.52847349168794,6.247299170049627,-0.2392336384254327,8.05840037849763,7.540558115311819,-0.28354372767115105,7.907445744620333,7.7092214247132125,-0.3272233786994703,8.003442008587248,7.191399513100286,-0.30685636668947086,8.4682143874708,6.906090812815079,-0.0871479351822066,8.180445252201544,7.24307285843556,-0.2564150590838837,8.607289317009826,7.082501755480561,0.06407422977012622,7.9281790849422755,6.899426023584186,-0.305800913943488,7.451941050961922,6.049755575166615,-0.19108760664936553,7.397581999784108,6.37184518188336,-0.4401230275047449,7.488338786400508,6.437004602258126,-0.36751844034567505,7.320683932524521,6.267760220361926,-0.48015470295444346,7.526820101835567,5.478198493351579,0.04188778056496921,7.670522557981787,5.340662914678927,-0.018130769174324823,7.814912055157494,5.288349196576129,-0.06443657220020321,7.950722311694299,5.303793233282905,-0.07822748770414108,8.063387215633012,5.376855029053528,-0.057587149464865504,8.175753161983817,5.656586345700481,0.029816085014599862,8.627680891262964,6.062044416297726,0.2510835829744721,8.090287082539334,5.851250543909346,-0.048401111767583625,7.973535723120839,5.894267452984425,-0.0742449612156368,7.833891651319386,5.91268281933252,-0.07104793306962717,7.7074922427963,5.9007518851728475,-0.0368286684808894,7.611457381018738,5.86945537674483,0.0039076808653084,7.536965010029922,5.835714574235397,0.02824763501754305,8.76531577157573,6.135326219589029,0.5715022992406088,7.502220664443709,6.496535058284046,-0.3278253510315185,7.342722580624653,6.051779504001184,-0.30512433379790826,7.2943307509726125,6.369331411742784,-0.4852336923627413,7.262670019567778,6.474888704295745,-0.4437305192433364,7.310395861541592,6.412739913151319,-0.4468291777986359,7.487316997085968,6.5621660737270595,-0.2921029237652076,7.239068511025696,6.483064422368811,-0.46431157365782383,7.2599653657091,6.551763612868944,-0.36604106528207503,7.540189681664749,5.7400846385804245,0.09014768684772734,7.477791759197066,5.764883381030888,0.05532837707615187,7.4254362852809335,5.778196116811665,-0.005703394319127067,7.990245066238408,5.5834445471950644,-0.007900075426885877,8.07974637134127,5.515547840267167,-0.01934196874650876,6.844588359554368,5.825448258382104,0.38755039704258365,6.931239742674852,5.804754568538369,0.3877729046487245,6.8366175607669115,5.704280607647402,0.3878596620003797,6.7642649120446,5.8475500665360185,0.38778825605068573,6.85474589975948,5.955402174376442,0.3877519390197603,7.7884978188869285,5.596040416365399,0.024943651461012135,7.886754511000912,5.579944427547905,0.024803301268581615,7.782925698586487,5.468746942192091,0.024802147172112744,7.695845528878652,5.611535682893578,0.02468404006459533,7.79356816764898,5.728506698943564,0.024702036842073092
7.258376155114602,6.9635770704995075,-0.363785350209865,7.153763994832269,6.37286225657502,-0.49470718615251713,7.23806089861066,6.601776512614823,-0.30311560130840953,7.110528210172001,5.992951117554697,-0.26583105306048066,7.140196761796553,6.226669737391715,-0.5034471118320641,7.15382261867872,6.0713660954058755,-0.4395389188414122,7.210710780532643,5.71593006332722,-0.12004230343865754,6.721184912999533,5.92249781637386,0.49463107111378474,7.209640197431985,5.452551615652324,-0.0036937916762979535,7.192936588611161,5.274661741015515,0.014642991795436013,7.171736391186988,4.556270819599445,0.2477388573052579,7.263248913399343,7.025374281590737,-0.3632690765144859,7.2760142559639664,7.0860471710553945,-0.3415406538071899,7.28968408073097,7.1338465430006694,-0.30712319985920344,7.292038107327136,7.132406071345026,-0.29901618490286963,7.290371515120897,7.186486569695725,-0.32243368537655753,7.293699814212838,7.254959222350052,-0.3523848440704206,7.3014625885470075,7.334852358615307,-0.3551270355546552,7.321216731092066,7.518919372120384,-0.29353897724894007,7.181939034178198,6.476905625966196,-0.45880797522845124,7.1542881199356545,6.528746553801894,-0.3168999475849791,6.522073903850532,5.586869316414709,1.1630918793083396,6.954993562315029,5.968169282273564,0.29701505728714167,6.869976422708816,6.006378072100691,0.33286973328023584,6.793558843054562,6.026780566471376,0.3875671778245342,6.704640426047646,5.986988932790082,0.5109869497977748,7.025645765832038,5.917366136100629,0.27430034506792733,6.772549173131353,5.592494414062233,0.3469623345589382,6.880966300209505,5.581803936920202,0.3072946222673515,6.689853258683411,5.64734051193146,0.4027361853314994,6.650622041058068,5.72541107468474,0.4542310841687657,6.662304238269223,6.097270856507711,0.5635165333535346,7.050956611537094,7.8790498482841596,-0.12914125655878123,6.69754135740365,5.889968560623104,0.5403246954316416,6.554640846359721,6.19114578015144,1.090853778611828,6.596634363797582,6.043648182481674,0.7095744445084569,6.880879062342764,6.513672548331811,0.10171399839709756,7.161197358981621,6.947720017937548,-0.30606240920908745,7.194738573986584,7.100354181201082,-0.290634545142032,7.081091362321516,7.024145972427009,-0.21479404397627647,7.0363613674796905,7.108757630428605,-0.12357628761090916,7.132645452051366,7.12601816579071,-0.21689966074689468,7.087068900950677,7.162064852328503,-0.13383872125503754,6.98482681903199,7.395890949217347,0.0006491045078068614,7.094138657671448,6.392746906968724,-0.46250341488257557,7.070107068044297,6.254150363318378,-0.4653464533407639,6.559066946766743,5.685040879471214,0.5565976545232935,7.029648937061094,6.119993878133733,0.09412320261247618,6.989448332260514,6.470981127960013,-0.16098868295254842,6.989851022253395,6.411169450715832,-0.11998811781867741,6.665366636343333,6.603702026809552,0.3253733179626959,7.087010277104226,6.1085447805025135,-0.37681327875338144,6.693160620687334,5.497277074125078,0.32205348094382924,6.600124576370196,5.564802323546587,0.4391101011074419,6.532588509453212,5.279170542920208,0.987986550140068,7.0475606158605615,5.512629891817269,0.0942643207666647,6.987060806323519,5.623342421645137,0.3010431131176866,6.917693442107886,7.281697279555007,0.07603210278295436,6.802944241710133,7.576818097422646,1.0165685541343488,7.063678684119813,6.538984091939801,-0.1635736718009139,7.13100956757422,6.570870579088402,-0.22760525184933905,7.014876425658471,7.250574996119066,0.044449448767115804,7.0325117348961,7.235671976867797,0.0030257718009961128,6.565503705526434,5.493944587615534,0.5238135333448507,7.0143425299140105,6.551390712396381,-0.12493291277188062,6.835409290390967,5.478543265669435,0.20609586161596552,6.80509448064959,5.359803107343969,0.21571141557346862,6.742351611082877,4.798756845044034,0.5472113398701216,6.549822524503827,5.372247414558981,0.7302774297111341,6.7782775604131,5.038804746588917,0.37773747671364616,6.531747536417819,5.648281285086405,0.6772913740176468,6.525475482750537,5.622061071858431,0.9087553748076512,7.172636685971765,7.03018004119382,-0.3072768257425361,7.106183764408249,7.079997050521103,-0.22199472292556097,7.060536027208299,7.134559799799153,-0.13867292040267856,7.092683530054192,6.567864013249006,-0.16584994764834615,7.024270897052183,7.243027873791482,0.020104834680085695,7.050680939878189,7.250022954898323,-0.06555880976254391,7.04190411258101,7.230369310375751,-0.004061172824161023,7.056513314697092,6.453928567672222,-0.2828421753615699,7.109841473685008,7.176833176313522,-0.12757880455596537,7.155601573257322,7.153710256306356,-0.19154111773819738,7.2163477425300435,7.141577213799879,-0.2565551815466042,7.221935851322069,7.535014409582815,-0.2523332395572252,7.213427716654455,7.341335178968638,-0.3065191212509485,7.205457665148907,7.260909542764789,-0.30139389657985616,7.207904512835286,7.197653016638701,-0.2675280258538127,7.218348630241638,7.141201742021421,-0.2474225764193848,7.110257423833634,7.184147199061171,-0.12120365753966038,7.0962784280668965,7.21682580603979,-0.14279292494476956,7.085769405687688,7.257084336783887,-0.16152332021887675,7.078816896659818,7.3049904878780545,-0.14523695920994667,6.953754784607292,6.9835329069924725,-0.052363542633516356,6.694431501930032,6.9047892168594105,1.333022258221476,7.212629315698033,6.5445735965376945,-0.3566865650889352,7.07739875789806,7.206877199716533,-0.052623909499174525,7.062864231395909,7.230823645185744,-0.06655801047874006,7.149556338043569,6.624771018482146,-0.24526239236311947,7.06316572546337,6.640023687103317,-0.09702714400638375,7.140911414400904,6.600457476069684,-0.2384511868699046,6.955572821750196,6.236721633349195,0.14331199025188443,6.829738131149803,6.371460169580743,0.2036536375365233,6.997183888380261,6.493594578825407,-0.07712289235449626,6.6024772071604945,5.015394290572968,0.7676389653764627,6.631757026850845,5.176412361781876,0.5568663471528588,6.659378629170162,5.392484156982856,0.3780833312363448,7.046127123234257,7.454913996146181,-0.08495986249433023,6.99245140858524,5.345198790548424,0.09766126515499798,6.954666245839013,4.954854002665758,0.23547334409813322,6.924031098650959,4.655391530646103,0.3653928823803198,6.737073371193519,6.025485956528924,0.4534807512769178,6.606203310924779,6.221613430635349,0.6327861475394828,7.072369669356117,5.866173560090557,0.27927094062021945,6.613139768185168,5.834142258083165,0.5705749491516297,7.074223997451585,6.005429622013472,0.053594076362845605,7.000640601612045,6.382418641449405,-0.2574863367267416,6.550334087354402,6.384740564510611,0.7578938849963144,6.635095794486794,6.290945899704285,0.511724851293612,6.713549854902274,6.300278257736877,0.3740576526376686,6.855515873917662,6.2274297536867715,0.27343954722731734,6.965469085353408,6.132812959224269,0.21609729046753517,7.042642493885114,6.042680889015239,0.1659638803023112,7.141381103075442,5.7773626201354675,-0.05372104017315524,6.561180196850701,6.665623464623022,0.6718831497068434,6.573852020422176,5.854124265936152,0.6485035322767883,7.15128015829039,6.483230720256458,-0.43600595971409484,7.026659120892113,6.235184153185734,0.03007246567375116,6.607239696781674,6.254575386205145,1.413139246852791,7.096939342145333,5.946660611752591,0.1446902722132746,7.00882630512418,6.5243539527357015,0.011633747480912506,6.669928129919539,5.914206729518701,0.5685791212363062,7.010309348858795,6.30903275214017,-0.2086647768873838,6.7463282620004446,7.238051127969585,1.2043456196362292,7.082445294013351,5.820636789457102,0.31961387400038926,7.042918165544019,6.191147175957307,-0.30583574342182507,6.8037970790954025,7.740341640164384,0.40361384188985727,6.88375093291591,7.955702621227149,0.5314074587879415,6.594315930251048,6.7993332919299485,1.0173866708486552,6.742142938105631,7.605933909923521,0.5947583326669121,6.541772912063809,5.890055798489846,1.0345296095663916,7.050244750544479,8.057937026213564,-0.10187909605990679,7.187681379518623,6.548922927621983,-0.3377305399772332,6.9749849918576245,6.3729418175094885,0.06823902419482497,6.569261214922745,6.099992677950062,0.835947087414114,6.789834135096146,5.947290120199002,0.40455387352293565,6.859328517645754,5.93187763180596,0.356110031837104,7.0429565502053855,7.2842432294580055,-0.04599632881071822,6.603783681452823,6.956455668961625,0.6275433262240223,7.21760257200526,8.24736602796007,-0.17456081221353473,7.023039098373786,8.148645564246024,0.14779204727948633,6.954020685625122,8.074583406993805,0.3213582169553622,7.1747108534914235,4.884086296213183,0.12825857291835235,7.391723072895882,8.245776205076563,-0.27389030528477326,6.933094066151051,5.899595433693817,0.3249019499592222,7.00510089926283,5.86456768543957,0.31613663806045333,7.057719290966934,5.841782550452429,0.3239110368403666,6.549605476691373,5.862434894073462,0.7757478995658649,6.986822123520113,5.730372117690624,0.3266069922552279,6.903990815902987,5.695137092264999,0.3368937761689106,6.823156208579853,5.69499192845474,0.36808465037757754,6.753642982651027,5.7353991125237656,0.41304848632120417,6.718527298627105,5.7922663372896706,0.45566588536307134,6.553367173505288,5.896210604464227,1.3222995903066168,6.746922177397224,5.940878485944932,0.4546901298235621,7.251553456032444,6.732150363897535,-0.3004715524242597,7.0192522770542505,6.864289909603105,-0.1178484455658298,7.047962607950509,6.503996124152788,-0.19302213319240957,7.144714985390855,6.759938765018064,-0.25437240288285273,7.225818983246489,5.591294021015862,-0.025117463890139143,6.882424219438498,7.877155041818523,0.2278085378883146,6.963637090151826,7.9669716599014135,0.06290594440148647,7.176501672419903,8.104865415297287,-0.2654467266385488,6.845786409115661,7.810934521932007,0.7797289996146359,7.051469570193537,5.783442750495918,0.3228621105401275,7.088574975482111,5.988222825177281,-0.09812880559706838,7.353104614046535,8.102666323152453,-0.3611543870057265,7.103130439072279,8.205131036107066,-0.02559452143823442,6.6458581556310214,7.109454835459608,0.923695644628019,7.157298873192654,7.160793273182872,-0.18362214400362592,7.1431495891100365,7.203338133938543,-0.20504183190052203,7.136862879481141,7.259024506940229,-0.22718430733284223,7.1359130335880545,7.332704213384652,-0.22291008805181806,7.123951675203325,7.506133790370677,-0.1730474206060279,7.055997564428913,7.198042446475837,-0.057134390732802694,7.0349446245238,7.194318436420354,-0.04285849451752534,7.016602339614095,7.18469295915551,-0.029831026698992676,6.916815480216995,7.124265033620663,0.02748463068998321,6.653050045365231,6.956888368780665,0.38029869324332444,7.109414357089439,5.880941884075576,0.006064126301178091,7.106339396762517,5.694035103532314,0.2267751181188889,7.0741779358579455,5.721244245217676,0.29268978204460677,7.07761510780758,7.2011648642022665,-0.05552753465581516,6.703698954989767,7.339141670047277,0.452518692082487,7.145780683170975,5.662107440110611,0.0784990260834179,7.086634805325769,7.69528921416708,-0.14695672289596504,7.174700384947414,5.949935172318619,-0.32828014911093933,7.124955259622325,5.887987912096594,-0.17036388568244398,7.191355838465796,5.836625047770641,-0.2181670524749224,7.044345377043918,6.21411865102781,-0.1139577893754035,7.331032037954941,7.921738477044221,-0.3794004485484155,7.325071248996194,7.710620047916852,-0.33777420252953755,7.195996892976471,7.721057186293865,-0.2690550592827313,6.918609788660144,7.505396106969506,0.061664380534381044,6.9551142995226,6.669973493610245,0.03957324731282183,6.999744494244871,7.626031420712075,-0.04208929098462779,6.7660698422926915,6.728076704472151,0.1515995112592408,6.880941873606818,6.845831772806367,0.0610370802964727,6.730254161626031,7.003157239591818,0.21341904433962247,7.170339887416183,7.9303924734250275,-0.2842116353936858,7.02223650999976,6.32245551926856,-0.04690974198970696,6.868747415642154,7.6685253345535696,0.1476860532713948,6.9630019984819445,7.784943918769298,0.009475255702952797,6.843479839919002,7.351947490982068,0.1413402072735818,6.651985743390979,7.208696632665304,0.595744513131497,6.771988757075403,7.435189863427282,0.26133505331273166,6.694439876765238,7.388022791540153,0.803467208295934,6.835005902495152,7.066842976022278,0.10160124345433352,7.060938019298246,6.109243381339383,-0.028398171999588728,7.025855834615152,6.430394582836967,-0.28998207132720194,7.012512628421231,6.504026133978948,-0.1940132207869987,7.029812246347635,6.30674014100219,-0.36101943002587666,7.02158397075653,5.591047661280183,0.2447565654022827,6.863224211822986,5.542751033494479,0.2804151306709408,6.736336385695283,5.5553541136269615,0.330290938320409,6.647828335613522,5.613744162594715,0.40466985626676916,6.606183071739695,5.708444356457823,0.4853111444772036,6.638446426472621,5.973230474350468,0.6203667467354252,6.561465639150681,6.498112104516775,1.0680127241521047,6.693983448246445,6.136402274013502,0.49040701360613725,6.7634394461346865,6.145640415150012,0.3947646944011493,6.863797190131747,6.1096418839146605,0.3139796381863241,6.964965199435106,6.045568113452933,0.2645568131599137,7.04234030191472,5.975682207357385,0.2297345973197111,7.092259902973293,5.9133908809889295,0.2108824725072988,6.656922010842708,6.583773408531011,1.4103901199581503,7.036999250761308,6.556302553245422,-0.1568551783505791,7.071294898837856,6.0876021092609625,-0.18814311559072983,7.058061263404562,6.399619157159192,-0.38968282694982775,7.130580357269849,6.483734606174759,-0.388446709997027,7.081831139431487,6.443065010602574,-0.34870997074338067,7.074116520399759,6.604745391695786,-0.14925765434548524,7.134111746115566,6.485215556200571,-0.4186331055985599,7.167908393594349,6.540915887260936,-0.3268883561849375,7.10316603212191,5.812823417160222,0.2829944054390347,7.127568208206982,5.823264045051904,0.19713417727916036,7.134004966966673,5.827636057981546,0.11071572491473729,6.703955783269455,5.842131501919396,0.4937891820807911,6.643938224659763,5.816953257771788,0.5166957085595044,7.255326319293302,5.9598712163890655,-0.3335839933141859,7.981403594672276,5.636234084640802,0.003103739962850939,7.287364251378567,6.4949848014698075,-0.36914227865502414,8.481016253309562,5.068767464300123,0.40917612827332706,7.712732600097876,5.792439417217286,-0.018852963113788025,7.805209624164931,5.792173167247991,-0.04783958314947655,7.903549730779981,5.771726356041001,-0.05217679907502177,8.041569108703962,5.68536017006349,-0.009074477446135888,7.631687923991627,5.775055004084408,0.025803540640764906,7.797963995904808,5.3181990197432425,-0.04836742676693235,7.683421374775499,5.362113515006763,-0.003144800713934312,7.91458008665084,5.332020289446911,-0.05471895413081694,8.002280663038036,5.391042987424278,-0.04090013526596761,8.140092763790639,5.761113346124636,0.003182169190462413,7.733934193327917,7.790148878850593,-0.36268948993731875,8.016131942567863,5.588516716290265,0.025476982043716255,8.558453469150297,5.714018507191169,0.3158716312307578,8.272147165338268,5.661462228848187,0.07627820080503353,7.759018918482378,6.327524388277737,-0.21835867044922122,7.373234926272984,6.91425417644945,-0.39038277997363213,7.385553610959888,7.069346353846306,-0.3666513758459399,7.511151014562742,6.966767184810529,-0.3882045812978846,7.613862785155968,7.028305473913267,-0.36086510623961005,7.49541400130542,7.07645379732551,-0.36751219549601655,7.589272873181668,7.0910441560623765,-0.33400478516441595,7.789766428042795,7.269717077791062,-0.303753833541494,7.226944002775993,6.3617900265281255,-0.5066498320148297,7.229069815112762,6.222221304090807,-0.5181307714674103,8.124511382887585,5.287298669440293,-0.03198854454795571,7.555145419712198,6.00076763041478,-0.11319049962320761,7.52602890930839,6.359840085730709,-0.35967149593737935,7.539601725567576,6.298913159598098,-0.3253609083761519,8.098618486135624,6.292112793409825,-0.20392867672089413,7.238573159364169,6.072853326558093,-0.44449010396835426,7.818830595726559,5.1594550652445665,-0.08222778515027106,7.984780746969592,5.185112070804855,-0.06868370831580896,8.290582969241122,4.791915651534126,0.3145727902517696,7.397859733393981,5.392382612105968,-0.036231745314986415,7.59750254457864,5.455716256506257,0.04838395834267995,7.86371412921385,7.1222125010919575,-0.2933067936666062,8.659981596367567,7.240481225985549,0.3009983819015146,7.464383143153825,6.456439622428523,-0.310626956110629,7.382099689339839,6.518425965214849,-0.3001940705796201,7.744299447702734,7.14336663692249,-0.2745342952170627,7.726463840323066,7.138408036576875,-0.27802878244514684,8.047301683403314,5.090636601686474,-0.019323107060944,7.552332172985502,6.445482546365729,-0.31971755620501213,7.625667813283495,5.230319780204958,-0.07130761070510805,7.6252874561845,5.095618930731843,-0.07112346792551572,7.743234447825548,4.490954781915311,0.16056595005978339,8.152658506116156,4.93091872364349,0.12656522049649013,7.661013107372683,4.767679925298799,0.045079619676076634,8.20194022389311,5.229932444076624,0.04092417747680504,8.333810379066183,5.1514672172142015,0.2204592492330351,7.378685548187024,6.998012997065777,-0.39031250987197147,7.500485661926333,7.02374188662826,-0.3846959615353882,7.600023369976017,7.059992360822763,-0.35597793189738997,7.447230782746479,6.496282203023994,-0.2864589482693597,7.737461394756029,7.140499651669882,-0.27466698401237727,7.679817404024654,7.158074941255191,-0.3156266018725462,7.71663946072205,7.137840641491586,-0.276778598386334,7.382453526127344,6.375163242548207,-0.4181337124303953,7.583617067805051,7.112553524486283,-0.31720562907004307,7.494054486390112,7.106067214618282,-0.3326242677326905,7.39289834143663,7.11675350434271,-0.3348536532267489,7.447633472739361,7.495922772544259,-0.3268501459993045,7.416765225971372,7.30688878385836,-0.389981965594886,7.404945541882233,7.229475994620313,-0.38611362048887904,7.398796319131323,7.163628852803454,-0.3530392589277857,7.391237332453862,7.118699257722524,-0.3274219902157983,7.583501215918017,7.11964561410094,-0.311248089721832,7.595261578257772,7.1405799105072845,-0.3338941457399204,7.609202887266077,7.176200178352443,-0.35953800019179744,7.6243529641559595,7.215557018505894,-0.35871916376509033,7.6969683686261305,6.8527731153872935,-0.3259409311426527,8.74892443997717,6.462958733734419,0.5361576914888433,7.655602265925877,7.130281654814125,-0.29163797689476517,7.663891259072234,7.144659851059074,-0.30705332232794313,7.357691232128362,6.5869488668804195,-0.31689972949031225,7.533074239426473,6.556642431974249,-0.2520735106184676,7.368352397347167,6.557011622626302,-0.3084976978781237,7.667785557443597,6.0734025761671,-0.13385599435265244,7.831096239790484,6.144795254697016,-0.17192572702019265,7.574512226128921,6.3779723018573,-0.28831321093642753,8.04932629981466,4.591033713690263,0.2182170179630989,7.934077400916209,4.796340705086747,0.0714819828436253,7.850066637340732,5.0354876139439195,-0.05235661267547704,7.695717028665583,7.354207300682154,-0.33433731410296974,7.4017296051626555,5.20070601396072,-0.046209401847868876,7.421005684197968,4.809773242856213,0.062096224331853946,7.463459817572227,4.4843428495192015,0.17118123906541644,7.9914673549796325,5.738620632466814,-0.03577441715569151,8.266307113587093,5.850810971757291,0.007466190804442952,7.575923385861341,5.752637663943451,0.057706387615563286,8.122433027950322,5.477248306775516,0.000932789782626826,7.470449315455596,5.912543626827131,-0.11166694480422534,7.434810204231221,6.287184900793304,-0.41799544041160924,8.418753540961397,5.9572994440775116,0.04277546860403698,8.177610629713168,5.941473099244646,-0.075355758506837,8.023411070168816,5.995315612694872,-0.12264271157996968,7.82327065419226,5.99821260777364,-0.10506990827386209,7.682724169744497,5.963841586180227,-0.07049688194764132,7.573928081373217,5.912631562596807,-0.04853540327934406,7.304401457801812,5.735708981426433,-0.12412542817258335,8.418530909925472,6.269245305876479,-0.03573070007972043,8.209645072283765,5.462300621736476,0.023883885014023935,7.218826693751384,6.464399903292997,-0.4711122656673427,7.539855762235529,6.12463004732387,-0.1724766995770684,8.697643230294489,5.753405008219314,0.5959054233767027,7.488282131223528,5.846737661283374,-0.022466463238483312,7.602735420777293,6.406752423046951,-0.1994397868592846,8.079320772109362,5.592233747316407,0.02853379144198917,7.451051801309779,6.21556191429519,-0.37199748679562294,8.73085782672637,6.84236598683644,0.43980006539550437,7.573015922238563,5.711151870890028,0.08742298004285715,7.339376165433079,6.127753860856167,-0.4241567892259963,8.290634614058233,7.51886563359447,-0.12910443127428275,8.366987986642565,7.758741851017605,-0.011274998111036055,8.620132036742756,6.363743456840212,0.2410354341964028,8.450501843329079,7.322768867217139,-0.03144036087663235,8.454894444395272,5.410762583774106,0.29598955435412283,7.783157985161355,7.973504729265988,-0.3571915196711046,7.24211780836563,6.532808348877402,-0.3591885471070957,7.636319207861225,6.231302417067182,-0.18160503004881748,8.386185202646342,5.686640124044328,0.13316594282672325,7.880244658107057,5.693663121268526,-0.026900507743745482,7.799578943293936,5.712365524092142,-0.025375698880428794,7.695811943464598,7.179481020044876,-0.31407509822200647,8.437233312749088,6.586194433808834,-0.056410223748610704,7.607413464143465,8.210871287738689,-0.3135394141012773,7.98717943935353,8.048817528575821,-0.20223072250156127,8.162415887035515,7.936612184372264,-0.1205760574215851,7.720306940639883,5.716224578365341,0.0004694260238131658,7.653368976537282,5.714848662731087,0.03855544312154295,7.60365525684422,5.715874580043972,0.0744488118347205,8.309792049594776,5.438845499932755,0.09763611883990961,7.645107201605348,5.560007032487513,0.04161479332268472,7.715653323876398,5.481276253558728,0.006813714944975366,7.795397108913791,5.45400116004611,-0.017602648198175034,7.88243677122255,5.4685388271114626,-0.025496084410349416,7.944409155950197,5.5098759668399575,-0.014870069236382096,8.608459610172677,5.371307339306969,0.5255474731842147,7.938704497368205,5.667528052198492,-0.01371652701372767,7.580487671049282,6.766050301010542,-0.3254828669138572,7.453434441926237,6.416063843991525,-0.3330241224949025,7.371537626337651,6.718842750753244,-0.33977711852153375,8.124863125966288,7.705770320428931,-0.20435771254953128,7.963646152421209,7.8480050320738854,-0.2788031275598155,7.572919611633679,8.063655642854235,-0.4035634184028804,8.530733462517293,7.549622215893029,0.13968193537888318,7.596264464773839,5.652890933965052,0.06819942910805744,7.364354809341583,5.925005381615492,-0.2102139033060548,7.800332678462587,8.13732488075465,-0.28475224845388597,8.617567941363475,6.716298894559047,0.1768487561256437,7.493002048765737,7.110995107234804,-0.32613191664241764,7.503335199605593,7.148824935768804,-0.35275250805980474,7.515593166737244,7.200402754198408,-0.38289960300237036,7.527483339022712,7.2627464232869094,-0.38685924253592285,7.58262046241539,7.434342609265484,-0.3525948474251353,7.668782162833258,7.117617508174923,-0.30686281663644527,7.679524982695335,7.101789069633255,-0.3161864290728963,7.693952730048593,7.08888344857891,-0.3217406241442257,7.797699490692846,6.975538428884236,-0.31340059684582405,8.240181815158133,6.63773177386827,-0.19348780892507836,7.384520714617662,5.81232755712566,-0.10842014768928837,7.4712365499650755,5.59701542926827,0.07807341979341706,7.540355460736227,5.604127758068011,0.07934310696781344,7.655722305230514,7.125614079991961,-0.2946194400380064,8.322372447881905,7.046972981590187,-0.13550444108260923,7.35546561967204,5.599972443999357,-0.009802184379389269,7.666829430424105,7.614964773888653,-0.34852544084575465,7.279260202509702,5.851212614895771,-0.22992998833174647,7.44356749024625,6.125970020957027,-0.26412457133967376,7.49226855278217,7.6857160796222805,-0.3670277200030649,7.914227645669202,7.349288480803772,-0.29189953782872435,7.6962795384303355,6.524276485510034,-0.22344575036308062,7.803256891755778,7.506897296180402,-0.32167205518096653,7.939075781729059,6.4855184460738995,-0.25963779699633277,7.805698156218686,6.66496883167099,-0.2673224498208352,8.070887313055678,6.7391412575867715,-0.25871346817926794,7.537592463020775,7.886107740655054,-0.41394463730731135,7.529730586469985,6.216228411597099,-0.23467889065518052,8.038936618837155,7.490479827562492,-0.2598389675170398,7.891781691507953,7.656247826139768,-0.3051247548078778,7.984796798737072,7.15335990903352,-0.2846199740384384,8.440927312978411,6.8648014724536806,-0.06115378820507348,8.158725376320861,7.199868160551014,-0.23232202882834535,8.575288283722701,7.040044201262071,0.09326638499953631,7.913413192945299,6.86500526011039,-0.2872706530004606,7.4508193996327785,6.021569325263676,-0.188765972149801,7.403624411628292,6.342387627061772,-0.4361646453936985,7.494586288425771,6.404560309931458,-0.3621186053373591,7.328355580203296,6.240783428424702,-0.4769693288025337,7.519169919273667,5.4520561045692295,0.040212477329007144,7.659576823134643,5.312442716344139,-0.01686787772389889,7.80109060104884,5.258252298281345,-0.05989384986228551,7.935285470894852,5.273458207405942,-0.07061710663274513,8.046959710965684,5.345687671553646,-0.04798057589923163,8.15972896073986,5.62684310276176,0.042801912582393145,8.603057841464013,6.034324897187224,0.2753768167245902,8.075165458040706,5.822145655600272,-0.03561903561029067,7.958121552796172,5.866586718627447,-0.06339990701244635,7.8208335771469555,5.88582929832193,-0.06279763858992629,7.696881828662322,5.873936334424727,-0.03204497654300444,7.602936416822266,5.842527212882938,0.006439178928947785,7.529763387907881,5.809225378584315,0.028890948720797578,8.733486129175573,6.109344577264804,0.5967016433864569,7.508236571910626,6.462290840626642,-0.32211666296881714,7.345333464877157,6.024037110038074,-0.30421848422922854,7.302822103462315,6.3422005890754765,-0.4828765100921679,7.2708462847381705,6.446684335217967,-0.44192413297493854,7.318356724868796,6.384981341022819,-0.44417534974514916,7.493185597237362,6.527065305634043,-0.28669972478156763,7.248161647773515,6.454394766832091,-0.4627641688662674,7.267987674320769,6.52001299648662,-0.3640580557813005,7.532613623490075,5.7138471720208885,0.08999213521840897,7.471540835644272,5.738155480161345,0.05473073124282711,7.420717450286252,5.751365037943419,-0.0070146257967196885,7.982681454944313,5.548580267750179,0.001448564160489389,8.066437483948903,5.482308451998019,-0.009140975873151642,6.820712152505209,5.792135829441024,0.36520246392668876,6.9059393608945365,5.772220471318228,0.36558583073208645,6.813608198540675,5.669913484426685,0.3656695136557587,6.741360588916688,5.813175509190392,0.3655987201268976,6.830295755594018,5.9233946216439675,0.3655643484074012,7.775540374637444,5.565448581663412,0.02433233399419451,7.87260820420393,5.54852024809786,0.024118317697609703,7.770244687174738,5.436494264948325,0.02411749166405899,7.684450083700121,5.5810718367425025,0.02400101275485841,7.780395685348837,5.699291359479252,0.024017514342589325
7.309941955331507,6.978502406712604,-0.365979500739264,7.20966274667267,6.39603446124567,-0.5038617704036431,7.292456944166551,6.620884389626366,-0.307367944643833,7.161880612891641,6.008845236088797,-0.27578634829615856,7.195744946850216,6.24763678774228,-0.5139179816167971,7.208330034833456,6.089226258201894,-0.4500314581693353,7.2618185856589434,5.728794271217504,-0.12788563897361105,6.768645836867923,5.941393340609338,0.4851173132678689,7.260457145541387,5.4635670979710325,-0.011961691733290532,7.243876724799367,5.282831893399523,0.004836282559302411,7.220142262060306,4.551210580570843,0.23670785371494044,7.314730468848429,7.042541242587011,-0.36438639508446224,7.327609846512253,7.105611024584639,-0.341548530526268,7.341434454602522,7.154621467437247,-0.3064801926706263,7.3433823720120985,7.150420832591775,-0.29526773394384037,7.341470189778022,7.2041427130925815,-0.3192870708454309,7.344885351452222,7.2723800817433135,-0.34974874606192047,7.352977616978553,7.351993848617745,-0.3528765154699259,7.380679384887767,7.543830080354695,-0.2912301189400309,7.2377625063403865,6.499693096403207,-0.4670839686072904,7.2059617035944745,6.549648068992545,-0.3234381537900725,6.557326927586629,5.5886002729052375,1.1543879707127394,7.000498458267076,5.983338729058794,0.2895541129332434,6.915704492324658,6.022234715865632,0.3245611842318707,6.839087575364169,6.0430774321481024,0.3786338037284803,6.750045327675613,6.006602328308921,0.5017792767755496,7.07165490027331,5.931754652880511,0.2681501879816245,6.817017951389551,5.608599358770035,0.33538057792471654,6.925638170423784,5.5980644888948605,0.2974797894796729,6.734185215961308,5.663076232439482,0.39084603719676647,6.694540892538129,5.741782255787257,0.4426866971903077,6.704297996828903,6.114191832771396,0.5550086599924514,7.106271774986521,7.911497389343145,-0.12715514804846617,6.744717983767336,5.911459875955699,0.5309244654990538,6.591040613256334,6.199521826346305,1.0856007358076318,6.634582172878098,6.057697323065662,0.7008227153417186,6.926265988409028,6.531823924005203,0.09501516768705953,7.209621405979445,6.962795746046032,-0.30972637864058084,7.243862711005054,7.121792052188723,-0.2916338256990278,7.127553823720719,7.045095957290362,-0.21840010144446073,7.081722410108129,7.135671314076815,-0.1262435178835425,7.180012360664164,7.150163679466122,-0.2183503524746478,7.132634524849079,7.1895816801111385,-0.13462836515927537,7.033554896983478,7.429592431869896,0.001102736356667634,7.147716170289269,6.416139351257534,-0.47256699701176946,7.123210248173249,6.2748564811271095,-0.4765405645962555,6.596479366829404,5.686358399967076,0.5437119214308019,7.076966128318126,6.13526717803947,0.0876740524842087,7.036026229610664,6.491852378484803,-0.16939306350593994,7.036118720653133,6.430385073866924,-0.12820819710491133,6.70865838892955,6.621132433785715,0.3178831076207542,7.139368853706432,6.126495243488934,-0.38796550177562633,6.731778346787964,5.496161431819948,0.3095868100078398,6.637955293169358,5.563764325933135,0.4264256595793148,6.566676230462881,5.278256389556165,0.9759146801296432,7.0928143283072655,5.522990841033145,0.0848298981868996,7.032070135475963,5.639363491081607,0.2929178833961096,6.963929462005995,7.3147816191976744,0.0755340831169899,6.842048690102612,7.590919932696638,1.023283494564639,7.111214440240892,6.561431567941053,-0.17041382609408,7.180172117919338,6.591643206411814,-0.232775298375375,7.058691439843606,7.287282350616291,0.04470097939860091,7.076649416566641,7.270931055411297,0.0033690140031896647,6.6004585837247225,5.488007855943494,0.510683203751276,7.05980203304295,6.572871728928879,-0.13212184477043035,6.876509311009227,5.481613361598244,0.1944809193791045,6.845877959398775,5.35918184757834,0.202702965778711,6.780816817229199,4.79273937659861,0.5320512621480737,6.5837036912435005,5.368257531120621,0.7172192050333729,6.817310839690704,5.034510260923144,0.36329066964502177,6.5669480980725625,5.647330333148832,0.6645226525521347,6.560732279604809,5.621621677135856,0.8977670188990469,7.221370571131884,7.0488110141628715,-0.3098250445111693,7.153171039725799,7.102900756764408,-0.22446781162356338,7.106116221869641,7.161915647377424,-0.14046916135326737,7.140249620679035,6.589904094537509,-0.1714540985114909,7.068150751005219,7.278906305755111,0.020508391490671327,7.095853219604148,7.282313759842439,-0.06537721892100683,7.086466780172965,7.264807027296297,-0.0036235935995253678,7.1063089115414515,6.476682446140439,-0.2919336771042295,7.155739067533749,7.204497962778429,-0.12814940485845547,7.203447628894632,7.178442815701052,-0.1923156567783469,7.266090690855414,7.164136833776114,-0.25705857633423884,7.279032429903932,7.561607279131087,-0.2511906065172108,7.263353796825987,7.361134345958726,-0.3058918103784418,7.255013487140307,7.280351127948832,-0.300546007675467,7.2574911259749335,7.217393456305713,-0.2660498705588885,7.268008478607217,7.161299741117346,-0.24520369462094696,7.155856783405982,7.2114537095859355,-0.12048069531697295,7.142510746391519,7.244241784141234,-0.14268660344128917,7.1322708668866435,7.28467718625341,-0.1617671069853904,7.125462264919429,7.332693350399476,-0.14551884601343182,7.001012063828665,7.008288726525951,-0.05651099781060521,6.728372994769783,6.915916100618792,1.3379095555248457,7.267683358579143,6.565116495155788,-0.3619096759050871,7.122327379131499,7.238221458104154,-0.052272657099808446,7.10811879307704,7.262655209179459,-0.06638674857714248,7.199789327889093,6.645116342063557,-0.25037145644647946,7.109176834547709,6.6615124814103535,-0.10198007820225367,7.190559842954221,6.621080582746755,-0.24357796310125912,7.001645487331636,6.252777047496473,0.13693175122023543,6.874848676383077,6.388465610936948,0.19677824009471329,7.042628128111755,6.513730013477326,-0.08425857878411945,6.637186636551262,5.011636245154931,0.7532951347001553,6.666308702514149,5.170342115410475,0.5426956585844297,6.696083811292045,5.386811444446839,0.3646687511433257,7.097548188026366,7.485361727719905,-0.08479461736488768,7.03758876767662,5.351982260749779,0.08634386422279886,6.998822408467181,4.9532127366619445,0.22220427729018233,6.967240921602275,4.649253538002102,0.3516082013948932,6.782684155321473,6.043052207318338,0.4442947362946747,6.646174383534226,6.237302315125788,0.6242237535551931,7.118821828483976,5.8798321435695575,0.2735133984447231,6.653984971794856,5.846704584847014,0.5595892438362482,7.122369420514439,6.019935052218786,0.04688028590143326,7.049293789376971,6.403589297760078,-0.2671815063462573,6.589726119349727,6.39656908749873,0.7491418839967058,6.67729131311764,6.307034254940055,0.5028518575578191,6.758218172519247,6.31585173432211,0.3654744786266912,6.901500811098209,6.243106128040725,0.26629811178722,7.011788671655748,6.148295802612733,0.2098327026012409,7.090200054978082,6.057119954739946,0.16002967019743644,7.190760240212904,5.790703711045974,-0.06180106283635343,6.602272669398605,6.680754121692506,0.6656381943725966,6.611386540530391,5.862207695151183,0.6368932308560645,7.2048553145334235,6.505971276255656,-0.4447512794375442,7.074020428753428,6.251662950848549,0.02345736732720391,6.641690670043621,6.263230637364629,1.4132964116894677,7.145149543860751,5.960068823601225,0.13835328642918804,7.054276393945137,6.543190512572884,0.0063231608477118525,6.714135680436982,5.934825775904315,0.5592964869144178,7.058088846688125,6.328167757454531,-0.21803532675779103,6.781854538698114,7.250391037085999,1.210392172789929,7.128521476218066,5.833971300988909,0.31364916811723403,7.0928724855536665,6.209438687892254,-0.3164711521540081,6.851282379175777,7.763046463421364,0.40679307822892247,6.931686524049491,7.9765872597910645,0.5371440939671362,6.632699419612079,6.810826657061846,1.0163357181026482,6.786480492201001,7.624518705252973,0.5975964495318601,6.57774012107339,5.8947239020968,1.0264874858757775,7.107689970971046,8.090512400662673,-0.09812609864533511,7.240975869376473,6.569682189343126,-0.3435397155257876,7.020920060030425,6.390174593153479,0.061889924525060876,6.604624884774126,6.112217289152624,0.8265083637805389,6.8366225489444234,5.962879290050798,0.39545933449166387,6.905220072109012,5.946961721779807,0.3475053565578651,7.088276661708553,7.316908913174464,-0.04578350395328085,6.645869583507907,6.973564646286242,0.6239675200847922,7.280107988617494,8.282021410302402,-0.16776958733127445,7.078693328467265,8.1777608826791,0.15338522669267235,7.006272141524239,8.100240776675106,0.32694893771390876,7.224276331382789,4.884266620363808,0.11745806221114923,7.457374078406696,8.280464477754172,-0.26509018840705706,6.978531835680663,5.9140244003150695,0.3171498796264075,7.050725298466095,5.878254891019573,0.3092855572232067,7.103693937522552,5.855062061430728,0.31777191692149803,6.584748419609571,5.868226269463974,0.7642156466775946,7.032512270686554,5.748518686713757,0.31840704835565026,6.949439198685834,5.716307279794459,0.3274193413752165,6.869026645535532,5.718225417891119,0.35779441572215936,6.800179676832164,5.75961761181005,0.4023470268105353,6.765782117999959,5.815779293900838,0.4451792256813928,6.588654764774461,5.901183560585609,1.3180541110517614,6.794382170124668,5.957814704785898,0.44529891224345153,7.305660741168732,6.749528218665445,-0.30414358953783255,7.067382795076838,6.886812953278229,-0.12282532353666659,7.096352811371424,6.526464348370005,-0.20025473401558871,7.195686088914099,6.778897628097965,-0.2593762389481558,7.276255596560712,5.603603441097272,-0.03276501748434242,6.932935153122823,7.904261366649369,0.2316718653490621,7.01767096181884,7.997040392591619,0.06677092361031495,7.237344194580129,8.139353977293803,-0.26108381978525597,6.889016622434027,7.827949950404913,0.786043532700304,7.0975159562994445,5.798311099289059,0.3159830779739332,7.137645857695587,6.003171751460976,-0.1063802891856482,7.418270687444018,8.137214771591847,-0.3547272340780062,7.162148276363029,8.23742951679684,-0.020004164496701664,6.685354149675913,7.1227372826151685,0.924566123282042,7.204760721421807,7.184065149979628,-0.18245028497822305,7.1909935698882235,7.226702819868172,-0.20461652749566597,7.184905977638438,7.282161710174138,-0.22746803360676232,7.1841772603341365,7.3559583510290345,-0.2233216365245943,7.17816604326336,7.534237638147103,-0.17292439734534376,7.100543636560877,7.229346522165414,-0.057630272993458465,7.079620340961104,7.226032960499986,-0.043767214555041824,7.061343550417435,7.2167193927992335,-0.03129190494335006,6.963341583334543,7.1529685403979695,0.02476344748308382,6.696632451339418,6.9761389803016325,0.3755088589758912,7.158068160148653,5.894845822107327,-0.0011269548858331914,7.152277660338314,5.70770911629341,0.22029154764226472,7.12022741205362,5.735835502170323,0.2860587003900447,7.122766010893511,7.231510252007419,-0.05569859735252561,6.747721840578435,7.359655890658652,0.4517177555563218,7.192977923163015,5.674722746548575,0.07082645546911977,7.141021080055994,7.726071067125191,-0.14615553210289067,7.227864563416761,5.9655846530430185,-0.3378702379672781,7.17528550784222,5.902234595159121,-0.1794625987719686,7.243405861310434,5.850595865183016,-0.22680612268753914,7.092401622064733,6.2312784856401295,-0.12146166091891804,7.394424815040164,7.955241448292739,-0.375066679972193,7.386598110916074,7.740438009055392,-0.3345722009583637,7.25364714219474,7.751751345204681,-0.26730366721887455,6.966342637386779,7.536436402474892,0.062346358185162334,6.999934403045957,6.69009992112018,0.03406098964365988,7.051146412985216,7.657567436382503,-0.04132047996877296,6.810429365993058,6.7470968253520525,0.14502065562558686,6.925618551111745,6.8673379833207555,0.055653523296909445,6.77436696839641,7.0251795528120144,0.20860570732287942,7.229230908362327,7.964107975954891,-0.2816990089791145,7.069114900053988,6.340206307459543,-0.05394363784754136,6.917489849720198,7.697371517060856,0.14937827781220048,7.01533486230678,7.815875665224401,0.011758332965731056,6.888435750659732,7.380780984896539,0.14046887669807037,6.694866012566202,7.226980292995579,0.5943826923578092,6.8174376645292405,7.4595826523905036,0.26080314976102087,6.735683991263137,7.403154007518045,0.8057513944020243,6.879624577485118,7.092251674465578,0.09765632998408222,7.109110969714436,6.124790465410697,-0.03574847491867998,7.075442128186533,6.452865302014927,-0.29968619570467286,7.059823754424136,6.526095084889843,-0.20192474036668576,7.080388997579199,6.32789238639627,-0.3718318145204574,7.066430557753236,5.603712748692917,0.236313387301569,6.906782610174967,5.553233309851397,0.2702221712639829,6.779074201906315,5.564740036362212,0.3188384542549699,6.6900333555971905,5.622737175163211,0.39250527044348504,6.647437727091588,5.718644079996235,0.473471981572671,6.679360449848028,5.989693284090251,0.6112348493301883,6.598797248408856,6.507830906761058,1.064754516076583,6.737614391429822,6.153699521700019,0.4818386985020108,6.808138110622801,6.161762358258291,0.38663778235063656,6.909268657286183,6.125597659963154,0.3066091414748642,7.01083082881442,6.061207077851479,0.2579605610672952,7.089110482470207,5.990295176556016,0.22410929935122753,7.139547529583929,5.927298266288818,0.2055325041264822,6.690967374988186,6.593556089335607,1.413359736522522,7.083424385427504,6.578449219065653,-0.16372991405142517,7.120779555549572,6.103933034644197,-0.19732219427961328,7.109490743540332,6.42269500423739,-0.399797654866266,7.182335847761342,6.505827634863943,-0.3968336935758533,7.132598088983864,6.465819653478328,-0.3579209778020532,7.120680057609947,6.62657679287651,-0.15490878889319332,7.186425773631738,6.507546426736494,-0.4273102365522473,7.219955878595936,6.561857587288183,-0.3330523392754036,7.149521146996848,5.826459206547157,0.27744185912876257,7.174695527101622,5.836954837798253,0.1910942670177108,7.181972890488622,5.84074486847034,0.10475290447616244,6.751073239488508,5.864587237425615,0.483694431420869,6.687549410555123,5.834331805847624,0.5060272519699368,7.310145856038768,5.975903710485765,-0.34121018497981137,8.031302017618982,5.65160454041445,0.01025786273379885,7.34577172394255,6.515254714298635,-0.3738007526215043,8.540690127810155,5.078929084068933,0.4276440714086593,7.7666809409765705,5.804347190844741,-0.015865414785883623,7.859088601369513,5.804442134301215,-0.0434469747213555,7.95749486641835,5.7850204167621335,-0.046173372090393176,8.09382105750009,5.702932514501653,-0.0006551232442028058,7.684948288401937,5.787446554902659,0.027726346790646242,7.853090697403334,5.339125655501715,-0.04664431221726447,7.7387521495994775,5.3822212261194515,-0.0025928798831014767,7.969193581911261,5.353359816730796,-0.051116820146556795,8.056165291489997,5.411599394173418,-0.03563447324935349,8.197193811253632,5.778614010691717,0.013371153729993736,7.798174140937301,7.822400487856767,-0.35234121042370375,8.065778754389058,5.6068865227600675,0.03338347469291693,8.61796078827537,5.72803192080685,0.3382278524809158,8.332309210506686,5.680055345629721,0.08967521136389987,7.819615946926674,6.345535052747253,-0.2142659226392098,7.428130793122998,6.926015842180532,-0.3909627020344264,7.440394264526742,7.087948738921617,-0.3649068104742263,7.570116455038245,6.98144039869043,-0.38543789500565023,7.6750797744463695,7.047501425084275,-0.3549539072010271,7.553443543253757,7.095639509240867,-0.3635395020803009,7.6495319267231405,7.112130942388995,-0.327579405182141,7.850790333066773,7.296111041033797,-0.2929597933997284,7.2852265269905,6.384393202309444,-0.5150646165433921,7.2863490319150115,6.242625454895772,-0.527520646239626,8.182168921680411,5.307311189306347,-0.02537865852758493,7.610992590981581,6.016306180181306,-0.11265573196889489,7.58914228288797,6.377604219654269,-0.36106538859080584,7.6022697047111425,6.315741025347033,-0.32635998611133027,8.160430023251593,6.310107480033006,-0.19406978968843216,7.294582136074193,6.090837844547946,-0.4532786294842025,7.87565150486864,5.179042229265154,-0.08279601490783103,8.041901350947999,5.204864397012069,-0.06571042972564074,8.351826221847098,4.79899303231101,0.3266139423401552,7.453073244931883,5.410856312729945,-0.042497159703996736,7.652658404234483,5.473730952641757,0.048756492097921315,7.925665335394095,7.148470112423335,-0.2816015474189748,8.715213718052205,7.255546712013936,0.33433232421351305,7.5267717892265855,6.4752081949786575,-0.31189032744812156,7.4422742150338985,6.536566892690607,-0.30267043320373294,7.807887101775989,7.171004994369161,-0.263376804983249,7.789088998083859,7.164768855899653,-0.26793505434235865,8.106020065449993,5.1082977928117375,-0.015214268759831354,7.61647198455816,6.462999377372736,-0.31992301245206684,7.682453833014134,5.248952844956918,-0.07478490895747317,7.68291628822648,5.113032703565412,-0.07518661765595273,7.802646643392455,4.49112573676199,0.15880233552249393,8.214461608606728,4.939370961673641,0.1340639705415759,7.720422807327134,4.77237943553024,0.0419031499975332,8.261955758914615,5.248295948348472,0.050483894790181276,8.39492914970685,5.163001339604205,0.23345487981336535,7.433811284647975,7.013606961467925,-0.38990509849482935,7.558915929933179,7.041031956939447,-0.38123182981488174,7.660796214592334,7.08037428309517,-0.3499317136639261,7.509333023582864,6.514519690786892,-0.2878011624370533,7.800470301135569,7.167359305778504,-0.2641170179781988,7.74031188490657,7.181692614602353,-0.3065677569885321,7.778776246848553,7.163564370278408,-0.26676041372369025,7.443520742038085,6.396064590903444,-0.4224491578566444,7.643777162088302,7.1340891566988205,-0.3109281709857316,7.551606334819257,7.126247037400985,-0.3283261214535145,7.447359820990268,7.137135755582576,-0.3325528569908954,7.507552571015334,7.520840450783396,-0.32318119773340226,7.469170890459802,7.323370673732419,-0.386174188517503,7.457530332213292,7.246275185696123,-0.38191802401206376,7.451835826894,7.1805413813994985,-0.3482182864470108,7.444957155955218,7.13566080373108,-0.3220500655667666,7.643173868243105,7.139099788855613,-0.3033799691270684,7.654083607116166,7.159983845831308,-0.32665764786117046,7.666958079951979,7.195709211674717,-0.352568146305368,7.681151250832694,7.235447427519796,-0.35133458206092205,7.759414087935304,6.872468433418929,-0.3201427224710382,8.804641345084383,6.478100642124964,0.5704384606351175,7.717287220849488,7.153065936268448,-0.2826220800933019,7.724837152535887,7.167681623047714,-0.29828851679088364,7.417138372863487,6.604681640641096,-0.31942427465038153,7.59671954147328,6.5740706090323995,-0.2514248777443361,7.428231692442055,6.574945770487278,-0.311006035130386,7.725439745691367,6.089526854089918,-0.13124515055679917,7.89020342888378,6.162318005202822,-0.16679081138469085,7.637840918817102,6.394997440466471,-0.2879075577910678,8.110524098942353,4.594809246404434,0.2232726977272651,7.995354533135705,4.802700031251789,0.07360637622639973,7.908033179388847,5.052867280439257,-0.05239289654984597,7.756007334537692,7.379778998603125,-0.32542675499626555,7.457822519824728,5.2178268064072,-0.05365599924511834,7.476952049752373,4.8122851162173665,0.054647809115241176,7.518561807828021,4.481398411784132,0.1640780364090708,8.044241654598354,5.753617605774725,-0.028206239870876806,8.325982683063856,5.868732868128407,0.020783230188971866,7.62881393321006,5.7653313860965225,0.05922121088945231,8.178574383438999,5.49688839739996,0.009089750025176879,7.5248252731964405,5.927572936657363,-0.11291660750866216,7.495905706561383,6.30640643695481,-0.42204897644277944,8.479480677007645,5.971630904599579,0.060891660645760064,8.23618859531038,5.9589323048824,-0.06421219636351376,8.080664907398575,6.012335371562575,-0.11478427404924042,7.878884487216765,6.0146448448654395,-0.10006980096834092,7.737347967409265,5.979277531466741,-0.06762494394267797,7.627115461339264,5.9271931628314665,-0.047419154611756206,7.356893071109745,5.74932833368022,-0.13007493304196097,8.480069256368811,6.285353513757637,-0.017306098530972397,8.269015908489758,5.481329582263395,0.033999605392669864,7.276801433849223,6.486740146319238,-0.4786072927057463,7.5981398395269535,6.140384315033045,-0.1720148583012903,8.754373164192138,5.766884464851316,0.625454252282133,7.5405403421396,5.860234552911842,-0.02318145159217244,7.665586129488688,6.422952157363043,-0.1974094082526612,8.131848889749207,5.611298415554816,0.03722953317156533,7.511853404490148,6.233260036156059,-0.37569751968183673,8.786563550419965,6.857807201808144,0.4743222247495355,7.625975439171861,5.724109810123358,0.08921514287589835,7.397650089801417,6.145869314127349,-0.4306925533960253,8.351583783205475,7.540021131060286,-0.10745630772683532,8.423735204607969,7.778024406783634,0.014256706468096734,8.677942630696018,6.378544545252705,0.26795642537868675,8.509912332049128,7.339951094474438,-0.006350287256304144,8.515969794641139,5.423422131746003,0.31440477438937514,7.848123508008914,8.006433838919959,-0.3445640363038901,7.2986293198719325,6.552907677549865,-0.3642246890360166,7.696227290755158,6.2478666139690215,-0.17932031496657935,8.44822290879138,5.7055905809380665,0.1503507147065126,7.93224060768599,5.7045735298157645,-0.021594025355964577,7.853052860158688,5.722272952033716,-0.021253028957985986,7.7560255524703,7.203816191685077,-0.3044332371490497,8.499006096624646,6.603198981202728,-0.03613583590040341,7.6725804142305565,8.245546306463222,-0.3018715812382025,8.048894935000153,8.078247527879496,-0.184128995209382,8.222036064433176,7.961424334343856,-0.09910187476407348,7.774155198173676,5.726252168929035,0.0034616357407131616,7.706835032360763,5.7254193992019555,0.0406143516965938,7.656728710792839,5.727633929048346,0.07657127359447952,8.371467255267186,5.456788976006449,0.11041669987900884,7.698744168213863,5.577737480243127,0.04313134684927431,7.769821432282225,5.501458996415309,0.008360427144313903,7.849000771532939,5.474813167907618,-0.01498389375071496,7.934442875462357,5.489403980201977,-0.02140190362601332,7.995124706908964,5.529772466446307,-0.009674810199617644,8.666807970424225,5.382802798583462,0.550149201641816,7.989366438825546,5.680410595315568,-0.007320971742059761,7.6423204281694135,6.78383328645518,-0.3227805783884651,7.515423418591513,6.435076892203084,-0.3354126125826551,7.430092023637172,6.735029547068696,-0.3416205263945536,8.187517986969874,7.731353566891665,-0.1857210279330566,8.027357835209449,7.877417242952141,-0.2630084392617864,7.638125398841667,8.097865438538967,-0.39452400130745213,8.586055582761821,7.565144360815815,0.16973968594966296,7.649268467390047,5.667135327962388,0.0699151209076699,7.419600596524369,5.940344408104972,-0.21469789784892346,7.86400464041469,8.17038121859361,-0.2699819222777208,8.676056373981421,6.732081044745136,0.20455112249001844,7.549706765000062,7.128063925833731,-0.3193783356808976,7.559256465134998,7.165977545659192,-0.34657639527075523,7.570587318527179,7.217612772186719,-0.3772594446442909,7.5816210794799135,7.2798382230769585,-0.3812016563640005,7.642360367483207,7.459189565460011,-0.3457291081286288,7.730924744785672,7.141223579383824,-0.2983294414495898,7.7416277801926086,7.125590491137397,-0.3073347056754457,7.756369591120696,7.112472178280529,-0.3128023845958407,7.8607821684123,6.997988587705528,-0.30432283472572363,8.303384739043619,6.656046400938372,-0.17882163190627803,7.43800491259629,5.826756298986603,-0.11192815328538079,7.524093753133275,5.611843552153611,0.07693095185829538,7.593578349477909,5.619133177610636,0.07989619409709459,7.717292826367213,7.149015949711846,-0.2864543930104186,8.384713794342023,7.066059192203928,-0.11587354000536454,7.4079831610384765,5.613856984051603,-0.014671754273331533,7.7289523032360465,7.644409184211841,-0.3404941238834987,7.332975728354893,5.865831662360654,-0.2370008952919679,7.502426325055455,6.142607603500882,-0.26721724152175674,7.554746826124912,7.715616075877603,-0.36194243314929486,7.976987353618715,7.375878258955961,-0.27940810395371485,7.758998578933909,6.542147886275959,-0.21951132964386053,7.8654347481243825,7.535397980316262,-0.3113479279185282,8.001652332300193,6.504169802996655,-0.2526316406071574,7.868619382882125,6.684018635077837,-0.2611339628930339,8.135030021058371,6.75903587741744,-0.2479735867566713,7.601835277087424,7.9193759445061955,-0.4070577637690187,7.590288611262815,6.232525012644316,-0.23516881065101378,8.102426928588011,7.516721796634658,-0.24433286868368453,7.95562682763636,7.685854280204305,-0.2917435493291918,8.048082835619685,7.177596382524516,-0.2713243561867398,8.502145887240586,6.882416826002083,-0.03937628223624161,8.222282006523377,7.221459558725775,-0.2161567995266198,8.633890268271527,7.0561016906544705,0.12099825320649026,7.977413372965845,6.886147298048337,-0.2779063507205943,7.507436256522532,6.03712227025458,-0.19060494473407982,7.464483976951651,6.363029873568228,-0.4407358456425466,7.557398936698743,6.423107710479923,-0.364120570923578,7.387793487571016,6.260982124067027,-0.483387091394331,7.574144019523946,5.4695152529673985,0.038891374845233244,7.715478040003615,5.331851795563292,-0.017348748911810312,7.856951497736704,5.278136221269926,-0.05914794502105704,7.991398439001004,5.2935450888073365,-0.06743940349562258,8.10269108861082,5.365662526758618,-0.04222980278435947,8.216057779779035,5.645412195052172,0.05306084544372843,8.661030783718484,6.048239413283481,0.3003328885191337,8.131015068987553,5.839418813183425,-0.026663020039348114,8.013915103014222,5.882424695517556,-0.05646225060812016,7.87609714352781,5.900744928823595,-0.057861204996157434,7.751326026547267,5.888218698776472,-0.029001008129158054,7.656090382461859,5.856599725011778,0.008068652146059582,7.582144494697523,5.8229473496921935,0.029415175966644454,8.78916310926512,6.123462658399492,0.6292288677804746,7.571671986207043,6.480546049232671,-0.32315621376572773,7.402147116396619,6.040646739524425,-0.3093852303352615,7.363155835788449,6.364539159215791,-0.4897165529753455,7.3306739626389,6.468541833023726,-0.44840695285664994,7.37933896546168,6.407044398748072,-0.4500585661027105,7.5564193724762285,6.544823119610407,-0.28744696378577955,7.307338893037773,6.476074247467232,-0.46990713505795967,7.325897360847144,6.539886760563476,-0.36895767289297277,7.5853165170403845,5.72700470968367,0.09097755815738846,7.523759524138899,5.751556176631208,0.05360515544762467,7.472654719726138,5.764356376357161,-0.009347833070090957,8.032750343261283,5.567866513873555,0.007806252743014177,8.119756386636087,5.502227653033404,-0.00199265634528243,6.870991379498285,5.819012276248962,0.3409253765069431,6.957627458703213,5.797960053741505,0.34117252290759387,6.862911726386836,5.697053027097423,0.3412545255008814,6.790157711828863,5.840710534674272,0.34118725928817667,6.881312539010179,5.949065192306263,0.3411505825608718,7.832681007365151,5.587511050742221,0.03426118983336041,7.930327024072481,5.5712028479547415,0.03395653487170946,7.827697702107271,5.458925729294401,0.03395279603517973,7.740355327668943,5.601924588538514,0.03383600802940574,7.836956616010201,5.7202024139238965,0.03385267404377584
7.42576008529344,7.05323534956462,-0.3694727276175119,7.326298541417027,6.47620361318304,-0.5111448507972431,7.407062233530665,6.697436130327536,-0.3107942694460647,7.274743554247899,6.080899574442465,-0.28273010630078144,7.312334861271404,6.325939730379627,-0.5215748226412826,7.32361182815346,6.164418724527284,-0.45742002020549705,7.3727564983061304,5.795469422302736,-0.1326070460564425,6.867077516178283,6.004284660868769,0.47822955701389497,7.371545315777131,5.529567019375435,-0.017545056003103753,7.355876483399342,5.3470944692838875,-0.0010647240430939498,7.331152484741261,4.6033862283330516,0.23254850727874812,7.4306650556171405,7.118224611759907,-0.36767046019755945,7.443260219985409,7.1824328773800294,-0.34419646799645576,7.456785209677287,7.231817090946861,-0.3083044885085633,7.4589361394464575,7.226503195919105,-0.29712833538586964,7.457471948045105,7.280168716482825,-0.3213402701313386,7.4611955015894935,7.348840427139598,-0.3523165379349667,7.469248554296935,7.429451746963164,-0.3554219206420713,7.496596191177576,7.629213945373881,-0.29196397781488287,7.353697914005461,6.5797451908917814,-0.47360288759093044,7.318395734874681,6.627714113931749,-0.3289922160734435,6.645691209327062,5.648624348463565,1.1489425235771353,7.10399587470039,6.0439935883701255,0.28498058744260857,7.018123104265187,6.084146875991835,0.3186693920694292,6.940119831081011,6.106112581845433,0.37178940654640713,6.847301010343456,6.069713322226127,0.49460506018116773,7.176458466192515,5.991500271377479,0.26444171077330697,6.915714042461268,5.670670138357992,0.3267156677535035,7.026653117675973,5.658889634210369,0.2907588414537893,6.83139546938481,5.725734649157081,0.381480682843485,6.790311647731166,5.8045203363330735,0.4337169158909042,6.800225768502475,6.177799846429,0.5478089015648211,7.2184706957531155,8.005169538108486,-0.131427832917083,6.841899944191612,5.974601830054217,0.5239481539419811,6.675585235222738,6.2673841223670514,1.081315714758392,6.727088486684074,6.120646063485096,0.6937818655146746,7.03246027369857,6.6025719773613725,0.08940718744511218,7.323000921576516,7.03784291343394,-0.3146152482381329,7.357364770883777,7.198946490082316,-0.29558383847233577,7.237077832850173,7.122552693506307,-0.2241570463456798,7.18915851939302,7.214689736834327,-0.13235755857858308,7.2905902724154945,7.228016996903272,-0.22326781672086551,7.241075656516694,7.268528182229572,-0.13964234931359049,7.142069103385522,7.510072988703292,-0.004610882322116467,7.26301726628721,6.496043902767201,-0.48045405956615006,7.238184126546936,6.352762214390761,-0.4850371877213408,6.690928061770603,5.747314463327214,0.5330197091023114,7.184578846190918,6.202320445797542,0.0829060564782758,7.143809691033984,6.567955827890085,-0.17669981071702778,7.143697006410162,6.504770937092593,-0.13515628097834814,6.809696946570084,6.690257623694282,0.31021069243393906,7.253313631888698,6.201598272013429,-0.39592854365852287,6.831788093797369,5.557388073417792,0.29849481362678615,6.7349898758097675,5.625031448293654,0.41464371448101295,6.65852804323447,5.334686403913661,0.9683083628830271,7.200327762609536,5.584316509323652,0.07764765109772578,7.1357701037847345,5.699518819472935,0.28811883649832776,7.070209622678755,7.394012078417155,0.06939244487709958,6.928905230531637,7.670958991895609,1.0259603677800535,7.219691091490351,6.6381285827811585,-0.17613550171251313,7.29012890329532,6.667998512593753,-0.23748246820240498,7.163975986448067,7.368055635980296,0.03925922992142495,7.182015448176062,7.351217434864737,-0.001701993670034801,6.695105897351908,5.546960493464352,0.49947295620056764,7.166603876920583,6.648914414793351,-0.138436504244171,6.980135629287492,5.542946723860498,0.18485548217534864,6.948505976701635,5.418090388895519,0.19251718393050254,6.881799514232641,4.844612116060107,0.5231383217968052,6.678650398732347,5.426948888615369,0.707585377578639,6.920919505115158,5.090278061449058,0.35367796662906104,6.659080127020363,5.706814971688292,0.655066325614907,6.652015722427581,5.682369495402297,0.889990954733387,7.334847689952613,7.124890013565195,-0.3145572891853537,7.263344689533785,7.180669611065138,-0.22998637165059718,7.214014337799724,7.2409161971433615,-0.1462489504749618,7.248918931559662,6.666401084027127,-0.17657585320139715,7.173471260598758,7.359370415446134,0.015276609382053698,7.203559472575736,7.362459675038823,-0.07087383906570746,7.192017448779786,7.3447639368489,-0.008656137193076808,7.2170872971009175,6.554810705860901,-0.29949573125433854,7.264614694853836,7.283118360535308,-0.13273810172889994,7.3144361814577605,7.255978375194162,-0.19632810792319674,7.379513323485462,7.241391740430054,-0.2601495073859068,7.394074444749836,7.646092542864017,-0.2533281897489166,7.378303558373115,7.438677711950004,-0.30998627551310914,7.369920247585794,7.357180506719037,-0.3048196367871983,7.372057003188447,7.293823399798346,-0.2697230052180707,7.381857730627608,7.23767952621888,-0.24851519647764037,7.265483571261415,7.289649107758671,-0.12495373806552373,7.252575866521415,7.32271176857954,-0.14769646508352038,7.242416532669337,7.363908983565332,-0.16703903102509965,7.235503791658302,7.412974278385499,-0.15088967225520125,7.10864712744341,7.086415655967592,-0.06281637907836463,6.808920202244875,6.990829329217315,1.3410094783964612,7.38290874507495,6.64385848959623,-0.36649460234918046,7.230238797505034,7.317243375136734,-0.05710986517483204,7.216163141443916,7.342184238542548,-0.07162113323790466,7.31056521658158,6.721670411532407,-0.25472930610926253,7.2162850392759745,6.7376666671567715,-0.10618872511529977,7.30095513168209,6.697620394492276,-0.24823408289073673,7.107971019700481,6.320383457104406,0.13172282168418004,6.979904590373242,6.456256308641666,0.19025197494377735,7.1490782287288805,6.588503408383514,-0.09036091506436907,6.7329580090393515,5.064917288360135,0.7442869012989501,6.764764129998364,5.226933326978134,0.5326424990958399,6.793859441610726,5.445279629465317,0.3537597338521642,7.208604058439643,7.567029042024264,-0.08997609198017772,7.144584309234215,5.411765521440836,0.07795714623836902,7.106541555007099,5.009338255316428,0.21420877469191474,7.073354870229193,4.700805629168324,0.3442560659372387,6.881801640357619,6.106335824968098,0.4370183007443964,6.739834605925764,6.301561581384595,0.6171879474251337,7.2245131429399185,5.939280515798637,0.27026886565897623,6.748729604124399,5.909016898510993,0.5510940747153578,7.230969475789059,6.086426790676323,0.0420749613210121,7.159524589452957,6.4804069622640785,-0.2751905792168758,6.679741809554265,6.4652306821728045,0.7430746114131918,6.773968833735426,6.372288546186539,0.49515271454002324,6.858804055181481,6.38165341800526,0.3583109922798237,7.005469117105866,6.308303523689082,0.26016215340009746,7.117427314893246,6.212869569228878,0.20503733595189993,7.197134322892936,6.121466747726513,0.15578219588892692,7.300811263891928,5.857074247887587,-0.06722658240203065,6.693645958200511,6.751726022926394,0.6587832350187407,6.7045763667111915,5.924043995499661,0.6278129026473422,7.319955601900033,6.585725271745903,-0.45180009606375415,7.182150811466313,6.321562039050413,0.018613066992503247,6.722425894607839,6.332109745065096,1.4142858442238249,7.253062749141322,6.024292205617846,0.13480086375289874,7.159974619239917,6.616856702378637,0.0022700934681804527,6.809268886741228,5.997846045727776,0.5520909172700361,7.167968849156306,6.402950103199188,-0.22556919197934788,6.864234887083014,7.32769327940244,1.2133926359134781,7.233719264093633,5.892867916242393,0.3104172587638099,7.205024372685415,6.284293903023528,-0.32454974437381284,6.949870240229033,7.847126164011437,0.4037714643473283,7.027383795959998,8.06481301340135,0.5372508306908713,6.717811494697767,6.8838710686693085,1.0138030079801221,6.881169472530898,7.705205904329093,0.5950424068338338,6.665682453784643,5.958404301265291,1.0206255658566827,7.218141855089888,8.191059479747624,-0.10137054941439025,7.355213132406281,6.648292877591518,-0.34842032532467493,7.127578144245414,6.460629039012599,0.057020030857737755,6.694660119814904,6.175300940871802,0.8206256843911593,6.937538006649681,6.024964061110819,0.3889308462369191,7.007166473546447,6.007960022246995,0.3414578639951505,7.195626191575376,7.397672556920537,-0.051383258282902834,6.7383286007331815,7.04677547317385,0.6184064828030142,7.39346566429787,8.390684188743114,-0.16819634064776115,7.182709273627139,8.278516921999588,0.15201960801877404,7.106198540177353,8.195137387454974,0.3260132270668399,7.335810115859213,4.941487583255235,0.11211782326422573,7.574498827779472,8.389375913173463,-0.2631856138541526,7.081218697813613,5.973835007645571,0.31197455672148067,7.15471812958656,5.936762475116639,0.3050123168633081,7.2086451635225455,5.91338289615283,0.3141494053966509,6.67566319313859,5.92944328988069,0.7558879250630334,7.134743185420476,5.8098306878192,0.3132414614426053,7.049863315349888,5.779500806303082,0.3205030198328036,6.968838109863984,5.783088287848894,0.34996386991139583,6.8994924175892605,5.825062955868221,0.3940846174772874,6.864284496665828,5.880571826787662,0.43733558060305716,6.673233740997333,5.965158291611319,1.315889754726893,6.894072925020942,6.020517625073991,0.438413038729809,7.419960725062428,6.8262715081884,-0.30711210889733626,7.175914886906534,6.964581607658503,-0.1284936475649587,7.205360300431901,6.603433766685693,-0.20646367789922163,7.307837398235109,6.855516357257533,-0.2639675406089954,7.386372911372051,5.669399424329615,-0.03707915175395913,7.034983275338849,7.994057700266369,0.22878085878820545,7.123598746995366,8.092687929276478,0.0636910912560651,7.352132377313501,8.241377062179694,-0.26379982035423916,6.980750079406066,7.911446405547054,0.7872685552608698,7.201856446468548,5.858133412480676,0.3118870533903646,7.2483590519821846,6.072309320823976,-0.11207957516176119,7.536197395013394,8.240940497850927,-0.3550949181910643,7.270856997788548,8.343158208406846,-0.021558742555200735,6.771854756799203,7.198208016006706,0.9228441036554058,7.3164482043950505,7.2613702281377694,-0.18650337298949382,7.303311586865777,7.304026673566632,-0.2092586463595728,7.297534196592869,7.360086210855314,-0.23249424679754477,7.297072827472694,7.435059047237851,-0.2284052433754673,7.291354259990837,7.617497579329754,-0.1777409586156438,7.207106557746971,7.309304424469766,-0.06313004895399026,7.185905548177042,7.30617618591915,-0.04972289863164849,7.167318963621437,7.296928250974206,-0.037485568294955876,7.070105442554845,7.231549199199662,0.018209555878803588,6.795237170596317,7.0486209496545476,0.3687208545251152,7.26747220682395,5.96114275023665,-0.006093355145417663,7.25838514866899,5.76834644596141,0.21687648571349272,7.22578810921825,5.795735542279119,0.2822446410975255,7.230014136965718,7.311156988033724,-0.06070675925309809,6.845298200614403,7.436446698140005,0.447247796720741,7.301398074385791,5.738355327025083,0.06642990011837084,7.253919577507361,7.813940896650183,-0.1504417132253812,7.341629319923351,6.0377002584359465,-0.344230729614587,7.286839079246394,5.971290036047188,-0.1855235172875024,7.3557949819418615,5.9199473070216735,-0.2321880626536117,7.202446091795714,6.303342565407634,-0.12742665395958175,7.5122997502633355,8.051969801119009,-0.3766338266025109,7.503653508687099,7.830830124765209,-0.3359810546409733,7.369467382965531,7.8411375786574045,-0.2703666895550885,7.073284708104927,7.6184054346952585,0.056825130531325665,7.1058044983481405,6.764277247378455,0.029020235592477874,7.161052564603643,7.742734845019917,-0.04617449016908628,6.9150499827598795,6.818479968853224,0.13843094531323955,7.031726051872916,6.942052478685798,0.04951169247695642,6.877055420698926,7.098784033671566,0.20233407877834997,7.3450034802630615,8.059295719084055,-0.28538661087195577,7.177378369599561,6.412399311308693,-0.05946794817295567,7.022032339390967,7.782147532441039,0.14484711433272235,7.123645521744877,7.905773195398057,0.007485769065831831,6.993417532023579,7.459974397143932,0.13426045150724875,6.788662483456747,7.302422866625072,0.5900523472167533,6.9193142807569465,7.538503531905941,0.25561268889038796,6.825559256320849,7.48123281208826,0.8043100670774269,6.9848364916133265,7.168270050194823,0.09089655460238669,7.218620233209885,6.194115020800028,-0.04103747877326922,7.1860621727170715,6.531022202193034,-0.3077095943103581,7.168135395612898,6.60309713023088,-0.2088225914149147,7.193025940727572,6.405646029670991,-0.3807381779892716,7.171233159705499,5.66425561930008,0.2312294903485331,7.009001319402257,5.614355111717816,0.2626604609846451,6.878864044346677,5.626508396444873,0.30949669094270876,6.787934640006027,5.685061878332471,0.38225587686923157,6.743346964389029,5.780740337165118,0.4637336812097759,6.773620857947399,6.05230673703318,0.603770548515985,6.6831436095186865,6.578455341738605,1.0611374598913084,6.835495347050263,6.217830527510325,0.4748708996688143,6.908767283450589,6.226098318840521,0.3798916701882293,7.0121451495360425,6.189045630144715,0.30067761312348784,7.115207640416461,6.123643899703742,0.25374701422240076,7.194710540418286,6.052079241660559,0.22048646874865313,7.246065671839504,5.9891423987771395,0.20257169539175018,6.770879574142736,6.665628591951873,1.4158465085460439,7.1911556594554655,6.655109234270227,-0.16978532008231415,7.232492489981464,6.175955078656627,-0.2039956233013367,7.22272507183362,6.501895707414331,-0.4078840987626482,7.295500203697475,6.584638821882266,-0.40367441560094747,7.244871498310327,6.54443805080272,-0.3653918521940473,7.228827759228126,6.702996655852713,-0.15985353697069435,7.300547624394685,6.586960550357984,-0.4343040364446595,7.33318718634498,6.64027242546707,-0.33823313037653374,7.25548865774095,5.886026400418114,0.27461185242735564,7.2814663614275865,5.89863680201539,0.1885062491599523,7.290237335669186,5.904743032951526,0.10084774414121236,6.848867255743741,5.9285698068689925,0.4761393103951315,6.782649802019633,5.897144616635163,0.49791636695122277,7.424358968933094,6.04795952016198,-0.345611382022022,8.141966545302747,5.713857760677133,0.021211215246660992,7.461554816710736,6.594046924908868,-0.37728220613218794,8.652551915170946,5.137973423075219,0.4499327825077633,7.873450426069449,5.866870014368468,-0.008941856692000944,7.96802826087194,5.867634356297973,-0.03553422020289728,8.06788313786924,5.8486016398512,-0.03693079086374649,8.205160649308475,5.765153006244811,0.011022326042678157,7.789121931076428,5.849727777381089,0.0329970222489647,7.968050230830044,5.405596215463693,-0.040761829991972504,7.85135644400886,5.447872084521537,0.002163703129388388,8.084600149861066,5.419465991756131,-0.04360407428076804,8.170994529624148,5.476228213349964,-0.026380039617975394,8.309812772963936,5.8413841542600204,0.026152106839434832,7.915665346211263,7.914817022345136,-0.3477951338455366,8.176926418312107,5.6689575446884035,0.044951555816479624,8.731027188100184,5.7926044688952,0.36184678241211427,8.44605840508063,5.741796460301593,0.10493792136145465,7.934013804769359,6.417172461883771,-0.20789001984654332,7.546141990242718,7.000804398904654,-0.39265719032034163,7.557641491539113,7.165004322228978,-0.3659869014221988,7.689588807659097,7.057393341312799,-0.3848728266569654,7.7944081864794725,7.125546277474998,-0.3527073241353066,7.671382090766184,7.17301910468682,-0.3629566860919122,7.7671966215974075,7.190458290462759,-0.3255319698192691,7.964393295868291,7.3789662006578505,-0.28838624100855187,7.402404602412712,6.464625445262468,-0.5212997995165549,7.4036873644826295,6.320781751183574,-0.5340740899142005,8.300849738766011,5.371591326923512,-0.01495310479420997,7.722072453777688,6.08388536261957,-0.10952200184345837,7.70573460074023,6.453822604250453,-0.3605795454839618,7.718050534028086,6.390406674538711,-0.32524525300716367,8.274954953953507,6.380276397727995,-0.1830982398812274,7.410304574121754,6.165931108094799,-0.459008811389401,7.996811032112572,5.248832059894932,-0.07979957195119573,8.16231001779831,5.27221730852535,-0.05952475557470528,8.466076580454596,4.8564383318947515,0.3437640673291032,7.567109834773419,5.478123299413477,-0.04521176527616048,7.7610237720786355,5.538188101806101,0.053355466207913836,8.039888450287032,7.230456370961092,-0.27517281721445735,8.827156385428117,7.335564902778445,0.36316506848686814,7.642442694985523,6.552408184636028,-0.31139066964946244,7.557814416370638,6.613043142876856,-0.3043814778646976,7.923984164540924,7.252979121558863,-0.25814968752010387,7.905156619154505,7.245626981385759,-0.2637258932169915,8.2275508714493,5.172853566397913,-0.007000656832542916,7.732924904372517,6.538849176944507,-0.3186148879697388,7.801975065275332,5.318395325625714,-0.07442156650386274,7.803892830005275,5.180200036904411,-0.07493679192002356,7.918211026517971,4.546006367433179,0.1639656730754726,8.331343331905417,5.001084638152752,0.14644973640254932,7.837664907860391,4.833039263451979,0.04448557732379463,8.380490128183064,5.310321011668496,0.06318112578451074,8.509972556745494,5.224778853667335,0.2505560106906708,7.551777638850442,7.089517672310149,-0.3914781654316312,7.6778816548232065,7.118087831053004,-0.3807840225591046,7.779464362719102,7.158775484752458,-0.34801718102290174,7.624897911669022,6.591236187688265,-0.2880817843411632,7.916616432784648,7.248724036770033,-0.25956524381259044,7.856539936704647,7.262708269457108,-0.3038521391866401,7.8948087688877315,7.243948760069977,-0.26279236932180716,7.559808721599779,6.474947073321182,-0.4247557420523361,7.76036609075218,7.212055467986878,-0.3088306379991541,7.668559305504041,7.203422691868833,-0.32725796250564426,7.563941908556552,7.214329713004759,-0.3327259130057475,7.622856122982043,7.605501982205214,-0.3226013280087744,7.585743902786861,7.401409575923119,-0.38726626755641197,7.574253614698703,7.323324092573136,-0.3830795731210333,7.5684174016347425,7.257144909098628,-0.34879259652000016,7.561264408501222,7.212195083527084,-0.3223696025333334,7.759424926095358,7.2172843180155235,-0.30137030907067014,7.770418409647045,7.23875321933265,-0.3252031291560417,7.783472108302185,7.27534808244991,-0.35131322841681434,7.797623596154176,7.316385129354043,-0.34974895411156026,7.875406461048991,6.951490347462089,-0.3168183566577993,8.916586871659444,6.547862529433571,0.6025355799637973,7.833000189659178,7.232468393898382,-0.27958222324125676,7.840796689952636,7.247823977196114,-0.29560966203196154,7.53327042962734,6.680236487965758,-0.32101448577276676,7.7122455041304665,6.6498371530337,-0.2496002289246255,7.5441533546801836,6.651009356604773,-0.31278740087704177,7.8375281271534885,6.157817106471329,-0.12609604300409738,8.00376487820651,6.23135764332718,-0.15984388081975368,7.7539416497777065,6.46974019325064,-0.285734941014146,8.226015809215355,4.650412923653707,0.23438627655640215,8.112968326731034,4.863904928462493,0.08120841766172125,8.030565392259541,5.1192390728336585,-0.047978579190907686,7.869991929438954,7.4625760654083875,-0.32224788187835646,7.574926178900002,5.284508437021798,-0.057086621756455354,7.591777136765427,4.8711302098452585,0.053050179022955744,7.632615036629976,4.534675184364191,0.16386366337081035,8.155093949623783,5.816636059518856,-0.017525873815641614,8.439260474818395,5.932198393497708,0.03570334956912968,7.73166482096903,5.827803885318721,0.06411849220764967,8.293412553593795,5.5598239039339825,0.021111925487038642,7.635486014058283,5.994742611968568,-0.1115129739287549,7.6126436360055205,6.3838334048157925,-0.4238558596554978,8.593412331497811,6.039009242713923,0.07908729793650988,8.349842745336934,6.024146920411033,-0.05082403758269695,8.194585303669081,6.079274506251128,-0.10422056457924384,7.990971984215308,6.081574264768742,-0.09268690132682579,7.847002140054401,6.045635665561285,-0.06212983449797999,7.7349418882680885,5.993464102148606,-0.043735600579848155,7.468415113305651,5.816070510274772,-0.1329331736956097,8.594199706447908,6.3551746575321975,0.001040447755002515,8.38488837205373,5.543853161809351,0.04773502714527788,7.393137532342968,6.566788585277292,-0.4842882159036534,7.710673589063574,6.2104911440870865,-0.16889429653954988,8.864767536284747,5.830120652836157,0.6561272619788108,7.647678632097429,5.926898318282308,-0.02056677375445905,7.7807152329143525,6.496940418799491,-0.19349865637336247,8.24395605177772,5.673159121998627,0.049424000895191285,7.627436504892471,6.308331872022118,-0.37687168683439815,8.898880502844632,6.932062526123615,0.5055458778453852,7.728203489505231,5.7860071030892,0.09462601589508655,7.513238080086855,6.220895691019933,-0.43429384876247434,8.46719988315118,7.624276374467189,-0.09034512415698213,8.538645478195608,7.867356951883179,0.03457081705395644,8.791155419887978,6.448566114597097,0.29336600220777137,8.623800327096653,7.421284592215249,0.014781546164086957,8.629431723454422,5.485838298249454,0.3354093041990365,7.967938254914548,8.105370264768835,-0.33839560176025113,7.414152151623179,6.631710520181617,-0.3682657973384683,7.809812670651693,6.3189596620776305,-0.1745384607207528,8.561144841418624,5.7671221523283815,0.1685882674255631,8.04212159022201,5.767154398557211,-0.012517177384302849,7.961890138061138,5.784345536419078,-0.013456159164114342,7.87220097329085,7.2858979145895715,-0.30124340598605986,8.613215059540696,6.676149367050171,-0.017145057978722816,7.792256548001976,8.352861134097033,-0.2969184026914507,8.168073942613027,8.178107835091417,-0.17237468561317507,8.339616084193894,8.056155432491899,-0.08351653118608364,7.881010926490375,5.787725366425396,0.010073753169135594,7.810888489890441,5.786414964730768,0.0464554542628274,7.759125851181819,5.789038957307491,0.08220442969883016,8.486820473154305,5.518015073662921,0.12668562188985813,7.804906991619667,5.64235050800835,0.04873179218498307,7.878856453179575,5.568174259784148,0.0136613136141171,7.95952517837754,5.542313138617125,-0.008539504150310651,8.045195966939856,5.5563583202202285,-0.013489321730662031,8.106310012009006,5.595094545544259,-0.0004288549629168116,8.777030862952373,5.443402969818278,0.577169181502538,8.099679336911688,5.742962994206059,0.002768343624295421,7.758439821522328,6.861831657149815,-0.3208195466888681,7.631043121563083,6.512743197050878,-0.33608647500445404,7.545946386744764,6.811370206927584,-0.34294110193276256,8.30491914197345,7.819941530045757,-0.17270484403094594,8.146291792215843,7.972067189621365,-0.2535117894996005,7.757425659907934,8.198544857086002,-0.3919382500179651,8.698720010354746,7.650062726905827,0.19468346166435618,7.75257880366696,5.729799091406238,0.0753781289564233,7.532232880638191,6.009859360560464,-0.21613683783971818,7.984302330160066,8.274638870040146,-0.26173495435239774,8.789333330782036,6.806122930482465,0.2299705364489399,7.666355931318752,7.205029333643696,-0.3184086981411661,7.675985860051368,7.243360532159463,-0.346036651311845,7.6873414935576,7.295717777153533,-0.3769857002863307,7.698130869111423,7.35909827144898,-0.38081099776976,7.757100362786336,7.542914532526473,-0.3440021047380719,7.847850463920528,7.220842742519973,-0.29504601744150244,7.859014037470437,7.2057841080108025,-0.30380711406080896,7.874195278519992,7.192782853771781,-0.30896066382982545,7.975973589913841,7.078524897466787,-0.29927233310172713,8.41815797570577,6.729396040993272,-0.16486666282907012,7.548995958671202,5.8937516755248165,-0.11261398553377604,7.630315278112362,5.675696297805424,0.07944746572245648,7.6980110974043425,5.682432216089141,0.08400333629101826,7.833382892155176,7.228003531445079,-0.2832980695826016,8.499065535609569,7.143496441953927,-0.09871085565574925,7.516811387466149,5.680355700694192,-0.015733059069825334,7.844484099372403,7.731881685716761,-0.3374475493443854,7.445786765167318,5.9351671726749915,-0.24085067096275037,7.615924246846209,6.21473701566768,-0.26719504261951027,7.6708200850637285,7.804596577372914,-0.36134960137434546,8.091923941701134,7.458644860324504,-0.27269317966487067,7.874076924229563,6.616536366215321,-0.2145521438758235,7.98051570157467,7.620541481589585,-0.30643637765570575,8.116833621940607,6.57670837571521,-0.24421725698222727,7.983957897913668,6.7590965895159725,-0.255292994993992,8.250347183460876,6.833651996694543,-0.23730715148028025,7.719562917595602,8.013407563688991,-0.4058027109979588,7.704039370424627,6.304971177140601,-0.23329812136335593,8.218760053374575,7.601107990584503,-0.23421545570272,8.072736372485148,7.775319836429115,-0.28445784861083623,8.163089596956823,7.258259707295301,-0.26249185484448145,8.616138481385121,6.958152205725747,-0.019744526755815967,8.337397118425434,7.3010210415564005,-0.20345988410121074,8.747309053179896,7.13406636896922,0.14552420762316678,8.092823292566727,6.963406569254126,-0.2707745069023857,7.619644256848969,6.106658995964718,-0.18964979433809628,7.581091941335515,6.4419361482081055,-0.443106548206762,7.6737406720748496,6.500418759263111,-0.3644203016677503,7.504829964508128,6.33904162120093,-0.48760669834550835,7.684448546171191,5.533824230289243,0.04188911917289069,7.830826581223579,5.3984464115176385,-0.013755804366384045,7.974513650762444,5.345876199671629,-0.05461533921361722,8.109082478980008,5.36030656424987,-0.06067239797285851,8.219300089118926,5.430417307162426,-0.03279742672989338,8.329193819552899,5.707196965475964,0.06631000106526287,8.774294540105991,6.115598642787886,0.3251792988385826,8.243292700784659,5.903292307008366,-0.014822788282389338,8.12591855397059,5.947456883754788,-0.04671936506247605,7.98642136805457,5.96564800906453,-0.05018053595954442,7.859300355634109,5.952398706911436,-0.022490723071901864,7.761663735696942,5.920489468891003,0.012536030133129109,7.6869524126866695,5.887298886217305,0.03297880623027501,8.900340441996029,6.1894091975159125,0.6613540744710193,7.687856724510545,6.557340794584439,-0.32274785345515855,7.516092048515339,6.11276239206755,-0.3115759747295556,7.480291647431437,6.444262837642104,-0.4942875588511551,7.446846992822896,6.547998601432147,-0.4531432312241857,7.49590590926813,6.486654226157072,-0.4538522496099993,7.672104973258624,6.621145805167112,-0.2869828877875522,7.423667269606995,6.555780218850761,-0.4752239692979341,7.441552941628266,6.618667452151366,-0.37269801491450827,7.687969409134366,5.789808614549441,0.09536608456442962,7.628544216005886,5.815911405255602,0.056209955094074796,7.579846740806872,5.831143673304624,-0.00897316166758499,8.144215276820894,5.6316196008914154,0.01803800416966032,8.233508273636993,5.565331985043041,0.009163871340761284,6.969241364901434,5.880436109143249,0.354886380766162,7.058380572010807,5.858496979851873,0.35512962275189924,6.9609104985302315,5.75707975535008,0.355208710171645,6.8860404248549525,5.902692739764636,0.35514454992101396,6.980070428121508,6.011770746915473,0.3551068997911994,7.945453774566377,5.649324906643739,0.04547652043533806,8.045212267231351,5.632738296983882,0.04506795285383646,7.940779134448602,5.5195147004805705,0.0450621364624585,7.850471267309785,5.663576322369686,0.04494546812269564,7.949397027691802,5.783126203744331,0.04496142513359645
7.4667773183894175,7.069807343485343,-0.3724467230003807,7.370456231481119,6.494426741316818,-0.512193223515238,7.448383407157594,6.713355887287799,-0.31184568809739394,7.3190243950957345,6.098054132948013,-0.28263539790795256,7.357161270318198,6.344260172760394,-0.5222390707574224,7.368588038757129,6.182580786537935,-0.45746755961280205,7.417319636172969,5.81222455750605,-0.13069577524872486,6.906085532632774,6.012773659682632,0.4769727770560343,7.416663955285448,5.542670375547617,-0.014888352502198998,7.401574761064809,5.358871359904913,0.0021592047319186265,7.378155859430353,4.61396169078024,0.23877689356332357,7.471254722801386,7.1357196291459015,-0.3710961812699182,7.482981596809226,7.200868139022081,-0.34772806023565217,7.495608787523792,7.2513313882395645,-0.3114507105887877,7.497694592342772,7.249573423864344,-0.301663655508181,7.496086680752007,7.30605087402084,-0.3256332544173374,7.49932241615138,7.377493778187097,-0.35673222735850385,7.50661597708676,7.461051844609119,-0.3597998867494608,7.529763219177795,7.6466557605691,-0.2956566549693713,7.396881878009761,6.597301081347145,-0.47462664665691434,7.359507356270403,6.644010877501355,-0.3302797793402209,6.6741935328464566,5.6543679615339935,1.1494959784595968,7.14559395574377,6.05590139007714,0.28446425511232104,7.058924605283889,6.094673322818646,0.31761643106044296,6.979976928442997,6.115532082159091,0.37039729798118537,6.885465719906436,6.0778595883027355,0.49300384584876333,7.218710908510055,6.004769659260665,0.2646565097433218,6.958009485259118,5.680077479370951,0.3262839794738557,7.06941336603232,5.669085223971364,0.29108884553264575,6.872840662643782,5.7345587296887555,0.3805900422768715,6.830901264964076,5.812882727420801,0.4326088446194551,6.83695315688686,6.186024889074016,0.5458663839754995,7.248711509292028,8.020166298252397,-0.13796560153158674,6.880515400320713,5.98259882699454,0.5227406097443252,6.701857292634508,6.274866093579982,1.0794376845840166,6.761688529196157,6.128908825645293,0.692068376623224,7.071280847605673,6.614693692481755,0.08728863488002395,7.363987605284921,7.054113671223062,-0.31801345312713125,7.397136469937888,7.217053927525321,-0.29966725565837377,7.277707965374239,7.1393201848221715,-0.22844778613294953,7.229733032236405,7.2312783625710955,-0.1376793300649176,7.330243507548595,7.2459124203839105,-0.22811912342126453,7.280871874559253,7.286007093310654,-0.14515064532441696,7.176323485928899,7.524027789288576,-0.011238514920148955,7.306426361557294,6.513752259883407,-0.4817231744188675,7.282046695411948,6.370352289640178,-0.48607003824199024,6.730035214333273,5.757094382231777,0.5319778787119849,7.225266295083995,6.215615867088947,0.08250393005480908,7.1823014181854115,6.582630754851831,-0.17875051282212942,7.182051093161109,6.519325547427338,-0.13703070512512489,6.846810415869435,6.699999056019439,0.306751849423696,7.297530578236247,6.2192349126817845,-0.39657181944105785,6.873702577216098,5.566535168631613,0.298325514417047,6.775964878238447,5.634734159166168,0.41393078426114516,6.691290305315983,5.3400863158226155,0.969739231932709,7.244898319575228,5.594229507897064,0.07917505058955207,7.178751354204384,5.710385297228204,0.28890674647269315,7.105275270366301,7.407347881937802,0.0631525489396559,6.954656410004602,7.683661195127739,1.0209924806143198,7.258250172789126,6.652814211239563,-0.1779448680439832,7.3292912768453515,6.683011089597409,-0.23881098434699555,7.201922064266449,7.38277976087359,0.03292524389067841,7.22008058463735,7.366802339507057,-0.008017981060129084,6.734977711261987,5.556481632073163,0.49907329430290426,7.203923953310237,6.66284783558017,-0.140544289300808,7.023416142816609,5.5517972828257625,0.1855263560936089,6.991550905063833,5.426647926960957,0.19352475620430776,6.9230521645356875,4.851705749160281,0.5264205920573903,6.714543508851964,5.434710597310494,0.7079074347439022,6.962762104967692,5.099012650159087,0.3558582454488118,6.696217156930677,5.716058857011985,0.6547111891806482,6.684572776396755,5.690023632183179,0.8897967442441684,7.375371704685618,7.142133496743034,-0.3184679006077754,7.303479353316634,7.197854993772159,-0.23474055811063654,7.2542343051407165,7.2578362831182615,-0.1517873475290319,7.287219605147123,6.680805811471375,-0.17813908995004657,7.211501263349868,7.374524724276683,0.008949662010096473,7.2413226541712605,7.379984938869296,-0.07748002860159071,7.230154744564279,7.360768937500841,-0.01492057929338043,7.257909531633896,6.571001308481291,-0.3011675834918017,7.30400844939073,7.301351590610057,-0.1378813301810756,7.353661698032414,7.274605215144026,-0.2007926490463747,7.418678645040707,7.2604170487807504,-0.2639668936363303,7.427292101558775,7.663552699709565,-0.2578468201462019,7.4149963070411555,7.469464756647491,-0.315353594179708,7.407561227128968,7.385359815385442,-0.3102369764621614,7.4104364091552695,7.31893336781417,-0.27498626165396084,7.420615819376508,7.260220060054239,-0.253957670651963,7.304477808811298,7.308428250601083,-0.13114364458597472,7.290756157266042,7.342429784868083,-0.15383033885730604,7.279667896530431,7.3848300081607094,-0.17353613411542185,7.271877241299631,7.4349533273736,-0.15754368969167715,7.14639613366256,7.1009024050980045,-0.06738743431673752,6.832317165882791,7.000376284471795,1.338283004671797,7.425251810380577,6.660299782846993,-0.367620476977396,7.269363323797041,7.334221684213232,-0.0634008016265553,7.25454365566791,7.35949028865511,-0.0780058856067681,7.3501422135287875,6.736789723085636,-0.2562696880439536,7.252997614182583,6.75114216524611,-0.10805597247253557,7.340284954546212,6.712661804265867,-0.2496296523207267,7.147601533992656,6.332718197918233,0.13055801203621994,7.018973584785865,6.467292788753499,0.18825064084407328,7.186636592469935,6.6023879418552145,-0.09235434421250105,6.770176112051436,5.0706452068155015,0.7465235366020254,6.803639305286057,5.235185907626835,0.5337200644324416,6.8353687132671235,5.454174434676023,0.3539637401512445,7.24229408594171,7.581953853293098,-0.09656353371694856,7.188976989217043,5.420508207934475,0.07980366330594411,7.150743397507917,5.019184213253991,0.21753604631957155,7.117724673421561,4.709361837613332,0.34882194325644866,6.920607939795545,6.115015786796466,0.4354526915708029,6.773980056809952,6.309991245853798,0.614856751828542,7.267143111507624,5.953370891379912,0.2708774332831917,6.787215281319346,5.917930699373806,0.5497260207182936,7.2728543622751785,6.1003035024135555,0.042180205508371135,7.200125697756818,6.496085855753464,-0.276893612109913,6.711184033241714,6.47338948316643,0.7404491989872536,6.809857606457952,6.380768513023613,0.49251444086960805,6.896664208990818,6.39085831826456,0.3559153375109065,7.0453921198081355,6.3190648168341506,0.2584835444245498,7.158413868281025,6.225001633199041,0.20414007954270744,7.239060483994248,6.134694036079118,0.15565110672317609,7.344782271176023,5.872825614632494,-0.06612314182449601,6.726367099346467,6.760289695892735,0.654798349580623,6.741116363562512,5.932809748581145,0.6264383288718137,7.362691888823897,6.603075624521411,-0.45309651666801365,7.222080340229227,6.335527954085909,0.01778518434291834,6.745271616735818,6.339048860890809,1.413426025603536,7.295818838652447,6.038215784879992,0.13497425749338698,7.197137442779199,6.630299893215658,0.0004901378757928021,6.847574902804452,6.005718334210723,0.5506887408934368,7.208234237322457,6.418381981377078,-0.22698826056733235,6.888680120786693,7.339004883399207,1.2097120364098133,7.27652887761772,5.907077473923797,0.31116927272410594,7.24763198262472,6.300820247236144,-0.32552780411191146,6.979429342452334,7.859587062065725,0.39730417125665507,7.054454312378293,8.079007613127029,0.5307534995492575,6.745402468453067,6.89291431168073,1.0102044143414468,6.910762059223165,7.716726855156151,0.5891786579603675,6.694525329564718,5.9655923706559415,1.0197365885889806,7.246154922751204,8.206237440181035,-0.1084728845336087,7.397161360210191,6.664548196753775,-0.34956958481074624,7.166507473683282,6.473592161098038,0.05561231318285359,6.726382033509848,6.183609110359362,0.8190403671243222,6.977875478309997,6.034573982466764,0.3877499068924525,7.048382508237666,6.018633540933366,0.34058019628707437,7.232765378553532,7.415367527673787,-0.05806266048551316,6.771067183799879,7.05608498078945,0.6136945538996572,7.419996407171484,8.404572374848618,-0.17520706031968286,7.209445326857652,8.295120602574597,0.14479518112309153,7.133044280448662,8.211128734263868,0.31899130747677296,7.382362315449539,4.952967199545381,0.11681048127480645,7.60089677281686,8.401607587842028,-0.26921334079208525,7.1231244402100105,5.98585091885857,0.3115916073087879,7.197182956419981,5.950010349043706,0.3052779008342176,7.2512695181341265,5.927299042293289,0.3146908017858143,6.709490783574481,5.937809848711474,0.7546682559563334,7.1776504930179605,5.821894072720397,0.31355824994911874,7.092564163876542,5.790221912365627,0.3204486329201062,7.010935449133312,5.79270987286996,0.3494801353946578,6.940355170690008,5.833805845893916,0.39323518954502795,6.904135557585503,5.888938510195419,0.4362963829080407,6.698286605285001,5.9712346398116845,1.3158564248577596,6.93364048637333,6.029480721602958,0.4371170507433983,7.460921704042507,6.842724144307941,-0.30856626138074583,7.213939087734276,6.979098657406024,-0.13182796039837313,7.244588969048035,6.618543150881054,-0.20805925292791164,7.3477221679103115,6.871375692331098,-0.26613539194034597,7.431024931253569,5.685230832463601,-0.0346674184994064,7.063972352506912,8.0083313293477,0.22164991941517348,7.1518215018739495,8.10845209411069,0.05650500724368764,7.380514746094029,8.255193050047602,-0.2705971954852102,7.0075752623724235,7.924697169807494,0.7814404995267934,7.2447020419993535,5.871668928121047,0.31249034615003835,7.291450240287974,6.08765568833051,-0.11183232680867332,7.564032857235029,8.25313071319965,-0.3610435336497654,7.297493598403111,8.358943527662989,-0.028834458189396683,6.800082840949295,7.208281173264514,0.918362243040221,7.355254675459798,7.2822593294524784,-0.19240213825307592,7.341378704226265,7.326804383066976,-0.21510524454770696,7.334691043633801,7.385078199733101,-0.23865819807727923,7.333233184827489,7.462176173766571,-0.2347555367209331,7.324695110276966,7.633697173657587,-0.18367429759970097,7.246488452400063,7.326110300045045,-0.069091201235191,7.225492440986633,7.322351868927311,-0.05576553280998945,7.207147599148778,7.312685198315512,-0.043462621230133176,7.106954297020789,7.245663517660882,0.012677944924400174,6.830380702697627,7.058293814668671,0.36412777173995264,7.310504810461779,5.975820850271148,-0.005377211368140781,7.302212794031736,5.78098299886212,0.21829397733465147,7.268940189167892,5.808531907822259,0.2833420149598652,7.269083130445974,7.328808405562675,-0.06643479247953114,6.878184248531889,7.44691843684491,0.4416089004026853,7.346210261655571,5.7525284395654745,0.06809961278886785,7.285943089753304,7.829073721674313,-0.15644741764920875,7.386509745965835,6.0555699938801935,-0.34384966689480134,7.33089349923102,5.987837873738976,-0.1846867872077213,7.400493812096227,5.937301376005858,-0.23088025466412013,7.243453261480386,6.318432603917658,-0.1283634122814724,7.541900427103314,8.064874916513457,-0.38207092458506287,7.535017200085614,7.845529036269062,-0.34061264253489776,7.401246920621048,7.856385461896939,-0.2757478817629713,7.106853313630303,7.631789156497912,0.050164093701379114,7.142810512149672,6.776920664694877,0.026590861266917214,7.193573155785427,7.757342090349343,-0.05276932183461618,6.953269666262013,6.829479674840264,0.1352674182318543,7.069084814437923,6.95442101914368,0.045965138099070414,6.913455897836974,7.109285448809612,0.1979014661307366,7.375371704685618,8.073273605539084,-0.2916555881435992,7.216563944736273,6.426734445611285,-0.060689867618131964,7.05361444347573,7.795391494043428,0.13795153408304414,7.154038869560817,7.9205134706087,0.0007003682236968315,7.0281737405796445,7.472521993236921,0.1279975919489924,6.820883997088125,7.312304732724596,0.5847086761831751,6.952716391066252,7.550017500476599,0.24946470981980534,6.854455285219604,7.492186730657465,0.7989038701498082,7.02121726504631,7.180361399247062,0.08617500631731577,7.260130455073949,6.208700638292571,-0.041353912360355786,7.226957411299316,6.547140782301119,-0.30942990938274073,7.206935676258884,6.617906671060738,-0.2107614697851646,7.23544143840141,6.422489587457689,-0.3821227496877506,7.214828737181445,5.675281835048824,0.2323498030090307,7.051996575776044,5.624375183409031,0.2630975119823228,6.9210424528348895,5.635890845677614,0.3092269425461852,6.8291852584764525,5.694282713349519,0.38142866666581904,6.783498808089209,5.789813356324542,0.46260988987057583,6.810715965277082,6.060434264238812,0.6021789360779881,6.709814357114419,6.586671512772543,1.0582341060783467,6.873228239741069,6.226233346102715,0.4728911724205965,6.94779665095793,6.235272781852482,0.37812897215601005,7.0524090431456345,6.1995609303029555,0.2993611719794207,7.156563454322965,6.135565906760355,0.25310013410075677,7.236813959131254,6.0653291140748316,0.2206452413524339,7.288766357783087,6.002986804613142,0.20317424808352627,6.793646216531772,6.6737803543262295,1.4141100636227169,7.229070950993148,6.6693121948725445,-0.17169686522125524,7.2755346890268795,6.19211518313121,-0.204338157218632,7.265088597316682,6.519054599034556,-0.40934528495231853,7.33728461000776,6.601657590150785,-0.4049897984277194,7.286509165660535,6.561256411299397,-0.36683169980342645,7.26630110915315,6.716903106666277,-0.161603059757973,7.342848652593409,6.6041757745571985,-0.43562479002501137,7.374686155471333,6.656552730139454,-0.33945373367771003,7.298514810718166,5.900117442637276,0.27567047746080087,7.32487360908691,5.912582491006556,0.1893660139481884,7.333955002724273,5.918923110088054,0.10191440889908851,6.888103377619903,5.936828460832103,0.4750025786625174,6.822005481643029,5.905383157530609,0.49664338146933623,7.469335327231516,6.065900168036523,-0.3444388107508274,8.186851473810282,5.730835500527564,0.028310006817900683,7.505445423137887,6.610813654605056,-0.3777501066540284,8.694186338406574,5.1532880223674145,0.46279936706848146,7.916715215055281,5.884652049729545,-0.0041689386561737955,8.011257003069243,5.885233059800158,-0.03017974685011307,8.11111464209646,5.866003546569595,-0.030931013605901184,8.248732246508412,5.781613433902019,0.018203725661213085,7.832758193125776,5.867501940962228,0.03735316777471614,8.012932473970546,5.421766944562363,-0.03450378996040459,7.896468045262849,5.464210903619179,0.0076695568334223686,8.128953855831249,5.435219781166748,-0.03663078873563311,8.214980326115079,5.49186719632554,-0.019004791018166097,8.351937982735686,5.858448282199717,0.033596750657810266,7.946013910158313,7.927991219559121,-0.35131890426103257,8.221643807585878,5.685149761290957,0.052501945862612656,8.770673434042667,5.809296750332594,0.37263626686865853,8.487001845209363,5.758879725906531,0.11366341747051184,7.9755238170005995,6.433587804302222,-0.20484176298707435,7.586377210256638,7.0176871132831256,-0.3947967874505443,7.595988411118733,7.18361918031619,-0.368975996762319,7.726821638451559,7.074633211709552,-0.3867318947552649,7.828612184910755,7.142279993774302,-0.3547520061856935,7.707715154281236,7.191125375292099,-0.36558747509322914,7.8008289518156495,7.207607713611062,-0.32819490790645145,7.9959942880931205,7.393595650915144,-0.2911011795515101,7.446867945149667,6.48322469647925,-0.5218469600748225,7.4489544611192855,6.339322653886141,-0.5342584054648208,8.343852199990438,5.386096695325115,-0.005917201797749972,7.765549479853556,6.099694046317453,-0.10649357452255231,7.750970180639808,6.470379893669693,-0.3593652181459145,7.763176370177137,6.406702043311295,-0.32373390440605404,8.314311002520114,6.3978339948651,-0.17791469970054466,7.455666300833414,6.184227100263111,-0.4585727321499645,8.042458737277489,5.262057801180336,-0.07272202526045789,8.20668475393185,5.286155496098022,-0.05117018850952878,8.508605890417622,4.871745618541962,0.356298714374743,7.612813524044839,5.489680763691392,-0.04121761311810796,7.8059641705670515,5.554463742140037,0.05828216157438413,8.072221813746628,7.2459785573931725,-0.27683727564537036,8.85831137167045,7.352452030798494,0.3689294386190382,7.686931065757699,6.568461078405123,-0.3106928684675374,7.601179099619838,6.628847012463807,-0.304500524293901,7.954525672135258,7.266053628731396,-0.2606273969142941,7.935850856401731,7.259190313931538,-0.26661417410685767,8.27177423830514,5.186758682683726,0.002273851208194713,7.777250752438456,6.554378162336158,-0.31752971512961636,7.848037975717192,5.330946963408318,-0.0687911512249256,7.850330725371605,5.192352593596138,-0.06888572870381217,7.963784853431927,4.560482096134966,0.17380394900070928,8.374943705849914,5.01644237197217,0.15719475918683123,7.883958194403425,4.84754160660401,0.05241218531812042,8.423178208970334,5.324880137322152,0.07290351312542345,8.552323875841026,5.240023154261239,0.2618393087174125,7.591245747519079,7.10733334031043,-0.39412995038740145,7.714822393749662,7.135706117283795,-0.3831732525196764,7.813449031023844,7.175663538137554,-0.35048125770421124,7.668881351434292,6.60671244888018,-0.28757269454763135,7.947294692455955,7.262019982317056,-0.26229017822141315,7.889025142693653,7.278165235233974,-0.30719571853861144,7.925546994818978,7.257904553579435,-0.2657482593122066,7.6046111125950855,6.4925763273587584,-0.4242474465553677,7.7935282793738985,7.2297493887010615,-0.31124416577558867,7.7041551341912875,7.222181323619713,-0.32961818701302753,7.601415912782034,7.233698408189571,-0.3353007695205181,7.656719964387108,7.6222448037957165,-0.3256380769075961,7.623980011350545,7.431336415232674,-0.39085843522159247,7.612531908392498,7.350752380775527,-0.3867015375124384,7.6066542483758335,7.2815901367028495,-0.35224382233511586,7.599388422315306,7.234016292524411,-0.3260779458001772,7.793380360041355,7.234322087298418,-0.3046907348659013,7.804889621954204,7.256730443877377,-0.32837716248069776,7.8184633541669175,7.294388714720988,-0.35471773761436226,7.8329694048650325,7.336330957003241,-0.3531938529160762,7.913121770885383,6.9685195805266655,-0.317683056985768,8.950974299700862,6.565361883928097,0.6122316725919706,7.864785573223839,7.2474428165552185,-0.2828474985855049,7.872964516702564,7.263073196410786,-0.2988486546045556,7.575609678458415,6.695981766069756,-0.3214621559188963,7.755089165130614,6.664612200311125,-0.2489347914777857,7.587035735746708,6.6667961439180425,-0.31305208848307386,7.880403863518574,6.173747584472964,-0.12263976082468209,8.045307606730212,6.248105495101206,-0.15563219456091737,7.7982147620732105,6.485365259897297,-0.2842476208494564,8.2698726215012,4.665413794958784,0.24581946277067723,8.15779883682773,4.879287726625051,0.09075899998690261,8.076453871188754,5.132292722104622,-0.04012243002505281,7.902630165534403,7.477087580327905,-0.32526272271188583,7.621181633593065,5.295322227811853,-0.052552076426672666,7.6383139635944515,4.884273248167317,0.05935100987040454,7.679183079565133,4.547530620729825,0.1717513571388326,8.198573369763661,5.833740775610609,-0.010888012105691054,8.480502639535764,5.950039506219832,0.04354583974434938,7.775884632064347,5.845430669785314,0.06838745656514901,8.336083590429393,5.5756172734196126,0.029428374532902243,7.679266284189688,6.010691410616838,-0.1086939412644986,7.658103863527148,6.40159598173602,-0.4229606194773092,8.63326490791806,6.056983761346997,0.0875319317359202,8.391663568481711,6.041524768795,-0.0438595627367883,8.236953458504056,6.096026642481284,-0.09842652615190384,8.033836035801135,6.0978820344938045,-0.08798430687916056,7.890279612417718,6.061845187103066,-0.0582202025751159,7.778488865697865,6.009797494265846,-0.04028095828057826,7.512834278258655,5.83291797432334,-0.13063879430391723,8.632765680170728,6.373436549953823,0.008350966928764013,8.426873347681356,5.559779948728612,0.05676020476102869,7.43677813990872,6.584548728120427,-0.4850217577558058,7.754415705477162,6.2264402909381475,-0.16638422549759482,8.902743352333628,5.846256315675132,0.6683665703758975,7.691513720463977,5.943357890407785,-0.01728575102860534,7.824070776941436,6.511923180444464,-0.19181401667609088,8.287211896338018,5.689157806282357,0.057217463509035636,7.672863083852115,6.325483662485744,-0.3756187437473504,8.931670826804028,6.949536125416582,0.5135190749845143,7.77221651707754,5.803562031594012,0.09925379435411319,7.558644468856776,6.238738930058316,-0.4333538638057779,8.497565987925341,7.637982567397504,-0.08957592867564228,8.568041016074336,7.880836954256645,0.03568490282948037,8.828347750721612,6.4667181790386215,0.3020263423331657,8.655491209933889,7.43663946553446,0.01779248752661078,8.670648674615702,5.501616004835938,0.3466459112003699,7.996581698519468,8.11762949308408,-0.34210481435945506,7.457063000684924,6.648338229128869,-0.369086714027152,7.852745792935621,6.334823203804419,-0.17181831641601883,8.601258862339114,5.784635112959588,0.17807214178458905,8.086368022222306,5.785274437382454,-0.0064000328004091625,8.005697938538056,5.802656736832825,-0.007891029559655722,7.904851800125094,7.3015179998591675,-0.30452968147002724,8.649989748604316,6.693950719849841,-0.011161073115894116,7.819316734931587,8.365008931447882,-0.30181390830375215,8.196369513938901,8.190438517624445,-0.17476246894240147,8.36820270895966,8.068791934223292,-0.0844497437596793,7.924654500769261,5.806096216889763,0.015172125218875262,7.854628919822993,5.804758542541143,0.051275633259090445,7.803175748918492,5.806972354474825,0.08695783871642727,8.528070083358468,5.534013894415996,0.13659310302519997,7.849215641172436,5.659329659529912,0.05394252037492066,7.923386519183088,5.585168737628181,0.019312985925573466,8.004397955173207,5.5593219677182395,-0.00234314377478856,8.090325575518463,5.573087710603003,-0.0067811143977846945,8.151462484650057,5.611519713339915,0.006596359684579389,8.817400297812172,5.45885985064938,0.5899940366128608,8.144346711373984,5.760655469047681,0.009431827697999353,7.798164981528605,6.87825607474625,-0.32125736675883293,7.675879784855223,6.5294381094886775,-0.33536775102116173,7.5869482642183295,6.827997636912286,-0.3438620231371231,8.33444936626505,7.8332247079437956,-0.1739203110237252,8.17525829612224,7.984544762833798,-0.25614205872802914,7.786029907054998,8.211066153007792,-0.39675489628322846,8.728959471114964,7.665453605362868,0.19819941602427643,7.796804550359593,5.747008843894653,0.08027280049193845,7.576583243680775,6.026646786313616,-0.21406134208263294,8.012097583122443,8.28675533762892,-0.26545148726190965,8.82445348983217,6.823737133444672,0.23714258050515094,7.702862262332813,7.224609191895199,-0.3217633948841333,7.712843261526265,7.264908676205463,-0.349208431404323,7.724705965305815,7.319304588446801,-0.38038314188835387,7.735676175035647,7.384588928094691,-0.3842778472469461,7.7905300682873575,7.558040701965772,-0.3470256434171906,7.879241843377349,7.236408603268036,-0.2977498379762134,7.890524959387561,7.221146599442551,-0.30638494014180273,7.90580616428025,7.208101252153297,-0.31129799098944366,8.01097609856754,7.095440768204117,-0.30056201650074726,8.45501286724571,6.746750098910608,-0.16044838446942253,7.593022201810868,5.910157111758299,-0.10998496857600829,7.674753322245858,5.69141997645937,0.08327585073633066,7.742683853414862,5.699074090767822,0.08852037556301937,7.864609207865808,7.244068406781586,-0.2859165358308215,8.533053115873503,7.159935730644686,-0.09550091910073256,7.561081582090545,5.6963934084408026,-0.012581484007497831,7.876224431223603,7.745620905546601,-0.34062464320190095,7.490504859400428,5.952545956640731,-0.23905988707002426,7.660480528956754,6.2312498026977,-0.2654333084737456,7.7028167486920305,7.818955470407877,-0.3653250605080931,8.123835704695141,7.473674057269225,-0.27472560272196045,7.915733827175911,6.631808243717211,-0.21287058701097197,8.0118159674701,7.634559088229904,-0.30916927267419775,8.156188791785054,6.59376310692695,-0.24102977433513742,8.0235535087375,6.775383157017197,-0.2541567706069286,8.287322835837426,6.850761568809857,-0.23476053699885108,7.749894209725686,8.026643458256242,-0.4102800035711211,7.74827349742345,6.320981367801473,-0.2313874606326634,8.24966100924063,7.615360865627379,-0.2355358689810856,8.102761466711616,7.788615650771948,-0.28718371737252674,8.196170391760479,7.274307243027029,-0.26300408456735735,8.651131145377063,6.975272666977753,-0.014888462230519976,8.37001685423522,7.316543901673094,-0.20258210406074942,8.780707769533912,7.15091407366085,0.1509824139015229,8.129439571716475,6.980279167463817,-0.27026488812650945,7.663814403144064,6.1229408494977005,-0.18734947964596477,7.626222980460352,6.459893266373173,-0.44246454796001145,7.718675407902147,6.517084711769443,-0.36361098746126425,7.550316183744234,6.357490419215328,-0.48709302843363833,7.729516188216005,5.548442785269972,0.046431261228653084,7.876100691012726,5.413350476770805,-0.008196454174199917,8.019520573473796,5.360980277119603,-0.04816590486325014,8.153374057562917,5.375420901959093,-0.05327482215280301,8.262827252138212,5.445672628807999,-0.024750886777977738,8.371133360735662,5.723649678913724,0.07448336760120483,8.812937116412948,6.133293069323784,0.3350401328119752,8.28578959506357,5.920236605315008,-0.008048067454568401,8.168478897097575,5.964373814039057,-0.040754920734763465,8.029246269588485,5.982421039335233,-0.04509641759292094,7.902326504212309,5.969330889555834,-0.018159937116312395,7.805120745911302,5.937464229501782,0.01642326975812464,7.730699542876347,5.9041852242822035,0.03657506619410149,8.93628050523452,6.206464780689136,0.6725734708642315,7.732137489464816,6.57307217913689,-0.32194822737943957,7.56081916750541,6.130130582440045,-0.3100391432442684,7.525129361625638,6.462707289444673,-0.49426151575069566,7.491033244323886,6.565541805039315,-0.45359521105236766,7.540662313843905,6.504549259487078,-0.45376522050157925,7.715631683174824,6.636245112542858,-0.28645421015947836,7.467625009948989,6.573618342826279,-0.4758580484321842,7.484991308510023,6.635382486819904,-0.37332861646091187,7.732331633588778,5.807084360700188,0.09953013193531862,7.672470528700367,5.832654848587567,0.05966928311574884,7.623822847059718,5.847724130590364,-0.005889451644271227,8.189242362252633,5.647934892869657,0.025334830344969087,8.276991239379822,5.580921746022673,0.01687738944277196,7.010931893380126,5.889809314150701,0.36036776275674237,7.100863291812957,5.868588579135907,0.3605402167862694,7.0031447939025115,5.766020745030225,0.3606173766304083,6.926757970506267,5.911313798269746,0.36055517317310853,7.021215842745035,6.0215513919979,0.3605176822004523,7.985100882632109,5.666913369925279,0.04564388135456839,8.085224491997648,5.650298046437155,0.045182905733309076,7.980685348325578,5.5371152223449345,0.045177360980684464,7.889626776132745,5.680935838190081,0.04506108785149818,7.988813088958423,5.800570220863207,0.045076966511819964
7.440785762669838,7.04554608619765,-0.3672164776694726,7.3474092399797195,6.480768422551081,-0.5083860416798326,7.425478054662927,6.696985102424038,-0.30832630933879734,7.298164732446444,6.082082615767757,-0.28232366756876365,7.334249870305399,6.331060923621242,-0.5190899903483222,7.346329754898712,6.1682387087006685,-0.45584553412676715,7.3964524515425385,5.793962519095471,-0.13418307879980423,6.891294543371329,5.9861282288362565,0.47185534156936826,7.3954977132601245,5.522006347093168,-0.02178120052592003,7.380499037095182,5.337853138401793,-0.006079190082599845,7.359080153534464,4.59162948422991,0.2247199062992911,7.444997384699613,7.110333619562456,-0.3652659578131317,7.4563670630873,7.173654669255164,-0.34157633698356094,7.468729045554705,7.222375381992075,-0.3057187202743127,7.470200490747201,7.218522407008255,-0.29026128066965834,7.468149965245326,7.272695121874589,-0.3140196982954702,7.47079658198366,7.341092515723685,-0.34421797005185206,7.477551337612028,7.421813617454253,-0.3468379186180439,7.502198044586345,7.619318277538237,-0.2830519035851248,7.374223422579592,6.582782243466519,-0.47074285351785194,7.338778320852056,6.6282588306513786,-0.32674147959035127,6.664161809832843,5.62360907060415,1.137346952086233,7.125974458224701,6.034959512599193,0.2803035535289747,7.040721362004334,6.071483390619109,0.3136354684099597,6.963074985343636,6.091096989543369,0.36626605856776207,6.8712549624814185,6.051300634426268,0.48810662443779723,7.197579120617172,5.986360711506362,0.2600269935910975,6.943486194021369,5.659137100601207,0.3208823669925076,7.052659488871973,5.650040507344704,0.28524039922344097,6.859836377678374,5.7118713289462635,0.3751947796675646,6.818995976911684,5.788741936453211,0.42712342543718945,6.821891378458576,6.160664593417904,0.5411725658609313,7.222819792462063,7.995260474814418,-0.12420913811924664,6.866541518102757,5.95556668075819,0.5171116726879624,6.689056592827089,6.243769351305682,1.072146903739715,6.747348787201511,6.102957858450516,0.6860945011691724,7.053834660417811,6.595335598863583,0.08830316319834558,7.338831479999183,7.029393502145721,-0.31266088404595066,7.371072857126487,7.1900205986842325,-0.29330789784048444,7.252474091095816,7.11476780122154,-0.22251701339196117,7.204141794527252,7.206883388941788,-0.13108619301047544,7.304448143636946,7.219356651223847,-0.22154211893292725,7.254545171467913,7.2598575422375475,-0.13825967659587543,7.151634732937588,7.502633949592793,-0.0013563881712554786,7.2844992876914665,6.499837671808753,-0.4778406628423511,7.260375666724887,6.356901939434362,-0.4827744518858575,6.718059514711369,5.732956018668706,0.5243793254875347,7.206853619819396,6.195802080880728,0.08067581678210882,7.16418029165974,6.567049971071214,-0.17582551819878514,7.1640760997313695,6.503036434888587,-0.13465004868285468,6.831216910442043,6.678935091213963,0.30668426758330997,7.276238356227812,6.204553494075215,-0.3942521124164219,6.859829998580719,5.5431962919269235,0.2908864100902362,6.7634156078294065,5.611091154638505,0.40619967503267634,6.680507893180316,5.311656310697231,0.9565498575501913,7.225591155998991,5.573535989164309,0.07230525565232547,7.159432116638288,5.692749629330092,0.2829155725223867,7.081274703376535,7.387428863514758,0.07183968673429827,6.932049180713987,7.648801758112552,1.023370462496899,7.2399079775034405,6.637143496107999,-0.1750509229761997,7.309340202749956,6.667169199983017,-0.23565210705576056,7.175722205684121,7.358100607650056,0.04120283540187893,7.193418531368639,7.341591502918058,7.693132353312721e-05,6.72267301989343,5.53270161310096,0.4899308248707757,7.185274550028666,6.646949586781501,-0.13759900807047817,7.0070106660504194,5.528746926948968,0.17835649164247194,6.975843812483725,5.403844194857572,0.1855125766820099,6.908752716076715,4.828081725048522,0.5128134012483685,6.702171308817823,5.408671754205401,0.6964343096798369,6.947524871625822,5.077122406301303,0.3445211543876374,6.6843268463099745,5.691557092462859,0.6464401252741914,6.673093964127564,5.662846545887782,0.8791145227035901,7.349816286161665,7.11649015758848,-0.3125717538759331,7.278061360579979,7.1726517333460205,-0.22834112955127908,7.228358266804148,7.232901601912001,-0.14498459665291794,7.268183682255013,6.665033619845738,-0.17519976858815745,7.184988199422804,7.349539858596601,0.017058334242170937,7.215685834917517,7.352711687708557,-0.06822928358371526,7.20337275886547,7.335320141134238,-0.006836651862882508,7.239272902892421,6.555912775353633,-0.2978069115094196,7.2775999391829105,7.274309742370016,-0.13114802374347842,7.327610647223455,7.246791023873543,-0.19453578816583206,7.392369120254498,7.231985847004147,-0.25805738074107987,7.401540845105608,7.636097430737644,-0.2453109911910076,7.389039940067043,7.430819485766325,-0.3027462822633744,7.381620340705264,7.349214524616179,-0.29816360938664693,7.384434231559894,7.286090518162157,-0.26373497700112686,7.394290646226009,7.229757415556551,-0.24284250189484058,7.278198865573883,7.280540703202019,-0.12161977821229786,7.265469021808355,7.313430621924281,-0.1440016950973479,7.255183081233446,7.3547097628519325,-0.16307158669471414,7.247827981636849,7.403793375366569,-0.1469088138062529,7.124916945591173,7.081835355181576,-0.06213694076525966,6.815951729752834,6.964132497977164,1.3347980100301962,7.402433209988726,6.644551046063096,-0.3640248246255662,7.24243055623181,7.307863087248433,-0.054838605170454496,7.228329206470385,7.332545942442796,-0.06904822239486312,7.329113987904228,6.720404187494018,-0.2526752607404847,7.233516830441427,6.735132815191551,-0.10514892591658657,7.319770736205053,6.69657116986507,-0.24628608499684326,7.130293107337361,6.312168162732034,0.12931470873173195,7.002348254453,6.446952117091539,0.18731502616395532,7.1684826386339475,6.5856117276709725,-0.08995506154569623,6.757823265551566,5.045118118970189,0.7329764390069337,6.790128433655423,5.211111808608405,0.5222446313360408,6.821977141882609,5.431120507643143,0.3453100804303027,7.217961046414586,7.558937283076008,-0.08569841482578554,7.170914492417885,5.398267091535241,0.07182181750848772,7.13344225521321,4.998224663317217,0.20612596626587545,7.101240570249095,4.686593339053263,0.33505233635301673,6.905024487891488,6.089467484486747,0.43097028711909013,6.7584881092849765,6.28518032691821,0.6104460667539818,7.245106233303908,5.936828435789968,0.2658280519703487,6.7748022971441735,5.89252914651683,0.5433171830532224,7.2535854716651,6.081016597670688,0.039947050224386355,7.181556244884235,6.4810668225636245,-0.2738331107391617,6.696508796465773,6.446913133716978,0.7367864436801591,6.794573247143932,6.357315163204702,0.48936627472827887,6.880949773340266,6.368722407389692,0.35344586640176073,7.028189270266121,6.297429611993704,0.2562223048325848,7.139588870198436,6.20409065510089,0.2016358124547949,7.219186541953038,6.1147237496814615,0.15262635695040194,7.3246464931796105,5.854424315461334,-0.06899710101504192,6.710773167611723,6.735177468875138,0.6533742487248263,6.728129274754624,5.907285416970869,0.6194316459915664,7.340490754178198,6.588551074112823,-0.4490892280232746,7.203953256752105,6.316538553414564,0.017566759953864315,6.733630892088034,6.3040922251003835,1.4046742027538077,7.275258810343404,6.018891274394041,0.13132570819275297,7.179143528393263,6.612666898404491,0.0022873884372513853,6.834757309640752,5.978627827570843,0.5450013091335193,7.1897675611439045,6.402550053467288,-0.22465500784050596,6.869164036027726,7.303612481844097,1.209012658899322,7.254149667413283,5.891207964513548,0.3056012164095157,7.227623961785157,6.285627572542712,-0.3233275770121616,6.955258464349969,7.830798123007796,0.405993816235424,7.029253870785933,8.046205366267154,0.5385939928309206,6.728610542233288,6.8626970485824765,1.0076466955651344,6.887138915643194,7.687019640954273,0.595274800558032,6.682818544108803,5.936251481846474,1.0102924263176833,7.219751446489848,8.179683023184573,-0.09388264207006375,7.374955601232699,6.648669816782555,-0.3459541256474002,7.148949841613321,6.4540598494568355,0.05593357839047443,6.7118370593429075,6.157364473564213,0.8130116548416859,6.961208744885137,6.009740104413153,0.38331382050767737,7.0303021691672924,5.9955806339842015,0.336199687945191,7.207628325790205,7.3879618725632925,-0.048713331367835476,6.753652044473607,7.030508426658148,0.6146239770246207,7.3922358679923645,8.378393332725414,-0.15993304849864626,7.183353732845783,8.264570384472702,0.15718950491538233,7.1071412355802766,8.179409430774022,0.3293087563015974,7.362590074822153,4.931848734636233,0.10499820865965705,7.5721483943202,8.377589566420843,-0.2538743760521746,7.103705028309938,5.9650431847195,0.30694853499346886,7.176050374819056,5.931837500663299,0.30015687805713637,7.22906634664389,5.910768404290681,0.309199138235346,6.6965903071580355,5.911759290793142,0.7469980057483778,7.1572114818656045,5.802317365052385,0.3080889094475826,7.074138619466104,5.76776746336248,0.3152066534522547,6.993881065498489,5.767917726551694,0.34435188680332474,6.9243992250479875,5.80755531301604,0.3881324756983629,6.889129902900287,5.862244026003829,0.4311444719245121,6.687704932912787,5.938348787397822,1.304933555568132,6.918007369197345,6.003478665670131,0.4323524692437013,7.4371177815180225,6.824871834640873,-0.3048576528390661,7.192918835385638,6.961143536331327,-0.12748478261561488,7.2265600700539725,6.603101795864635,-0.20516289971707743,7.324976079891803,6.853962646315071,-0.2620513825123013,7.410317774690717,5.665423701340536,-0.040128796364746144,7.039049329630009,7.979854245188163,0.2324897136924191,7.125913502402661,8.080616345385899,0.06935747019586773,7.352989532850878,8.23122754981691,-0.25488331451501495,6.983111731079033,7.890640438112463,0.7866230112145708,7.222880039495474,5.85467628981872,0.3068822854063609,7.271578779784906,6.07002612119918,-0.11290648455623056,7.535564269266873,8.231152418222303,-0.34534560846029977,7.270799821082327,8.330395584389441,-0.01463094914903822,6.780556952017911,7.178352520284002,0.9184172065410318,7.3294513712913325,7.25282848541,-0.18207836287968848,7.316416748415604,7.295477714756292,-0.20452467985651934,7.310378578090519,7.351669768424853,-0.22747988491887539,7.309113390388878,7.426676616233501,-0.22319707393123772,7.300235104029913,7.608355443823235,-0.17192675989950096,7.219656468813647,7.300340004746912,-0.061876217298242615,7.199256114511896,7.297279455449609,-0.04841978766487819,7.181376212572629,7.288080796630621,-0.03615030765088705,7.084403296382161,7.2264133508079,0.019388852017543996,6.81271752724158,7.035555710480772,0.36653657217770846,7.2907373364097525,5.95709766419547,-0.008249961852148388,7.2811247450317955,5.762998024682177,0.21228144110895641,7.247552262860413,5.792002718538027,0.2773496769202419,7.242050645527003,7.3023444589879425,-0.059171180872179346,6.857055799889278,7.421618700581451,0.4467835829144756,7.325329056628731,5.732871318427616,0.06268534935422763,7.260645715192296,7.804937969901709,-0.14377577979687722,7.364763929545364,6.039797703776448,-0.34327284471520964,7.310503324889112,5.970601505143179,-0.18622725711585345,7.3792303054504,5.9200967714286605,-0.23256550977636545,7.22471296688844,6.301226592675883,-0.12759133348113907,7.51365561276395,8.043196558539723,-0.36724350023592917,7.507378580671103,7.821972995795958,-0.32688531938262116,7.374663580317811,7.831974003342262,-0.26202083815234745,7.082150766121201,7.609742543168955,0.06035083772105604,7.12460933132646,6.758634119742421,0.028963105129340288,7.168486891365718,7.7340024039744195,-0.04123023451229437,6.935868133843646,6.809658395521535,0.1376147786174594,7.050321903975608,6.935573986562872,0.0496717741783156,6.894915744473672,7.088642561168443,0.2022185031562491,7.348174022909731,8.050076060966683,-0.2767476274293753,7.19872381425199,6.408768964892608,-0.059633283370820925,7.029202129216062,7.77084665445436,0.1483489394012333,7.128608316767725,7.895300014555369,0.013181556696482974,7.0047382897078645,7.451669212058462,0.1364850802920605,6.801038817011925,7.286095479682555,0.5877316061791806,6.929962506992065,7.526508785750814,0.2571122111051482,6.832226225448842,7.462235124141577,0.801658898782502,7.000941309025685,7.161445785131488,0.0917602797332212,7.2411178796920685,6.190432298232196,-0.04197106813904253,7.2085072236893835,6.532027307366185,-0.3061134269417363,7.188930481773799,6.6025475231572495,-0.20758509625595403,7.215311594521737,6.408071516882292,-0.37898493825919566,7.1955321390584395,5.656618065815979,0.2257417137056653,7.035878209306681,5.6042098802399725,0.2563921261580134,6.9071806228989905,5.614184662607026,0.30274561777403536,6.816496788208051,5.671002576634438,0.3750018119634908,6.771704890838196,5.765361834757791,0.45601245384874833,6.797019276700437,6.034230877889229,0.596391319844872,6.695296767911261,6.55587024803593,1.053397583949174,6.857976516317531,6.20164179038987,0.4688348831288579,6.9313014087110565,6.2119582088757985,0.3745315307085672,7.034637829207033,6.177180786036186,0.29611569754283906,7.137295938985659,6.114650035664111,0.24974650182876976,7.216304607390084,6.046348328279845,0.21670270952521725,7.267582629498155,5.984921161802142,0.19887242278993658,6.779955899261053,6.63752128044692,1.407721905257221,7.210517348239442,6.653709303930268,-0.16864656365115993,7.255570788613165,6.1755767973701845,-0.20379491551467832,7.244722778655959,6.50458797319609,-0.405677386412146,7.316352957439051,6.586686251231582,-0.40122194109421094,7.26669309976955,6.546508567832417,-0.3632955032766179,7.246891671858772,6.7011747520063345,-0.15859916367416516,7.32122871441361,6.589522114533691,-0.43170574391960276,7.353169565162484,6.640737054453836,-0.33588919422667557,7.276185197080684,5.884285225980257,0.2701465681851405,7.303343850953945,5.894965253032539,0.18437943408687002,7.313027321194738,5.899908699321107,0.09757654938092662,6.873620898922918,5.909916085965065,0.46965092033655836,6.810335288661628,5.879683770204877,0.4909458101866018,7.446613422772297,6.050252336044909,-0.34467462927532416,8.164186777402515,5.707163554876629,0.01994852923822081,7.4818997558470794,6.595751657788436,-0.3746564990036067,8.669510542112764,5.123446704685694,0.4463458173378785,7.895746551391242,5.86502247742704,-0.010388022057450692,7.988403653623564,5.864660640832256,-0.03665614462286353,8.087129404091993,5.844728441419544,-0.03788325154796291,8.224611716759703,5.757837334679014,0.010087830000220462,7.814296814950709,5.849344427361805,0.031041973870233337,7.987195169012193,5.401880141568358,-0.0423145011478381,7.873603994640957,5.445220085432997,-0.00019583275195532142,8.101645395201015,5.413876389103524,-0.04483768622272956,8.187513719950807,5.46921364368627,-0.027559858692679753,8.325433355202222,5.8353936951839085,0.02564367632293672,7.916449558437307,7.90628907344962,-0.3394256729382841,8.198680684790778,5.659984103012109,0.04360965178126102,8.742953093418599,5.78024852231945,0.36042843112521583,8.459909695297014,5.7346691607834765,0.10401662500794287,7.948603045774693,6.417016429372324,-0.20609763687038526,7.559103139615047,6.993959741036239,-0.3898889868173321,7.568340781808596,7.1570562571559915,-0.3630082666849709,7.699390837673846,7.052278869378538,-0.38185894324936903,7.80120194504157,7.120513241843109,-0.349789890357338,7.680301033545952,7.166009675109564,-0.35977701007645435,7.774165202812388,7.183752780843554,-0.3225062681890376,7.9677566408791405,7.3748067556207415,-0.2834857265249766,7.423080222733151,6.469719116623418,-0.5183499707210144,7.425019468420372,6.326266677338945,-0.5314137868283734,8.314129594156974,5.364323558516907,-0.01709901068019321,7.741035713533737,6.081321376780887,-0.10972057934510739,7.725406215489546,6.457417381189425,-0.3581989143450327,7.738026905806306,6.393131670173505,-0.3231827404858831,8.284892063236702,6.379639169843849,-0.1809809144368804,7.432227848770896,6.1700376142394715,-0.4571183413061629,8.01281575156189,5.24152840941197,-0.0828631163396146,8.17640062304659,5.265250856014892,-0.062061022858267825,8.483585361850464,4.843929884384566,0.3392157386064186,7.589412358941413,5.469317126826012,-0.04909071701315334,7.786384009976862,5.535634226050842,0.05061419725831232,8.043692710579581,7.228882770389142,-0.27118458913138865,8.826975732580115,7.3177818753138455,0.36659752799974826,7.66225385749039,6.555051597170163,-0.30893037444732585,7.577517468180105,6.614330425315276,-0.301903000992771,7.928387685304946,7.245201210980109,-0.2548530581004414,7.910142048433441,7.237656156031108,-0.26063128019607235,8.241580116522885,5.164993058926242,-0.010140112159855897,7.752477688361517,6.541189109176498,-0.3162864486282874,7.820734033273567,5.309722735319037,-0.07797349368751352,7.822596021000296,5.1719352891468136,-0.07901080030772216,7.940321559440815,4.537325289073014,0.15762126793828296,8.34837471673668,4.990307139944008,0.14213636277427927,7.859662831109544,4.825115090244479,0.038739947197099375,8.394200736715327,5.301766937359896,0.06101609122289307,8.525974465770144,5.213145323183199,0.24694479327869018,7.563676952633919,7.082463341906312,-0.38864063284561506,7.687176992029771,7.1121594590691375,-0.37768922834724566,7.786257845601012,7.153036008055875,-0.34502324253225913,7.644843882411733,6.592943437242834,-0.2857714369536027,7.921372804249966,7.2407875841912475,-0.2564155383323942,7.861096710504737,7.253796690676355,-0.2996914032750989,7.89983555298831,7.235986250022668,-0.25967002991813454,7.579496406030514,6.479184279966674,-0.42210856869431324,7.767300584946623,7.205023527580944,-0.30563929164864595,7.676973270935753,7.195709336215532,-0.3240277937280574,7.573643229537433,7.2057762611042735,-0.3295930026912185,7.627802477419828,7.595792874174001,-0.31335416792307524,7.592192227941881,7.393806543592833,-0.3783324983267809,7.5818949467489185,7.315560531752533,-0.37461933189990654,7.577209853915392,7.249408580278114,-0.34108443767547203,7.570960464579052,7.204046108062422,-0.31514596342595047,7.766607389668077,7.2084994270144716,-0.29625783181247195,7.776508458017781,7.229896338127712,-0.3196029813686547,7.788445167308163,7.266561973873301,-0.3453638597674803,7.801747003496787,7.307748263490637,-0.3439497600049478,7.8848021461805775,6.952164601987133,-0.3144940329353624,8.921715255802589,6.531930912112727,0.6034442096900483,7.839181674904158,7.223806426232755,-0.27591588612362755,7.84607393552643,7.238966706204964,-0.2915215511501898,7.551838764962881,6.680977820040925,-0.3184430266286823,7.731160870363284,6.651186016413269,-0.24739059917629042,7.563418953573192,6.652005376067665,-0.31025237598745947,7.854833854184458,6.155469172771951,-0.12574131763733665,8.018219556064585,6.230335680432181,-0.1586919263859031,7.773308277360689,6.471504555178282,-0.2836937781370479,8.24508791144469,4.640360120007617,0.2289571333182667,8.131960284836408,4.854874289595229,0.07617731809241142,8.046369805228936,5.111918966433881,-0.051696595017589844,7.87353311577812,7.456500315349434,-0.31614147920414104,7.596559074681269,5.27399730768898,-0.061664582981151364,7.616240717313853,4.862912661429576,0.046580996153495334,7.657782110034002,4.525117113737965,0.15657145230626585,8.17457407475128,5.81146995261053,-0.01839639842772442,8.452068366701354,5.927469590740968,0.035711913578123346,7.759374201715559,5.828254776118964,0.06182312460004876,8.308675465661665,5.5521202951524184,0.01941087845478227,7.655872633469173,5.9921933331292205,-0.11199618953577918,7.632451422033308,6.388381368786168,-0.42132628754503887,8.604060291380431,6.032421340520999,0.07973730311439045,8.362481028018504,6.021047409401543,-0.05048425636805189,8.207579526019966,6.077396105356973,-0.10369094770802909,8.006612433486394,6.079221944863655,-0.09240835064823141,7.865681155353035,6.042764692974806,-0.06240776447023099,7.755675742652723,5.990665893635082,-0.0446148164983964,7.49114944744731,5.814558144664338,-0.13405113336670418,8.602079935952764,6.350328633694857,0.0027187998345434127,8.398985768745453,5.535944321075753,0.04596957459424191,7.41386100904394,6.570258657191846,-0.48133804743117603,7.7295405795588294,6.209572426352705,-0.16818661520545927,8.876590936566028,5.813836597840657,0.6545353773959645,7.670068960906799,5.924102135967581,-0.022272474106547965,7.799386737364314,6.497551119693631,-0.19187991287603967,8.262368886992983,5.664527792514276,0.048125679145982675,7.647604614119235,6.31156994512969,-0.374774778105966,8.901446736185715,6.916165936340839,0.507762174788999,7.757164198772301,5.786560639449402,0.09206107744479697,7.534244504840847,6.224551965224681,-0.43219157422506127,8.466712648552111,7.6117328216374185,-0.08510128255602828,8.535902468087725,7.849210325206968,0.03981990572676129,8.79812732661682,6.438308439768565,0.2946549063294127,8.624048130700471,7.408121238731398,0.01929555079257082,8.644191903518752,5.473494018212998,0.3327918100703425,7.966257552930138,8.095124539820008,-0.3293835335018905,7.4339360293652685,6.632587402804836,-0.3656446059881938,7.827288201720107,6.317917856085373,-0.17338208015070208,8.574126730027102,5.7595114934192235,0.16789878057340704,8.063660703818027,5.763989974367581,-0.01375124140347715,7.983725648676321,5.782277075373846,-0.014745228856187806,7.876142166719151,7.277184589046686,-0.2970748879038257,8.618600381302818,6.67031693028161,-0.014340190763893984,7.789184433847553,8.341829053753681,-0.28746278381805107,8.165220191222678,8.16399327810697,-0.1650140994545189,8.336792401760482,8.040165069576183,-0.07732990253813107,7.904424250568378,5.786664476983457,0.008466390875127065,7.836999314717406,5.786674400024255,0.04431864252513853,7.787444357764905,5.789552790644066,0.07983018764917389,8.500737337868394,5.508828548914509,0.1246684774497198,7.830401201375908,5.6379886199022105,0.04665905703860576,7.9020583141268785,5.560649503111911,0.012029935760305019,7.9820465284157125,5.532572259176282,-0.009869853270822805,8.067752540569607,5.545643030272057,-0.01458951270133436,8.128763648122458,5.5846536931946105,-0.0015160869360410399,8.792857483164887,5.427371015799064,0.5744377881619156,8.121625437846141,5.738243227442033,0.0015896664981268325,7.771362652575813,6.8627197298185845,-0.31848185495573017,7.650670124936935,6.5161603651314906,-0.33373359081064474,7.562045321211412,6.811672772803363,-0.3403367985704093,8.304209388514304,7.808392605676385,-0.16632439490746206,8.144725568033355,7.96070702918137,-0.24580060908569895,7.756611343642172,8.189513921460067,-0.3819267654612462,8.69697539267348,7.631259948349018,0.19931619092023023,7.780514531345329,5.728480018480548,0.07298611357880895,7.553329347448343,6.00957212150823,-0.2159707966678465,7.981290250949241,8.262508518352773,-0.25321223457540903,8.793320322139213,6.794784466155186,0.23241803744237519,7.674921327856622,7.19642733909607,-0.3120805855061172,7.683322599468694,7.234951418625248,-0.33919161764340944,7.693514979944657,7.287612287347268,-0.36980036661419613,7.703018417873845,7.351072259611137,-0.3735628381500315,7.761173107254363,7.534499668747061,-0.33661273451837376,7.853499913985865,7.213859995410836,-0.2921091369231087,7.864206875006025,7.199283757268402,-0.3009288596216547,7.879000711257368,7.18687712111741,-0.30619077350080726,7.982220181629663,7.078913019666805,-0.29662981294449847,8.424217935126805,6.726280754011835,-0.16143341005221584,7.570466438905077,5.891671157882188,-0.11350167873208213,7.656015099983475,5.672468705912221,0.07620529863099856,7.725792505292008,5.681159872073297,0.080994827038987,7.839326976572974,7.220822426107316,-0.28029666498949274,8.501967794927245,7.13623842635213,-0.09432790530137036,7.5404378998755455,5.676104082787132,-0.018770143225205142,7.847141371200756,7.724034000705021,-0.3294972054781653,7.4682484868646695,5.93551859440474,-0.24102851244803952,7.635842266831431,6.21569777767908,-0.2657868757809693,7.674384774864945,7.796008650761501,-0.35219038024447075,8.095225896593865,7.453663743258696,-0.26730301895634245,7.889444002907775,6.616553186453845,-0.21248581588001805,7.982909832965067,7.613971884914441,-0.2997230772669292,8.127472944030195,6.57662783180638,-0.2414668539153972,7.995345529449822,6.759391105997521,-0.25300681877104947,8.257509432156876,6.832479971777799,-0.23376666285536193,7.7210726818156905,8.005430882842901,-0.396199021880687,7.723380497589664,6.305475071714334,-0.23194737964349274,8.22032921586709,7.59332345459276,-0.22826147942916597,8.073038686159993,7.766837037183669,-0.27731226617045074,8.167253705797473,7.255421234212579,-0.2577581390420398,8.619443839770577,6.950568409996044,-0.016100825869823924,8.340293817584632,7.294629294768133,-0.19849417330847788,8.74911884569679,7.121420491287423,0.14918192108708075,8.100115829340991,6.963745499386074,-0.2675448930757738,7.639644917822637,6.105903583990023,-0.18923371698095345,7.6006041313833785,6.446697661973954,-0.44046411210250547,7.693152080166932,6.504161282441811,-0.3619460140274903,7.525603662672386,6.344113975001307,-0.4847999482892931,7.708712825714171,5.529488674248558,0.03828857343257864,7.851468525776956,5.39432091084679,-0.016992756066166008,7.992035486555333,5.341126324287607,-0.057158331915831175,8.124720008997606,5.353953626489536,-0.06273025775872827,8.234295895789124,5.423241967644493,-0.03483297691706619,8.34496544343422,5.699343135545506,0.06511410218791666,8.783731120785992,6.104583819563998,0.3252732239466824,8.259267227955235,5.8986218935663,-0.015190202757761362,8.14212644013312,5.944055953433458,-0.04699890457367579,8.00434856260738,5.962575891504144,-0.05062692222915603,7.879638621022901,5.9498446301613575,-0.02342356483560743,7.784715521545679,5.918947825062073,0.010968234075234794,7.7115628647888474,5.885901972841569,0.03100251427831329,8.908400661418655,6.17337388231321,0.6609729501131368,7.707417868890139,6.5599542881126,-0.3203632900704496,7.537037840825254,6.114413300262235,-0.31045551037842145,7.500715967564423,6.449332938094234,-0.49141383217777257,7.467592857383427,6.551464417921982,-0.4502974911381994,7.5165198276111935,6.490869369293985,-0.4510539901011168,7.691669294356381,6.622888339214217,-0.2846556486050355,7.444440276837715,6.559420570275437,-0.472264667002252,7.461758109394684,6.619967421276704,-0.37003770005647696,7.716669686856255,5.790154197795238,0.09259414186744296,7.654140354061436,5.8140988496331545,0.05341968232280243,7.603403137676812,5.8281257765886005,-0.010937450222248332,8.166394653979888,5.621895219700751,0.016887675383304546,8.250356337319365,5.5572735428749835,0.007851401838734366,6.987217743603181,5.866143781037121,0.3279735978725497,7.072747976177242,5.8468175959016655,0.3282561165898891,6.981174611757697,5.744333493731304,0.3283335960468278,6.907885867584219,5.885611369503937,0.3282706024574814,6.995910327341513,5.996006615949852,0.32823361255093836,7.960255530825099,5.643465075239313,0.03660965528747696,8.057275935853667,5.62636873912871,0.03605044044063192,7.956346561539637,5.514348594752256,0.0360431255204907,7.8686332599901965,5.6579654729985105,0.03592793352485264,7.963785298194383,5.7766875682505185,0.035942903915921386
7.424286587571135,7.030107235188015,-0.37081956007392697,7.331101720292012,6.463320163785015,-0.5073736544171017,7.40902776273546,6.681990137536927,-0.3089663563125058,7.283304270282901,6.06706749001701,-0.27844764557596435,7.318301029817469,6.3135239316364355,-0.516992033537072,7.330929827730932,6.152092765970765,-0.4525910354058075,7.38316889663315,5.781407872754104,-0.1280598474774007,6.876811610036697,5.972922712427656,0.47734188418152246,7.383604640738605,5.507376115240344,-0.013261301913837288,7.369116856609012,5.323288378221382,0.003931311125404517,7.3495536439783775,4.5815178628339375,0.23941110137865484,7.428454451644742,7.096046070470676,-0.3695930792397663,7.4397703582274834,7.161051168384503,-0.3463485009259893,7.452051834134812,7.2112628953934825,-0.31079417373862567,7.454225603024526,7.20819005059787,-0.2981166331429122,7.452061737409935,7.2641046493246755,-0.32210245391529946,7.4545785840450165,7.334606064932314,-0.35266942101254556,7.461213071001291,7.417466767894683,-0.35566281855191856,7.48299956889726,7.6042170711684065,-0.291749578826035,7.357418966557204,6.5663198840887995,-0.4699571357125071,7.322103180088284,6.612790295231298,-0.32643449572182215,6.652839139832687,5.611792711263653,1.1466967781441728,7.111174030599355,6.0211353926151805,0.2850150201588538,7.025949274389531,6.05724839273158,0.31841202496697685,6.948367724445039,6.076938225808443,0.3712163100335815,6.856098910114885,6.038306964303373,0.49324751667373246,7.182979141639386,5.973281352462503,0.2649668565244915,6.930477457933564,5.645263305363936,0.32791737853848973,7.039460171165823,5.635987827145134,0.2922198517612753,6.846551445518571,5.698053774477522,0.3821143779859791,6.804930809679647,5.775133086897869,0.43376999366582586,6.806811017199614,6.146778951489953,0.5456693540552479,7.2044466126010045,7.976254822504683,-0.1345201207924873,6.851903458346289,5.942724797067452,0.5227984033221529,6.674474966471412,6.230449600882106,1.0764431212588326,6.732444494786444,6.089627858126239,0.6911545225403685,7.037738416047839,6.5795520744080305,0.08947958894449506,7.3222602177366785,7.014443083449052,-0.3158728517518173,7.354715372448356,7.177168041271991,-0.29809373181918797,7.236219856082716,7.099503728242535,-0.22629825878798268,7.1889416206408185,7.191625408199418,-0.13596743581970286,7.288731265050844,7.20597666860766,-0.22656047452351996,7.239985222760214,7.246158500046428,-0.14402701069797588,7.137004601629882,7.484684540421926,-0.009413096163633537,7.267731370150437,6.482368406109202,-0.4764817582103747,7.243964217229671,6.339184024859471,-0.4806085060077982,6.7061159304925395,5.721541513564432,0.5328777710569347,7.191861672048804,6.181988631439687,0.08410403373283228,7.147026716055353,6.550599142206271,-0.17481839308329938,7.147091087343659,6.4872252551807215,-0.13339863014850825,6.815179992056175,6.661794530051946,0.3080576202922562,7.2605889866556605,6.188205058710371,-0.39138096978379966,6.849613679662266,5.532469245962531,0.3003035990309503,6.752719328472416,5.600299253105475,0.4155316093493218,6.670252634384623,5.299611769530322,0.9682755713602157,7.214830196568501,5.557733208180608,0.08090409874858841,7.1460668057451215,5.678859812533652,0.28939980574762164,7.0675769839964016,7.368906765701024,0.06495929526637909,6.921954982312581,7.63500918303605,1.0167603263473517,7.222305754533519,6.620729892373554,-0.17460160420128842,7.292442163715159,6.651318279724361,-0.2356554169210331,7.162396599047776,7.343546600238887,0.034035989872058844,7.180501908104802,7.327191341371628,-0.0071478926060421005,6.712563669975047,5.522411762697332,0.5000291822143271,7.168310976427177,6.630662169946115,-0.13713363488765123,6.996712684093149,5.516001160496539,0.1876292852575518,6.9659785771226606,5.391251018513308,0.19583083286904754,6.899023948762998,4.816426378282003,0.5272914838770645,6.691279409603223,5.39699986972278,0.707577689579906,6.936924490039276,5.064613417229345,0.3572819598236402,6.672949862102318,5.679986310079006,0.6546186437339642,6.661283804006266,5.6505039063465095,0.8883696696908652,7.333303076876715,7.1022681567557155,-0.31656946315579515,7.261978982056991,7.158174266960986,-0.23292144982106874,7.213455056079856,7.218292098601127,-0.1503973255797655,7.250995542567699,6.648758990481605,-0.17502733450399557,7.171887473500525,7.335103350818896,0.009891225540557994,7.201057570378218,7.34006913591678,-0.07603018421190008,7.190483702052982,7.32093247149327,-0.01403163662471959,7.221512785146806,6.539460787198967,-0.296660276956041,7.263168082448664,7.2612305774083366,-0.13702677678062147,7.3119544452165846,7.2344528288498795,-0.1998028419926588,7.375873012373953,7.220271338872335,-0.26296568757265226,7.382931925406969,7.620536253819142,-0.25382730781884755,7.371665535199849,7.425935482879278,-0.3111970027176086,7.364689385251797,7.342326375268253,-0.30626422116829716,7.3679510996515605,7.276895436524094,-0.27154333858361107,7.378442204891832,7.218891954122923,-0.25049131885565423,7.263967418226528,7.267613945602538,-0.1289987354335189,7.250198328920218,7.301647257942902,-0.15160722727030343,7.238932646089893,7.344170506571698,-0.17114214482915538,7.230903212094726,7.394403454884515,-0.15520063507014578,7.109538575450308,7.0646951309353225,-0.06556205213830864,6.8043903738085945,6.950596668724731,1.332969690503661,7.385916348103261,6.62907340166551,-0.3643050619064316,7.229183579107126,7.293965145953869,-0.06207921617366753,7.2142890533206545,7.3192418409542475,-0.07661016686687319,7.312268520513374,6.704826382596038,-0.2532545978815436,7.216704745074112,6.718816880839048,-0.10560165110393752,7.302907096014032,6.680847724013695,-0.24648365352049167,7.114554584300606,6.297980033952549,0.1320361119145418,6.986407618949849,6.431335414641727,0.1898340018820286,7.1515143144401065,6.569774004976686,-0.0892234135436177,6.748023761310059,5.033110037994762,0.7463540517499626,6.779707875315655,5.19954412604003,0.5343530937841102,6.81233916684918,5.420682844804992,0.3557417352755628,7.201578907075817,7.541624128124064,-0.09418866810890492,7.161043387239763,5.3829824911615765,0.08188552878724255,7.122899508346151,4.985474930960004,0.2190604457425144,7.09168509253215,4.675389592980587,0.3499266117026491,6.890199423250733,6.075630993492077,0.4360559701995789,6.742895279549425,6.270332211936771,0.6142888379119816,7.230599747449856,5.924248115193277,0.2710396199893026,6.760602335471107,5.880109217965683,0.5498992020204799,7.239217718938105,6.067334878445357,0.04394754904147248,7.164375839318983,6.464443478134792,-0.2722869905444279,6.680604386396364,6.431649489938516,0.7395226045674501,6.778816580554497,6.341710774769676,0.49282322323013933,6.86516960275166,6.353044365772281,0.35666439777645553,7.012731938982986,6.282561341961301,0.2593900747202983,7.1245172790753335,6.190291820254353,0.20496722312561755,7.20461779778529,6.101465808783372,0.15657405132785357,7.311157231569104,5.841307478653121,-0.06340173446045351,6.695235768015254,6.718189437622264,0.654346392090154,6.714460854538085,5.894953519999739,0.6264881254779912,7.323825642583063,6.571857229636696,-0.448297656162213,7.188147943877311,6.302288666008276,0.019956001556558835,6.720335618816991,6.2914573125298165,1.4080154714838171,7.2612595798569135,6.006019457892008,0.13578810474951689,7.162129210619428,6.5973312827627595,0.0025011613836185284,6.819625855210049,5.96618424108258,0.5505596266803106,7.172952782953147,6.386586758617213,-0.22273367659251905,6.8591087983757815,7.28975696140297,1.2048638414290882,7.239627997478955,5.878737614361011,0.31117617931321845,7.211540894473749,6.269276805759272,-0.32070315208801536,6.940464203519306,7.814666619190618,0.39759770653183063,7.014949565233964,8.032397903936134,0.5293759464464644,6.715211381317124,6.84683298148281,1.007305351266927,6.874367623211457,7.670985659431098,0.5885026989863634,6.669364169130642,5.923703435061458,1.0172772419399838,7.200517134507166,8.16061419221276,-0.10533788798166213,7.358479324372265,6.633202360015416,-0.34592354431665123,7.132664844995194,6.439412950258924,0.05765221455885499,6.696906592004029,6.143495308409558,0.8177337640701592,6.946797347961094,5.995563721491465,0.3884760385547976,7.01577082969246,5.98119619141695,0.3413561891983098,7.192424036600488,7.375776101753097,-0.05658856854697568,6.739478649631651,7.013064406076435,0.6132907292548431,7.371401683655474,8.358258098122866,-0.172341922189321,7.164977816971162,8.248490904025427,0.1458904511773598,7.090316318434657,8.164806814474177,0.31891682673200206,7.351941040660052,4.920135951199139,0.11774922279460649,7.550118308673263,8.357134783773088,-0.26659534843321636,7.089080531174543,5.951098723561574,0.31218801550127667,7.161498937895466,5.918741894224342,0.3055771151399963,7.214541586836316,5.898162181139909,0.3147473268495567,6.683087278945305,5.899289739750455,0.754144480810664,7.142877243778404,5.789884368883439,0.3141527545481956,7.060042713757434,5.754991593737673,0.32149525935926027,6.980197558070317,5.75472349793253,0.35076144895339095,6.910711935539681,5.7940649657393495,0.39442512160818305,6.874938476284675,5.848778792357372,0.4371642527924719,6.675151218687021,5.926355036975904,1.3115142449475508,6.903626142188471,5.989792941601362,0.4376834231486368,7.420661988875757,6.809769266954507,-0.3063261829543965,7.176488252172409,6.944617212680228,-0.1295626805302276,7.208690165991631,6.586480830110847,-0.20437881826568408,7.3084465636923115,6.838066460867701,-0.263497126495098,7.397742273354886,5.652961687019244,-0.03286252913920371,7.022526278080606,7.96335651403249,0.22254222064196366,7.108017007965188,8.063375348523955,0.05847020739967616,7.332645923834559,8.210333584972718,-0.26674458283134583,6.971353226007805,7.877016931994423,0.7785970818453684,7.208364772666129,5.842383398757662,0.3127567906551608,7.257083227261771,6.0556730646100725,-0.10885851334100068,7.5136013964071635,8.210004654763244,-0.35767630028108827,7.251153287592889,8.312018999192192,-0.02653332777040789,6.7686834079722775,7.162023811477037,0.9157726509136227,7.314236442755869,7.24111914776191,-0.18952918880014333,7.300183695354936,7.285276436786162,-0.21217948218438198,7.29324715850738,7.343197863479164,-0.23552952595712442,7.291332289524479,7.4200423268037135,-0.2316300229549566,7.282647117240745,7.591907300189296,-0.1804087697852632,7.206233446384089,7.28643370522208,-0.06818464607779662,7.185401907160789,7.282923701567422,-0.05465381011810794,7.16718624732381,7.27328074110384,-0.04213110214468722,7.070072609327645,7.2083442587390865,0.01438801913284341,6.79760097133431,7.017794634701725,0.3652813745160875,7.276863604568339,5.94367338934897,-0.003314116582570164,7.267989562680455,5.749779995203676,0.21861276465365076,7.233701594694046,5.778906234720107,0.28354100165764323,7.228800180884469,7.2888996207279515,-0.06569559714018981,6.843263558177409,7.403989825204531,0.44205395067388903,7.313506429903872,5.719666257682026,0.06957578544003713,7.242892541385897,7.7867146251531745,-0.15298368303767537,7.350087006081483,6.025173099358587,-0.3395487972771331,7.296273316434552,5.956691951876241,-0.18126065039564926,7.3652595309482205,5.906671216601795,-0.22750811626747094,7.2088245675825995,6.2862382865394775,-0.12551881739815537,7.492455781887075,8.02262761564953,-0.3783261541958071,7.487053545306942,7.803656299383132,-0.3367990910434896,7.355731165525359,7.813553208115964,-0.27169166665522254,7.067081820240202,7.591568466704696,0.05207690277206302,7.107963247328801,6.742764414842429,0.028670918205546837,7.152046261789624,7.715993922739219,-0.05020778669917891,6.9199898895772645,6.79244702400907,0.13764824045293866,7.034161918974492,6.918486006512008,0.04810623655908519,6.879349677975615,7.0705062313027165,0.19989252410689543,7.328627316264606,8.029650452466024,-0.2874789240619662,7.1821543402969175,6.394082123132479,-0.057909699712078565,7.013316232215302,7.753053393006755,0.13956288838059203,7.111317628088653,7.877321811392883,0.0031742794502853367,6.990318705247028,7.433167703226965,0.12994662033824303,6.78781441338143,7.268783239443962,0.5842998197614243,6.915330398631431,7.508654710482734,0.2508798676655968,6.820785953153144,7.446022861714689,0.7967774612647176,6.985565840564311,7.143189904321605,0.08836351968048066,7.2260541441679464,6.1761216483055215,-0.03882850081355952,7.190894687970627,6.5154439302697185,-0.3047187133997853,7.171465169554167,6.585792552489729,-0.2068327967881476,7.198561237670179,6.391018474235195,-0.3768810718265994,7.182813615469457,5.642561833385472,0.23298896009390055,7.023504580187496,5.590518354166952,0.26434065121709815,6.89493672564397,5.601110967977244,0.31077934093146453,6.804096105062054,5.658108560576537,0.38289589671083024,6.758466057551505,5.752857437948454,0.46356868324759415,6.78197926220302,6.021546378532825,0.6018073070049386,6.680757887160786,6.541320480791892,1.0552508198703026,6.842719585422384,6.187124894345062,0.47303342896999373,6.91618773930645,6.197104566162858,0.37864062739204324,7.019543977514698,6.162686440846248,0.3000564592633473,7.1224043445899525,6.10081855901634,0.2536280265125022,7.201703405391661,6.033213851382467,0.22105796728275665,7.253334130250549,5.9720271734057295,0.20353564723208117,6.766971556129418,6.624585803280756,1.4084840201881206,7.193259448594875,6.637206820049479,-0.16824051837611548,7.24038701277953,6.16042990887157,-0.20053121903581786,7.227714357504803,6.487654632895026,-0.4042853351697971,7.299623452933637,6.570430450642047,-0.4004416707233507,7.24951288080628,6.529979108644548,-0.36215919018905307,7.22999989192806,6.684826718483153,-0.15861862447769715,7.3045319405111595,6.572945175146745,-0.43093818751296253,7.336680801070788,6.625280447293024,-0.33571090237266743,7.2619485648548245,5.871704166892599,0.27571628692792993,7.289599923754576,5.882232409414585,0.1896766105452367,7.29980666352343,5.887207744099195,0.10298630225021267,6.859164681142553,5.896730450507699,0.4755217594780436,6.7956528556420635,5.866840244053134,0.497180796917841,7.432084001977683,6.035800020943416,-0.34102646318994073,8.150695354799295,5.702648186758255,0.02407594776031111,7.465617198924285,6.5804744937481505,-0.3745644570354315,8.654631290627934,5.1197025072368865,0.45331477028875217,7.882842887274504,5.857517017900698,-0.006615684135013216,7.9755467383333185,5.857539653958124,-0.03296362875701518,8.074227923306251,5.837866797924331,-0.03425116781394778,8.21139394278778,5.752795542478929,0.013724813321670049,7.801203824036357,5.841228252452129,0.03527724548637797,7.975628086664694,5.391162596413987,-0.03640614977074699,7.861501329382319,5.43385172490111,0.005924375984601658,8.090305183093244,5.404349160929968,-0.03920661857897275,8.17601024814658,5.461410771129169,-0.022335274457858278,8.312025365583343,5.829052175687191,0.028616292690500512,7.895710778544531,7.889045167009296,-0.35076881009315947,8.185111357985521,5.655717273322492,0.04785958311302848,8.729272982614193,5.775344946247842,0.3624674959438615,8.446152494355397,5.728776563419297,0.10746794319602455,7.933975618870014,6.404204685062779,-0.2060821594814844,7.543084861204852,6.979420150973084,-0.3935270625564265,7.5518853359061,7.144528968593725,-0.3681399062484707,7.68346732297129,7.037608258717638,-0.386490033992992,7.784909399573431,7.105778160410373,-0.3558227078130163,7.663770416126481,7.152961607361798,-0.36559942880734614,7.757086855489394,7.17014237494832,-0.329287346334324,7.949106408505871,7.359243998687195,-0.2929760375546709,7.4069466602058345,6.452582184043439,-0.5171700714340554,7.409409038827733,6.309050480787573,-0.5294105636983486,8.301160058018743,5.355676332137576,-0.010131368909552178,7.727406032566021,6.069582921898502,-0.10703066275659356,7.710376643613537,6.442528945039006,-0.3578743436780431,7.723217654565371,6.378840982716668,-0.32260181772121643,8.270224348661802,6.368678807685872,-0.18116890141484102,7.4172771909137385,6.154260168469328,-0.4542907292100108,8.001019376705793,5.229879272498382,-0.07408865596605305,8.16420200731482,5.255309114574784,-0.05380942328063937,8.469362941738835,4.839260854899128,0.3488049773727586,7.577231353832347,5.452299758015104,-0.040505992381261395,7.773585711845951,5.52491198597774,0.056400472636194486,8.025300085179417,7.21341544297936,-0.27959222544062867,8.810403441937044,7.312518931898652,0.35798042809170383,7.647080568035391,6.539827208378554,-0.3092360216099109,7.5616046930634955,6.599284350092567,-0.30227921399608565,7.910944137815601,7.23029557542819,-0.2635078697801655,7.892451893651946,7.222803747796896,-0.2691576882383981,8.228885956163912,5.156176269518518,-0.0013142881235725962,7.736964815191048,6.526757714722075,-0.31653519959230814,7.809153324453737,5.295646568908358,-0.06913040885213705,7.810956427903097,5.157397909242741,-0.0692409806873383,7.928389464323293,4.529662545842773,0.17108282465327324,8.334612614010766,4.984128439231539,0.1515644972908064,7.84750022048739,4.815237631578728,0.05067564460583143,8.380573006484378,5.2941621387049524,0.06743159926892693,8.511464593798067,5.207167525755114,0.25424607488123313,7.547426032593129,7.068641586072229,-0.39307995621120845,7.67095807173611,7.098207106578088,-0.38309241482657175,7.7695536641169,7.1387900206593775,-0.35150547670812987,7.629162713828927,6.578006456111894,-0.2859973454712636,7.903793973176085,7.225979869604517,-0.26498409883385915,7.844874437825945,7.2407796069005155,-0.308647152533956,7.882250812897448,7.221136460692095,-0.26817593766963393,7.564613166570802,6.463465176027902,-0.421428744419356,7.749955082646537,7.19188572285982,-0.3124905075030548,7.660235654284014,7.1834495472077755,-0.33010001174366105,7.557114265171563,7.194204503992421,-0.3350411049703087,7.609276937379968,7.5806175665479545,-0.3223522463458821,7.577356559524985,7.388527275852019,-0.38729343718742515,7.566653948623138,7.308588039051225,-0.3833196154107778,7.561614596338619,7.240329007882375,-0.34938692741944166,7.555062165090515,7.193456099343766,-0.32320448064466545,7.749841194982611,7.195839959141468,-0.30457498327733856,7.760445480510014,7.21819023634271,-0.3281170798498068,7.773261733274038,7.255664229411863,-0.35431522154721257,7.787200593011044,7.297647042169607,-0.3531224295328933,7.868261022031232,6.937613475037188,-0.3191930573702817,8.907827618346026,6.52782019466752,0.5992383355423078,7.82170643305018,7.209901195063935,-0.2843208403626073,7.829273242621698,7.225515830427279,-0.3002013388730852,7.535672967151345,6.665962394125554,-0.31934711077282424,7.715094139456526,6.636589280107819,-0.2484036730906788,7.547326292465095,6.636937309490747,-0.3108099349778297,7.841288037477474,6.143929637761424,-0.12389348657948125,8.004251381280184,6.218659751847003,-0.15735974799689764,7.758246246055695,6.45743478885419,-0.2836914297541136,8.231971533741827,4.634204347558721,0.240664484636534,8.118801149885712,4.847613560089414,0.08700997628959531,8.034732247358216,5.100848086154412,-0.042105161311298836,7.855507018425131,7.44077907753654,-0.32576244355593076,7.584520871700393,5.257232825767618,-0.05170508231803582,7.604613202173367,4.851846856516519,0.059101099078333504,7.646909382851105,4.516313284664041,0.17092573174106654,8.161380281281279,5.805550996441184,-0.01482469305193686,8.438630249521937,5.920540046036139,0.03782419984627781,7.746005090625657,5.819668468818819,0.06637147356187685,8.296086751648087,5.545786321497111,0.024535438725815355,7.642146614893264,5.980188886861481,-0.10859916027092895,7.617702502380094,6.372932971728418,-0.42032059445961206,8.589955830300378,6.025633601651852,0.08042676862454609,8.349443475885725,6.012516006373342,-0.04870799315601617,8.195033024906165,6.067133983435699,-0.1018965882981772,7.994028371845055,6.068418579694639,-0.09026684405303968,7.852838793156012,6.032391879547176,-0.05987708036921465,7.742632318069146,5.980265283555295,-0.04137598017967408,7.477699194575545,5.802271597621556,-0.12863272320614086,8.58744888694042,6.342153592643077,0.0016325475817335754,8.385673900550024,5.529275439735047,0.05121344991942829,7.397098560471828,6.5537229181310925,-0.4806593045038583,7.715532005692364,6.196864058052705,-0.1665136679346581,8.86313767459546,5.810152482489864,0.6555252355183053,7.65673696865807,5.913596435420638,-0.01804269239475301,7.784458093178495,6.483690493338254,-0.19225586107691367,8.249450106958864,5.659896455424813,0.052250094032727366,7.633117657487369,6.296860256486744,-0.37335440060621977,8.886055975362742,6.911566446707522,0.5012726621970822,7.7434981472657,5.778169148100164,0.0969640056985892,7.519559631147828,6.209173121655022,-0.42993486195196395,8.446967392422742,7.6008824969588025,-0.09515933275696668,8.517035893432103,7.84043140417925,0.028908461412182854,8.783419139354573,6.432102211087041,0.2919463401025497,8.605546414852705,7.3994703948640215,0.010533772357182121,8.629899275759374,5.468249689979074,0.3374841412579812,7.944664789612765,8.077375750042089,-0.34188393649810883,7.417424325287009,6.617244646906706,-0.3657078564066389,7.813105438605001,6.3053600960503005,-0.1725572078956435,8.560064916469017,5.75382336096144,0.17060771060809515,8.050655299003992,5.758487449856439,-0.00971147032061434,7.970846219533399,5.776204055364848,-0.010678167717766725,7.860501805971592,7.26445833772196,-0.30625235050146327,8.602662439661243,6.661640321910729,-0.01781254624936334,7.76719951414457,8.321927225953736,-0.3004264173269075,8.144052379321487,8.149463811799949,-0.17734438035289765,8.316534892648727,8.028548359420084,-0.08908873010720776,7.891496934979276,5.780010803584828,0.01272029820711654,7.823825026549919,5.779466830829803,0.04891192767533829,7.773986087111677,5.781778538194459,0.08460143567342053,8.486871932158039,5.502874723008096,0.1299167889324845,7.817779077086727,5.6300893657436095,0.05184666820457402,7.8896711954724905,5.5532636479041155,0.017393460038463017,7.96946259052322,5.52588003112111,-0.004561429801490447,8.054936343364732,5.539659023702543,-0.009547689796348846,8.115658274787437,5.579277429524437,0.0032271741718172126,8.778321782172899,5.424016711637802,0.5785080396227315,8.108353902006703,5.7333203982592185,0.005619237537022776,7.755561043743506,6.848251271955923,-0.32156122224535394,7.635875719609398,6.500690879842161,-0.3334336133101727,7.545617270129413,6.796660160197531,-0.3422270805600499,8.283646823338774,7.795629694895143,-0.17777176856996707,8.123630411262242,7.94564379909645,-0.2579896013001982,7.734793168431718,8.169498844752562,-0.39446009254846465,8.67925578422372,7.6246248916917585,0.18929002912700407,7.767299254272604,5.720384598816913,0.07805801242668467,7.539165286386138,5.996304344995381,-0.21227449173010268,7.9595246539363025,8.244980192993975,-0.2659844843600553,8.777234544039645,6.788144758344495,0.22750685625255562,7.658720453190044,7.185051048270682,-0.3202048493472903,7.667803171232326,7.22479006183605,-0.34759792729492384,7.678730020578053,7.278782717812008,-0.37857554872694277,7.688762745655443,7.343621582179111,-0.3826636560669629,7.742931538453249,7.518987363321021,-0.34605471850099434,7.8359331951425775,7.199685259396752,-0.29976623582785,7.847022741151055,7.184919476186892,-0.30856189152468544,7.8622228537127805,7.172136470132213,-0.31360652702963837,7.964758534839327,7.064056369689825,-0.3030950404954734,8.408011444968963,6.715659858204881,-0.16472507676234965,7.556815752164255,5.879515021458244,-0.1090173194313817,7.6431128915946465,5.661515640907584,0.08205089469211697,7.712662178036793,5.671358435315632,0.08661796243863562,7.821639232254697,7.206858060093694,-0.28796973302977374,8.483728349682968,7.125828755652467,-0.10106029208279653,7.527004771910681,5.664033548607858,-0.012040073905014435,7.82755856127166,7.7073455340488035,-0.33969266003272885,7.4542029669671,5.922280900327577,-0.23625593560857358,7.621477064955921,6.201899166076456,-0.26378361409689893,7.65445567849558,7.778298963428172,-0.3624051362583152,8.075913602207713,7.439116034692505,-0.276981673485792,7.874451983737312,6.6030044446552125,-0.21389648461452745,7.963408859915288,7.598389701134737,-0.3098926883305204,8.112036505599237,6.564085280794752,-0.2429782478149988,7.979773314680876,6.745716298206171,-0.2559776669577666,8.2408731633247,6.820196708283267,-0.2377989454527796,7.7000227694714125,7.986100092731512,-0.407626717881049,7.709006454762454,6.292133564745426,-0.23082878610195684,8.200187679608197,7.579812571755733,-0.2385690577268183,8.052576534378046,7.751431378016805,-0.2885789170830477,8.14866518339888,7.241103585472429,-0.2660061035633393,8.602307336510368,6.94161015392651,-0.021659073361275292,8.321019661526304,7.282183078063507,-0.2065786495691734,8.731974454592656,7.114190285251403,0.142108195878892,8.0834061372158,6.949736498542533,-0.27272724417694855,7.625569947089304,6.092953236437514,-0.18661125952254104,7.585967457245289,6.430961919694194,-0.43954873154486884,7.678132287186641,6.48885009967785,-0.3617915532056,7.510439422135435,6.327924001043502,-0.4833131611818376,7.696219204447008,5.516692621313231,0.04495437556496606,7.839565574982696,5.381665001881689,-0.00977266048573762,7.980523841459915,5.329717018530437,-0.049973716823131856,8.113083423255201,5.344209754297592,-0.05595607974414935,8.222353331466056,5.415288035681202,-0.028559055960333604,8.331803620759526,5.693991309546305,0.06902841396056995,8.769990298286451,6.099180274360116,0.32473537666126445,8.246170708139237,5.891252878298945,-0.012452727408189137,8.129241323996775,5.935372322664689,-0.0441876454362264,7.991595703048528,5.95354978415476,-0.04774210882769895,7.86679958157365,5.9408608592137595,-0.020364971726658684,7.771631937139348,5.9096460897113605,0.014730117327140937,7.698293940585482,5.876093793591305,0.0352016666969831,8.895315537603667,6.169482917088479,0.6593266342012761,7.691875203551552,6.5450052065148085,-0.3205475734042596,7.522541931713737,6.100289441174001,-0.307567673439917,7.484995786211537,6.432922768168742,-0.4903197283320559,7.450994305826929,6.535366490311994,-0.44969012738232456,7.500724309238807,6.4748263547254945,-0.4502260537263108,7.675618270058739,6.608089069054584,-0.285196086512739,7.4277074617496766,6.543115803096512,-0.4716464841310898,7.445293556239488,6.604651217832973,-0.370029287561243,7.703150789657002,5.781018108140295,0.09759189102586961,7.6407728891582085,5.80400254863787,0.05863486592775601,7.589856614861836,5.817408046271771,-0.005864311128851772,8.153032527728556,5.617006078239635,0.02141176503904548,8.23813985939048,5.55133887564609,0.01258638984567097,6.970108950226156,5.85215580917465,0.35608306668446776,7.056237026602646,5.8330605262936235,0.35630171243056447,6.964012069633755,5.730488768950554,0.356378772290123,6.890495106750864,5.871577192757973,0.35631738524766915,6.978909424927404,5.981926204268945,0.3562800490162307,7.94709250677173,5.638001728879275,0.042400949812672145,8.044636229858995,5.621455831965879,0.041912221527389194,7.943243669632474,5.508786978257114,0.04190506486372538,7.8547175859223906,5.652102224213841,0.04179183207597267,7.950480841617722,5.771326338677889,0.041806700804611664
7.41007790575619,7.01823007909611,-0.3695546605514892,7.316739858070105,6.458009769888296,-0.5062517605180307,7.394578394838595,6.6734625022007075,-0.3084857580246489,7.26925861890888,6.058382890128649,-0.27777660192896325,7.303835482754108,6.307849830390077,-0.5156154894733401,7.3164617069746125,6.145005777357063,-0.45147134949368833,7.368418778484622,5.770736182174672,-0.12813832810365158,6.862236026265029,5.9571824852078,0.47582616057957555,7.368060853090168,5.4969758499778845,-0.013888557085676692,7.353258837813047,5.312294112079739,0.0032882947830996483,7.333005343451175,4.567146741355292,0.2381738028188588,7.414244524450594,7.083302610129102,-0.36829755349855936,7.425514585588763,7.147043686933417,-0.3452026071501623,7.437761705397391,7.196099939023685,-0.3101932942429234,7.439678406474197,7.19463858682148,-0.29593906542686355,7.437643102899822,7.249780982551948,-0.32017143531827247,7.44024882801013,7.319149324285625,-0.35076260663772935,7.446910334956996,7.400976576002164,-0.3540955883202867,7.469414452903713,7.591613853599733,-0.2909114314282975,7.343378120217844,6.560658819600897,-0.4689013278494143,7.3084793353077835,6.605679056937538,-0.3258814969688739,6.639509007434971,5.598092950763536,1.1431913836694214,7.096114503735683,6.007109194914165,0.284096354543637,7.0114429099792,6.0424958031922085,0.317352486037759,6.934103492054652,6.062121692671103,0.36996345971071126,6.841689555495469,6.022963101389975,0.4916820084653171,7.16733812739564,5.960553478814337,0.2640016366280108,6.915888831103394,5.634008681493538,0.32659893618408714,7.024464475858273,5.625534603638864,0.29104931565631353,6.832017098238262,5.685967870905289,0.38068648447801784,6.790588822256607,5.762212686612678,0.43227164361748355,6.793032174900005,6.1326555863303085,0.5440077713703027,7.1930212158575895,7.966555176618066,-0.13453249407850107,6.837228548458881,5.927250179883495,0.5211501844473816,6.662931588770611,6.21710691830559,1.0734174637520881,6.7194499146663444,6.076191619912628,0.6891008074418162,7.024909235224161,6.568646133038459,0.08884604979040842,7.308878912769836,7.002703741423113,-0.3148870277949258,7.340941827246922,7.163241399458732,-0.2970131284094175,7.223278972082965,7.087462169151031,-0.22544461768760962,7.1759353965349915,7.178575008073178,-0.13501587205897245,7.275022135516999,7.192066748139047,-0.2255400776963497,7.226143787173086,7.231897420239741,-0.14294516381338512,7.123699467962243,7.471451874379832,-0.008558591234551194,7.253957484787817,6.477000288844493,-0.47533149815388337,7.230227807699539,6.333256885658277,-0.47934898126726544,6.692805298813378,5.710158191622522,0.5308104196466169,7.177873982596468,6.170594266207856,0.08363055128885502,7.133622543592292,6.542134944995259,-0.17464180262716889,7.133758795271048,6.477883453871043,-0.13327496785751805,6.803064675453407,6.650256652810032,0.3067826782246239,7.246629544759366,6.1809656310400305,-0.3902155862610407,6.835581526870598,5.521919437748138,0.29849495366179885,6.738969909058123,5.589417672243341,0.41344817416121243,6.656631537054436,5.285613491897153,0.9652147461956705,7.199638246867866,5.548364617853702,0.07983342371794995,7.130461928225492,5.668511418777784,0.28834168858613113,7.053616687374154,7.356515464725498,0.06533886820782721,6.909265446387891,7.621888553039048,1.0133730079471925,7.208866650726431,6.612598241929719,-0.17437182530871342,7.278537146442014,6.643062846558596,-0.23541497106176035,7.14902180716075,7.327165582380332,0.034979392029759436,7.166566505194186,7.311089296221577,-0.005936485477953461,6.698978982392261,5.511551249768577,0.4978175256898849,7.154599654382792,6.62160708997433,-0.13710559026509278,6.982175625801986,5.505785615258716,0.18626328102422818,6.95157829933059,5.3810952091300965,0.19446187722206362,6.884547415153194,4.802563874441748,0.5252473094908658,6.677795729165508,5.384504324967995,0.7050356354133653,6.922661174908107,5.052640417421342,0.3555917755938582,6.659770267436564,5.6686924993767525,0.652704577754024,6.648190992644016,5.638391326165659,0.8855186331073481,7.319848231860593,7.089544772530986,-0.3155004912714766,7.248722031680785,7.145195464679613,-0.23189821728010315,7.200092183807971,7.204707797671749,-0.1493184044777909,7.2372295908596715,6.640306750424581,-0.1749081839249577,7.158274213905728,7.318837286762256,0.010990975877031356,7.188079445125494,7.323324414586999,-0.0744970393560103,7.176383685737117,7.305068101568142,-0.01279136953924215,7.208743812425376,6.532876890512301,-0.29609223825808206,7.2491223151100845,7.246652135711284,-0.13612019235652226,7.298015488766194,7.219810554996282,-0.19912796774403332,7.361961296072267,7.205384114294798,-0.2624064815709385,7.3700439150882335,7.607627308673466,-0.25315365565790693,7.3585437086273995,7.408773984250164,-0.3096904690709327,7.351324487555055,7.326441259984457,-0.304551579046465,7.354258487435425,7.262224361255366,-0.2697500631862154,7.364130733423657,7.205069252902439,-0.24839726751269406,7.249884053770074,7.25263450216611,-0.1272552954459602,7.236897080286127,7.285627881475325,-0.14998212399776903,7.226382404102721,7.327086514048619,-0.16950693882215928,7.218855381310492,7.376243719455272,-0.1536919929138164,7.095337939763497,7.05378611951354,-0.06502125464627675,6.792547175401012,6.937403182969197,1.329033643476456,7.371642224936443,6.62219233682246,-0.3637975417715505,7.2149167900370115,7.278667750382791,-0.06059632363910716,7.200752969151577,7.303199406264162,-0.07510441938042109,7.29831199501012,6.696265244293093,-0.25298351755127335,7.202778389184489,6.709242334235577,-0.10567154920588105,7.288972048326459,6.672491797235474,-0.24623008043190517,7.101280772052466,6.286309357736118,0.13138326243356702,6.973818385526764,6.4196701006142005,0.18884487087926569,7.1380793148253945,6.559993092486558,-0.08926363493263964,6.734254047845209,5.019169804252857,0.7438440669397619,6.766044458964782,5.187186832291504,0.5321883353447653,6.798535895561065,5.41019835592228,0.35386566361238536,7.188949196774343,7.528265294584996,-0.09323085097185621,7.1457644742810515,5.372837863220388,0.08082842939952863,7.107882977750546,4.973173567196627,0.2177200343734787,7.0763841311041675,4.66131888934423,0.34827164532808225,6.875926143127429,6.06047749495181,0.4346237941171023,6.729646199621153,6.257139497039051,0.6125015961762111,7.214624519596571,5.912374391029015,0.27001038860870974,6.746765199404381,5.866800322386755,0.5481209571686662,7.224887165472639,6.056165447004433,0.043606557227429864,7.15132114248567,6.456964232394833,-0.2717500463367429,6.669054442707678,6.419250050101972,0.7376262162849612,6.7655523997933145,6.328659626942933,0.4913285836120663,6.851823009365255,6.340314440230958,0.3554824168549341,6.998907049566368,6.269882205855384,0.2584070888682721,7.110114540219711,6.177723829439775,0.20417870010847664,7.1897292905827666,6.0893536732739415,0.15589366208234756,7.296726392572364,5.830549257214218,-0.06351019793755601,6.683524653378503,6.70613890221582,0.652344975687358,6.701251490961778,5.882496798166387,0.6244992448087747,7.31008117499223,6.566192190886349,-0.4472738447322085,7.174565820074954,6.291475626052901,0.019746371338493305,6.708568841481517,6.277554657900587,1.4039299734953246,7.246042885976741,5.994103866281783,0.13518363855688414,7.14874295009801,6.586910211697037,0.002193826830707437,6.80516986978528,5.951094929633105,0.5488784159022188,7.159747567551141,6.378020856884096,-0.22230341642011522,6.846810641908415,7.276737635928284,1.2011422936020268,7.223514765143611,5.8669951693470495,0.3100439601086129,7.198033583314429,6.261471312069357,-0.31992478801119734,6.928498818077208,7.802585811792629,0.3961966731502305,7.00316262013395,8.020109852009037,0.5271519650015121,6.703606597699245,6.834652473972964,1.004369013427408,6.861736201453839,7.658447066947845,0.5864732014843561,6.657096769470501,5.9106959538982204,1.0142440832846304,7.1897674128141285,8.151728973687678,-0.10572544539292798,7.344481547025596,6.626184581606746,-0.3453442638906569,7.119479195757033,6.428318905362616,0.05725539982501606,6.68452430300088,6.130825013257691,0.8155878119692709,6.93235692908448,5.979942163298091,0.38721950538584865,7.001135788166543,5.965968247602219,0.3402308328100502,7.179967881452382,7.3584646402956855,-0.0551997941769069,6.727104717530361,7.001435824246706,0.6112252515157885,7.360588189775992,8.350527938632927,-0.1729551917193381,7.154380098568836,8.238905339238087,0.14467874360464733,7.079277890851433,8.153892763301089,0.31725704809049543,7.335814387128748,4.9071889264799395,0.11671001999467369,7.538392394749555,8.349793732695588,-0.2667951490261399,7.073930894919306,5.936639544274477,0.3111268697432364,7.145650107586966,5.905519096072727,0.3045226123278434,7.198396450479615,5.885885087970486,0.3136072194826954,6.670395074510571,5.88719359826362,0.7518284682624281,7.127075403339512,5.778766912597951,0.3130933856339398,7.044683377825019,5.743517967933159,0.3203720844468815,6.965057331986006,5.742396185976973,0.34951088258506124,6.8957285244181845,5.780738326136434,0.39307338580164,6.860144951278104,5.8347010505964265,0.43572408819519404,6.6625080084221455,5.912445340737383,1.3076236865173685,6.889112905342404,5.974040277109474,0.4362732424677982,7.4060870729063994,6.800047371437839,-0.30571296135293696,7.162694274841964,6.934273630161285,-0.12923611820416256,7.195573287457093,6.578956078720106,-0.20412034750318023,7.294398818557547,6.82852609019966,-0.26303563075726843,7.382709673474595,5.642021762735631,-0.03335204652081451,7.011144991800779,7.952174623787666,0.22158595514342555,7.097164982999878,8.053312903590742,0.05780443827486868,7.321457837184762,8.202197160272831,-0.2668508983772113,6.95883211279806,7.863987313138921,0.7757998508870482,7.1923131307084045,5.830858117884974,0.3116366442803192,7.243045349044102,6.045607000851686,-0.10869600113982968,7.501724455917404,8.202318586639391,-0.35734850890468883,7.2407361301777176,8.30354440638115,-0.027432839315473745,6.7565957933250145,7.149760954868822,0.9129231344562799,7.30008114893221,7.226713502741772,-0.18760113308108425,7.286876031568802,7.26978032870474,-0.210464786910038,7.280573861950885,7.326489971724531,-0.23385685722370228,7.279072975582823,7.401933161622448,-0.23007188001096998,7.270168610690834,7.578516043257936,-0.17949721370957378,7.192231944474949,7.271327102943887,-0.06703087314665798,7.172010218639213,7.268020352356866,-0.05353505722300858,7.154119596654531,7.258659932623029,-0.04111162209433135,7.055747296526935,7.196877208963119,0.01492408969955385,6.784916375423409,7.006563264364879,0.3637953356239022,7.26250180638361,5.93271083654246,-0.0036190121722596094,7.252335172053194,5.738486539360638,0.21768605969969554,7.217696889057439,5.767875602888036,0.2824376403728185,7.214426142800039,7.273734451257664,-0.06462085539422545,6.830279712842307,7.392558622543663,0.44050251575541294,7.298175037364116,5.708910041529044,0.06880325355968389,7.2309337749469815,7.7753961892246375,-0.15266374058717852,7.3355454136074725,6.01661645583547,-0.3385353862808881,7.282122754091773,5.9468633619519355,-0.18098286662812482,7.350623462078344,5.896923944835117,-0.22708250582462866,7.195357261479376,6.2765550082782084,-0.12536222221046728,7.480109856702463,8.013898752166039,-0.3778144773465638,7.474194557136145,7.7930524300831685,-0.3362559724692324,7.343438833401124,7.802581575989144,-0.27139185620457185,7.054518913516385,7.5796935966266705,0.052273990135050095,7.094583966743229,6.732127674495913,0.028264344637155523,7.139998839771191,7.704196568451095,-0.04987638196313901,6.907302151472753,6.781579974211996,0.136739458001388,7.020852041453111,6.907816095628891,0.04779793717150127,6.866341225808905,7.059710596654075,0.19901346868108877,7.316859166534923,8.020522136881542,-0.2873665713256015,7.168897609045239,6.383841556839258,-0.05791862847714247,7.001333458995827,7.741855685298655,0.1391366911281989,7.099978262480935,7.866655163367005,0.0030078537752906164,6.977374342552131,7.421729189207977,0.12974634500151322,6.774833045228191,7.257192932682845,0.5823020381257964,6.902713364364379,7.497243681797888,0.25014535272474353,6.80819493944057,7.4334891916158705,0.794128790286486,6.971954631993516,7.132364509957349,0.08809655524986604,7.2121296313441094,6.165687793838132,-0.038837376183541675,7.178026471521916,6.508669979564753,-0.30411061425453134,7.158188791868787,6.577937367982046,-0.20658719561903188,7.185225219544084,6.3845898821215465,-0.37597141747825685,7.167401664447909,5.632407900759962,0.23203427040557115,7.008876719034747,5.580031484704972,0.2630675095907858,6.880660359488777,5.589869844265328,0.3092200742693713,6.789868735664216,5.646229327530387,0.38122615231573453,6.7445364608042055,5.740365824173329,0.4617731765519897,6.768218838086904,6.007236269018704,0.600003328519305,6.669295177539055,6.528686268931484,1.0522723327566972,6.828968731663807,6.1731046857397605,0.4715504699454414,6.9023512031664405,6.1834414581768105,0.3773779689728797,7.005375827454682,6.149018495191525,0.2990379969054173,7.107709309807675,6.0876106401400065,0.25280168686210397,7.186452896587387,6.020929209750094,0.22022526945841,7.2378247212492655,5.960215320502812,0.20268010813396856,6.755409062382064,6.6110500557560785,1.4043451704827266,7.1796854945534045,6.628689353400671,-0.16812985042937897,7.226622432966852,6.151353834846064,-0.20006902208487387,7.214409905553348,6.4818255749807605,-0.40332808954617455,7.286231483471887,6.564298786728709,-0.39957221142092275,7.2364424373787735,6.523937933225187,-0.36135955006693804,7.216087283733271,6.6758797340559495,-0.15857100977605765,7.291007351900834,6.56712759748921,-0.42996974916129205,7.322871889581389,6.618172559315524,-0.335149523239202,7.245838155474983,5.860134579636405,0.2746179279720947,7.273968832383815,5.870570187488097,0.18882475081271358,7.284465859386034,5.875525371597894,0.10227157784998435,6.844516954321475,5.881949673549619,0.4739818652685856,6.781375949677486,5.852808757509697,0.4955756384497261,7.417026035405517,6.026995586307366,-0.3401394762359358,8.134534435408975,5.685990108873583,0.024082420793441455,7.45104942092875,6.573580138130833,-0.3738584133837092,8.634681873630184,5.1014958218297135,0.4519174766711189,7.867106982405367,5.842841911910307,-0.006567931126101028,7.959275242362441,5.8423689138545205,-0.03285340475630176,8.057519056451003,5.8224013362278635,-0.03416700573513436,8.194352452219253,5.736403935980683,0.01377493496642233,7.786241258079845,5.8275132450665925,0.035101403025446294,7.958308067233445,5.379169683462697,-0.036423346000073874,7.8452431767520805,5.422612789968553,0.005832707603158307,8.072476384522561,5.391076174074435,-0.039203593935467795,8.15820410528122,5.446735337830031,-0.022276592424383408,8.293669336523926,5.813433081299981,0.02870930531401706,7.881882876894335,7.880036066575026,-0.349901017735179,8.168710309857655,5.639075761412054,0.04784561202218011,8.708435683904973,5.7587372098535194,0.36148988926999703,8.426648151121142,5.713073130387211,0.10740938686210438,7.916977920699185,6.3928496989166215,-0.20548273192188493,7.52778947266022,6.967520451712332,-0.3921821021517441,7.536595708104815,7.1304012150422125,-0.36677820167468117,7.666797247550592,7.025579198141984,-0.3849630575712113,7.767054480228859,7.092979303189793,-0.3538748411866021,7.647581525042462,7.138903884570407,-0.36391654137569746,7.739939690189097,7.155969230842829,-0.32730040289032697,7.932699811299724,7.346423662923311,-0.2906832495770383,7.39222822987186,6.4473023646463385,-0.5158732557645626,7.39449156086716,6.303085963404337,-0.5279907423373794,8.282155010718144,5.341420908774712,-0.010234390640063247,7.711194115807742,6.057688218357166,-0.10683148648564343,7.69465047933118,6.433819802154686,-0.3571449917841371,7.707263996141231,6.3693508731182575,-0.32193765506399064,8.251722174615402,6.355775122949943,-0.1804557407397885,7.402176014355569,6.146926714237353,-0.45302624235617994,7.982870079706457,5.216962059903253,-0.07412563439942622,8.145539758829353,5.241912001378734,-0.05387947547848536,8.44956596587486,4.821588632809446,0.34765277678979317,7.560788499707414,5.440749794522592,-0.0408458971254679,7.758352021969639,5.513278045655821,0.056166103392950875,8.008979572385861,7.201424344003895,-0.2773668541262525,8.793029621264237,7.299581324121021,0.356431854556838,7.631783389979199,6.531603325597915,-0.3087268899626034,7.547032727891001,6.590921517597004,-0.3018493349765443,7.891303303844205,7.2151264623095015,-0.26101768956488414,7.873366793988438,7.20756696502389,-0.2665846825404961,8.209927501632325,5.142195539612008,-0.0015617119269881374,7.721587365624587,6.517248893555672,-0.31594882459655543,7.791621434472603,5.283091070922041,-0.0693416032241807,7.793291752980052,5.14477020216343,-0.06950638590739815,7.909863182779461,4.514185431435797,0.17025301383384686,8.31531641023225,4.968026359995525,0.1508922150563663,7.829527639856768,4.801076401451387,0.05009805016346676,8.36110685783585,5.279327912509551,0.06703348191625205,8.49187387704683,5.190942578047896,0.2533888309972111,7.532135407035474,7.055798832135998,-0.3916408458877207,7.654524712921056,7.085228488780124,-0.3814082918655746,7.752015965923844,7.125388141618125,-0.3494830630632167,7.614303640932528,6.569332333202973,-0.28559161523519627,7.884414475443663,7.21071346104574,-0.26246388553274613,7.825924383025823,7.2248208045513795,-0.30604578078715305,7.863368179862913,7.205934768747803,-0.26562809692021183,7.548928955917631,6.457111073582301,-0.4204656209696475,7.732962615882625,7.177248495615234,-0.31072479933434155,7.6440453351000235,7.168648402606893,-0.3287287511237145,7.541746445142153,7.179148253478101,-0.3340323521316011,7.594952372712887,7.568025369960944,-0.3211854249003644,7.561744379360451,7.372057333677939,-0.38542890770861726,7.551185933207704,7.293070894165108,-0.381252140735031,7.546264635525784,7.2258218661082525,-0.3472888286122602,7.539821978425626,7.179610662025176,-0.3208939266116002,7.732967557653357,7.180839045035726,-0.3020534036340081,7.743037474470873,7.202602603339876,-0.3257435465564284,7.755229528834201,7.239423031097475,-0.35184708263718306,7.768621727518181,7.280712937498631,-0.35068790647835935,7.852338147588876,6.926481869651265,-0.31755900351911237,8.888191182350466,6.512513971227076,0.5971968880959572,7.803967389695873,7.194684474692563,-0.28177681090625956,7.81092399095217,7.209982784944637,-0.29765990471545706,7.520962769377453,6.657423632306067,-0.31880796988722016,7.700143610483528,6.626678758679955,-0.2479932998168217,7.532717124047367,6.628572868804843,-0.3103578949189599,7.8243557238020065,6.131725121498179,-0.12359133646247306,7.98662300159386,6.206295735878259,-0.1569346659423924,7.7424423440812795,6.44740120006098,-0.2831628893507065,8.212638415862504,4.6175845713488055,0.23980824936554657,8.100019696681523,4.83212307607578,0.08646258854029178,8.016218560541134,5.087628507188205,-0.04229721687124295,7.839670271300771,7.428068775090009,-0.3236841297882569,7.5677535725706795,5.24468151089045,-0.052065773920007594,7.587577132878859,4.838267109030269,0.058390104291051494,7.629296267366459,4.501390834026777,0.1699211540738578,8.144471630383972,5.789580212927024,-0.014788495728565129,8.41905617934215,5.90529459848804,0.03802491267374891,7.731732114970333,5.806598965361116,0.06600260427391272,8.2776262308258,5.5302554990059365,0.024529124326945113,7.62647239837669,5.968575384647023,-0.10840505438797753,7.601898384460472,6.365514647095656,-0.419324557283016,8.569578280038305,6.010976483495653,0.08026698688452368,8.3305518893993,5.997880791055599,-0.048409459238121656,8.177039311442979,6.053285806602116,-0.10141790901749127,7.977116446639802,6.054986481701205,-0.08994761240339791,7.83668967758207,6.019201001928356,-0.05967320527864694,7.727141209960216,5.967476193642756,-0.041354775415068566,7.462623753950566,5.791316186388485,-0.1284919735716672,8.567293064058335,6.328313702991686,0.001802843003166213,8.366426321045328,5.514060963333234,0.051025073405264396,7.382818392430702,6.54820132155253,-0.4795417544487702,7.699303509459072,6.18580150668501,-0.1661342244204568,8.842457918093908,5.792565748416458,0.65362979195475,7.641734704299145,5.90098890424589,-0.018172964760705984,7.76851724436556,6.4731372360664885,-0.19188008881373778,8.232257245668924,5.643476761232609,0.05227242928558896,7.617108448806616,6.288240884125121,-0.3724744969639575,8.867425155766952,6.897510385750729,0.49934457696905554,7.729474431713013,5.765261406170757,0.0964856578124976,7.503980727240229,6.201297487766368,-0.4288017704733518,8.432250707196845,7.590990484520241,-0.09484684309346629,8.502564339074848,7.830800498803907,0.028342075491857303,8.763357817854239,6.417709629568053,0.29106019196421945,8.58946678933325,7.388301640041586,0.010328660707915552,8.60967368985679,5.45152850245654,0.33643586174847123,7.9314093031713995,8.069969494826895,-0.34119798587756955,7.402992818460859,6.61035679591909,-0.3650625468330611,7.796519435235357,6.293962042698393,-0.1721501463810126,8.539600086842917,5.738250746299992,0.17012017065320706,8.034606183468016,5.742444191749799,-0.009658647462349611,7.954911658806,5.760504598857491,-0.010646934734918203,7.840981958446519,7.248209499459142,-0.30365215471174706,8.583280398343913,6.648737411293537,-0.017610561192631765,7.754529209324739,8.315295937182073,-0.30041882471846143,8.130789279161293,8.142259129030489,-0.17737675283597498,8.302926685039637,8.020395062777004,-0.08929083673314266,7.875978872803975,5.764821941559224,0.012622957743143324,7.809097653683036,5.765214812332426,0.04868817290126422,7.759843024796236,5.768299889203749,0.08416422943570666,8.466744972874121,5.487349280591761,0.12943639228767134,7.802758773768252,5.6181996039379385,0.0515667322912336,7.873947099065836,5.541453198501242,0.017230868015101635,7.953064848486691,5.513294282902512,-0.0046655993094073854,8.038179789674569,5.525901446007336,-0.00956605130902542,8.098974865155308,5.564418313060539,0.0032823823074023192,8.758019293529081,5.405685107309382,0.5768098335554603,8.092243467450945,5.716939360017829,0.005658175815598987,7.739641772010676,6.837578002246365,-0.3204443578438384,7.620241531450764,6.493067397429031,-0.3327861655095301,7.530804658774046,6.786927676111372,-0.3414336245078799,8.269457483805647,7.786632363934928,-0.17709064857821075,8.110007721298336,7.937791247088278,-0.2573060888229329,7.721974235676186,8.162038919369326,-0.3938717465125912,8.663550286312594,7.613244690061364,0.1881790113960687,7.752942900919736,5.707779434982265,0.07766592777649033,7.523643327015991,5.985954180377309,-0.21178035687564667,7.946545240956562,8.23820643166312,-0.2658805905185549,8.757849861389694,6.774615607315979,0.2266806560304986,7.642809892417,7.1705192158126145,-0.31782010109328357,7.651474934412105,7.209679219028238,-0.34537144362968347,7.662009377678439,7.262937388175282,-0.37630203076482466,7.671770786808824,7.326767416852776,-0.3804570451225991,7.727952366327527,7.506188286822981,-0.3444606796960535,7.817672331870471,7.185022606944068,-0.29750348884719563,7.828268194287332,7.17063075863771,-0.30622403751713223,7.843124569042507,7.158334927089008,-0.3112945590259804,7.9487930406724185,7.052474432367792,-0.3010090574602762,8.389976682452755,6.703345389817692,-0.16396969574758408,7.541376518304493,5.868244731375022,-0.10893275387470239,7.628093299176817,5.649026722748377,0.08148829919186057,7.698097717400441,5.659063812088887,0.08619044368177191,7.803818430606663,7.1920335676784175,-0.28577198986691776,8.467313276508312,7.114297396160807,-0.10045237746849331,7.511902385723779,5.652208517132599,-0.01248992979763798,7.813199323390676,7.6966780172658344,-0.3385809432298246,7.4390973954295525,5.912251905711583,-0.23577863244009903,7.605482580175736,6.192029549741945,-0.26319381154364846,7.640866364584791,7.767620665961308,-0.3615890556067862,8.060146666545982,7.427512472899025,-0.2750760345312553,7.85809178065553,6.591965643155972,-0.2133119086960197,7.948210617693278,7.587227679091375,-0.3082682539280072,8.094818835969615,6.552313580768882,-0.24205137204838845,7.963239248456829,6.734410066606894,-0.25487136221683987,8.224062377860614,6.808487915848259,-0.23647923874875604,7.686858012853913,7.977246344613332,-0.40681737678961094,7.692771194518489,6.281808110566427,-0.2303448907824418,8.185186173478463,7.569292581170103,-0.23722330616608372,8.038174141936588,7.742071711276372,-0.28755786638818187,8.132594437413003,7.22997648335945,-0.2641165548590085,8.584378883380932,6.929495643830596,-0.021463662865899954,8.305398982340181,7.271365931142496,-0.2051907482806381,8.713990940175096,7.101681055481766,0.1415264454144822,8.067110327474753,6.93824963769888,-0.27111469787552134,7.609681673363523,6.0822212861730325,-0.18616367345790938,7.5701122091443835,6.424399375204817,-0.4385159680440634,7.662469668323771,6.480758152502628,-0.36107572917198977,7.495069302675765,6.321513120497075,-0.482154539231554,7.6806116146485435,5.504901744264918,0.044556824992386446,7.8228018898903855,5.369995639082185,-0.010018799687085302,7.9628142561738695,5.317253179009397,-0.04998538220307027,8.094921201220494,5.330629493430309,-0.055919814584868575,8.203999494655552,5.400647325031634,-0.028524893432099248,8.313379236105268,5.678035622913027,0.06896488145176433,8.749396609568821,6.083715818835867,0.3239802168641295,8.228281944098576,5.8759948398174435,-0.012236857085537288,8.1118390003382,5.920773989339083,-0.04396305138359629,7.974858057415235,5.93928833338688,-0.04755239845361938,7.85071936469049,5.927019328593581,-0.020204497201445813,7.756329425805716,5.896506365208255,0.01462581853750949,7.68346089845922,5.863365085760701,0.034961806275318266,8.87490558472085,6.153120164899165,0.6573396939630122,7.676586189403627,6.536129987588515,-0.31996732253785576,7.506938024039765,6.090997165025987,-0.30677111801094703,7.469832385514199,6.427254306753473,-0.4890904909458625,7.43647049130182,6.5294931894953105,-0.44867227760348566,7.485608635592792,6.469026388784632,-0.44914796715940286,7.660800055783571,6.598788110635254,-0.2847317250663351,7.413271701583619,6.537506623721027,-0.47053621562563175,7.4308036922066005,6.597755986519493,-0.3693410392747085,7.689050041157221,5.7682857698587995,0.09704288658549437,7.62612718039269,5.791429141148076,0.05821073345650995,7.575053273909233,5.805085724566223,-0.00615847150142679,8.136504789996586,5.60126733249166,0.02144132010559223,8.220474652309113,5.535468008177427,0.01261649097284937,6.954252503263902,5.836851426832135,0.3375264046539577,7.040050820747303,5.818065285394073,0.3377161554131843,6.948444510719194,5.715529543424687,0.3377936132571146,6.874954026227701,5.855929838710639,0.3377308262950452,6.962718462495229,5.966363589260786,0.33769482196542566,7.931681100561665,5.622095131209325,0.04225598948706615,8.028710650984626,5.604756928595767,0.04170060560504023,7.927426941928577,5.49334047163718,0.04169289236132501,7.840007723645049,5.636839963139405,0.041579995513110014,7.935527916092978,5.7550188803612405,0.04159441544567593
7.389574157982779,7.007520230949582,-0.3647553915361404,7.297080234282784,6.444573070894991,-0.5049342111241742,7.374416691239227,6.658820335539008,-0.30605103633750685,7.248002601787562,6.044548610146184,-0.2787446146037926,7.284339399791571,6.29449119494401,-0.5148808145736187,7.29630003948803,6.131611448600755,-0.4514151278797828,7.346206452915945,5.757635847183807,-0.1308916277308268,6.834709196352537,5.947778402160505,0.4737570937345411,7.3443453925887505,5.486111863230395,-0.017594746179115783,7.3287767040400205,5.302564348368912,-0.0013441029358877057,7.306412997648901,4.55917249688522,0.229763780306397,7.3936920092099605,7.06951543881461,-0.3632438961488549,7.40486118776084,7.12953410625647,-0.34009466985184944,7.4168746384768,7.176173982091551,-0.30457001730939137,7.420132726306514,7.174755830181232,-0.2951182091034832,7.4181582983241245,7.227555583330846,-0.3189876676835174,7.420988968969348,7.294279137808481,-0.34979832060700033,7.427888200556885,7.373388636726285,-0.35334165395579087,7.450965207784724,7.565413728511443,-0.29021666435150717,7.323351251970009,6.5467595770406355,-0.46728404707437227,7.287067969132427,6.590681445738761,-0.3240131422945877,6.610007462288214,5.5821282819310705,1.1377183553018646,7.0757760091396555,5.9933768446910385,0.28202827176878115,6.988909627677627,6.030557914860127,0.3153287882249782,6.909938845704376,6.050726795280808,0.36797620358792343,6.814960691647079,6.011916329123399,0.4897321190691436,7.148719293420589,5.945015329620243,0.26175823624116523,6.8874399431033355,5.620189183685037,0.3240597040101139,6.998899360126329,5.609989967525649,0.28822249825057916,6.802574043059983,5.674006077070228,0.37815915835422376,6.761121617633698,5.751105236512383,0.42977136771200314,6.768269413086351,6.1189297624513825,0.5423667497644514,7.173709467848197,7.94097330843994,-0.13135597962208012,6.808643085420973,5.917041684664323,0.5189481872679937,6.63713753922598,6.1990497122089625,1.0709296672335122,6.693742502367331,6.06179387252732,0.6870816618495182,7.002632747131547,6.550597177791,0.08950184937642434,7.290014824020552,6.991349496778547,-0.31026159290850247,7.321382457163033,7.1435283222771595,-0.29188100363106356,7.207168417362896,7.070835010155195,-0.22099690901881802,7.160352504796146,7.157305661044434,-0.13102730804176,7.256789651285509,7.170102827289781,-0.22063205088784438,7.208725286217769,7.20776623810364,-0.13855177809099967,7.1052100548214945,7.4454468083203915,-0.005891487312511719,7.234023876999259,6.462838642172877,-0.47398286084290553,7.2105715594595035,6.319106059059701,-0.4786391644230763,6.663262094352458,5.700788305426218,0.5274463604892727,7.156563490183721,6.154552555471746,0.08253045373119874,7.115369486679525,6.5246120437560045,-0.17318319825238215,7.115710997938962,6.460660011581752,-0.13217035854966408,6.779097080377794,6.631557878979027,0.3074784301762379,7.22647119706377,6.16708989150115,-0.3906409547947868,6.806128576745826,5.515051597769709,0.29449347674738446,6.708967567215844,5.581886759535221,0.40957722602032764,6.6264929501354715,5.272432845156204,0.9586666425304534,7.174970594993868,5.539449584631986,0.07627288153173956,7.108170288501225,5.652358136030071,0.2855952160442067,7.034153884304043,7.33158695442437,0.06817062592227789,6.887164621655007,7.600912591672711,1.0169514361837475,7.189359837440421,6.59543866237536,-0.17264022395584752,7.258218365399727,6.626116231529702,-0.23344666677421744,7.132628127852269,7.29867019804321,0.03796631501758219,7.150361364053589,7.2831106634045275,-0.0028672849101235532,6.6689276605244645,5.504257377457282,0.4935507078524887,7.136921311664191,6.603091331174437,-0.13529044458404577,6.954533174717474,5.498812209273324,0.1823306939607148,6.922820509580924,5.3743112870214285,0.18995377758657583,6.8551435401645735,4.7933115601342715,0.51739915204768,6.648849615057324,5.373007206913231,0.699722727523058,6.894358186657893,5.042872145224377,0.3493296668181169,6.630518558115258,5.658206780403013,0.6486279781380171,6.61944443939948,5.624081355822219,0.8808431799558502,7.300776301500887,7.073983251064347,-0.31054870881785324,7.231599499130725,7.125800719251252,-0.2271676566015298,7.183739336671721,7.181929679070172,-0.1450441117755819,7.217675697802703,6.622916587894902,-0.17318862238417668,7.1419918736831605,7.290617573789783,0.014024688253998897,7.171542807754826,7.295407181185009,-0.07201376632854282,7.160063100409284,7.277503541427434,-0.009819830184547516,7.187800856144768,6.517205122234336,-0.2947337888907029,7.2308495826538195,7.22168863113781,-0.13158912927087885,7.278921693337752,7.196339341777599,-0.19394261589403547,7.341919606426363,7.183711170794654,-0.25687818997504425,7.3517797758405585,7.581738670859418,-0.25211472403447044,7.340140227142662,7.380858227324427,-0.30855183615217574,7.33272978488636,7.30106570588775,-0.30317609245426874,7.335306962637982,7.239441583453077,-0.26821262300777726,7.345256558711864,7.184229422932685,-0.24721986867829784,7.232381102219332,7.22813016722301,-0.12535285201480362,7.219361425545157,7.260103366722429,-0.1479871158602012,7.209200585393273,7.300164397821609,-0.16740559570296398,7.202045748471353,7.3481872182206756,-0.15155884613426893,7.075718269091669,7.0332039900999614,-0.061743816409911244,6.76930239662778,6.91671837231438,1.328800770388939,7.351524874653103,6.6083752497121875,-0.3616057863423171,7.198048306368633,7.252335921974304,-0.05818299491205907,7.183900586317929,7.276116371981889,-0.07267894312374232,7.27820064688484,6.679498314187673,-0.25047619614069494,7.184813864881823,6.690202051620021,-0.10345502683404396,7.268728462427241,6.655582667970167,-0.2440612195973851,7.07938757872656,6.269847460804325,0.13066344011740197,6.950487146476814,6.402447481006808,0.18852741796364333,7.120104170614471,6.5420263013995426,-0.08782112217737927,6.704060367283864,5.008089399487535,0.7366047112850431,6.737076408381685,5.177451170364274,0.5264216066650497,6.768379260006912,5.403495360544298,0.3492753814909887,7.170341533097923,7.502867173602829,-0.09090739265583708,7.118960636005555,5.365573175734886,0.07636665959938789,7.080630398052136,4.963643645475965,0.21123780669319164,7.048145987883952,4.653036690504521,0.3401401313378027,6.850303234190627,6.049591006288086,0.43267557770188103,6.706429821692117,6.24117037306866,0.6113174329527858,7.196751971876629,5.895976425205988,0.2676592955509614,6.718245407121682,5.855715416379633,0.5454968148810596,7.203332224906384,6.040813110700186,0.042098796547509094,7.131646547036487,6.440879820264594,-0.27071733963972583,6.645357750447955,6.400564592124885,0.7368130507569723,6.742174432130794,6.312775074041989,0.4905340984094407,6.8284134186811585,6.324754725705469,0.35487552801258965,6.976204704679674,6.254934333044328,0.2574954407700471,7.088952710578479,6.162736151053534,0.2029881533278451,7.169043086165138,6.0744135937471455,0.15433189775675835,7.274430644239435,5.816833127235703,-0.06646980853123119,6.66067787513157,6.686618647910185,0.6527298100226162,6.673479970405403,5.8702891453209745,0.6216507450925223,7.289562761693627,6.551833659794237,-0.4456065318632953,7.1539891290198065,6.275401067614991,0.019467653228237743,6.682214208883849,6.258155805233854,1.4010613842244637,7.225434692787707,5.979995236496554,0.1333110105570992,7.130400206976277,6.568985270634126,0.00369964537096828,6.777284606188539,5.940462315592378,0.546635992580867,7.140527248075681,6.362244916375367,-0.22169903152307638,6.824305425510951,7.2556341461788385,1.2025377204530454,7.205575637014762,5.850537119880883,0.3075072341864571,7.177997722631633,6.2467239798793255,-0.3197833097014744,6.906694136666269,7.781407981680533,0.39991179724054016,6.98205475734647,7.998509153818352,0.5322624174034324,6.6815565356543365,6.814427652423588,1.0045058152915423,6.839748775906733,7.638340817413062,0.5900623178793466,6.629273626348901,5.894306540769384,1.010591141050212,7.170349278714116,8.125802018634504,-0.10166465625690897,7.323984280057087,6.612107932570479,-0.3432371015488572,7.098543191719759,6.411358460363848,0.0575518592198459,6.659606867656101,6.114477441434032,0.8135289342251026,6.907299703023208,5.970470241019454,0.3851367702965364,6.978248139060878,5.955057873088446,0.3380483968783476,7.1635289115823655,7.329855457131683,-0.05256482663005358,6.704461731032067,6.981253438143916,0.6128576223273333,7.341416141373792,8.32240265714918,-0.16801017185328673,7.134751130836187,8.213634489679928,0.1497713251517278,7.059272213472306,8.130322641903742,0.32240181207585494,7.31025623157468,4.898236141604281,0.11018526315917995,7.519321678985312,8.321208423961544,-0.2621674116193364,7.053305272415682,5.923570534968431,0.30884905216900593,7.127182255521384,5.890384794461282,0.302149578262729,7.180843884509243,5.8697441355997295,0.3110749486225836,6.643024207532963,5.873324018574933,0.7489554923880621,7.106011374024048,5.760973503616235,0.3105463323219757,7.021093367108121,5.725617934354544,0.31793237148634984,6.939139818753486,5.725712290042718,0.34707916923128856,6.8681082933784685,5.765874718299339,0.3906872964643984,6.831643340633805,5.821669560401553,0.4334505354038671,6.634321655666217,5.894574468674983,1.3033756091973794,6.862615243203496,5.964937758616588,0.4342379036954357,7.38602525747235,6.785802671560497,-0.3025663892341362,7.143594512088267,6.914917164475951,-0.1260220446479443,7.175714878295361,6.562102234425903,-0.20269049721918575,7.275053110122614,6.812324365553618,-0.25984487100007286,7.359781701515265,5.6296381312940555,-0.03655875006632921,6.990426360157679,7.928980277984854,0.22556869296319668,7.07743850003353,8.02871776111953,0.061944729332223225,7.30264862817891,8.17492542067996,-0.2628511162805439,6.937091455343795,7.843188424732927,0.7804554171343917,7.173404572228948,5.813897538698405,0.3090184875232365,7.221394297722461,6.031139540221559,-0.11017714346493176,7.483160213566045,8.174221273753288,-0.3534935956598119,7.221272480304147,8.276844350993468,-0.02240468306627603,6.734935097577674,7.129191890850107,0.9145585269702231,7.28181292061867,7.204372249917079,-0.18598450136092282,7.268569325221813,7.245950717643238,-0.20870186554596346,7.262613650516017,7.300709407542854,-0.2320313094470142,7.261458145409347,7.374216713512052,-0.22827853639672152,7.251619100402952,7.553241844736982,-0.17767475345630304,7.175733186115454,7.245335293229326,-0.06334572316235192,7.156014255580916,7.2423511185540885,-0.0499852448768153,7.138628163814445,7.233615471781789,-0.03768621032118494,7.035960021170958,7.174296022238115,0.017888870550846044,6.761773657687797,6.9866345289575476,0.36557427040267765,7.240425980856566,5.918147899486126,-0.005693989915380187,7.231850879583548,5.724484961949528,0.21490377163018046,7.1979828207044525,5.751809735512519,0.2797208042946668,7.19729346086324,7.24773643424928,-0.06088497720528535,6.807582640149405,7.3719683723751865,0.44317612473670215,7.276179745205289,5.697026752543933,0.06588594420261877,7.211826349282834,7.750274829464634,-0.1503277222490521,7.314556456855869,6.003279262920834,-0.3399253005113932,7.260301232008824,5.93316524099127,-0.18296460223145175,7.328975977620269,5.88379116263992,-0.22915935818821448,7.175047347008875,6.2610413993393585,-0.1253191849898721,7.46180907045548,7.986613295639146,-0.3748558730936542,7.455754111033023,7.766416693611674,-0.33426219885362946,7.325034163124756,7.776709209238847,-0.2692578190974653,7.034698189878361,7.554762802098594,0.055150679691857545,7.0748979379220955,6.712976275669391,0.02995420121703033,7.120691429151316,7.679210913330989,-0.04726449816822277,6.88388400112364,6.762614409118244,0.1378851819996511,6.999540837976529,6.887846940026953,0.04978388086037842,6.84307798257604,7.039239233408472,0.20092740133316359,7.298271650882714,7.99395332320278,-0.2842857008019189,7.1495023048030495,6.367526722472338,-0.057547656342877326,6.980655617403171,7.717599595479322,0.14245104670892744,7.080335360489861,7.841997008132997,0.006333470848903996,6.9564329631256365,7.397872529513616,0.13253780222013412,6.752438781880899,7.236755967074749,0.5848212202765742,6.880647037701726,7.474930144287097,0.2528983515454911,6.786672293014938,7.413158855144749,0.7971732734674507,6.950330825859092,7.110356664708544,0.09040549543040764,7.191140625017976,6.150448787183098,-0.03970478776576228,7.157543662705649,6.492958526961294,-0.3028904728571372,7.139162611331789,6.56063408808379,-0.20494984065178037,7.165347723093961,6.369732814793602,-0.3752777891302798,7.144572572169415,5.618969249134577,0.2288638365249266,6.982068136138077,5.568025979357136,0.2596087837383144,6.85152352081455,5.579505686702679,0.30584219075997404,6.759983012053269,5.636823950680749,0.3779917474224074,6.7147817083893795,5.730649064145619,0.4586181548569964,6.741503380109675,5.994970329186098,0.5978236893602287,6.645982328771914,6.509202492412703,1.0511238625718966,6.8044203163017185,6.15951397471708,0.4701534017913799,6.878907090645918,6.169812123519666,0.37591781467744223,6.983165197049832,6.135320894610466,0.29746653910393606,7.087059259492657,6.072924322997233,0.2511723994098509,7.1668912131572275,6.005234678936204,0.2183001143080281,7.218398856696395,5.944671705920026,0.20069457075094102,6.730867944929213,6.590841991238042,1.402760138685061,7.1612115640466865,6.610798219286868,-0.16632591841846042,7.205644643413576,6.136848189294418,-0.2007421006684914,7.193928342700672,6.4670712693491055,-0.4021383978410445,7.264823263571915,6.549404352897217,-0.39796544711685145,7.21532736780225,6.508755359114265,-0.3600498416802854,7.197567374017716,6.6575648415687505,-0.15655546172364143,7.27018886315316,6.552437817857323,-0.42829059073439374,7.302055736466651,6.603549026676774,-0.3331382703357028,7.227695004422326,5.844050518392376,0.27216119291286783,7.254318095572888,5.855704854175733,0.18654971129712625,7.2634684848849975,5.862209411410871,0.09995308412178691,6.815854254097027,5.870490179268539,0.4717904993867106,6.752361325718965,5.842282757532964,0.4931319164678502,7.395918521792099,6.013536571201673,-0.34112056791482837,8.113345659501666,5.6733093236862855,0.021672546299268274,7.430958985304104,6.559713063903703,-0.37204135381856124,8.611402863675677,5.0919645648050595,0.44569402211893433,7.842488502687814,5.828139966510747,-0.008682987722008659,7.935682348432922,5.8280603979080325,-0.03500052792908156,8.034743850517993,5.808983649370621,-0.036368418601934835,8.17305027741423,5.723399167388599,0.01142318511416355,7.760538475067812,5.812506144371301,0.032822441951595366,7.937271608046423,5.363136475295136,-0.039209764224589695,7.821830240153096,5.406340114128055,0.002855282265037286,8.05279324868939,5.376273040359138,-0.042031737555039264,8.13879000869698,5.433107203325121,-0.02513368287195247,8.271992778668693,5.800489877067633,0.02653256701187507,7.863655863450517,7.856713678900452,-0.34668603520029073,8.148390347895232,5.626158941329367,0.04524273005788395,8.685335474388586,5.747213064375201,0.35847420290889837,8.404913185722814,5.700263715965846,0.10438823055550392,7.894729163177649,6.376847515340701,-0.2049991529412389,7.506615347693507,6.958839737321003,-0.38781547723314747,7.515438308684713,7.113490822679163,-0.36188165790543253,7.643472640214652,7.014404675451659,-0.3809287002443756,7.743102388869548,7.078934812252709,-0.35037253042111033,7.625440845716422,7.1219370650646,-0.3594656857908362,7.717393984576733,7.13833946357451,-0.3234352577137042,7.912451133028143,7.324889813004789,-0.2883872686314205,7.372683081505759,6.434000304791003,-0.5145480171324001,7.37475890664559,6.289657930439329,-0.5273002940111712,8.261308757350292,5.329617673291669,-0.014339472186534771,7.688235260343224,6.043087505273339,-0.10797270148802612,7.672370125938365,6.419452629285949,-0.35578550588776514,7.6841702201355435,6.354954179096599,-0.3208838693432721,8.230110119470211,6.339905150979754,-0.18043647271419133,7.381920785036776,6.133580243407732,-0.45327328360090574,7.961334420971602,5.20580646295445,-0.07870634729654542,8.124581027863654,5.230272752068613,-0.05844423342185458,8.42629953617971,4.812809740607297,0.3404865056119512,7.537387272536023,5.430694795954341,-0.044538016512981365,7.733252781659252,5.4978454155430025,0.05333144459187684,7.988801080140318,7.181115685222939,-0.27483763337655864,8.770650620171155,7.286540563084349,0.35933992955065075,7.61001650728766,6.517009369388721,-0.3069567453219394,7.525418183076443,6.575882389780884,-0.29988614197612307,7.86756810377511,7.195718284188274,-0.25838882718326284,7.849736991150981,7.18852401503846,-0.2640143670034069,8.188396455534132,5.13127638357426,-0.006479498818970576,7.698393283907402,6.502344101346912,-0.31423430185042306,7.7692980628356185,5.273257049133874,-0.0734702832440692,7.77066692446107,5.13457003082377,-0.07422270274325386,7.885321760237304,4.505813299002367,0.16208530357553244,8.292490495704131,4.959232164980362,0.144883874340581,7.805406013088459,4.792134578546339,0.0434849812875862,8.33928105898152,5.268006929648604,0.06252864867231428,8.469051112685706,5.181166249549398,0.24796914702205178,7.510781080911701,7.042914176218776,-0.386951620981669,7.6317838012318875,7.070965981483556,-0.37711477643441965,7.728753986944741,7.109457469083183,-0.3457517202469621,7.592097376297698,6.554497447617839,-0.28384646715181544,7.8607061919746855,7.191547621941592,-0.2598472474959504,7.80280278190055,7.205098929545405,-0.30409269371147324,7.839895833703806,7.187015028174601,-0.26316003874003,7.528872023751772,6.443316168630881,-0.41919261635913846,7.710748950029725,7.15841962148243,-0.30676262081609235,7.622484132771324,7.149885360731159,-0.3240885080203331,7.520871506370918,7.159921566877022,-0.32892846192081676,7.576125211559985,7.542820470222228,-0.3205996360354024,7.541706509784232,7.345612857056761,-0.38490559005867325,7.5309957308826165,7.269305158760186,-0.38055730674973876,7.525997695997095,7.2049961240941105,-0.34639709290984894,7.519635728514609,7.160731335842696,-0.32024063112575674,7.7105567179187435,7.162537472709611,-0.30079906846655396,7.7207548778577415,7.183245025529197,-0.324472092058638,7.7329359155422495,7.2187776877429455,-0.3505429339773651,7.7463442813199475,7.258587338389304,-0.34928273102453583,7.831431987645202,6.909212870222977,-0.3147097110488843,8.863489575865222,6.4997007337841834,0.5966367176877734,7.78072284672088,7.17605568540787,-0.2799001197104622,7.787824168476373,7.190747006885966,-0.2958151825333402,7.499808359353364,6.642298232051563,-0.31637176185092897,7.676467556904673,6.610952427463809,-0.24589561035973287,7.511270463025738,6.613452149053496,-0.30820141303319887,7.801372659492479,6.116908860771833,-0.12440226466609144,7.964288317328994,6.1907703526451465,-0.15756697978610223,7.718812136487052,6.432534270889671,-0.2817997760910759,8.188981601630196,4.609045463334119,0.23201482800801176,8.076665941944368,4.823669446583904,0.080135914088683,7.994579309820593,5.076787734021023,-0.04739488637491021,7.819943126389613,7.405475203880899,-0.321890425370359,7.54424425530796,5.235974581807344,-0.056631858253261065,7.562514051467405,4.829343462519032,0.05181727564672913,7.603699605208481,4.4934474227496075,0.1617260896222679,8.122528439572404,5.77648480419044,-0.017049724080288552,8.397183060761801,5.891910680851381,0.03591822941585898,7.705327018694346,5.791409198301265,0.06369091468970953,8.257300048896745,5.517624550639771,0.02134515786168757,7.6035390597092,5.954290352938373,-0.10995926500260526,7.580844404262544,6.351689049797619,-0.41835261308480104,8.547491672023172,5.99755384426006,0.07875889976209623,8.308771076795727,5.984112383576808,-0.0496943771846209,8.155154383272848,6.0390935839052515,-0.10250438447385314,7.954736564268681,6.040664535698658,-0.0911914609292708,7.81353398106304,6.005002310450402,-0.061101012783077197,7.703825073299754,5.953596064068674,-0.04302903515027001,7.440210067626728,5.7779881578788865,-0.1314162391957893,8.54520037792378,6.313891146920764,0.001525299314475682,8.345148715321482,5.501750262324865,0.0475280196543821,7.362977824415432,6.534270827149171,-0.47788286661464713,7.676371792922645,6.171395749957752,-0.1663957059802711,8.818031962720022,5.781275115732594,0.6501533804271044,7.618374027160336,5.887848457231407,-0.020115821849526767,7.7445599730077594,6.458089875299398,-0.19056717757807343,8.211755825679566,5.63063907615032,0.04957039781519575,7.595201960097397,6.27446807293715,-0.3719180840972106,8.843016503972217,6.884081162263108,0.5004983495412348,7.702789977317545,5.749790242126822,0.09404581951719944,7.483184858708478,6.187703792779488,-0.42871563142300645,8.413785436998886,7.574697201592693,-0.09106605676254871,8.484214212604673,7.816078063909107,0.03326292986341194,8.739801943313632,6.404514856383519,0.29063935054883383,8.569789188603185,7.373697053080168,0.013727536875656124,8.586574643041205,5.440920417623479,0.33204611644784227,7.913618608632566,8.04660379720394,-0.33722689946542683,7.383005875450778,6.596726547104244,-0.3629806772258281,7.773346203517059,6.278935885186887,-0.17190748206257467,8.517149980952853,5.725278887609352,0.1672785411918825,8.011870341751964,5.728973546533602,-0.011941981178189643,7.931116659760378,5.746393789426017,-0.012924930404502469,7.817787732647068,7.227846396011561,-0.3015268703290444,8.561459834607575,6.633601313360231,-0.016649397298457696,7.73626019318307,8.288514882156138,-0.29572681209404283,8.112800649780423,8.12176303186311,-0.1724985583960376,8.28487655498602,8.002812195687248,-0.08431154937303398,7.851105148629506,5.750219419678629,0.010317763832940488,7.782886690226545,5.75029335510593,0.04640334848149373,7.732848601323342,5.75310783037184,0.08172282471204469,8.444553136959843,5.475555292505721,0.12573964872346144,7.778001318849291,5.601073354993194,0.04910693160874862,7.850702376587449,5.5235573405704494,0.014758933335925773,7.931525769124775,5.496075894316275,-0.0071596119182660185,8.018036556388834,5.509869780536326,-0.012149792539923873,8.079149468154743,5.549736115010281,0.0007126165025204508,8.734125110790798,5.39579833048884,0.5718753470021511,8.070434945790243,5.703956614522781,0.0033392589855650804,7.717879845956137,6.8214120857892535,-0.3175353866518468,7.599002945207575,6.4788206649675635,-0.331415024764812,7.509770630071926,6.7724076845744055,-0.3384251814978918,8.25123593556424,7.768229167800929,-0.17311675538847315,8.092138866511071,7.917474517203025,-0.2532675005717992,7.7037814161903,8.135991024663456,-0.3900150561953407,8.643603502632411,7.6000605738914375,0.19238222630452914,7.727001365244253,5.691918518664387,0.07513214150593861,7.501657449182805,5.972286940090269,-0.21325595779880946,7.928550748359584,8.214492140636615,-0.26109279539086827,8.734501829396567,6.760991350452264,0.22774611330179126,7.621393409181908,7.1524076150225,-0.3168758430320606,7.630082582257047,7.189884426900792,-0.34439762370237936,7.640703934498975,7.240856214628763,-0.37535555335649423,7.650721832824745,7.3024796329165085,-0.37946205021448254,7.708642846572047,7.482384243652851,-0.34299568917596585,7.794526238924441,7.166634199528992,-0.29427631343428035,7.804759606209774,7.15284136952933,-0.30310825229880217,7.819123499366967,7.141414473203288,-0.3082128114115744,7.928441605585949,7.033660277308446,-0.2983705977440092,8.36894958558994,6.687215060357077,-0.16279677803116063,7.518832296871275,5.854355004517302,-0.11105899947222327,7.603474982338873,5.635639575550085,0.07874307846083756,7.672379279848412,5.644074551584696,0.08343085960908977,7.780889729542501,7.173094043434285,-0.2825462158425317,8.447436618624566,7.098090425245908,-0.09808179165956322,7.488848312439705,5.640608740411613,-0.015385248647322559,7.794484694255768,7.673401701185941,-0.3363813950432248,7.417389369880198,5.89899369478678,-0.23776841254585296,7.583340605117598,6.177983044456774,-0.2635025622106733,7.622160225185055,7.742616527490143,-0.35958021968937776,8.04067628837521,7.407184168471932,-0.2725336866370776,7.8352308603146,6.57585351975689,-0.21187186899606877,7.929123219810968,7.565751719036245,-0.30601994384977593,8.073537417149163,6.535774884984543,-0.241209358530587,7.94186405430218,6.7174349340090815,-0.2531581157476589,8.203685597752973,6.791275301474596,-0.2349277738206987,7.668462814642259,7.95172985689179,-0.4038327513833503,7.66971337958403,6.267481527130705,-0.22999707298504019,8.166491148792277,7.5499555910302005,-0.2340823134076796,8.019890575246762,7.721066110799331,-0.28417585388135796,8.112882330823917,7.210761679129705,-0.2617063714190975,8.563401167684411,6.913989802973523,-0.01949915280091061,8.286067267439025,7.25379913928793,-0.2026623533467103,8.691931218650726,7.087781010092495,0.14388780350132407,8.04684461545286,6.920076449007681,-0.26915226307223883,7.587311993784032,6.068155840009807,-0.18700958525401778,7.549945028826301,6.410652200996396,-0.4373785310159439,7.64084265144353,6.466345293867706,-0.35950144325195627,7.474945635519483,6.3082424802749975,-0.481411434882569,7.655976177191576,5.491561256295913,0.04143718174555195,7.799822127959946,5.356134790329767,-0.013580535202417506,7.941706325390606,5.303505792809872,-0.053733039388290486,8.074802065029466,5.317677453856084,-0.05962767335738078,8.184119467101523,5.388048489413882,-0.032217329439355825,8.292439797125411,5.665265501269442,0.06624818378720887,8.726166138078618,6.071426602484201,0.32220405681241726,8.206302911879414,5.86258190513508,-0.014157004613012888,8.089263130462541,5.907192781600955,-0.04580858087781363,7.951643950966735,5.925114729178624,-0.04932907896181807,7.82676842254985,5.912418960090718,-0.022003526986404582,7.731750836264659,5.881684355035316,0.012579609600170039,7.658758261698859,5.848907019745637,0.03284778023865984,8.850338223715758,6.140932241469119,0.6551596010206485,7.6542179223156745,6.521370151305604,-0.31824193207898827,7.485677538828899,6.077372419133024,-0.3074634890586375,7.450287114294338,6.413902543209916,-0.48793306768067823,7.416766903997019,6.515440530036095,-0.4471041643579619,7.465851577961508,6.455230334630181,-0.447907728028844,7.637764825227045,6.58345056094876,-0.2828034055074989,7.393544842502286,6.523573427039162,-0.46892426932169007,7.410659133555062,6.584044156807945,-0.367414690423085,7.662828230935026,5.753280346368874,0.09461518832118855,7.601549140494423,5.777639605150184,0.055817831399140434,7.551692721498302,5.792494288715267,-0.008600078547253868,8.116463622092974,5.587516766287432,0.018908101222613063,8.200679594523008,5.522606390145978,0.00982349876252974,6.928297364376582,5.821809333566498,0.35265491266096205,7.014957430789097,5.802289676612209,0.35285253589685095,6.9215847317246135,5.700015856247658,0.3529322805362966,6.848085875518535,5.842077146630376,0.35286756503281713,6.937702654876147,5.952300433723597,0.35283127946150206,7.908482560949416,5.605314431932543,0.04090747071651895,8.006340675936803,5.588749375482572,0.04049873818075094,7.90410558365322,5.476742132150627,0.04049407320736174,7.816095667582275,5.619779722247177,0.04037774868519022,7.912428600326489,5.738453476607394,0.04039395231622549
7.390338635840719,7.017603195430724,-0.3607775336040079,7.298358796270901,6.448946799614663,-0.5038529064390195,7.375510543345461,6.664104599317248,-0.30469403168011105,7.2507702106514085,6.049557297403631,-0.2800002691122378,7.28576115445515,6.298823726770703,-0.5148490194799381,7.298170635028744,6.135997303547982,-0.4524280689774325,7.349591508419218,5.7640497442942875,-0.13508887067345024,6.842977582404853,5.951382231317687,0.4741947834581824,7.349080583698004,5.495121522207397,-0.023720704234059656,7.334155944048531,5.31189440340942,-0.008681452690328923,7.314235517711216,4.566032753268171,0.2174382417233486,7.39464167907897,7.07993389724756,-0.35877594196341783,7.406285829656373,7.14053168335479,-0.3354194367628528,7.418717156666323,7.187195671409824,-0.299692012591575,7.420340135470399,7.1845656423621405,-0.28823159671025317,7.4184197632423885,7.237989340659773,-0.31153485122220204,7.421417658089346,7.305517380157923,-0.34183590249231144,7.428632619876639,7.384449259433567,-0.34490244183737306,7.451956861942869,7.5803286361381845,-0.2815416541192413,7.324714055200498,6.551512999408032,-0.4663098936528142,7.290102252776085,6.595322856261802,-0.32256355773671547,6.625253883516143,5.586794806944486,1.1367898866071016,7.079686539210117,5.999152635665557,0.2813405656007325,6.994111933834939,6.035059015624963,0.3155707380900633,6.916340734581142,6.054966756934717,0.36884267853192504,6.823116352862823,6.016452899087737,0.49100200452439047,7.151695212332375,5.9519911126406235,0.2602982410706244,6.896698674126419,5.627227627571971,0.3225375710483089,7.006299426426213,5.618847052696556,0.2858330694155614,6.8123249180270316,5.67932574048946,0.3775636349802313,6.770844877901997,5.755592002167875,0.42976490183712507,6.776176113096456,6.12447154656115,0.5446818258611489,7.1766100159100255,7.949537638886173,-0.11822575620455074,6.817477153388128,5.921799337597525,0.5194301643293742,6.649086936132327,6.204158184976684,1.0745513274210223,6.703689637269394,6.0668653127870975,0.6893683513547504,7.007573566972357,6.557675103907748,0.09294990282767897,7.29044756741525,7.000093629053786,-0.30557425367072305,7.322395514051817,7.153951737790757,-0.2862581719971818,7.2066242005672665,7.077247490299605,-0.21480797042687522,7.159016587406432,7.162146970319028,-0.12323836817200502,7.257053527636709,7.179036379792976,-0.21395047577731033,7.208421246138433,7.214753189062718,-0.13072141127961498,7.104738763919681,7.452161231831354,0.005174657482431895,7.235940003984891,6.467159680297493,-0.4728345785236541,7.212713718520383,6.323446774714446,-0.4780056652451539,6.674406251144427,5.700525240439194,0.5276542905315346,7.1605958733377975,6.162088995793808,0.08266407975667972,7.1184632590171155,6.529792003880783,-0.1707153541783623,7.118440003133253,6.466336562953524,-0.12998462259543686,6.7854671910612625,6.638205296656101,0.3132109045339566,7.228870215290796,6.171404034366229,-0.3908144676249139,6.815515202458667,5.51505392884852,0.2925809975579076,6.719424709235276,5.58100832020533,0.4088355313111163,6.640828278466249,5.276890774578117,0.955639500619921,7.179425387304852,5.54617946286487,0.07158205098004393,7.112991079071977,5.662116738793347,0.28264426049928515,7.034196620928245,7.3368973194492515,0.07867408802325854,6.894914313582814,7.60948517198754,1.0294778127869393,7.1934994253839735,6.600440560158982,-0.17077509052777148,7.26182098382845,6.631238397630003,-0.23170905188798907,7.13159437671419,7.30151454923862,0.04810073259596683,7.149139179278799,7.286600480445448,0.006947864602687793,6.680729032659919,5.503090890772704,0.4921345396413364,7.1400658609537935,6.608721064261414,-0.1326124163474647,6.961905353580875,5.501169461459063,0.17892822682308557,6.931681865968874,5.377353021605715,0.18588714265041406,6.8667796271758865,4.798544375398195,0.5099243658459549,6.6615936685838895,5.375684235757667,0.6974732030616481,6.904507013314075,5.048105026932311,0.34344533738675254,6.642796571909492,5.658687905371186,0.6483248435497111,6.6328825181466815,5.627516564310864,0.8802578434329599,7.301274943162464,7.083450468777019,-0.30529610801430357,7.231298693345008,7.1334773985832705,-0.22053255158881763,7.1827925573985905,7.187811599970294,-0.13711812272136117,7.221666529083557,6.628143250905077,-0.1711556743885326,7.140847399596312,7.293802052481427,0.023927848972324223,7.170469757846664,7.299232653725116,-0.06168133191200534,7.158867890694465,7.281337603455068,-2.0427374115798483e-05,7.191548045310813,6.521472035248161,-0.2928819586458433,7.231290236659968,7.229408624238394,-0.12371479446322833,7.2800535967763755,7.205866622532364,-0.18714060395891974,7.343609108476619,7.194350026954325,-0.2510820840498519,7.352138380064,7.595493586587566,-0.24296031897287262,7.340396272884875,7.390462667221317,-0.2992537184621958,7.332753543779268,7.310811264993452,-0.2943491714778017,7.335301824871557,7.248433346685139,-0.25988318080248995,7.345041107143524,7.192722115083975,-0.23943901258069603,7.231737031519622,7.233797643774559,-0.11627575254497119,7.218672157855368,7.265637062953103,-0.13843919346495853,7.208488899618759,7.305501876235349,-0.15733662518374653,7.2015205911451545,7.353068615418486,-0.14108970354672484,7.076339806105228,7.038501778337756,-0.054676620052014596,6.7799583654809465,6.923841109488562,1.336971513735747,7.352605611912503,6.613076961781171,-0.36023976331231294,7.1967714577710025,7.25673640194768,-0.04857143300669379,7.182744636183359,7.280337600448995,-0.06265521609396746,7.281052190334941,6.684703674629086,-0.248273319440213,7.18812590676431,6.696192081256989,-0.1007625364257065,7.272066257755357,6.660814948836384,-0.24217624772936494,7.084370133275204,6.27720350674019,0.13221736362714162,6.956231622642264,6.4094470332366775,0.1916906528727371,7.123005203607769,6.54809720337531,-0.08528825078816275,6.717397218996749,5.0127613688899935,0.7314660378044046,6.748856087348457,5.18022557913383,0.5224710473252887,6.779339618025462,5.403744221446735,0.34650941019867726,7.170272435195712,7.511545483635231,-0.07979864544708985,7.124764898820005,5.371454131427893,0.07080757609202197,7.088766904772657,4.970488514542385,0.2034943132671986,7.057763287965644,4.658951637239392,0.33019157573396984,6.857705604127127,6.053670065228464,0.43387225209810437,6.714159718073636,6.247108278851308,0.6147886257539222,7.199254199554225,5.903272502482555,0.2655433017636137,6.728068146070709,5.8586648983399385,0.546368494074439,7.207009684460376,6.048266243487404,0.041306463361180386,7.134764224156976,6.445279417201977,-0.26888270133694425,6.6546077420164504,6.406595016206674,0.7420579036822801,6.748748264614187,6.318320614132226,0.4944899026061325,6.833678047755006,6.330130374791677,0.358292765739994,6.9805241551456625,6.2609666714618895,0.25971365069456304,7.092462476135479,6.169444902331781,0.20380817960886846,7.1720779374519195,6.081548936912908,0.15388914961604705,7.277923921593605,5.823425539413123,-0.06936095991288754,6.668263174186053,6.693378119309668,0.659941377765028,6.684388663111317,5.873181150574317,0.6228080737509549,7.29134115713456,6.556648321399047,-0.44428000889540453,7.157643785534812,6.282097813207543,0.02031573782339136,6.696182919848194,6.2636530784098445,1.4043654795398128,7.228257810349094,5.986806580229769,0.13195632954435937,7.133595087450089,6.575596228956672,0.006306042261727653,6.7858865016945344,5.94478037919585,0.5475787690304317,7.14338299566104,6.367155151347728,-0.22031115821716402,6.833518075462985,7.263493293295265,1.2128420003549523,7.208264092741425,5.857939385235815,0.30491476437324583,7.180796779728966,6.251467699989831,-0.3192340242959324,6.912234309270089,7.788705583885569,0.41341253590850113,6.987985770246646,8.006300318327407,0.5466057657531613,6.690119476673954,6.821813318642789,1.0124172435313845,6.8454307257904325,7.6466699208356115,0.6028284065731198,6.642768382959356,5.898517378956499,1.0118493242766144,7.1743584235179165,8.133328184324991,-0.08726360248024737,7.325776778620623,6.61664145452586,-0.3419674215627894,7.1029861159449785,6.418479477583985,0.05951719683882478,6.670169451938996,6.120394014923987,0.8166067535736625,6.914054610725118,5.973330852617283,0.3853036600090415,6.983691183693436,5.958662027690293,0.3377429330004249,7.1626522572502145,7.333289838555604,-0.04203549182558964,6.7106988197206965,6.988989296871486,0.621851675527124,7.344943855265555,8.330689595083005,-0.15380700525354155,7.139802294270022,8.219992292622925,0.16462529667112227,7.064888749836256,8.136862373948285,0.3370432304037694,7.316835243637503,4.905953436824919,0.10028158448662933,7.521713942673018,8.331792487757074,-0.2493273879717415,7.057546233049597,5.928536496680015,0.3077589853967275,7.1302490590689525,5.896712933785922,0.3004545897606041,7.183432446566676,5.876815410970593,0.30880393656469646,6.655092591958788,5.87675057638528,0.7501967583102792,7.110945970739614,5.770929962298717,0.30799293166023856,7.027792796181113,5.736663474513469,0.3158436423635669,6.947305591581718,5.736392508230287,0.3455679873546061,6.877426593642231,5.774938783369924,0.3899877385717083,6.841177717938673,5.829090813666694,0.43322571209959587,6.6496634001626065,5.899644232238184,1.3043051012325901,6.870272942821483,5.967886861622279,0.4346068825657877,7.386737497460852,6.7923875783196355,-0.3005059024588984,7.145082084630483,6.920562029863999,-0.12089779339472163,7.179902485285903,6.566781544249164,-0.2008536472953626,7.276055698923346,6.818661089293838,-0.25663224608282814,7.3638854203093995,5.636873886308489,-0.04191600260980833,6.995854715677093,7.935517864536063,0.23967892697349363,7.082060048811564,8.03521372448184,0.07636345849984028,7.30559349032329,8.184601065727252,-0.24906384331058776,6.943514177788434,7.852046154841026,0.7941344344348223,7.176798881875936,5.822039347790189,0.3064536828471125,7.224705297908212,6.037345844204741,-0.1113649291146484,7.485252240395934,8.185989371521448,-0.3409047862331337,7.225565765611111,8.283659855399957,-0.007521113330842876,6.742436758678751,7.137287135194143,0.9242460834868093,7.281430626990517,7.211378971731446,-0.17751839392048596,7.268398875342672,7.253084523457569,-0.19964015703724497,7.262349526643499,7.308171369813222,-0.22241075050471107,7.261341066952386,7.381330856824779,-0.21814270120533957,7.251571481559022,7.564430068261514,-0.16705518417284027,7.174815789233873,7.250244486731373,-0.05447949560461866,7.154734685880783,7.246630663323946,-0.04087283802666738,7.13707501334437,7.23730012082895,-0.028574742345690622,7.035768859622077,7.179567741503039,0.02681666029017136,6.766769460436094,6.994059079553434,0.37376204673775776,7.244126075104368,5.925043181034418,-0.007778080799700494,7.2350316150667595,5.732686718373041,0.21111918203018,7.201170343439716,5.76055220030617,0.27668185709318804,7.196895489151601,7.253248019368358,-0.051938443436456386,6.812245988966652,7.380189909068027,0.45405250127425056,7.279419345398317,5.703788111417429,0.06157911393383662,7.2132626983242805,7.7600021854096495,-0.1387146853959941,7.316898668775309,6.0082189067530285,-0.34174627043992606,7.263458057107595,5.938890298064945,-0.18535465778686963,7.331770454143277,5.8894356039464535,-0.23239305235851418,7.1781956443551715,6.266711579499594,-0.12497624998181163,7.463469229178386,7.999785851950992,-0.3631426085430305,7.457159132690457,7.780592804036446,-0.3239936404359166,7.326413848893695,7.789032575707147,-0.2580815985721613,7.0366730201976875,7.56164006692181,0.06697426977499116,7.07856532371846,6.719402862798921,0.03396188195415025,7.122172924855006,7.687005489585127,-0.0352558896539208,6.88859294151483,6.76979624895694,0.14348226271213,7.00285685089086,6.894350534580096,0.05587400627123618,6.8473997239574285,7.046298137221604,0.2088194041514332,7.300405314050771,8.005085374576549,-0.2715024017771167,7.1526191051730805,6.373437058885521,-0.05624182802527561,6.984801828328791,7.72432343122259,0.15534626507797625,7.08375561416224,7.849175814993433,0.019663928913695315,6.958776380115785,7.404284414196721,0.143428538537242,6.757861752193136,7.244889290929298,0.5950990404910798,6.884964318908581,7.482073231544353,0.26421192443512287,6.793352345138038,7.421544508364957,0.8087017791413225,6.9526812243726415,7.116463253004971,0.0984620978684409,7.19454594015777,6.1569522643552865,-0.03977580612162603,7.161137805904161,6.497063928049204,-0.3010468219848663,7.142818511934568,6.565494013951705,-0.2026399017840548,7.168138531670422,6.37396137335805,-0.3740188745006369,7.149230088642987,5.627413674642868,0.22517210041931657,6.989534753056616,5.574194698595598,0.2568523621426787,6.860815550050875,5.583549906421962,0.3043202638194023,6.769876587464827,5.639289679335139,0.3775929691064665,6.724956790699454,5.732455921343803,0.45901798484069634,6.750708806096142,5.999507111713516,0.5993352671084619,6.656234244439294,6.51525073395316,1.0570733855225174,6.811455288915338,6.164902253017375,0.4724993502432094,6.8847042758435775,6.175206723739567,0.37788093685019897,6.987896975053718,6.140891610015335,0.29872466912694917,7.0908169461712935,6.079600375734762,0.2511693817048041,7.170005344893174,6.012648800266891,0.21731746969010995,7.22119436416878,5.952250450981874,0.1988654233834698,6.743354309005675,6.597144567164338,1.4083684866400545,7.1647586765491225,6.616052305468019,-0.16394211103743703,7.208768674948859,6.14213685688759,-0.20111038696777256,7.196584001252599,6.471331644917612,-0.40066355466670744,7.267698379931794,6.554143028455715,-0.39656435277412677,7.218423390370417,6.513200692554523,-0.35852338658829364,7.201025875070269,6.66314476556512,-0.1542645691730528,7.272358718113018,6.5571662933577946,-0.42687165846754754,7.304379956019938,6.6080804703695755,-0.33175275907392043,7.230186639262145,5.851521466013614,0.2693158641964941,7.257143732277144,5.86326780153526,0.18381460514821235,7.266424944109402,5.868908410457462,0.09716837921552232,6.825130453350035,5.876578976151328,0.4718947853532627,6.761553799937191,5.846016164052066,0.4935845528091884,7.39799052635512,6.019206254792264,-0.34404087300360886,8.113125163762565,5.680323629324273,0.01020963720288527,7.431445877100206,6.565026077379448,-0.37182220651605924,8.617503001307396,5.106647486212754,0.4264344214237984,7.846241345284282,5.834515777120355,-0.01707191503270183,7.938211318721552,5.83419935615508,-0.044008462322179365,8.036583002734695,5.816048843524425,-0.04610003011855,8.173734225449847,5.73242738003179,0.00014619563945189173,7.76530875527274,5.819233842527909,0.02515620174428792,7.93902386520922,5.376082757040215,-0.05049774583571964,7.825194770389037,5.418579713541403,-0.007360503071126692,8.053906522040736,5.388966869061722,-0.05382822624904631,8.139473375454626,5.4450646416416255,-0.03720929580787223,8.274566100086103,5.81207173502212,0.015218380071763756,7.863723427434839,7.8717565734998285,-0.3384874956685077,8.148082985549896,5.635093049383651,0.03331340396531988,8.691396810469994,5.762392586388171,0.3432447553884415,8.40795832630063,5.713587647570312,0.09144798235086574,7.896344385255901,6.388516033036988,-0.2092000210461203,7.507527853517106,6.968715099209964,-0.3849402427784608,7.516982427392701,7.12470781619598,-0.35790426474831577,7.644819316259187,7.024240988463984,-0.3785387524287619,7.7452480889084985,7.08800439367148,-0.34762234518623186,7.627491568610624,7.132976339994604,-0.35591275946644624,7.720045758039461,7.14879527408714,-0.3196837701863044,7.915195040935558,7.33710450823275,-0.28327472398716924,7.373677556862872,6.4388015964607375,-0.5144575013896907,7.375720551023974,6.294569309471436,-0.5279229224172831,8.264790876902712,5.34062775264486,-0.02847548365672074,7.691863855141056,6.052792684155483,-0.11301154919838992,7.672605164408182,6.426856528840633,-0.35821352836297127,7.685200692052674,6.362889458468406,-0.32379556901597706,8.232826721619817,6.353947218761533,-0.18733021869381852,7.38343798084744,6.138457494171096,-0.45490341116124466,7.965057065383514,5.216266208968259,-0.09064116174369365,8.128115342721102,5.241061209507831,-0.07150846240435703,8.431945713418807,4.825522257763919,0.3210375224939656,7.5428577694462335,5.442296839100153,-0.05279148951732796,7.738279780434894,5.508257572970745,0.04391751441841069,7.991399639285549,7.192140013263668,-0.27181798588293543,8.77639424709114,7.303896515525107,0.3541932995760058,7.609482353092527,6.523799033081883,-0.3082711433845099,7.525883088398124,6.582342549447955,-0.29971194306022586,7.870399980274536,7.202435322577066,-0.2544811208708138,7.8527896384008615,7.195948340427033,-0.2596665663387891,8.192517227649176,5.1423755710625505,-0.020973254720207217,7.698640478753736,6.510382502264682,-0.3162828614428725,7.773298208465018,5.283901014115049,-0.08378993100927704,7.775129080776348,5.146687070985842,-0.085463523293549,7.891634011688186,4.515289824128467,0.14501815307611876,8.29743368116013,4.9703172666703095,0.1281294042806894,7.810741590930587,4.801649388255669,0.029378867935071398,8.343516272118611,5.27988267927317,0.04715567051438784,8.474241118926525,5.194377136825825,0.23070891674621286,7.512016943826255,7.053344670031835,-0.3834934889579683,7.633499338608346,7.081234112572581,-0.37399557457154015,7.73123677124343,7.119047475008683,-0.34238556499734496,7.5920200032070655,6.561212112426055,-0.2846737988412209,7.863703695169743,7.198595282844797,-0.25562438100238183,7.805372300653444,7.213154875590011,-0.29863695304226834,7.842721250136057,7.194964546067289,-0.25863194377833093,7.528831652582343,6.449137779751833,-0.4206017312335612,7.713487598790335,7.169425357244127,-0.3026714524852401,7.624653646055689,7.161488758333354,-0.32005152587249197,7.5225582017295896,7.171432410493806,-0.3246035568218657,7.577060127369922,7.5589205379574445,-0.3126159635277672,7.542783773452126,7.357475253048487,-0.37710666567138695,7.531957807152419,7.280905607794234,-0.3732550420424221,7.526745670272284,7.215552345799072,-0.33970605112860286,7.520362987237753,7.1706952694477515,-0.3141148889286285,7.712521422524426,7.171839740823271,-0.2955651062464389,7.722781495650155,7.1926234537584985,-0.31871605233718453,7.735044393683042,7.228333215790707,-0.3445040967357646,7.74847501897531,7.268116281117559,-0.34314105088360547,7.832626787092377,6.919125098130819,-0.3135903762525444,8.872180299653062,6.5168060592769095,0.5852514950324967,7.783497675347955,7.184438792086529,-0.27502168208850225,7.790485011362901,7.199100569775984,-0.2904946188407368,7.500031002228454,6.648868471768773,-0.31577686978793235,7.676933577701556,6.6190121452322925,-0.24693687690974467,7.511635688275667,6.620074163928664,-0.3078322546444637,7.804333537840934,6.127439843010464,-0.12962715147152548,7.966911898302459,6.202814981502707,-0.16341185045823925,7.719708195361584,6.44131957443163,-0.2844842942194086,8.194741335814903,4.620403952652248,0.2134951801873803,8.08194325184594,4.833119532187432,0.0644098626211889,7.998385565852989,5.088074844053813,-0.06070935268643912,7.821630277644347,7.419761557268859,-0.3156476630922702,7.549975479355558,5.248094704928625,-0.06597404654274576,7.5685209896499925,4.838431387478673,0.03965321171680631,7.610795958168861,4.501534673547758,0.14691450963997085,8.12361286266064,5.784265802246153,-0.02755892710040129,8.40060101031515,5.9052242349175925,0.024391598494467853,7.710632058141565,5.797851819126046,0.05604459346479321,8.259086842842706,5.528958480864948,0.00834107937591894,7.60746754788156,5.963179306949578,-0.11486549020133434,7.581231387266287,6.357766821504953,-0.4204315844923501,8.55282486466799,6.012419765047037,0.06707940024429697,8.311383687858653,5.996853826781971,-0.06005066721449311,8.157319095061936,6.05092798510399,-0.11125839470349012,7.95707677360003,6.050962516567907,-0.09831592274615394,7.816559790238645,6.014001869873416,-0.06746331502592376,7.707575671223076,5.961875568005791,-0.048789176129530945,7.443823645104897,5.78516820101238,-0.13606399913328945,8.549890394958839,6.329193796923411,-0.008403426781890993,8.348064559223046,5.514380212940271,0.03358242950535259,7.363923475392083,6.539347353253114,-0.47738092763776613,7.679095670176983,6.180522455011452,-0.1706671686917237,8.825798201099387,5.797340189681078,0.6334736273062952,7.622658573109818,5.894950772040549,-0.02591388438662344,7.745797773436149,6.46755925866567,-0.19341275547725276,8.212650480560018,5.6404221704068505,0.03743259413592173,7.596497817936159,6.2811069716102645,-0.37459340054059503,8.850704547991997,6.901625397886428,0.49206177691379804,7.708324792572938,5.755895385743713,0.08567114702373972,7.484454493107087,6.1934886673502305,-0.4310382055238124,8.41509788264631,7.592072152764817,-0.08991535683989076,8.48649767444563,7.833504872889112,0.03432246377275437,8.74719542781658,6.421165179808187,0.2796655033067562,8.572414070841207,7.391259709786411,0.011765796633265733,8.591725615855585,5.455713369917353,0.3155311634467865,7.9137306249759956,8.06136038518043,-0.3284646942215015,7.383764267945264,6.601569527611926,-0.36220144997036685,7.7753785529850505,6.289190153061746,-0.17611793164154482,8.521143303610208,5.740027120988439,0.1536884024481063,8.013107949785237,5.733574317940446,-0.022265204681674384,7.9336813544347065,5.750914398254693,-0.0224892352617489,7.820223649032563,7.235564386224329,-0.2961315940310848,8.565649427532335,6.64981139215082,-0.02410636430810698,7.737093025634171,8.301124319456678,-0.2847739577046727,8.113741092323034,8.137321149111747,-0.16613756777806354,8.286234915994875,8.019351802240347,-0.08031058320869926,7.854899581318536,5.755399260221321,0.0013891405030059627,7.787883171265354,5.756175865797566,0.037829353609085084,7.738460894439518,5.759060300120226,0.07335756944280548,8.448259363586228,5.489268791435422,0.11084646164701141,7.781513877982138,5.610874160512482,0.03954091839122572,7.853188512045285,5.535654061245988,0.004448629599628911,7.933090091205606,5.509178646916436,-0.018115683861404778,8.018284850477702,5.522736122484317,-0.023553189195615106,8.07871632177913,5.561490291131206,-0.01102147896680033,8.74088744549991,5.411398578494273,0.5534567817670593,8.07071841190181,5.709535838350147,-0.007610884400999912,7.718422779235385,6.830124125866617,-0.3169522609181319,7.598394229556554,6.485337324792654,-0.33296171267287555,7.510575079026802,6.779862523050484,-0.3370334303390737,8.25182184566892,7.784876115009602,-0.16871844234394714,8.092534545135766,7.933241606812586,-0.24646676009837598,7.704062623312384,8.149721468276548,-0.37915965810074054,8.647442485246778,7.617518318052529,0.19049191776820626,7.731846357290119,5.699214454257873,0.06628992795389799,7.504549690935245,5.979593027889982,-0.2173344271054261,7.929137295672793,8.22867378454104,-0.2524459667614682,8.740684485058932,6.778303674107966,0.21939015033932407,7.622662801452338,7.162223080484395,-0.31139106555389146,7.631305533564017,7.20020698606882,-0.33830442165094515,7.642150527405066,7.251911863131914,-0.36892574784435683,7.652406372188275,7.313790837022822,-0.3726602992397884,7.710066164967586,7.498104287486663,-0.33575847495608935,7.797294052268237,7.175598737323898,-0.2901374119882329,7.807554125393966,7.1611039791639985,-0.2993063084722931,7.82183605698034,7.149383718421228,-0.3048942392939281,7.930277538705792,7.044293902866938,-0.29662377750498176,8.371698175017016,6.702796752273839,-0.16775701195206463,7.522592028469753,5.862227629275244,-0.11595812033574411,7.608929144946108,5.643941913193199,0.07111514396514582,7.677865222503549,5.652108604409458,0.07482112101463877,7.783628049242333,7.182767187343468,-0.27824088221664384,8.449646259932917,7.114982628399081,-0.10067182526507373,7.4940056141368965,5.64824072808893,-0.022156879556447403,7.795079105511306,7.68869612186953,-0.32869130695345367,7.420125899449366,5.905348971021945,-0.24168829259798835,7.5854900329080746,6.185415352031298,-0.26682327830334096,7.62282911625814,7.758082517905391,-0.35029727835057684,8.041898029282825,7.421016670273661,-0.26796371953989534,7.836258933317393,6.586191045865265,-0.21409161873154567,7.930193676579138,7.580218699232654,-0.29963246343441285,8.07505457715647,6.549163450414201,-0.24500403988034555,7.942706751544481,6.729120298634532,-0.25448796990479217,8.205034530957041,6.805688534441279,-0.23764311218562917,7.66868760506304,7.966480607365379,-0.393646796435057,7.671882117837195,6.275801811194681,-0.23345104091592095,8.166950554599634,7.565403996488711,-0.22993704603268586,8.020290494279875,7.736243128787573,-0.27754016657959285,8.11418788718269,7.224312062053816,-0.25964053560514794,8.566909473603411,6.9308552250061375,-0.0245962354071881,8.287124277371664,7.269640598596159,-0.20209702224514775,8.696338333428825,7.105117905299009,0.13842803900929926,8.047811366297593,6.932547266738047,-0.2692505891588356,7.590242689900994,6.076329752795239,-0.19122212168981356,7.549829601538605,6.416272987512095,-0.43906875291996106,7.640505702164634,6.473323194244716,-0.36125049133300746,7.47572085163122,6.313367815593341,-0.4825925800203209,7.661240084437125,5.501922811151446,0.03255367046674888,7.803623881021262,5.367365676572552,-0.023673421674730074,7.94435510040368,5.314982502896812,-0.06489872067987452,8.077084181566258,5.329140755464464,-0.07165221503874167,8.185923127488628,5.399232932339355,-0.04489919460689479,8.294367428109094,5.676772878692775,0.05377583444250459,8.73339341310627,6.087324148072009,0.30897802535440316,8.208481334834913,5.87343485112554,-0.024653565785657933,8.091748778150727,5.917096011267343,-0.054972047957355295,7.954298047840379,5.933709169029959,-0.05730073052130007,7.830218041303261,5.920468114427355,-0.029403591075810743,7.7360979556943725,5.889503257426779,0.005909788620555269,7.66353677914945,5.8563079497466966,0.02627570773027749,8.85905975281229,6.157429362336337,0.6408793930498216,7.654088547787637,6.52863414275395,-0.3198278421486398,7.487719478256582,6.083794186791236,-0.31075454584625156,7.450881453495183,6.418977717277638,-0.4886560231945615,7.41756986639579,6.520968157764481,-0.44698641237986225,7.466441753970221,6.460774883091703,-0.4486296519918492,7.637987724193741,6.590827423438873,-0.2837903835711013,7.394411939135362,6.528897709437721,-0.4685636002161826,7.411295006095529,6.589250251678767,-0.3669145323200095,7.668422628931762,5.759563825242029,0.08683835675161461,7.606613422692441,5.78472951047589,0.0490720896825945,7.556424406422908,5.799211583608228,-0.014385981571018606,8.115982818582594,5.597996038642878,0.007029395772943032,8.201465105146077,5.533259409931939,-0.0024418996350898197,6.937357006354992,5.8306228831065825,0.3285196626742665,7.022442533445312,5.8116263496099725,0.3287408137971299,6.9309130123539155,5.710345565942802,0.3288215266895113,6.858491371112167,5.850205042042266,0.3287548862495806,6.946249210675374,5.959448499399086,0.3287188132024535,7.908601645498761,5.61571349852707,0.031464965863871715,8.00549200018226,5.599072504176195,0.03112862544125364,7.904132287454708,5.488538345265025,0.031123728161732953,7.817553450730936,5.6300338375580035,0.031005753000890587,7.91259320083801,5.747198742264899,0.031022473673070834
7.425601195551875,7.047743482599565,-0.35932445451563416,7.329776575240141,6.477515292794801,-0.5063142028432623,7.4074060829526855,6.694824688713363,-0.30621142687454944,7.280108950218828,6.072981748405497,-0.2820205515174816,7.3169047380857135,6.3253224160782215,-0.5174907986601492,7.328581120882182,6.160433941482012,-0.45493974645178126,7.378177967078274,5.784890696114381,-0.13694802461798797,6.871571447686855,5.9750719839027955,0.4760575821648795,7.3780371172160875,5.51560274653109,-0.02471803383546468,7.363361835595067,5.331487911852243,-0.0093918379278301,7.342772275338701,4.583190460724759,0.21709548903771864,7.430038320104888,7.11011732232429,-0.35689324610610856,7.441726027513392,7.17105505968531,-0.33357038456682697,7.454254587365503,7.2179311678399625,-0.29762150958045946,7.455447918358704,7.215427013003695,-0.2882305086951815,7.453529812195255,7.26757826700196,-0.3116124705535214,7.456537204478833,7.3337479751232095,-0.3430781483953343,7.463565541823134,7.411511254815419,-0.34781957766002586,7.486496465617763,7.612128172594204,-0.2870979590181373,7.356228037801189,6.581344998238865,-0.46855781360785065,7.320223557200259,6.6259399048566925,-0.32421857745601435,6.652593794857869,5.61054440099821,1.1415831785070234,7.1087328885029955,6.023615641179621,0.28260472012775456,7.0224188189360115,6.059982509365676,0.31692765067014894,6.944331372224296,6.079453764183572,0.3703576126195371,6.851485832666053,6.04014745138615,0.4931914989901982,7.181608890313796,5.9752531776953575,0.2614089171150005,6.926935352561836,5.647228358321248,0.32365473563960917,7.036806738526641,5.6391415236457885,0.2869654699046794,6.84191653549637,5.699177892667638,0.3789054607493872,6.799977958189033,5.7758809055580596,0.43140485809420137,6.804005273344025,6.148175048953986,0.5475239351979013,7.210025173062939,7.985450378426444,-0.12068132534867168,6.846506542311857,5.945390175758727,0.5215966340743693,6.676997626005316,6.232055742509922,1.0793205500114251,6.731976494071103,6.089141261991372,0.6927890247387579,7.0363381827036875,6.5853539108993004,0.09301032151070748,7.3234284224062,7.030285177570912,-0.30421243378490354,7.355959078265355,7.184646717492219,-0.2839888442916886,7.237694031417764,7.108473838002692,-0.2129740380451845,7.18881559029765,7.194342708759044,-0.12054496551820966,7.2890299133495,7.210345801141184,-0.2112001879748854,7.23925328893735,7.247143004584573,-0.12750689241791,7.135754120607062,7.485708697293069,0.007101856775399278,7.266861277502486,6.495919202928388,-0.4751864717734899,7.243266448327299,6.35029743234519,-0.48050505812108113,6.70136182101064,5.713627743730334,0.5300766008871572,7.189631670152432,6.187393596008136,0.08278300245031196,7.147761748305557,6.560425608656977,-0.17173299711957726,7.147627976325892,6.4957620739364,-0.13090718459579706,6.8136142066558305,6.664476144035726,0.31518001088356395,7.258825757475312,6.196363396528209,-0.39288511922879693,6.842325637106139,5.526792171010047,0.29409926769855743,6.746014058476895,5.592594183134281,0.4109429209070596,6.668186370053735,5.298354574296343,0.9594328985956762,7.207595335993152,5.563122234206988,0.07177294699732836,7.143754251221626,5.682589813295059,0.2838233987877379,7.064542128977172,7.370183498769727,0.0815890632015812,6.929847193431368,7.647893420765892,1.0343148607867303,7.222987607113647,6.632365206610123,-0.1719474901375668,7.2914923086788885,6.662756218582891,-0.23306772627573874,7.1607631107101355,7.336732010394465,0.05159227822609417,7.1788244513296595,7.321640549281153,0.010414362474030141,6.707486312756887,5.513727815451024,0.49454182626508986,7.169248076277454,6.640074436253036,-0.1334120803978911,6.989293620945013,5.515079691012717,0.1796154911147893,6.959098666318102,5.389611129228407,0.18630656735691906,6.8942956973118426,4.816487731578038,0.5112057716909508,6.688809196357954,5.393409474883814,0.7003256425216666,6.931809182466454,5.064183538845729,0.3441007918278423,6.669973535390528,5.671824353979166,0.6511479396811716,6.6602648039351635,5.646903129619364,0.8837905064011696,7.334538574600911,7.113770217493871,-0.30337076296112875,7.262922435879019,7.164641082543914,-0.21804757482883594,7.213041766593796,7.219989416077347,-0.1340883831320553,7.251112281102885,6.66028320642972,-0.17232123551230033,7.170315420961765,7.328954833079342,0.02741484808102023,7.200914522680679,7.332145542520238,-0.05924597413918833,7.188814882509398,7.316265605293982,0.0033390923404536875,7.221557874844212,6.552114051211445,-0.2944996104287055,7.262457418997326,7.261906759737118,-0.12040539852222987,7.3124449643086304,7.237249540395386,-0.1841465524398987,7.377581301581674,7.225290750086291,-0.24848109833350188,7.3857406845529825,7.62762731974078,-0.24761461068413446,7.37424337218432,7.4175409029358725,-0.3013233527313561,7.3664081562325165,7.338820693526694,-0.29506528807088983,7.368687942192838,7.27796859854419,-0.2594434333754195,7.378173012560509,7.22339812429992,-0.23889335443249649,7.262586236459226,7.265903639997266,-0.11457155338623179,7.249794379377297,7.296958557350594,-0.1369439658947293,7.239874727022778,7.336079429625941,-0.15621047084229583,7.23320523832234,7.383222373951671,-0.14025652550691842,7.105862807140343,7.07058310170966,-0.05277844839283795,6.81206344259527,6.959002407115803,1.3429238097736775,7.3841156027259425,6.643558170030341,-0.3619953598404424,7.227055973987266,7.290033557091113,-0.04611052733278687,7.213261180951977,7.313411803061129,-0.06025850947071969,7.311325243293657,6.716252978048581,-0.24949456263711425,7.21763389677404,6.728555753448242,-0.10138334594226531,7.302022782295052,6.692266034181676,-0.24352359458644474,7.113177798726783,6.303236591456714,0.1327479759518858,6.984814736885119,6.4352037110785565,0.19264153763466293,7.152074302126184,6.578120314961863,-0.08592935347434101,6.74480657171865,5.032117545974139,0.7341917621024175,6.77560456193643,5.1964182024269014,0.5243353764794738,6.805930457389997,5.414087154777579,0.3479521331286324,7.202314527843522,7.544148649912091,-0.07975436545997618,7.152988056759768,5.3870199164371195,0.0708277953192443,7.116657993562828,4.987889627565076,0.20334924585285324,7.085564855643882,4.676566841472148,0.330394162666717,6.885842582215872,6.0776899558591015,0.435692727799533,6.741973295345111,6.2709968365692115,0.6181359878105233,7.229696731956207,5.925576705320894,0.26656599503079387,6.756370416183019,5.8778774394289375,0.5488260001613464,7.236135481686429,6.072361725896574,0.04114936852295863,7.16446555105737,6.474674230750488,-0.270467545060724,6.683279246743551,6.432834743798459,0.7455995392571778,6.775963410580293,6.342838051955302,0.4971281287753778,6.8605122562463015,6.355175508979321,0.36042785216404116,7.007725842608687,6.286619846659922,0.26124444481989656,7.120227369718649,6.195053988261647,0.20495680992065218,7.200410577445116,6.106599567020025,0.15450115115405239,7.30646769251884,5.8449224645125915,-0.07033378676719047,6.69724461674762,6.721060983645744,0.6636353593411244,6.712397655438871,5.891581635567946,0.6253863052454189,7.322395051557994,6.586542995162989,-0.44642916779708586,7.186668868528741,6.308714164740455,0.019932258595495397,6.724752807169196,6.294615730544973,1.4107518657698201,7.256815638839076,6.010996484431228,0.1324081822948748,7.162451893479874,6.606036899204956,0.006225723437497315,6.814585292137843,5.967618973607178,0.5500324252372135,7.172855672998895,6.395351693538692,-0.2217760706311043,6.867292867702334,7.300132279873438,1.2181934711364073,7.23913367272273,5.87964018607103,0.3060138654786554,7.210549644157816,6.277693929011485,-0.3212664368928729,6.945206198504009,7.826957478477072,0.41581245984539855,7.022043691162348,8.047491557672636,0.5487661920540359,6.720434591042551,6.853323250968752,1.017312371392491,6.878691797503942,7.6841427961020825,0.606118008708839,6.670390422671072,5.9222055098756865,1.0160257892970628,7.207345486740127,8.170518603880998,-0.08966710581984513,7.356670405458811,6.647236545577002,-0.3436761409949079,7.131825895807377,6.446153903128272,0.059374913252193746,6.698476168306439,6.143031551725282,0.8200054253750989,6.942346026176888,5.997579650322611,0.38686493777621694,7.01231443384767,5.983093348164926,0.33910608496077915,7.19311965065925,7.366191573027344,-0.039520211383872024,6.7404706608857,7.0195303350788025,0.6254491214528013,7.377442575084244,8.367966045866451,-0.157124723139495,7.172868413187435,8.260753820365146,0.1641156804167268,7.09853082863585,8.178358774350567,0.3379415299837059,7.345738615903652,4.923813203199695,0.09952823293326102,7.554412995145429,8.368269687026643,-0.2534595481891474,7.086855861415886,5.952505571058048,0.30901517520694155,7.160475748679744,5.919531131964766,0.30170263876100134,7.214172812220805,5.898875747400946,0.3099790058593687,6.682938800594244,5.895733875349451,0.7532431215396995,7.141826943810898,5.793981882319706,0.3090313879815934,7.058130982988786,5.761230042631739,0.31694253634182795,6.977591757771465,5.761751682573608,0.34677490431816826,6.907633966924466,5.8003240189535035,0.3914338878912017,6.871090859463615,5.853918453197995,0.4349715800440773,6.67738903290878,5.926813565291606,1.3100200610320836,6.8986238224740175,5.991809052702462,0.4363351783486976,7.419540404748324,6.823280470816064,-0.30133120475727887,7.174924538060062,6.952393080416802,-0.12043645273179494,7.209485838414766,6.598403402905029,-0.20208387528660793,7.307691458406886,6.849465097206035,-0.25718687171712307,7.392291264827052,5.657650540334826,-0.04334570182466978,7.029118742531294,7.974343057384741,0.2405661456114118,7.115441305557304,8.073458893069184,0.07560553743903095,7.338940309741315,8.220409889990004,-0.2529292599595728,6.9782238126806755,7.892252360318608,0.7975961415223386,7.207843769669672,5.844006940408376,0.30757055726582777,7.253894596722266,6.060945809176914,-0.11254928069860352,7.518577675936774,8.220494824580268,-0.3454129427738812,7.2581611443064995,8.322859408342287,-0.009492303078873417,6.774492626592231,7.170886606081287,0.9286453482546152,7.313138596795782,7.2424800955791095,-0.17640090487957205,7.300438752186639,7.283060427230484,-0.19867275616030058,7.294813958946442,7.337020788001361,-0.22217395822075256,7.294223663544111,7.409082125533884,-0.21864536836296364,7.284192888433997,7.596732362532448,-0.16917654336698734,7.205019694543413,7.2839713507110595,-0.051184415245766536,7.184331751719992,7.280263248057808,-0.03750423690576916,7.166202463428258,7.270928228799601,-0.025292066696782356,7.065299462407022,7.2122058686679535,0.029713459549971476,6.795688053592476,7.023864122546995,0.37605161427976935,7.272962412236411,5.947689072001858,-0.008374082657938797,7.2648256784891725,5.753484715787964,0.21164899208192597,7.232047296741748,5.78160514304769,0.2777937727856677,7.227637775930571,7.28684072428546,-0.04856558765345191,6.843554357511951,7.41432895984741,0.4565556270315435,7.30786698989343,5.724782486584934,0.06100845536068653,7.246561202641269,7.794453010783249,-0.14160332489974053,7.346562481429208,6.031123151170658,-0.34378558275340365,7.292329622181236,5.961282145385272,-0.18712680546768207,7.36082229134619,5.911317249298038,-0.23453342303573824,7.207643465594302,6.293056473025387,-0.12596667882598403,7.497373755477502,8.03337825992386,-0.3679036665124097,7.491526008937863,7.81333255462231,-0.3291001487946406,7.360321177263636,7.822945734663628,-0.26268923970807345,7.069117980027616,7.595911328159901,0.06867654481144057,7.107500629155923,6.749882121275143,0.034044202975720236,7.155168752364783,7.7215805479137085,-0.036001627329538946,6.9170893101855455,6.798032248283747,0.14395840183538938,7.0321480762506905,6.925027155433917,0.056607698958725486,6.876516764204945,7.07665026260748,0.21039452587844104,7.334198128451606,8.040061904389342,-0.27560887468790607,7.181704441727843,6.401406822036224,-0.05693133513704186,7.01782739654402,7.760387162205081,0.15661663070714163,7.1172001593640095,7.885179432314419,0.019071311601039708,6.990355303323305,7.437717822641209,0.14593333012446064,6.7889293835722615,7.278000449015538,0.5982814214172967,6.916673130693254,7.516263916140347,0.2664507582559833,6.82679322391171,7.457174921694062,0.8126981309859015,6.982539905442564,7.147688846115581,0.10029029969704671,7.223708843342634,6.182118450164523,-0.04047610430164273,7.190917013618418,6.527301118454229,-0.30271731957567216,7.172190352041831,6.596848392114955,-0.2037966565017723,7.198220680592823,6.40197942273225,-0.37624085916370015,7.179135170372373,5.646108637306274,0.2258552976307184,7.018706469553247,5.591666626629778,0.25779492818090766,6.88965897647171,5.60038445453207,0.3057216374040302,6.798325272620157,5.656117824874697,0.37926342465793506,6.753232790861036,5.749527825564066,0.4610795441189823,6.778993452087942,6.021669223486083,0.6021374960520234,6.685257514908437,6.544943448428453,1.062231533503355,6.839081843546327,6.1891390018380505,0.4750400038420512,6.912265025458581,6.199875441835603,0.379902292029073,7.015738005623539,6.166012728485816,0.30026686817304,7.119249206354115,6.10456679915972,0.25241998419373535,7.19914151310893,6.036551887064998,0.2182487415211396,7.250598426831791,5.97557946807962,0.19963448556635405,6.773666637701919,6.630860448785955,1.4148530563236352,7.194023496257304,6.647895496439795,-0.1649054283366882,7.238205054535849,6.166732549138299,-0.20269228564451858,7.226977409491273,6.500628118170244,-0.40274257469065455,7.298192232274171,6.584094047810392,-0.3985375604475956,7.248640684526219,6.5430939977254665,-0.3604277858088925,7.23049370152818,6.695395166044633,-0.15516307693934386,7.303185678393409,6.587132582777068,-0.4289123817640951,7.334834430090329,6.638709112714551,-0.3334461234918009,7.260926473007827,5.873244611424192,0.27022607867481097,7.286605030797479,5.885789450406104,0.184477266500737,7.295037620034135,5.891891292928282,0.0971734103590153,6.854578159539895,5.900852599989328,0.4738121239347894,6.790186415508161,5.86682851091804,0.49555281330981954,7.428378556653489,6.042496600595187,-0.3464063014674546,8.142396761044768,5.7026347304913605,0.009563348707086467,7.464052500140645,6.595250206241498,-0.37375364700871955,8.651952634083086,5.133976768924092,0.42694450923916294,7.876627226863141,5.856736866018237,-0.017784298197145238,7.969222209380107,5.856877008092172,-0.044851275264206056,8.067932482396042,5.83919185692869,-0.046966494926296454,8.204545524105296,5.75619129806436,-0.0005325856037964726,7.794776470014502,5.8404885250067125,0.024568585451932752,7.9713781323962944,5.399764705600277,-0.05184943207506565,7.856896921544941,5.441505809985252,-0.008360348524568559,8.086715767032805,5.413103683001153,-0.05513504596730988,8.171844291277361,5.469489280218178,-0.038362930589968834,8.308331346677724,5.837924562063135,0.014615893762984793,7.899062698881233,7.9091663761813225,-0.3418698432569222,8.177553311319569,5.658309845091746,0.032685697428758306,8.729302565436015,5.794501045002691,0.3445775314524617,8.442855705254749,5.7395547351965055,0.09112751628633604,7.93203572239801,6.416547828327189,-0.21116882410795998,7.546003762921095,6.998103461320089,-0.3840842146804041,7.555735143600531,7.15502294798483,-0.3562304466446933,7.687489926746714,7.0535452229028115,-0.37768054470543144,7.790495058876972,7.11756467031389,-0.3462333357133243,7.669413722573895,7.163130662413729,-0.35415868407536855,7.7642884910511825,7.178953976579811,-0.31773762585125515,7.957522469571316,7.369414840727843,-0.28297814478593636,7.4059197276230755,6.467464699613625,-0.5169427493691211,7.40766513345299,6.321125939530955,-0.5306546869421379,8.30096043981936,5.362549907088092,-0.029911460548725295,7.724747192554031,6.077814526591488,-0.11432107375929468,7.707278270701595,6.454908536019678,-0.3601150761117194,7.719656779444241,6.39016077449709,-0.32559423027930484,8.270199254590693,6.382913022794609,-0.18922482255748668,7.414550497570347,6.163026569849803,-0.45755807638048107,8.000249522991599,5.238389691887965,-0.09256662122051673,8.164307054179732,5.262393976567048,-0.07328453387221044,8.465386020898634,4.849113231062987,0.3208244231293768,7.574055534720358,5.466513030617696,-0.054283416341642854,7.768822582594747,5.530010130298654,0.04331562082395147,8.035139944883573,7.224033718150392,-0.27079480865383293,8.818237574900877,7.353125801891816,0.3555484263085543,7.643602100592831,6.553023559115517,-0.3097521154877743,7.5593561882987625,6.611673724845441,-0.3013446084973048,7.917727782879878,7.232384203949794,-0.25264030540561405,7.899321749381536,7.22625758883879,-0.2577542303564064,8.228810628755312,5.163242751469996,-0.02236624424447153,7.733727609897887,6.538754547951256,-0.317911409985552,7.806601488343931,5.3072150215314515,-0.08544933479945949,7.8087064506059605,5.169440499300345,-0.0871155512890634,7.922957630275351,4.5335631796338225,0.14394633625752773,8.33192900700592,4.992789645635026,0.12758813323823232,7.842776545913641,4.821011206297818,0.028142388049128515,8.37986821311537,5.301873697486259,0.046531249387962006,8.509166263238184,5.219492453342599,0.23069360541242925,7.55087971619047,7.0831470509743815,-0.38213124994553377,7.676044282920462,7.1108916426721915,-0.3725036487185766,7.776221800983198,7.1488283852016155,-0.3406452147519439,7.626040458479357,6.590391947678428,-0.28618840687730035,7.910668302852481,7.2286980427323595,-0.25372753451613494,7.85086161111847,7.243202039596349,-0.2975737338734363,7.888927171109794,7.2254089507244075,-0.2567675071776973,7.56233739241701,6.478731273012073,-0.42281093737280995,7.7570775443378155,7.199719776110974,-0.30051092240975014,7.665967501573955,7.19193622870158,-0.31794684363492753,7.5611575094006005,7.202148197604256,-0.3225884084009109,7.612637780135785,7.591865610510352,-0.3180884234037495,7.5802189548204755,7.385273544306534,-0.37992949764001677,7.569769876853314,7.309375286658859,-0.37482806957555226,7.564794125440381,7.245263826774995,-0.3400165218369313,7.558518167008163,7.201407143304207,-0.314345263113631,7.755715759740591,7.202364073021176,-0.2950944400995271,7.766038851398862,7.222679011435689,-0.3184267683066818,7.778379847364142,7.258055683856923,-0.3447633479870459,7.791798097049264,7.297601229083587,-0.3436356864726184,7.873288589677535,6.949911574804605,-0.3131239523660848,8.912185848556042,6.5577388444516425,0.5875905895252447,7.828292367120714,7.214879184896495,-0.2739869779080002,7.835629300142971,7.229347792347875,-0.2894688948343119,7.533756195005105,6.678401877897672,-0.3174048990175746,7.712215093760658,6.647962028535502,-0.24822844004585098,7.5452110400786365,6.649429981370555,-0.30945057557395617,7.8382113116869805,6.153513895740296,-0.13107871265504004,8.002041642846159,6.229766755302322,-0.16537544397291173,7.75464841505628,6.469183917278208,-0.2860424034319021,8.227300916413379,4.640777174605759,0.21278722618337065,8.115631748287997,4.853344743128738,0.0634676269357696,8.033415064912974,5.109306101605567,-0.06237591332311959,7.861070041079885,7.4529104974745835,-0.31701689834507424,7.58176122542201,5.272130665658375,-0.06742963756530528,7.598929337267263,4.857257750481,0.038555637000820486,7.640576305814696,4.518974602073696,0.14598618200035504,8.154663439243569,5.807658828611005,-0.028348993098823085,8.436094911869777,5.932389521142401,0.02384846343648322,7.739142897815435,5.818410132161854,0.055602882942819634,8.292601460560931,5.552868151903306,0.007554550953029055,7.63932705954957,5.987238156169783,-0.1162346345950623,7.614962156755994,6.385708078602528,-0.42271994234563703,8.590775664292824,6.043241901624749,0.06699543159096624,8.346517938460172,6.024210183311466,-0.06096788471688686,8.192202404775259,6.078038187679182,-0.11262835391740349,7.9909746657348295,6.07744435333559,-0.09964344758968871,7.849378086941868,6.039693759116493,-0.06860607564358136,7.739474142717462,5.98662450375513,-0.049772737106358426,7.473474577353871,5.806792495790318,-0.13761052548123437,8.588563118216461,6.361915776504978,-0.00872047450504304,8.383072370533059,5.538755915836908,0.03284235087551375,7.39606589957601,6.569080443404823,-0.4796698679834905,7.712606500664123,6.206386385967549,-0.17213136025445744,8.863628035514173,5.8319932965097365,0.6355177632344078,7.653625797820423,5.918816973618301,-0.026784346988207086,7.780836580387512,6.495992812906616,-0.19463431545871926,8.243599156496684,5.664235448339126,0.03686925407562473,7.629894365512562,6.307859864320055,-0.3767682056483515,8.891686177407705,6.946445535733604,0.4941566567455982,7.7366691778740115,5.775690156624092,0.08543052864441483,7.516599407771888,6.21899846483342,-0.433596082049467,8.455731081350436,7.6362127912399105,-0.08984665732247825,8.527078260536495,7.882726946020561,0.034084889741030036,8.78695333415384,6.458751118440848,0.28105161151860897,8.614100826143925,7.436570497884399,0.012192419875472904,8.627749814799262,5.484486959388073,0.3163487462350017,7.948739525149823,8.100158789306754,-0.3318370996107318,7.4156964067506514,6.632016974790043,-0.3640223990395815,7.809998164166217,6.316321472875051,-0.17763466827668026,8.557169878078584,5.766726726198289,0.1538286196041694,8.042994271118188,5.754835883561405,-0.02305954495587986,7.963879823652536,5.772152984833745,-0.023282412546587763,7.8659615656908075,7.265538421259133,-0.29509532483484235,8.605911008277772,6.685926374806762,-0.024430046960756933,7.770310353500862,8.339018921928162,-0.2890135436859385,8.15046342375504,8.181064648838712,-0.1683445935724888,8.324785300176512,8.065799208603925,-0.08135153388782097,7.884788733199207,5.776371756710957,0.0007202726105329775,7.816892729530853,5.776317257015537,0.03733151721864845,7.7667622109926056,5.778949521525453,0.07306349381288808,8.483843722939387,5.514213004297904,0.11055759773449984,7.8119042379293795,5.63340348428524,0.03903661782535734,7.884724324468257,5.560402557847927,0.0035684119325679574,7.964591150845992,5.535058430007438,-0.019140124654980696,8.048864666881896,5.548653980649735,-0.02461884394743435,8.108719488217057,5.586606294520707,-0.012024730738058714,8.776636612589838,5.442550505445492,0.5549203224333439,8.100175068436553,5.731151165278189,-0.00834071223896639,7.756749838377049,6.860213569603875,-0.3175326769154788,7.63240842938436,6.51456376106772,-0.3348146763141866,7.545221656902419,6.809598923901126,-0.3381108462046608,8.29032804469488,7.827522293502325,-0.1693788491560094,8.129464761888906,7.974233350205651,-0.24843608742433881,7.737961599222521,8.186379430824447,-0.38372151743791966,8.68906055656919,7.6681524439084825,0.19093804614030865,7.760790601508833,5.719878929573724,0.06594318270297185,7.535803118630454,6.003050853512082,-0.2192050298050043,7.963881947017292,8.269356278782329,-0.25575682979032793,8.781620857461798,6.819655887176571,0.22062257484547163,7.663547573539699,7.1927933602749885,-0.3113359686491247,7.67225903134772,7.230075398671132,-0.33837781508603576,7.682887179742687,7.280992269957569,-0.3699368325036069,7.692799046426432,7.3423207064338,-0.3743312464592768,7.747557792345787,7.5315195841281675,-0.3389305977110004,7.842979681142021,7.2057678267259835,-0.28809288811689526,7.853951106839303,7.191000532632177,-0.2972835849268019,7.868673102484968,7.1790105996399864,-0.3029272672659796,7.973182992439392,7.075542573992794,-0.29545021428816975,8.411761151759297,6.736853155128729,-0.16900873119606838,7.553348481614128,5.884996727563646,-0.11751449270209473,7.6382837796658345,5.6656485475846345,0.07076176088715275,7.706630644450836,5.672999282477811,0.07441659694483131,7.8285252294556855,7.213088480618441,-0.2762895679210722,8.491276915163944,7.154430529217743,-0.10084700833497276,7.5239030747462925,5.670731528917776,-0.02344838612692974,7.831308252863318,7.7243748959333765,-0.3326672467570256,7.450132428584717,5.927718118677911,-0.24386251456733196,7.6182788525057825,6.210950912405957,-0.2686093575964993,7.6577012425765645,7.79255472269086,-0.35536955494619477,8.082122929064308,7.456574009467947,-0.2680446310447788,7.87264237900328,6.615420755852564,-0.21542632527359581,7.96845284354997,7.6160273780755485,-0.30177450138698203,8.112939321776647,6.579217386752766,-0.24728818758957508,7.98100971493217,6.75970763779212,-0.2555756359977659,8.245015440789327,6.838420061530525,-0.23900887874628451,7.7030690539657884,8.002118791765648,-0.3983667622949877,7.705784837489463,6.3022605514569365,-0.23502476079305917,8.205866256983892,7.604254028288529,-0.23032922717284587,8.057543566430317,7.7744254343991255,-0.2793396265652283,8.155888620708119,7.259045879621744,-0.2593423081288871,8.608348631018334,6.970307201079869,-0.024502147359353625,8.32825983270654,7.307956879001459,-0.20218500053314037,8.737809472439151,7.149733646376173,0.1392745688397202,8.088626795313733,6.964137410885481,-0.26961654027937343,7.622627503527271,6.101029981263499,-0.19283295012011606,7.58348610539261,6.445252888683227,-0.4413856898957698,7.675039223602345,6.502089700911028,-0.3631350758735401,7.508539115155886,6.340576668489538,-0.4850925434409202,7.691823714214907,5.524210867254291,0.03209088434672383,7.83593506466792,5.390250615914265,-0.024625283161650614,7.977855102692135,5.337931262206104,-0.06636963065451533,8.111139416251314,5.352279899548736,-0.0730915288631899,8.219678744725487,5.422538500402918,-0.0461099218420555,8.327600174055492,5.7015769409484545,0.05338273920193698,8.772454291807614,6.121946539692379,0.3103335193001871,8.241845257207743,5.8991581549135725,-0.02555391793731821,8.125029760700649,5.942539912467136,-0.05599402442568915,7.986845429071521,5.958424804211159,-0.05827044839181278,7.8618486081573,5.944400687782158,-0.03023521837814751,7.766693555532143,5.91239450301788,0.0051992227663746615,7.6934169455706,5.8786620227064965,0.025586733323120194,8.898231095375756,6.195112026898328,0.6431058726126637,7.688846049037921,6.557484040680852,-0.32150942944720473,7.519201237386958,6.1080519485135305,-0.31292194517523164,7.483978155016451,6.447993444795729,-0.4911269691320756,7.45053020558245,6.550982297796185,-0.44921095257527704,7.49977811217021,6.490556999129755,-0.45094976712709245,7.672727587170674,6.6197226928494075,-0.28531946408743314,7.426934668619011,6.558757351746552,-0.47081769302357923,7.443600250805205,6.619644836141666,-0.3687896183387125,7.696681972777977,5.779835672417201,0.08656321103175636,7.63593533824505,5.806602808538729,0.04847886700377081,7.586739100199701,5.822167072204508,-0.015422906463183828,8.145763709760462,5.62227776074898,0.006169683058470703,8.233441687289426,5.557072768015473,-0.003235473246251417,6.972078795075115,5.855018710036033,0.3291449385199749,7.059872849877439,5.835404481991192,0.32920118556764155,6.9652967680425775,5.732692728091471,0.3292812983504369,6.89057131552879,5.875234204201114,0.32921472201796476,6.981191568822131,5.985939364727005,0.32918017310390446,7.941798953548794,5.637249251753544,0.029748804725815484,8.04031600037188,5.620955612293879,0.029418427970316095,7.9371409990610955,5.508863894581936,0.029416373725506012,7.8486639285954025,5.651344147007764,0.02929771966054031,7.945793002655933,5.7700059091707105,0.02931446327638131
