"{'gestureId': '5', 'fps': 27.12236849849909}"
1.4865443063172279e-06,0.1835528463125229,0.20208346843719482,0.0016017841408029199,0.06816525757312775,0.031715646386146545,1.0830690371221863e-05,2.448235818519606e-07,8.880919040166191e-07,0.05039505660533905,0.020815955474972725,0.29925909638404846,0.27277442812919617,0.0002736822934821248,0.9008905291557312,0.9031939506530762,0.0008159477729350328,0.021100787445902824,0.024897871538996696,0.06858441978693008,0.21526382863521576,0.018507102504372597,0.03284822031855583,8.438526856480166e-05,9.07264111447148e-05,0.0004981922102160752,0.00033652648562565446,2.864080852305051e-05,0.017043832689523697,0.028761206194758415,0.0010193649213761091,0.0007831286056898534,0.00021199407638050616,6.825199670856819e-05,0.0001769264054019004,0.0003519250894896686,0.39314335584640503,0.1111648827791214,0.005448662675917149,0.02815406396985054,0.008592993952333927,0.0010704313172027469,0.06763514876365662,0.038004886358976364,0.029404357075691223,0.022135794162750244,0.005567435175180435,0.006577667780220509,0.00023555812367703766,0.00022094271844252944,5.024807705922285e-06,1.0838323305506492e-06
1.2648521305891336e-06,0.1256009340286255,0.14933261275291443,0.0022241307888180017,0.06491565704345703,0.045284416526556015,1.0402764019090682e-05,2.419253917196329e-07,7.730305924269487e-07,0.04058821499347687,0.020904328674077988,0.26302894949913025,0.23505066335201263,0.00035437161568552256,0.8781898021697998,0.882163405418396,0.0012225378304719925,0.02847079560160637,0.0343371145427227,0.06898397207260132,0.23349712789058685,0.021618636325001717,0.036459170281887054,8.306877862196416e-05,5.225292261457071e-05,0.0003906319907400757,0.00048222855548374355,1.920246722875163e-05,0.01806086301803589,0.028896251693367958,0.001262740115635097,0.0009718738147057593,0.0001459936611354351,3.901217496604659e-05,0.0001736828708089888,0.00035777181619778275,0.4185696840286255,0.10180526971817017,0.004243966192007065,0.04240911081433296,0.008030509576201439,0.0010640176478773355,0.07695070654153824,0.033067185431718826,0.03051982820034027,0.02227521874010563,0.006240055430680513,0.006364213302731514,0.00018051908409688622,0.00018300222291145474,5.013157078792574e-06,9.933264664141461e-07
1.2379464351397473e-06,0.14750514924526215,0.16427089273929596,0.0016331288497895002,0.06252612918615341,0.042594246566295624,9.801554369914811e-06,2.1616692436055018e-07,6.899371669533139e-07,0.044655945152044296,0.023648612201213837,0.28858327865600586,0.258052796125412,0.0003551270056050271,0.8749826550483704,0.8768103122711182,0.001150451134890318,0.024705123156309128,0.029137754812836647,0.06667334586381912,0.24751617014408112,0.019443698227405548,0.03129076212644577,7.585556159028783e-05,7.882421050453559e-05,0.0004528357239905745,0.0003876978298649192,2.638888508954551e-05,0.015786590054631233,0.02803804911673069,0.0009184334194287658,0.0006966455257497728,0.00019151839660480618,3.560056575224735e-05,0.00015701890515629202,0.00031013620900921524,0.36221519112586975,0.08668017387390137,0.0057416330091655254,0.052828699350357056,0.00720039801672101,0.0010094522731378675,0.06607997417449951,0.034939784556627274,0.02303563989698887,0.017916154116392136,0.004662973806262016,0.0049090757966041565,0.0001951405283762142,0.00020791006681974977,4.581384928314947e-06,9.232782645085535e-07
1.228386395268899e-06,0.10531901568174362,0.12546662986278534,0.0028507038950920105,0.07208538055419922,0.05367721617221832,9.683206371846609e-06,2.4388168640143704e-07,6.917872497069766e-07,0.04066496714949608,0.019615350291132927,0.2248016595840454,0.20370236039161682,0.0003568828688003123,0.8744114637374878,0.8778437376022339,0.0011596831027418375,0.03332903981208801,0.03944392129778862,0.07595176994800568,0.21520797908306122,0.02148175984621048,0.03563603386282921,7.752636156510562e-05,4.8347024858230725e-05,0.00037477060686796904,0.00047725599142722785,1.9009243260370567e-05,0.012005620636045933,0.023150349035859108,0.0015404748264700174,0.0011649486841633916,0.0001720093860058114,4.26966325903777e-05,0.00018142985936719924,0.00032562765409238636,0.3561535179615021,0.09219499677419662,0.0047882795333862305,0.037263575941324234,0.006565580610185862,0.0009186617680825293,0.06769344955682755,0.037203989923000336,0.025202834978699684,0.01993114873766899,0.006858490873128176,0.006769184023141861,0.00019815169798675925,0.00022483893553726375,5.45353168490692e-06,9.607737183614518e-07
1.141745769928093e-06,0.17389127612113953,0.16857661306858063,0.001593932742252946,0.07990802824497223,0.037946667522192,9.20501770451665e-06,2.2360745788319036e-07,5.715495490221656e-07,0.04536767303943634,0.030363185331225395,0.2793315351009369,0.2557452321052551,0.0002481541596353054,0.9033002257347107,0.9043833017349243,0.0007585189305245876,0.024106089025735855,0.027326952666044235,0.060642506927251816,0.28349995613098145,0.018285950645804405,0.025037696585059166,7.614864443894476e-05,8.341638749698177e-05,0.0005780055071227252,0.00037578094634227455,3.494408883852884e-05,0.008571412414312363,0.02813941426575184,0.00137067842297256,0.0009654914028942585,0.00021915684919804335,3.8856414903420955e-05,0.00019608053844422102,0.0003160471096634865,0.2743355929851532,0.09480879455804825,0.006517338566482067,0.04781593382358551,0.007992900907993317,0.001257367548532784,0.05163046345114708,0.031993746757507324,0.011250564828515053,0.010177118703722954,0.004625935107469559,0.004504512529820204,0.00016814855916891247,0.00018974256818182766,4.35833862866275e-06,9.664216804594616e-07
1.4512461348203942e-06,0.21231046319007874,0.20227950811386108,0.0018153361743316054,0.04463732987642288,0.030859895050525665,9.630822205508593e-06,2.9146590918571746e-07,9.0856900669678e-07,0.03568911924958229,0.01704375445842743,0.2670946419239044,0.2408711314201355,0.00031525446684099734,0.8935883045196533,0.8960460424423218,0.0007948633865453303,0.025364747270941734,0.030433977022767067,0.050420381128787994,0.25656458735466003,0.021275365725159645,0.042461689561605453,8.181067096302286e-05,7.728889613645151e-05,0.0006461315788328648,0.0004241123388055712,3.7010599044151604e-05,0.015630731359124184,0.01953638345003128,0.002123096492141485,0.0017830110155045986,0.00016583470278419554,4.897407416137867e-05,0.00020326956291683018,0.00048761029029265046,0.36631062626838684,0.08069209009408951,0.005469539202749729,0.028422772884368896,0.014912680722773075,0.001243273844011128,0.07399434596300125,0.028487352654337883,0.010627593845129013,0.0076682185754179955,0.004366827197372913,0.006565026938915253,0.00013920202036388218,0.00012251290900167078,3.95096276406548e-06,1.0833310852831346e-06
1.0987824907715549e-06,0.18144084513187408,0.17678898572921753,0.0014830451691523194,0.03723951429128647,0.04458193853497505,9.277407116314862e-06,1.924284873666693e-07,7.735991971458134e-07,0.03028927557170391,0.019087770953774452,0.26880893111228943,0.25364765524864197,0.00037282262928783894,0.878715991973877,0.8822999596595764,0.0010080020874738693,0.02719813585281372,0.030730579048395157,0.059529583901166916,0.21500109136104584,0.026018377393484116,0.04056732729077339,7.631556218257174e-05,8.085800800472498e-05,0.0005371019942685962,0.0004757168935611844,2.901432708313223e-05,0.012884545139968395,0.02230975404381752,0.000918228121008724,0.0007239875849336386,0.00017012041644193232,4.004994480055757e-05,0.0001896143367048353,0.00043407734483480453,0.3481108546257019,0.07467269897460938,0.0056535303592681885,0.04431728646159172,0.008956998586654663,0.0017115877708420157,0.0538799986243248,0.022249776870012283,0.009049438871443272,0.006560864392668009,0.0029661208391189575,0.004144254140555859,0.00010452773858560249,9.991156548494473e-05,4.383461146062473e-06,8.850033736962359e-07
1.3282161717143026e-06,0.1828279197216034,0.17193603515625,0.001687061507254839,0.040510497987270355,0.03974807634949684,8.235184395744e-06,2.9682192348445824e-07,9.163824756797112e-07,0.03668132424354553,0.016287988051772118,0.2756557762622833,0.25122448801994324,0.0004185329016763717,0.8736560940742493,0.8763837218284607,0.0009200343629345298,0.024312730878591537,0.031478095799684525,0.0515468567609787,0.24764658510684967,0.01988057978451252,0.046733029186725616,6.945610221009701e-05,7.86571399657987e-05,0.0006343111163005233,0.0005156008410267532,4.103118772036396e-05,0.01312768179923296,0.01324479654431343,0.0015888225752860308,0.0014805786777287722,0.00019963280647061765,3.2262316381093115e-05,0.00017144611047115177,0.0004645038570743054,0.32837730646133423,0.05586576834321022,0.00844554789364338,0.04831958934664726,0.012017679400742054,0.001210146234370768,0.07239535450935364,0.029091497883200645,0.007054486777633429,0.00481715751811862,0.002716646296903491,0.006418963894248009,0.00012539788440335542,0.0001010556225082837,4.339645784057211e-06,1.0604361477817292e-06
1.520878072369669e-06,0.23024021089076996,0.2359900325536728,0.0012701833620667458,0.056539423763751984,0.025274423882365227,9.291547030443326e-06,2.785224069157266e-07,7.329936124733649e-07,0.05814160779118538,0.029673777520656586,0.26135915517807007,0.2328963726758957,0.000415298156440258,0.8402632474899292,0.8375898599624634,0.0015397151000797749,0.024212218821048737,0.029980884864926338,0.054404035210609436,0.23271849751472473,0.013464576564729214,0.02504163235425949,6.93715046509169e-05,8.959190017776564e-05,0.0006296668434515595,0.00032778733293525875,4.259548586560413e-05,0.011292310431599617,0.01300345454365015,0.002521381014958024,0.002223200863227248,0.00018301757518202066,3.701595778693445e-05,0.0001522783568361774,0.000347715598763898,0.3291053771972656,0.06210825964808464,0.007975637912750244,0.04150518402457237,0.011847899295389652,0.0008644607150927186,0.08818888664245605,0.04147101566195488,0.010097581893205643,0.006928198505192995,0.004760052543133497,0.007114493753761053,0.00018175641889683902,0.00015121874457690865,4.4939770305063576e-06,1.1436070508352714e-06
1.2767130783686298e-06,0.2703533172607422,0.26908257603645325,0.0012164111249148846,0.04404862970113754,0.02172577753663063,8.638094186608214e-06,2.451224077049119e-07,5.747553473156586e-07,0.05334550142288208,0.02961760386824608,0.28936484456062317,0.26776382327079773,0.0004907460534013808,0.825701892375946,0.8220965266227722,0.0015396014787256718,0.02103295922279358,0.024119706824421883,0.05709484964609146,0.20096102356910706,0.01478828489780426,0.024331962689757347,6.625142123084515e-05,8.248032827395946e-05,0.0005456546205095947,0.00030915168463252485,3.48984613083303e-05,0.009161434136331081,0.016988269984722137,0.0025661634281277657,0.0020452821627259254,0.00019958350458182395,3.624938472057693e-05,0.00016463021165691316,0.0002996109542436898,0.2766093313694,0.06815334409475327,0.008440492674708366,0.04071638360619545,0.009219810366630554,0.0006599267944693565,0.08205670863389969,0.04675358161330223,0.011273789219558239,0.009213943965733051,0.005446236114948988,0.006168872583657503,0.000219497291254811,0.00021705358813051134,4.358550540928263e-06,9.48090928432066e-07
1.2867682244177558e-06,0.22786949574947357,0.24239680171012878,0.001367528340779245,0.03707903251051903,0.025610914453864098,8.281636837637052e-06,2.3506784430082917e-07,6.449120064644376e-07,0.04737657308578491,0.030010003596544266,0.24879232048988342,0.2261534184217453,0.0006027495255693793,0.7990312576293945,0.7942169904708862,0.0019688864704221487,0.026639264076948166,0.03150876238942146,0.05735842511057854,0.1968335509300232,0.016430091112852097,0.024830710142850876,6.567516538780183e-05,7.144674600567669e-05,0.0005226265056990087,0.00038332524127326906,2.961157588288188e-05,0.009027217514812946,0.016295047476887703,0.0022810338996350765,0.0018902923911809921,0.00019564652757253498,4.301364242564887e-05,0.00017818513151723891,0.0003469752846285701,0.2978229522705078,0.07478015869855881,0.007915323600172997,0.03441682830452919,0.009878708980977535,0.0008456401992589235,0.07793116569519043,0.03847191110253334,0.008729314431548119,0.007083917502313852,0.0044405581429600716,0.00631898595020175,0.0001443058135919273,0.00015225587412714958,4.602984063240001e-06,9.359316663903883e-07
1.1097718015662394e-06,0.21329112350940704,0.2218123972415924,0.001445781090296805,0.03257962688803673,0.032598089426755905,7.74188265495468e-06,1.8993758033047925e-07,5.89801572914439e-07,0.04993230476975441,0.028938056901097298,0.22587977349758148,0.2067774087190628,0.0007853250135667622,0.7489520311355591,0.7456462979316711,0.002922940067946911,0.031508006155490875,0.038500044494867325,0.06660792231559753,0.20011495053768158,0.016057435423135757,0.026047976687550545,6.166707316879183e-05,6.061041494831443e-05,0.0004835291183553636,0.0005060841212980449,2.3675283955526538e-05,0.009256492368876934,0.017741691321134567,0.0011709282407537103,0.0010012129787355661,0.00019169854931533337,2.8444606869015843e-05,0.00019205549324396998,0.0003576120361685753,0.312019944190979,0.07461735606193542,0.007602494675666094,0.06341192126274109,0.008778661489486694,0.0013395017012953758,0.05998744070529938,0.0254425797611475,0.0061576333828270435,0.004896987229585648,0.0027371933683753014,0.0046591730788350105,9.411501378053799e-05,9.685359691502526e-05,4.894011908618268e-06,8.905633990252682e-07
1.1579176089071552e-06,0.212044820189476,0.22323152422904968,0.0013495428720489144,0.036083292216062546,0.03275524079799652,7.680171620449983e-06,1.8844205840196082e-07,6.849272153885977e-07,0.039545588195323944,0.018420271575450897,0.2008143663406372,0.18297666311264038,0.0006710267625749111,0.7690141201019287,0.7675548791885376,0.0025720205157995224,0.03583523631095886,0.04509890824556351,0.052527450025081635,0.16026873886585236,0.019267164170742035,0.03967869281768799,5.8549208915792406e-05,7.719519635429606e-05,0.0005590482614934444,0.0004600925021804869,2.8770347853424028e-05,0.008948025293648243,0.01825888454914093,0.0010930986609309912,0.0009438525885343552,0.00018873534281738102,3.805906089837663e-05,0.00018353555060457438,0.00033858235110528767,0.3171408772468567,0.08034361898899078,0.007409506477415562,0.050262223929166794,0.010272284969687462,0.0016075035091489553,0.06426747143268585,0.02456033229827881,0.005312434863299131,0.0041490644216537476,0.0025004358030855656,0.00440298393368721,7.917352922959253e-05,7.617558730999008e-05,4.410520432429621e-06,8.912660405258066e-07
1.1034080671379343e-06,0.19317539036273956,0.200490340590477,0.001832066336646676,0.03115447796881199,0.03266013041138649,7.2800044108589645e-06,1.8169659199429589e-07,6.473528060269018e-07,0.05203676596283913,0.03023817017674446,0.2160564512014389,0.20124375820159912,0.0009032246889546514,0.7342973947525024,0.7293452620506287,0.0030873205978423357,0.033425718545913696,0.04091373458504677,0.0651889368891716,0.16559770703315735,0.015123708173632622,0.026420611888170242,5.845286068506539e-05,7.562724931631237e-05,0.0005230273818597198,0.00042822110117413104,2.922707972174976e-05,0.009916628710925579,0.013637866824865341,0.0009424345917068422,0.0008486449951305985,0.0002011157775996253,3.585675221984275e-05,0.00016643556591589004,0.0003430212673265487,0.3300688862800598,0.06484393030405045,0.008273151703178883,0.05333462357521057,0.008736451156437397,0.0013042532373219728,0.061586108058691025,0.025795742869377136,0.0061865258030593395,0.004505823366343975,0.0024876073002815247,0.004792564548552036,8.94052573130466e-05,8.23305599624291e-05,4.928747330268379e-06,8.433140123997873e-07
1.2735938526020618e-06,0.12125264108181,0.12301988899707794,0.0026258681900799274,0.044353872537612915,0.05254673585295677,7.306713087018579e-06,2.4446708835057507e-07,7.607280281263229e-07,0.03552575036883354,0.015598980709910393,0.19565005600452423,0.17810986936092377,0.0010494014713913202,0.7374902963638306,0.7370253801345825,0.0026127954479306936,0.038231246173381805,0.049153365194797516,0.061173368245363235,0.17063120007514954,0.02016506716609001,0.04720538854598999,5.200183659326285e-05,5.921379488427192e-05,0.0004898779443465173,0.0004782843170687556,2.703782774915453e-05,0.011307627893984318,0.011189742013812065,0.0018248491687700152,0.001737893559038639,0.00015663816884625703,3.161616041325033e-05,0.000140047850436531,0.00033830758184194565,0.3652874231338501,0.058800723403692245,0.005972421262413263,0.04599383845925331,0.009532376192510128,0.0010345593327656388,0.09559977799654007,0.03497939184308052,0.008480967953801155,0.0059427786618471146,0.003305270802229643,0.006699663586914539,0.00012025143223581836,0.00011185418406967074,4.760588126373477e-06,9.132992317972821e-07
1.2911222029288183e-06,0.17308714985847473,0.15464536845684052,0.0023528814781457186,0.04187675938010216,0.04043198376893997,8.159706339938566e-06,2.860986967334611e-07,9.55379277911561e-07,0.031527191400527954,0.012054120190441608,0.26309388875961304,0.23417586088180542,0.0006190313142724335,0.8093172311782837,0.8093785643577576,0.0016319553833454847,0.02552398480474949,0.03327162563800812,0.04271068796515465,0.1618102639913559,0.02220659889280796,0.05856143310666084,6.729362939950079e-05,6.565111834788695e-05,0.0006090825772844255,0.00041876515024341643,3.3982829336309806e-05,0.010705932043492794,0.01122860424220562,0.0029767504893243313,0.002865517744794488,0.00015871399955358356,3.956623186240904e-05,0.00020641088485717773,0.0004911700962111354,0.33576181530952454,0.06331589072942734,0.0067977565340697765,0.03137838840484619,0.014499041251838207,0.0011892012553289533,0.07583443075418472,0.029097814112901688,0.006231837905943394,0.004439158830791712,0.0037108189426362514,0.00790475308895111,0.00011475585051812232,0.00010305985779268667,4.447093488124665e-06,1.1015775953637785e-06
1.0923579338850686e-06,0.1463172733783722,0.13648805022239685,0.002664705505594611,0.041351158171892166,0.04749269038438797,8.277451343019493e-06,2.2808100652582652e-07,7.127484309421561e-07,0.039344288408756256,0.0189350713044405,0.21049417555332184,0.19302061200141907,0.0006184130324982107,0.8128420114517212,0.8131524324417114,0.0017284933710470796,0.0352725125849247,0.04393032565712929,0.0678301751613617,0.1779896467924118,0.01937723346054554,0.03913035988807678,7.157364598242566e-05,5.0918963097501546e-05,0.000494526932016015,0.0005104325828142464,2.4838753233780153e-05,0.009221508167684078,0.016817407682538033,0.0018382538110017776,0.0015519195003435016,0.0001662060822127387,3.0683640943607315e-05,0.0002356785407755524,0.00047309338697232306,0.3349515199661255,0.0809987336397171,0.0055902269668877125,0.04606444388628006,0.009953386150300503,0.0012788167223334312,0.06460032612085342,0.02349914237856865,0.006825221702456474,0.005332754459232092,0.003465313231572509,0.005567656829953194,0.00010784625919768587,0.00010710375499911606,4.899629857391119e-06,9.29224938772677e-07
1.153693801825284e-06,0.1804213970899582,0.19283942878246307,0.0017210213700309396,0.0366416834294796,0.03706728667020798,8.079685358097777e-06,1.9747785984236543e-07,7.187566097854869e-07,0.0416593961417675,0.021649930626153946,0.22237321734428406,0.2042180448770523,0.0005928828613832593,0.7935076355934143,0.7917845845222473,0.0022152962628751993,0.03321850672364235,0.040294352918863297,0.07032189518213272,0.1755296289920807,0.019363412633538246,0.03478999808430672,6.259400106500834e-05,7.167254079831764e-05,0.0005402417154982686,0.0004946692497469485,2.6659177819965407e-05,0.00948080513626337,0.016215145587921143,0.000989822088740766,0.0008700949838384986,0.0002075381053145975,3.322928023408167e-05,0.00019883684581145644,0.0003930121019948274,0.31461676955223083,0.07178027927875519,0.0075194272212684155,0.06108719855546951,0.00929360929876566,0.0016312756342813373,0.06283402442932129,0.02544618397951126,0.005225363187491894,0.0038479685317724943,0.0022266528103500605,0.003989801276475191,9.552809206070378e-05,8.738276665098965e-05,4.927694590151077e-06,9.696288998384262e-07
1.5305876104321214e-06,0.24149595201015472,0.2735289931297302,0.0008562787552364171,0.02858348935842514,0.024718785658478737,7.696946340729482e-06,2.1797187343963742e-07,8.462965865874139e-07,0.04578780010342598,0.024503519758582115,0.2670115530490875,0.24469774961471558,0.0006378785474225879,0.7752728462219238,0.7702011466026306,0.0025879372842609882,0.026619907468557358,0.03008044883608818,0.06915542483329773,0.19845981895923615,0.018252935260534286,0.030555061995983124,5.4880380048416555e-05,7.954745524330065e-05,0.0006305124261416495,0.0004866138333454728,3.39181387971621e-05,0.012493717484176159,0.012382140383124352,0.0010433190036565065,0.0010836058063432574,0.0002406486019026488,8.096317469608039e-05,0.00015065430488903075,0.0003299576055724174,0.3193223178386688,0.07019773125648499,0.009924042969942093,0.025484729558229446,0.011107902973890305,0.0015283399261534214,0.09233968704938889,0.0367477685213089,0.004508200567215681,0.0031652823090553284,0.0018721215892583132,0.005716592539101839,0.00012178841279819608,9.888948261504993e-05,4.230734703014605e-06,1.0480446235305863e-06
1.526334131085605e-06,0.2998083233833313,0.308212012052536,0.0008497597300447524,0.022743649780750275,0.02128657139837742,8.290501682495233e-06,2.129538358985883e-07,7.713956620136742e-07,0.05416140332818031,0.0339202806353569,0.2806950509548187,0.25954267382621765,0.0005628708750009537,0.7812527418136597,0.7768765091896057,0.0026652617380023003,0.024174578487873077,0.02733686752617359,0.07202602922916412,0.2072405368089676,0.015068890526890755,0.023377927020192146,6.265257979976013e-05,8.765801612753421e-05,0.0006812704377807677,0.00048300280468538404,3.854834722005762e-05,0.013773875311017036,0.014591543935239315,0.0007209128816612065,0.0007117671193554997,0.00025880589964799583,5.430443343357183e-05,0.00015448618796654046,0.0003492406103760004,0.3703167736530304,0.07650765776634216,0.010039182379841805,0.04494187980890274,0.011695929802954197,0.0017015759367495775,0.0766432136297226,0.0314544178545475,0.005368954036384821,0.003703825641423464,0.0017962201964110136,0.004595425445586443,9.508140647085384e-05,7.647473830729723e-05,4.183982127869967e-06,1.0505123100301716e-06
1.3279907307151007e-06,0.28602665662765503,0.3007632791996002,0.000939475663471967,0.030389728024601936,0.021802326664328575,8.278485438495409e-06,2.0099018627206533e-07,6.915827270859154e-07,0.053377293050289154,0.030775561928749084,0.2767046391963959,0.25515586137771606,0.0004516814078669995,0.8091930150985718,0.8031772375106812,0.0020760975312441587,0.023623721674084663,0.026738839223980904,0.06664694845676422,0.1887042224407196,0.01555030420422554,0.02384367398917675,6.314230995485559e-05,9.143295756075531e-05,0.0006452537490986288,0.0003840707358904183,3.8558900996576995e-05,0.008068889379501343,0.011743755079805851,0.0011939677642658353,0.0010647749295458198,0.00023964846332091838,5.9212212363490835e-05,0.00017513782950118184,0.00036859631654806435,0.28249576687812805,0.06359036266803741,0.011205739341676235,0.03479226306080818,0.009883811697363853,0.0013417955487966537,0.0674421489238739,0.033391617238521576,0.004341518506407738,0.0030772273894399405,0.0024226221721619368,0.004491643514484167,0.00012255895126145333,0.0001107317948481068,4.443947545951232e-06,1.0347544048272539e-06
1.5504504062846536e-06,0.245500385761261,0.27210327982902527,0.0009807988535612822,0.029032135382294655,0.02610151469707489,7.82930146669969e-06,2.175895161826702e-07,8.497628414261271e-07,0.03694247454404831,0.0204328540712595,0.24517494440078735,0.22685614228248596,0.0004721234436146915,0.8113184571266174,0.8089426755905151,0.002026363741606474,0.029511647298932076,0.03364075347781181,0.06597208231687546,0.17613302171230316,0.022713830694556236,0.03570523113012314,5.790079740108922e-05,7.040966738713905e-05,0.0005658934824168682,0.0005055108340457082,3.231827213312499e-05,0.01211449597030878,0.011382300406694412,0.0009082024334929883,0.0009298942750319839,0.00027081285952590406,5.473633063957095e-05,0.0001513868337497115,0.0003536059521138668,0.3195131719112396,0.06076150760054588,0.01220632903277874,0.04215652495622635,0.009137354791164398,0.0012256393674761057,0.08989132195711136,0.03873012587428093,0.00483889551833272,0.003342152340337634,0.001778777688741684,0.0052721258252859116,0.00014861641102470458,0.0001224365405505523,4.810608061234234e-06,1.04984326299018e-06
1.7603247215447482e-06,0.19018109142780304,0.20913541316986084,0.0012231942964717746,0.040165238082408905,0.03224937245249748,8.841152521199547e-06,2.5758225774552557e-07,9.383348924529855e-07,0.03511442989110947,0.019562987610697746,0.21031294763088226,0.19741128385066986,0.0004690089263021946,0.8273571133613586,0.8245735764503479,0.0015576265286654234,0.03372808173298836,0.03781093284487724,0.06513352692127228,0.16766223311424255,0.024153757840394974,0.035019662231206894,5.8491332310950384e-05,9.436718391953036e-05,0.0005790962022729218,0.00029824525699950755,3.5951183235738426e-05,0.011723682284355164,0.00930829904973507,0.0024039256386458874,0.0023595867678523064,0.0002012216573348269,5.880627213628031e-05,0.0001452164287911728,0.0003401509893592447,0.33416110277175903,0.057670168578624725,0.008076776750385761,0.02780495211482048,0.010412009432911873,0.0009033546666614711,0.10891876369714737,0.050421807914972305,0.0077486117370426655,0.00502365455031395,0.0037860239390283823,0.007696463260799646,0.00021292509336490184,0.00017554141231812537,5.0359471970296e-06,1.1592346709221601e-06
1.6001231415430084e-06,0.19012436270713806,0.20668688416481018,0.001395990140736103,0.035162586718797684,0.03334701061248779,8.051425538724288e-06,2.3585961628214136e-07,9.898673170027905e-07,0.03225425258278847,0.016330428421497345,0.21456195414066315,0.20058728754520416,0.00047421400086022913,0.8261463642120361,0.8243395090103149,0.0016323786694556475,0.03414640948176384,0.038717202842235565,0.06601827591657639,0.15733523666858673,0.026137899607419968,0.042090535163879395,6.094622585806064e-05,7.288734195753932e-05,0.0005101003916934133,0.00037738168612122536,2.884490277210716e-05,0.013315033167600632,0.009548895061016083,0.0015021030558273196,0.001580452430061996,0.00024469621712341905,6.729112647008151e-05,0.00016150716692209244,0.00039780372753739357,0.32016047835350037,0.056846994906663895,0.01001304667443037,0.027116961777210236,0.008788496255874634,0.000979490578174591,0.0933947041630745,0.04365670680999756,0.006143028382211924,0.004114550072699785,0.002506063086912036,0.007462240289896727,0.0002152568631572649,0.0001659164554439485,5.439361757453298e-06,1.1026149877579883e-06
1.6361547068299842e-06,0.16569823026657104,0.17839522659778595,0.0015515693230554461,0.03965232893824577,0.038056544959545135,9.303997103415895e-06,2.792865814171819e-07,8.891979064173938e-07,0.03157927468419075,0.01936306059360504,0.22806456685066223,0.21494297683238983,0.00046646682312712073,0.8281331658363342,0.8252814412117004,0.0015759081579744816,0.03176950663328171,0.03485191613435745,0.07075724005699158,0.1684892773628235,0.026339538395404816,0.0363587886095047,6.333040073513985e-05,7.5017727795057e-05,0.0005317004397511482,0.0003214454627595842,3.1695883080828935e-05,0.010137740522623062,0.011074322275817394,0.0035291321109980345,0.003168936586007476,0.00018229393754154444,4.145050479564816e-05,0.00016325036995112896,0.0003475576522760093,0.3420931100845337,0.06647250801324844,0.0062531717121601105,0.033376552164554596,0.01022698450833559,0.0008680082391947508,0.10487639904022217,0.04562220349907875,0.009133923798799515,0.0063802204094827175,0.005225992761552334,0.007709854748100042,0.00019909864931833,0.00018303886463399976,4.8814035835675895e-06,1.20423669613956e-06
1.4101646002018242e-06,0.17965976893901825,0.19888664782047272,0.001473863609135151,0.03500626981258392,0.033562757074832916,8.734999937587418e-06,2.4637202500343847e-07,7.980926284290035e-07,0.03869336098432541,0.0241960808634758,0.2279069870710373,0.21553894877433777,0.0005377461784519255,0.8177019953727722,0.8146476149559021,0.0016213455237448215,0.031842105090618134,0.03544345498085022,0.07513543963432312,0.18044231832027435,0.02211867645382881,0.030382120981812477,6.596533785341308e-05,7.399744936265051e-05,0.0004900466883555055,0.0003209542774129659,3.0513927413267083e-05,0.010759776458144188,0.010980638675391674,0.0023860831279307604,0.00214279443025589,0.000200565395061858,3.279286465840414e-05,0.00016815705748740584,0.00037523123319260776,0.3350391685962677,0.05852021649479866,0.007831761613488197,0.04616539552807808,0.008579659275710583,0.0007915032329037786,0.08373641222715378,0.038117967545986176,0.008973831310868263,0.006138340104371309,0.004451903514564037,0.00695182615891099,0.00018730651936493814,0.00016458735626656562,5.257220891508041e-06,1.0610178833303507e-06
1.2628935337488656e-06,0.20825061202049255,0.20317211747169495,0.001429498428478837,0.059722136706113815,0.029294762760400772,8.978940059023444e-06,2.503035716472368e-07,7.004654207776184e-07,0.04452623799443245,0.025116030126810074,0.2806653678417206,0.2595755457878113,0.00039536994881927967,0.8466596603393555,0.8435680866241455,0.0012047671480104327,0.022560525685548782,0.02547484263777733,0.05456424504518509,0.1850990355014801,0.01870962604880333,0.028672603890299797,7.120507507352158e-05,9.360878902953118e-05,0.0005516749224625528,0.00025174091570079327,3.4681685065152124e-05,0.007943759672343731,0.015366698615252972,0.00249280733987689,0.002058235462754965,0.00022418818844016641,3.789539550780319e-05,0.0002064608852379024,0.00036361973616294563,0.29447120428085327,0.08311044424772263,0.008136896416544914,0.04368887469172478,0.009203189983963966,0.000830942066386342,0.06773550063371658,0.038684915751218796,0.009095161221921444,0.0073218499310314655,0.00504837604239583,0.006451976951211691,0.00020283529011067003,0.00018159064347855747,5.19649256602861e-06,1.1158526831422932e-06
1.495705078013998e-06,0.25513574481010437,0.2661598026752472,0.0009388662874698639,0.05274488776922226,0.024255389347672462,9.3459620984504e-06,2.7076146125182277e-07,7.698471904404869e-07,0.041336506605148315,0.019384367391467094,0.2626623809337616,0.23578965663909912,0.00032115349313244224,0.8610519766807556,0.8595170974731445,0.0011594317620620131,0.02424771711230278,0.028633147478103638,0.05067445710301399,0.18432234227657318,0.02016991376876831,0.03533629700541496,6.761700205970556e-05,0.000103100755950436,0.0005376149783842266,0.00024075141118373722,3.5086875868728384e-05,0.0076851388439536095,0.011487663723528385,0.003090082900598645,0.0025902448687702417,0.00020903811673633754,4.05317623517476e-05,0.00017425416444893926,0.00032620775164105,0.2911313474178314,0.0685005784034729,0.008327112533152103,0.041921716183423996,0.008739429526031017,0.0007621432305313647,0.08929075300693512,0.05308595672249794,0.010321130976080894,0.007348368875682354,0.005963034927845001,0.00671197148039937,0.000296940968837589,0.00025102857034653425,5.0800395001715515e-06,1.2194223018013872e-06
1.3495365465132636e-06,0.21330542862415314,0.2214827537536621,0.0010672082426026464,0.04573265463113785,0.029742667451500893,8.746412277105264e-06,2.5380415991094196e-07,7.480168733309256e-07,0.037643913179636,0.021179502829909325,0.25086069107055664,0.23092840611934662,0.00039709522388875484,0.8535459637641907,0.8519459962844849,0.0011165522737428546,0.026590703055262566,0.030176157131791115,0.058351293206214905,0.19286800920963287,0.022193720564246178,0.033003780990839005,6.803081487305462e-05,8.066347072599456e-05,0.0005291083944030106,0.0002944014559034258,3.2914711482590064e-05,0.008707547560334206,0.012096316553652287,0.0025530948769301176,0.0021876986138522625,0.00022506115783471614,4.3878582800971344e-05,0.00018916992121376097,0.00039631841355003417,0.28926441073417664,0.06344000995159149,0.009247618727385998,0.036194417625665665,0.00903757568448782,0.0007768287905491889,0.07978135347366333,0.04307110980153084,0.007851378060877323,0.005592727102339268,0.0044784583151340485,0.00604617316275835,0.0002437247894704342,0.00021320648374967277,4.982272457709769e-06,1.049614979820035e-06
1.6548902976865065e-06,0.25457486510276794,0.2661757171154022,0.0009076474234461784,0.05646295100450516,0.02343188412487507,8.40532266010996e-06,2.7321033257976524e-07,9.034125127982406e-07,0.039804574102163315,0.01715773157775402,0.3235059678554535,0.311723917722702,0.000313093070872128,0.8576006293296814,0.8557862043380737,0.0012254578759893775,0.017038961872458458,0.02026456780731678,0.04988866299390793,0.18718767166137695,0.020420536398887634,0.0389973521232605,5.50986806047149e-05,9.994405263569206e-05,0.0007243357831612229,0.0003021680167876184,5.199732186156325e-05,0.009905188344419003,0.010707731358706951,0.001822431804612279,0.0017781021306291223,0.0002591699012555182,5.6522938393754885e-05,0.00014082078996580094,0.00028951477725058794,0.28446656465530396,0.0655207633972168,0.011679054237902164,0.0365619882941246,0.011206316761672497,0.0010534918401390314,0.10216590762138367,0.05122562497854233,0.005814115982502699,0.004321598913520575,0.0028502524364739656,0.006705387495458126,0.00025031776749528944,0.00019135158800054342,4.234912466927199e-06,1.2711573162960121e-06
1.4075956187298289e-06,0.24052269756793976,0.2618807256221771,0.0008440944948233664,0.04631197825074196,0.026544056832790375,7.890617780503817e-06,2.1480485656866222e-07,8.154472084243025e-07,0.038725271821022034,0.018644344061613083,0.29902249574661255,0.27688395977020264,0.0004172342596575618,0.8262521028518677,0.8247097134590149,0.0016425610519945621,0.021339505910873413,0.024962319061160088,0.05111376941204071,0.19254960119724274,0.021180588752031326,0.03884804993867874,5.448505544336513e-05,8.642594184493646e-05,0.0006321502150967717,0.00040119545883499086,3.736459257197566e-05,0.011863808147609234,0.014506948180496693,0.0007871580310165882,0.0007818819140084088,0.00027676072204485536,6.130535621196032e-05,0.0001526100968476385,0.00032218050910159945,0.2939927875995636,0.07084508240222931,0.012968775816261768,0.042213134467601776,0.009783470071852207,0.0013199250679463148,0.08565015345811844,0.040103234350681305,0.0047455537132918835,0.0035785541404038668,0.0016913556028157473,0.004687100648880005,0.00018754010670818388,0.00014605271280743182,4.452559096534969e-06,1.0341288998461096e-06
1.577501393512648e-06,0.21854867041110992,0.24966274201869965,0.0010028376709669828,0.03617577254772186,0.026186343282461166,7.954740794957615e-06,2.3559344697332563e-07,7.913722015473468e-07,0.0418180488049984,0.02368464134633541,0.2959091365337372,0.2687845528125763,0.00045120608410798013,0.8350743651390076,0.8321799039840698,0.0015370446490123868,0.023428747430443764,0.02639090083539486,0.07183486223220825,0.22175703942775726,0.02053138054907322,0.03090529888868332,5.231953036854975e-05,7.39321403671056e-05,0.0006641009822487831,0.0004851497942581773,4.146643914282322e-05,0.010906076058745384,0.015262733213603497,0.0011215711710974574,0.0010191891342401505,0.00020988470350857824,5.0662205467233434e-05,0.000124439611681737,0.00025814471882767975,0.35494789481163025,0.08333209902048111,0.007725202478468418,0.043723270297050476,0.010735477320849895,0.0014848518185317516,0.1058957651257515,0.03743232786655426,0.006721131037920713,0.004844161216169596,0.002633078722283244,0.004954502452164888,0.0001281607401324436,0.00011472817277535796,3.8141188269946724e-06,1.0458281849423656e-06
1.4033735169505235e-06,0.24483622610569,0.2732616662979126,0.0009608842083252966,0.033435702323913574,0.024760400876402855,7.5293473855708726e-06,2.0158643110335106e-07,6.92327773776924e-07,0.04022339731454849,0.021926332265138626,0.31058138608932495,0.2844752073287964,0.0004310215590521693,0.8286780118942261,0.824482798576355,0.001672179321758449,0.021807856857776642,0.023730820044875145,0.06637074053287506,0.18056720495224,0.021230973303318024,0.03185669332742691,5.5560358305228874e-05,6.63111568428576e-05,0.0005111044156365097,0.00045387784484773874,3.083294359385036e-05,0.009626439772546291,0.018839729949831963,0.0009907108033075929,0.0008652559481561184,0.00026747543597593904,5.962448994978331e-05,0.0001376135478494689,0.00023963063722476363,0.2845505177974701,0.08687997609376907,0.009727372787892818,0.03718886151909828,0.007079424802213907,0.0009991336846724153,0.09134864807128906,0.04504989832639694,0.008215119130909443,0.007286114618182182,0.002663850085809827,0.005079798866063356,0.0001852082641562447,0.00020696327555924654,4.146132141613634e-06,9.26238840293081e-07
1.4970593156249379e-06,0.25374600291252136,0.27339693903923035,0.0009240685612894595,0.03710903972387314,0.024752814322710037,7.50128037907416e-06,2.1872004651868338e-07,6.955381195439259e-07,0.046194057911634445,0.025113679468631744,0.3144354820251465,0.29351863265037537,0.0004134415939915925,0.8374762535095215,0.8340649604797363,0.001458733924664557,0.019850954413414,0.022051261737942696,0.06666883826255798,0.20250234007835388,0.018433531746268272,0.02718185819685459,5.0269885832676664e-05,7.839474710635841e-05,0.0005866672727279365,0.0004144784761592746,3.620841016527265e-05,0.008599174208939075,0.017332151532173157,0.0012309240410104394,0.001070366008207202,0.00024119207228068262,7.09534069756046e-05,0.00012710374721791595,0.0002265105867991224,0.2701624035835266,0.08665531128644943,0.009454992599785328,0.030709650367498398,0.008517980575561523,0.0010297829285264015,0.11079321801662445,0.051315128803253174,0.007102804724127054,0.006188917905092239,0.0027050625067204237,0.005202792584896088,0.00019726587925106287,0.00021651947463396937,3.920036760973744e-06,9.60539182415232e-07
1.415556994288636e-06,0.22565121948719025,0.24578510224819183,0.001083663199096918,0.04466891661286354,0.026478677988052368,8.512931344739627e-06,2.2996458426405297e-07,6.835190333731589e-07,0.04396834969520569,0.02476842701435089,0.3069303035736084,0.2835085690021515,0.0004286107432562858,0.8326730728149414,0.8286426067352295,0.0014842707896605134,0.02079012803733349,0.02286120317876339,0.06248840317130089,0.1905173361301422,0.019345728680491447,0.02816186472773552,5.9342906752135605e-05,8.280778274638578e-05,0.0005299189942888916,0.00030969001818448305,3.1415005651069805e-05,0.008318288251757622,0.018015151843428612,0.001985352486371994,0.0016141828382387757,0.00021103954350110143,5.317133400239982e-05,0.0001520671066828072,0.0002536369429435581,0.29367461800575256,0.09275854378938675,0.006869364529848099,0.033252790570259094,0.008166041225194931,0.0009012002847157419,0.09345149248838425,0.050816040486097336,0.01090341154485941,0.009450058452785015,0.004693070892244577,0.006006509996950626,0.00022410934616345912,0.0002467108715791255,4.3010809349652845e-06,1.0381903621237143e-06
1.3502960882760817e-06,0.21139955520629883,0.215465247631073,0.0014035759959369898,0.06343689560890198,0.028074396774172783,8.127508408506401e-06,2.4909078888413205e-07,6.374642680384568e-07,0.04042987897992134,0.02391180209815502,0.3028903901576996,0.2837844491004944,0.00035383793874643743,0.8587754964828491,0.8562082052230835,0.0010701555293053389,0.02004806511104107,0.022341566160321236,0.051373112946748734,0.1928136795759201,0.020317168906331062,0.02943642996251583,5.810945003759116e-05,7.354020635830238e-05,0.0004998546792194247,0.0002962948055937886,3.1424351618625224e-05,0.007431830279529095,0.018650390207767487,0.0024758479557931423,0.001935330219566822,0.00022577126219403,5.334975867299363e-05,0.000155653411638923,0.00022454309510067105,0.26254159212112427,0.0945153683423996,0.007658414077013731,0.03240688145160675,0.0075981756672263145,0.0006966937216930091,0.09617183357477188,0.05645643174648285,0.013880097307264805,0.012771952897310257,0.006256194319576025,0.0065271793864667416,0.0002943860017694533,0.0003269082517363131,4.425389761308907e-06,9.97255142465292e-07
1.331269913862343e-06,0.19248658418655396,0.1984073370695114,0.001498276018537581,0.03903952240943909,0.033996518701314926,8.435781637672335e-06,2.3708913943210064e-07,6.690647751383949e-07,0.03447256609797478,0.01934361457824707,0.26802849769592285,0.24419882893562317,0.00043781413114629686,0.837404191493988,0.8347986340522766,0.0014060749672353268,0.02609315514564514,0.029476992785930634,0.06322181969881058,0.1711469143629074,0.02345408871769905,0.036372214555740356,5.974640589556657e-05,5.5179971241159365e-05,0.0004588426963891834,0.00040583370719105005,2.729060906858649e-05,0.007928109727799892,0.01629021018743515,0.00237083132378757,0.001854671398177743,0.00017409073188900948,3.379061308805831e-05,0.00015228634583763778,0.0002504731819499284,0.3143540918827057,0.08147170394659042,0.0056992401368916035,0.048195261508226395,0.007232083007693291,0.0008904206333681941,0.09199787676334381,0.04381367191672325,0.013574633747339249,0.010850746184587479,0.006188434083014727,0.005769186187535524,0.0002044759166892618,0.00022725691087543964,4.485216777538881e-06,9.74497652350692e-07
1.291240323553211e-06,0.19672486186027527,0.2105155736207962,0.0013235140359029174,0.0421198233962059,0.030259989202022552,7.80828941060463e-06,2.265124692257814e-07,6.851238367744372e-07,0.03837558999657631,0.020014526322484016,0.2903512716293335,0.26197174191474915,0.00044135074131190777,0.8445900678634644,0.8415423631668091,0.001222453429363668,0.02341051772236824,0.026728827506303787,0.06015573814511299,0.18741700053215027,0.02119533158838749,0.03491969034075737,5.89996634516865e-05,7.708382327109575e-05,0.0005375166074372828,0.0003390046476852149,3.3337164495605975e-05,0.008371834643185139,0.019506806507706642,0.0016829257365316153,0.0013966117985546589,0.00021447119070217013,4.5748067350359634e-05,0.00015703476674389094,0.00024830803158693016,0.2804776430130005,0.09139879792928696,0.0071098036132752895,0.03797370195388794,0.007937832735478878,0.001001915312372148,0.08084092289209366,0.04180710390210152,0.010348991490900517,0.009328781627118587,0.004182513803243637,0.005907077342271805,0.00019098246411886066,0.00021750251471530646,4.1411490201426204e-06,9.46020861647412e-07
1.2340483408479486e-06,0.19688858091831207,0.20984682440757751,0.00129407225176692,0.05712682381272316,0.030086925253272057,7.508187081839424e-06,2.0989514837310708e-07,5.808414016428287e-07,0.04010724276304245,0.02497323416173458,0.2801934480667114,0.2568075954914093,0.0003829297493211925,0.8558133840560913,0.8517268300056458,0.0010870348196476698,0.023706043139100075,0.02593107335269451,0.05458510294556618,0.20066048204898834,0.02068270929157734,0.027946310117840767,5.466027505462989e-05,7.449603435816243e-05,0.0005404283292591572,0.0003403524460736662,3.461117739789188e-05,0.0066725462675094604,0.02037193439900875,0.0018112866673618555,0.0014333362923935056,0.00023303118359763175,5.82733700866811e-05,0.00015672273002564907,0.00022185362468007952,0.22695854306221008,0.09203631430864334,0.00847049243748188,0.030672086402773857,0.007445693947374821,0.0008650086238048971,0.08315302431583405,0.04511232301592827,0.00878150761127472,0.00870145857334137,0.004160669166594744,0.005478499922901392,0.00021317211212590337,0.0002557983389124274,4.082475697941845e-06,8.840442546897975e-07
1.4608189076170675e-06,0.20417679846286774,0.21977905929088593,0.0011676463764160872,0.038389090448617935,0.030969679355621338,8.185262231563684e-06,2.1071222988666705e-07,7.521614975303237e-07,0.03359760344028473,0.01943076401948929,0.2625771760940552,0.2420128434896469,0.0004231084603816271,0.8431078195571899,0.8408161401748657,0.001323597738519311,0.026984836906194687,0.030049260705709457,0.061470288783311844,0.17166441679000854,0.02444288693368435,0.03616562485694885,5.531373608391732e-05,6.900617881910875e-05,0.0005434497143141925,0.0004180141258984804,3.435019243624993e-05,0.011102767661213875,0.017917724326252937,0.001172371325083077,0.0010136081837117672,0.00021265933173708618,4.235484448145144e-05,0.0001320956216659397,0.00023991115449462086,0.33379891514778137,0.08553598821163177,0.006871407851576805,0.0485188253223896,0.008107657544314861,0.0011202957248315215,0.09319287538528442,0.04076499864459038,0.01097666285932064,0.008900836110115051,0.0034583548549562693,0.005268035922199488,0.00017892097821459174,0.00018202143837697804,4.224384156259475e-06,9.309758866038464e-07
1.6655252466080128e-06,0.2852337062358856,0.32164010405540466,0.0008048793533816934,0.03149959817528725,0.018803531304001808,8.424672159890179e-06,2.299825609952677e-07,6.990246106397535e-07,0.04033578187227249,0.02449391596019268,0.2604871690273285,0.2387743592262268,0.00036950292997062206,0.8520402908325195,0.8477747440338135,0.0012700683437287807,0.02594767138361931,0.02859010361135006,0.06405697017908096,0.2080429345369339,0.020246854051947594,0.02750266343355179,5.728070391342044e-05,8.572219667257741e-05,0.0006260506925173104,0.0003675515472423285,4.142273246543482e-05,0.008832544088363647,0.019633321091532707,0.0017266744980588555,0.001388236996717751,0.00021933663811068982,6.087338624638505e-05,0.0001370315148960799,0.00021956197451800108,0.3005627393722534,0.09874054789543152,0.006617417559027672,0.030282972380518913,0.009430752135813236,0.0010285940952599049,0.10118447989225388,0.04655212536454201,0.010710429400205612,0.009284517727792263,0.004424309823662043,0.005589291453361511,0.0001781674800440669,0.00020143242727499455,3.512519469950348e-06,9.76874048319587e-07
1.5172649909800384e-06,0.29960790276527405,0.3199920356273651,0.0008168747299350798,0.04518404230475426,0.018193239346146584,9.169602890324313e-06,2.580563034371153e-07,6.376587862177985e-07,0.042224008589982986,0.021774619817733765,0.28963154554367065,0.26514002680778503,0.00029288631048984826,0.8712366223335266,0.8685339689254761,0.001041998853906989,0.020893627777695656,0.023883527144789696,0.05560221150517464,0.20434963703155518,0.01944737322628498,0.02999964728951454,6.22844891040586e-05,8.627368515590206e-05,0.0005957212415523827,0.00031346670584753156,3.920551171177067e-05,0.006316343322396278,0.01880437135696411,0.0027950252406299114,0.002021259628236294,0.0002102111466228962,4.554791667032987e-05,0.00016503696679137647,0.0002415427879896015,0.2773606479167938,0.09816904366016388,0.007071759086102247,0.038613397628068924,0.009037841111421585,0.0008741311612538993,0.09341801702976227,0.05320832133293152,0.012260756455361843,0.01060538087040186,0.0069249477237463,0.005455045960843563,0.0002348702837480232,0.0002691484405659139,3.890996140398784e-06,1.062234787241323e-06
1.619753788872913e-06,0.25088080763816833,0.28743985295295715,0.0009701905073598027,0.029750114306807518,0.022645654156804085,8.107411304081324e-06,2.4565548528698855e-07,7.785104116919683e-07,0.03815627843141556,0.02088373340666294,0.23518717288970947,0.21590512990951538,0.0003907852806150913,0.8495586514472961,0.8469908833503723,0.0013075130991637707,0.029869383201003075,0.03360375761985779,0.0682557076215744,0.19136536121368408,0.02183743752539158,0.03204266354441643,5.831367525388487e-05,6.556922744493932e-05,0.0005404046387411654,0.00044863688526675105,3.262309110141359e-05,0.00875500775873661,0.013064880855381489,0.002037163358181715,0.001789906877093017,0.00021533382823690772,4.9973546992987394e-05,0.0001482885709265247,0.00027963079628534615,0.2945968806743622,0.07292777299880981,0.00805910024791956,0.03488467261195183,0.008745512925088406,0.0009995822329074144,0.09975799918174744,0.04602711275219917,0.007767063099890947,0.006005058530718088,0.003888102015480399,0.006468289997428656,0.000185939745279029,0.00018954946426674724,4.502166120801121e-06,1.0365105254095397e-06
1.5883614423728432e-06,0.3196685016155243,0.3313213586807251,0.0008694966090843081,0.04436733201146126,0.017361145466566086,8.825146323943045e-06,2.624069850298838e-07,6.905269742674136e-07,0.04249340668320656,0.022279396653175354,0.28777727484703064,0.26536113023757935,0.00026060649543069303,0.8743590116500854,0.871641993522644,0.0010524893878027797,0.02054644376039505,0.023365644738078117,0.05103292688727379,0.19875413179397583,0.018871141597628593,0.02960195392370224,6.338355888146907e-05,8.362266089534387e-05,0.0005990249919705093,0.0003231794398743659,3.966895746998489e-05,0.006959698162972927,0.014546572230756283,0.002609767485409975,0.002087721833959222,0.00024933452368713915,4.995591370970942e-05,0.00016646903532091528,0.00027234829030930996,0.2626745402812958,0.08257883787155151,0.009444824419915676,0.03719400614500046,0.009082663804292679,0.0008207521168515086,0.09121871739625931,0.05530394986271858,0.008701811544597149,0.007413210812956095,0.005073146428912878,0.0059692030772566795,0.0002540970453992486,0.00026101982803083956,4.3313971218594816e-06,1.1338960348439286e-06
1.6978937082967605e-06,0.3253454864025116,0.3382205665111542,0.0009929987136274576,0.03971448913216591,0.01612287573516369,8.807339327177033e-06,2.9098512754899275e-07,6.79223205679591e-07,0.04271225258708,0.024365831166505814,0.2893470823764801,0.2665533721446991,0.0002891479234676808,0.8625047206878662,0.8577820658683777,0.0011822201777249575,0.020439647138118744,0.02280237339437008,0.052212730050086975,0.1946655511856079,0.018765591084957123,0.02675040066242218,6.066135028959252e-05,8.146913751261309e-05,0.0006087883375585079,0.00032581272535026073,3.9699196349829435e-05,0.006159781478345394,0.0138778667896986,0.003840784775093198,0.0030727949924767017,0.00023331795819103718,4.9011316150426865e-05,0.00016449087706860155,0.00024773195036686957,0.2531837224960327,0.08623776584863663,0.00857226736843586,0.03430150821805,0.009928901679813862,0.0007608957239426672,0.1080634668469429,0.06284704804420471,0.008529691956937313,0.007464199792593718,0.005995437037199736,0.006730486638844013,0.00025942278443835676,0.0002666977234184742,4.264005838194862e-06,1.2087193681509234e-06
1.433650709259382e-06,0.2575438320636749,0.2799147069454193,0.0010368544608354568,0.052287060767412186,0.021766049787402153,8.59970987221459e-06,2.3348911781795323e-07,6.434296437873854e-07,0.04467953369021416,0.027607765048742294,0.28597578406333923,0.2643882930278778,0.0003038270224351436,0.8637455105781555,0.8590635061264038,0.0011125310556963086,0.02205786108970642,0.023711496964097023,0.054595328867435455,0.19203688204288483,0.01878058910369873,0.024824518710374832,6.018110434524715e-05,8.826387056615204e-05,0.0006526106153614819,0.0003292911278549582,4.360336242825724e-05,0.00655465479940176,0.01620594970881939,0.00228941161185503,0.0018567937659099698,0.00024857211974449456,5.195712219574489e-05,0.00017121493874583393,0.0002703587233554572,0.23402483761310577,0.08006579428911209,0.009832307696342468,0.034177515655756,0.009789107367396355,0.0009438844863325357,0.08273229748010635,0.04480554535984993,0.006535771768540144,0.005787353962659836,0.004088704939931631,0.005497736390680075,0.0001930053113028407,0.00020378147019073367,4.227164936310146e-06,1.0648323041095864e-06
