"{'gestureId': '4', 'fps': 27.122536498488504}"
6.378074894447287,7.464336094698848,-0.3521597744924749,6.341063671856968,6.87372322045825,-0.5564611712139558,6.358756624464813,7.082302648252888,-0.317209931167166,6.248741934207724,6.438248002857161,-0.37030330737934747,6.333838060003362,6.716238872705232,-0.5778064494518902,6.329471967713432,6.539828854463431,-0.5199694564602771,6.324834989194397,6.137291918013405,-0.19848808083716823,5.6458234036252355,6.231079409916026,0.24466831524409385,6.315998903047207,5.829387786931619,-0.0992174620265846,6.309957026907087,5.63208390565422,-0.10030905467600967,6.28301831911516,4.8756281736460965,0.09587789055069275,6.380808989976117,7.521881235609378,-0.34571351716308485,6.384728305526537,7.578763632951166,-0.31630306529983176,6.3868360230351895,7.622406001999163,-0.27246903496781616,6.387635322949563,7.623216434224322,-0.26779736074683347,6.388235725577908,7.675274088071831,-0.28914004144558475,6.3912637141114645,7.7424323504223524,-0.3197436682941773,6.393490176268492,7.821028691027576,-0.31748545585909815,6.406012541593666,8.037399252063704,-0.23620237843051037,6.347444712399009,6.9727139544218435,-0.5096746201385804,6.275966371309803,6.999322403660478,-0.3706474813211213,5.290399890726014,5.81388567308629,0.8214356794457622,5.920193303851928,6.321456703948133,0.11846535493181397,5.821163606800586,6.350702026534741,0.12737751186936838,5.727389473670907,6.36212377740029,0.1595164467214302,5.604713635280856,6.304192716382543,0.2560232258603052,6.007607176753032,6.276968279280465,0.1260497982697277,5.748761654993239,5.9092895765149125,0.10737759658213179,5.871364020132108,5.914433075174672,0.10526009191691395,5.642639562740686,5.953656287917997,0.1425195070569555,5.5789063413417255,6.027259044982034,0.18557399732624194,5.529778711692864,6.424717792328906,0.30265241708426976,6.055285379537668,8.390814496097287,-0.1391965354799063,5.612273587535042,6.197165938340185,0.2828985258653847,5.271123181370471,6.481954939307713,0.7880787306399216,5.417422525400634,6.357930607004556,0.4232274492752808,5.879797116628875,6.927127141756708,-0.047276697442319215,6.263073671112509,7.436124592707154,-0.3326127819079944,6.283433925384473,7.584369122508508,-0.29794576885357044,6.154491338176442,7.510875091013139,-0.27297620449333565,6.080708608754711,7.589440261148164,-0.2016716202216336,6.196197056224852,7.6074315596850495,-0.25474233754290454,6.123726084090637,7.6410028982427605,-0.18722108068768828,5.9650876867862275,7.865888934875468,-0.07713964874859543,6.264265570520571,6.881346626883912,-0.543424632284393,6.244807033422204,6.730966919873969,-0.5619571002793212,5.445457394727871,5.954639270960325,0.242880141439603,6.062879099801236,6.523076953193956,-0.031041961585757283,6.0639448330203995,6.9204032260424855,-0.28008003350541527,6.056828317812488,6.853285040010791,-0.24243199635355883,5.580352799589741,6.986621921362741,0.09869323455401827,6.245087567653989,6.568896060077475,-0.4834478700059917,5.667552189969718,5.766677995970838,0.05641794226082754,5.53213134003879,5.830811609481038,0.1417581497685087,5.36852978750934,5.493739339834088,0.6364723357507133,6.11480836099769,5.85360167612037,-0.05657698935309165,5.981421755324233,5.9718776542111085,0.13107556114677724,5.88060012731351,7.7393665120321256,-0.03351894132199997,5.4302113240306,7.98860633389245,0.8888628798710011,6.1411808052476795,6.997525648699757,-0.24944022664677104,6.2204577011189,7.036221560988892,-0.2752478916629277,5.994209069646093,7.714784885510438,-0.04645550108436302,6.015185311781501,7.704458554026146,-0.07532091327215222,5.476215969427204,5.745982659144243,0.21066787249024405,6.069952198997086,7.004799500566765,-0.2305794250606236,5.857197412503969,5.7711672858334575,-0.010068635159092816,5.832426165621909,5.640187856828772,-0.017088249254746595,5.732157813457207,5.034922635132777,0.24709831314997616,5.426490163612155,5.604634224797255,0.39574177394677784,5.792139817198603,5.299856417660961,0.1090785093046871,5.390199201529635,5.9096272566087285,0.34583662196651715,5.341519461851362,5.863551364423099,0.5706694322382825,6.271041437018458,7.5160234136742385,-0.32707756506248303,6.176795293911489,7.563038130736081,-0.27032295737158313,6.102188031337607,7.612783974710544,-0.20439555751687177,6.168800068305604,7.029522136358397,-0.2351697870282465,6.005234881324719,7.7093107572203605,-0.06218038580408348,6.055286863845772,7.713649389810355,-0.13364596532243705,6.028226071712236,7.700606774494488,-0.07888222066541697,6.169284694901783,6.911973098161927,-0.38674971948702597,6.140509155830309,7.6571551390379415,-0.1722325026581088,6.21309293538048,7.633107863433942,-0.21697722558929106,6.296135891990313,7.623880662101168,-0.2561167140785862,6.28354079556801,8.047703318926427,-0.22871557473510792,6.2849835430457635,7.819366265950328,-0.30634769488013935,6.283792385791754,7.739069650411189,-0.3068067403538273,6.287506866823728,7.677683120125734,-0.2722975278047826,6.29484528609329,7.624317790837997,-0.25144884339712176,6.139933986439744,7.658070957138532,-0.16919658235311716,6.125939929628775,7.684833032266002,-0.19076103955579113,6.113187867624401,7.720613021283484,-0.21263548522920286,6.103427428605019,7.765327802937117,-0.20003306003563215,5.980360846106409,7.4420907691339355,-0.1530554274840928,5.29611744554526,7.241027877581422,1.1373791942995481,6.352935168078239,7.032568678743263,-0.38395880278856387,6.085196414309226,7.681291473128224,-0.11776333517908334,6.071207552576623,7.699023017746789,-0.13153837537151222,6.24345260227668,7.095586463635765,-0.28737315818547043,6.112507683435429,7.099918416839288,-0.16819059253516697,6.232729960528435,7.068346441298588,-0.2830614054875597,5.962028527782472,6.635578601680445,-0.0018019188744153663,5.803512956973725,6.76222867502079,0.025371545144991806,6.047048953864771,6.9387351732893965,-0.19034300968965218,5.508813601868242,5.229777408037446,0.42946209993049667,5.570392350053252,5.412970714317659,0.2458350509913186,5.625673921104138,5.648052834398472,0.09409509156500283,6.053091572158944,7.938528004902538,-0.14021719443654732,6.069505422257576,5.662270279579197,-0.0785831035919303,6.027698400181021,5.252871386761213,0.02467034292133446,5.983384010638626,4.926654604437876,0.13202333825624682,5.651730949881881,6.350192908854833,0.20896618282516521,5.434332505483257,6.554349840651563,0.356546276018845,6.06717988253456,6.231169952710411,0.1424841271817415,5.49541772122346,6.132403349270625,0.28271544573759744,6.1269529699102225,6.409625347520469,-0.0629718061297287,6.108400973986791,6.834122622379309,-0.3765256197234432,5.343625323974884,6.707952722710829,0.4621859449450609,5.501265895155919,6.635839839906869,0.24754970515999933,5.627138933203462,6.65876572073778,0.1409017735690479,5.814575876354968,6.60192043109861,0.08653723241716713,5.95310746499629,6.516380497179671,0.06332733270927195,6.056051282519686,6.43061197981261,0.03769428262624303,6.236928326002537,6.1881354078312825,-0.15658777927315912,5.365760068585998,7.022150320156479,0.40027781951469493,5.424441076273637,6.144058136508611,0.3406012353581521,6.305285909301643,6.970921652385437,-0.5015964588173458,6.077045336352349,6.653758407346626,-0.08869400746829526,5.2495765938458385,6.537507396587703,1.144616031233196,6.131577331810368,6.3359732372119515,0.02813801424531559,6.043332246370641,6.964073796944473,-0.08751841225707066,5.560481624838271,6.2214666595530606,0.30350401566701857,6.106736322447388,6.754285400198569,-0.329517767586585,5.348227421253459,7.609568963355796,1.0427625307819477,6.071853226602161,6.179824395676125,0.17619690406720914,6.172078904908853,6.642295095854144,-0.4243560336657523,5.624693164523967,8.202449860380353,0.29753600704742084,5.64790959866637,8.429321901257127,0.46185596469953816,5.298221452283651,7.140535765969939,0.7690319035020917,5.500552314034592,8.04479555934935,0.453722327362891,5.305062257261118,6.1525814047227385,0.712710760162388,6.03890418421734,8.572527947197129,-0.09755649806512805,6.320645529568923,7.031542279688873,-0.37431580964796524,5.998139517507299,6.7902791295831255,-0.05927176811138271,5.3454680924868505,6.411563111751136,0.5297701109523703,5.732627225895314,6.266309462780723,0.1755376277494306,5.812966886369489,6.263043984950416,0.14605967465588557,6.0436446932266765,7.744626157801076,-0.11845494158276704,5.397186210855413,7.340749633286573,0.3940270733934689,6.23141041062337,8.765635689462584,-0.09893072385076784,5.927522817272862,8.658509462777213,0.14271600393847025,5.795957457643853,8.571316751783705,0.2838927107954398,6.294020010787085,5.224415345009272,-0.008373027678396058,6.440290410809208,8.761804690244393,-0.1393851817630861,5.896986888789232,6.239442001777821,0.13932098543755847,5.9793559695195375,6.211720321460673,0.15226328239863082,6.040912824160004,6.197196366656331,0.17395128505870566,5.362448948281472,6.143658115474398,0.4540252653701315,5.963191483182492,6.084621244918661,0.14788437635514018,5.871991140306338,6.044295562330581,0.13311380607843631,5.786163621692116,6.040110926706448,0.14101475492736,5.704068395807123,6.0728009573270025,0.16754573024062377,5.656095928940734,6.119191893907851,0.20207627971867334,5.258793776098906,6.1466356375323965,1.0128867483278758,5.680609648366631,6.252123188070196,0.21248461922575013,6.365234145033658,7.218922819132401,-0.3035154726702016,6.072820995486416,7.328870715524779,-0.1994537856054647,6.1351359604913505,6.960475091944664,-0.2843091287957463,6.243134218188224,7.235706633026126,-0.29357422636981784,6.3221402278303405,5.9920367847348865,-0.10773766885524563,5.760140360923753,8.360525704913087,0.1642372422637523,5.893466109964919,8.471084394090543,0.03589073811555872,6.217473870751458,8.625007886700422,-0.21595210211217888,5.534410495133534,8.257565188923513,0.681245144574314,6.037142681574104,6.141006399045379,0.16451167691692006,6.184584571767849,6.411020597138873,-0.20793516850026258,6.430633502280128,8.62204223910726,-0.25141669884972967,6.068314636080593,8.722745864623661,0.0009216571280541636,5.3425729495286625,7.4846740843492405,0.7122542890355692,6.212376385642944,7.637482861572501,-0.2131581240282509,6.19891482436453,7.675053668318285,-0.23656726310880735,6.190547408501395,7.7275566145972,-0.26311390483026986,6.185583140045276,7.7991440523321005,-0.25877177020084136,6.157791697247208,8.004858765484697,-0.1983543771461759,6.0651530598176135,7.672418279278417,-0.1273389082624895,6.0461472366911755,7.665481365351172,-0.12502604313914956,6.028836493420288,7.655849690059871,-0.12193565568441024,5.912022187735637,7.581776036249623,-0.08969089430294719,5.520288416748535,7.3569953854923495,0.17098130050280183,6.182705808784345,6.287399996640191,-0.10185299022033747,6.130093023705683,6.059406560990325,0.10501230523268812,6.076499482046851,6.0828593711984,0.1471830987564619,6.085140010601248,7.678529175745405,-0.11863926249936053,5.528071015218424,7.763151807255649,0.2831971732945101,6.210399287247504,6.0452752056796735,-0.03288252102980218,6.102118268856686,8.203169749811126,-0.1630252699078059,6.328601421010034,6.402505863696349,-0.4081485487782998,6.24229632626313,6.31727021293887,-0.2723379752006353,6.325568979552163,6.275092855990195,-0.2980897003550966,6.130471522272378,6.647529508385316,-0.22593857342512727,6.421074558085957,8.444126390293256,-0.2893617135840938,6.414588873822536,8.23322253600668,-0.26305464846765314,6.254044624911711,8.241316468101527,-0.23753621480108286,5.8694210608230755,7.976707377971243,-0.023186121787827557,5.96722063753266,7.108298078244287,-0.07327953737808482,5.979388253220814,8.117258738866015,-0.09260655666106668,5.727038805881175,7.138695966074182,-0.02144872465609753,5.874548974247736,7.281348365091135,-0.07033832288786632,5.653628637793721,7.42101359404741,0.03831219545176054,6.2247005958361425,8.452034783875018,-0.25107996964079343,6.082131689150078,6.7544590642468165,-0.1599187058139569,5.784816241010088,8.14102919100849,0.063874329236241,5.920981100378489,8.279972304071837,-0.030285100707213523,5.779256393926964,7.805373693447463,0.01564822542438417,5.433755109630535,7.613172121279918,0.3975748016868072,5.656768691589182,7.879485197114382,0.12274030142719135,5.400655038896062,7.795747955388582,0.6258326297178187,5.799616648198927,7.505891526551659,-0.03880509010792954,6.133823089972756,6.52892364281831,-0.14313114636149932,6.1389591670919925,6.888418612848683,-0.4030855738332196,6.093103323582882,6.9585996686543945,-0.2980119365257996,6.1720395707440785,6.770953438060128,-0.47295330147495834,6.042941131185056,5.939182428512188,0.08657179476330785,5.866779734550788,5.860468456489668,0.07580773154201767,5.715942118490551,5.853994275614059,0.08552754342511229,5.59779713059005,5.905133142744768,0.13050062367935317,5.521560097717224,5.996715323880854,0.19762938540629388,5.498344776805899,6.28402542216419,0.34592185372096584,5.270399952246463,6.810297250836959,0.7849323685350158,5.584461364423508,6.471283506189081,0.24161265827977274,5.685593212828111,6.493307669846396,0.1706012712433742,5.814978494928364,6.4691179006643456,0.12081924725885997,5.939461107358842,6.414858275743536,0.10179745622413953,6.037970183342466,6.35001108111201,0.09619048235869228,6.104591868313144,6.29179429078411,0.09182225057778258,5.267551193916547,6.891514879555055,1.178612902370669,6.104819709607213,7.013712770735398,-0.25039741983577973,6.185628040365443,6.525319742740136,-0.30118002982905057,6.203306520969266,6.871067051104916,-0.48775074004758845,6.265458954236738,6.956557260702348,-0.4580990417326958,6.209564735015644,6.9065308824961,-0.4402619720848124,6.137795469537919,7.065705857180354,-0.2225582704475346,6.277990967564593,6.965566268743733,-0.4864226553709216,6.294276796089195,7.017747120163931,-0.3719171677507944,6.104542143991637,6.178961641590277,0.1559805812967723,6.15243779791361,6.201385826281804,0.08571155124546494,6.181987403661677,6.2159999528035055,0.00623195744773689,5.6309072204042305,6.158155352732856,0.23727629853656404,5.547001509708549,6.11837107152596,0.24594259375196587,6.411951258320511,6.421369193244737,-0.3774950352620014,7.040429574465674,6.1095360986098495,0.1924174114390488,6.430530342866852,6.988394185239735,-0.37582414499009476,7.414561306716344,5.580264112180486,0.7362477120861464,6.771251783989169,6.250451114990269,0.08419519716072302,6.873352143432078,6.261352615865127,0.08637745476700774,6.970986961942042,6.248718185278049,0.11241954769444802,7.090003980854045,6.1701975443861645,0.20002821284197778,6.6764631262699385,6.221375745681648,0.0997436492496954,6.905920089711023,5.797831396626018,0.06487866660180903,6.784268423913204,5.828077885029234,0.0725292718138734,7.016725916187908,5.821785160819423,0.093397652294314,7.089526033644337,5.883007675059309,0.13235777142608363,7.184142511623424,6.264192839423441,0.24204874336246635,6.8004028530111285,8.323469953079629,-0.1623176144227403,7.0712334205622,6.067708667296855,0.22733502904386615,7.486279363564457,6.246548868983052,0.7040252385185677,7.301832559089839,6.171974632264499,0.353662914756238,6.855934529977653,6.833335196929773,-0.08044677997508996,6.493795265058785,7.419916690358048,-0.34101943916664706,6.49050529614475,7.568420231923668,-0.30532382378799056,6.616414699740858,7.4789238747516915,-0.29030726423140635,6.706104759120496,7.542275628967748,-0.22497785500436995,6.587108520521959,7.581713695309227,-0.2696444198369149,6.669587811129038,7.596505567726464,-0.2065955340511562,6.851579569998508,7.788598043248315,-0.10746106572070618,6.4182135542141765,6.867099495541093,-0.5481477470581286,6.426497477746423,6.716636667277288,-0.5679659041794837,7.227428646726298,5.774166330358973,0.17883834630106663,6.636011277492961,6.467710034427052,-0.05331040988786339,6.6517204523188935,6.866373668877902,-0.30061532017216036,6.656452426556629,6.799061038484494,-0.2639781200319085,7.1753925153463065,6.824964441373402,0.04270620548983206,6.416033105608395,6.549354401725246,-0.49097716202089076,6.974282868088496,5.620228365745075,0.014290959018456095,7.121173708898376,5.6641282622492355,0.08762364158438288,7.29445703211766,5.2802527894453615,0.5601536195475008,6.5259104973658,5.8022627984725546,-0.06927806885291711,6.679419868014471,5.904736090326765,0.10433382567880523,6.928337595016079,7.641787355076087,-0.07010550684241508,7.484953134272922,7.787501139558953,0.8098388729931155,6.576716137327008,6.959755202513892,-0.26587362786621943,6.498038901930079,7.010441355672673,-0.28326078981218433,6.813726744712833,7.647573930222201,-0.07768662788132888,6.791568251172044,7.640235510952639,-0.10295070564069438,7.175483058140693,5.568298733471594,0.15160936350541765,6.6576673327403135,6.951670918421725,-0.25083501241889217,6.779472624426967,5.663512645462817,-0.03918635725712414,6.794785488988949,5.52618149100116,-0.046897247990744996,6.859809316284933,4.909137913417464,0.20337767004176996,7.223656277678241,5.409064386463154,0.32909708220047756,6.8088084898079595,5.18528972552383,0.07385259626806387,7.286529342530538,5.716927699072062,0.27775994397622206,7.346384066851956,5.649094818687961,0.4948499074045268,6.494897363826514,7.501320599743282,-0.3351617100007646,6.6013363558594165,7.533783902300846,-0.286326952894809,6.6881453732078615,7.570259289665373,-0.2256399723806301,6.554133131668279,6.994562969722805,-0.247602119789946,6.805346341153782,7.64310022559468,-0.0911425940139573,6.751105270084281,7.658994196779647,-0.1585764390371961,6.780061152590474,7.63828735656524,-0.10555617659532739,6.5316065297175285,6.8788047492546385,-0.40078118550069625,6.6550942846408425,7.614512451498449,-0.19015854961917386,6.57623522150109,7.607202234082876,-0.23042477870996675,6.485651608642431,7.612208805319978,-0.26336141320672607,6.53241176686432,8.022079708115252,-0.23529815648698763,6.509946763699913,7.802719750556287,-0.3143759463413539,6.503454400050022,7.724418787263896,-0.31467065107707626,6.49652787627951,7.658774519180153,-0.2806469000475201,6.485604852937134,7.613845255005393,-0.2591068759477881,6.656935568844704,7.61422746434235,-0.18717917217604507,6.672572012573507,7.637971941092994,-0.20926438960032206,6.688319037256109,7.676345758523413,-0.2318228577906951,6.70329867464859,7.718921652198195,-0.22009691653294083,6.790909960527617,7.367507255489728,-0.18031999888578298,7.56402000054733,7.008152552575249,1.046371625938489,6.719018981785307,7.626716432735169,-0.1408945259708805,6.732170693746868,7.64338224413457,-0.15548688650576564,6.478517281737263,7.07320087095496,-0.2947811543974398,6.623007996341868,7.05740412195085,-0.18384845436607453,6.487441684216681,7.045976433852881,-0.2906799879118812,6.7506644305771895,6.555370302473534,-0.0310039464838496,6.924063529828638,6.650074354630798,-0.014520539736085407,6.677884351280174,6.880307611210632,-0.21219652429955643,7.116117413339767,5.049892995599603,0.36692516128696945,7.052000498295746,5.247756089955442,0.19257526992521345,7.00822602582643,5.494269979981513,0.048836380567945155,6.764680009855677,7.876518065213116,-0.16438839817113174,6.555617439772964,5.599679233266791,-0.09269786480181894,6.565660268409262,5.192422197043867,0.006495872212164658,6.590879405261911,4.857553382778322,0.11068681511689854,7.048128680604675,6.220162323806068,0.15631785552509075,7.297964452169031,6.37191353150474,0.28810963012084967,6.613380773974882,6.189705805806039,0.1184336046537622,7.1916998663384275,5.970140642651601,0.2213922072774198,6.5569689023022795,6.367969724870592,-0.0809782550458237,6.58820839282753,6.79117713598646,-0.39338070359850685,7.415920932940236,6.492551414867059,0.3868377575114851,7.230067004382375,6.463502763104323,0.1840839259314943,7.098261186840408,6.511543137066503,0.08768342557214619,6.901646766677635,6.494645031448717,0.04645579388732898,6.751979527557941,6.441248531690782,0.03281133512060191,6.635746328496274,6.3751812357972035,0.01448208977828768,6.419158316322808,6.168722142130108,-0.16433591396424266,7.418274303440214,6.814186138071233,0.3237916316111085,7.2709136791152,5.961408829148766,0.27269233056831466,6.3889444826978945,6.9626340180829285,-0.5053095019258435,6.630097051849844,6.600908875125267,-0.11010653182106622,7.536948447180034,6.289520330767733,1.051567353689682,6.551105143134722,6.296835743261672,0.009991418523457448,6.6888207333954925,6.905500772671449,-0.10867500942335416,7.128908438431889,6.078996830432984,0.24591028685837482,6.590109791509632,6.70963221733128,-0.3467411222178095,7.54462083577315,7.391019438021989,0.9564091032523845,6.604281223139111,6.142145605515725,0.1515104830741001,6.503855163238287,6.610616250129906,-0.43672152617811266,7.256411988932428,8.05355297716699,0.24040125413552263,7.266601021917038,8.283374338247775,0.40222365467068033,7.524775636413513,6.9103373906305645,0.6849768806880049,7.378903773117498,7.863914805096236,0.38649416337756465,7.419478077313113,5.927654549617152,0.6320727073745425,6.83767160305761,8.503535822183268,-0.12444857770948473,6.38554987006248,7.023976761279294,-0.3766269469439021,6.72520112504132,6.72016041471781,-0.08546870452415001,7.387290856063021,6.206093309435812,0.4558023532484655,6.953766019311488,6.1578121064836475,0.12925092902446503,6.874630132710212,6.1715608813803176,0.105223355291323,6.767036348971864,7.683276735218239,-0.1455507541106488,7.419225002781264,7.1359581597750905,0.32029478725498395,6.654902808895338,8.731142595571864,-0.11335505606973983,6.974900340260044,8.573161004603778,0.10499935232524332,7.1131428598979785,8.458485586897977,0.23560531549540087,6.784568996304403,6.166525737212201,0.1043946475226261,6.700429507082234,6.155073186953478,0.12222305484117986,6.639308667947518,6.150836229468655,0.14738373546604985,7.345386611805608,5.942981515106129,0.37990293089251237,6.704650137177905,6.025887544293305,0.11706249823437365,6.7923757147809924,5.969324273194024,0.09763582737562922,6.8793242570912785,5.949941064731971,0.09897778105614918,6.961122992432359,5.9665363714964,0.12072944661852653,7.016528503209985,6.003202863529405,0.1520514901859436,7.486395881750675,5.900737364292744,0.9231068883079041,7.005704186356571,6.135554906453898,0.16277177791430267,6.682072326597543,7.274504220420432,-0.22020995587203826,6.5766634443892915,6.921524620815575,-0.2992591264107611,6.492728047531516,7.213750747541627,-0.30212578920719035,7.120019659346984,8.236220096224091,0.11853820199051421,6.986375526217364,8.37810436579687,0.00033153558008949054,6.649711441299202,8.590658770695855,-0.22993959549824786,7.384826162455191,8.084184643523374,0.6084248961892155,6.636164161227743,6.093921919502616,0.13702589722300357,6.487793465237491,6.382186427897264,-0.21997037926701646,6.825814207763335,8.661952315426028,-0.026477569211887823,7.512159017523691,7.2687525265147785,0.6306641453678247,6.578764482511473,7.6062775101336575,-0.22685916914242982,6.592503238328436,7.645792760496579,-0.25036425482656566,6.606305077239849,7.699692440702003,-0.27776110359192885,6.6156057518238045,7.764901806511072,-0.27389960648064865,6.66193397638723,7.960023754874585,-0.2152730079619714,6.737339796721433,7.620837088332512,-0.15203529035451982,6.753276070687383,7.6083874541044665,-0.15216256977449655,6.770474006542314,7.597975774904154,-0.15094643439816274,6.88011687761918,7.494280526402761,-0.12344997464358674,7.2784947827598785,7.181746838342463,0.11072595214700254,6.485418572269995,6.256731964735243,-0.11418595551212254,6.53283627898226,6.022462132264718,0.0887147645894467,6.5917625685841985,6.03855425858166,0.12458028686146137,6.716123096673067,7.626002480536815,-0.14183648180950204,7.313077677290932,7.590300417694829,0.22123141496351698,6.442369184309819,6.021947077352393,-0.04210456787075929,6.737163906211028,8.14510955398827,-0.18294872013533703,6.415886159106031,6.300071534929885,-0.2786031701335679,6.5638286322080805,6.604044475996414,-0.2407967062838505,6.58018941829197,8.21515034267809,-0.2476715575784683,6.9655729481302044,7.876331042391926,-0.05776174552839984,6.780346881900626,7.031482165210633,-0.09969168686987435,6.860643497439766,8.034740114094161,-0.12015824311367833,7.033583945486868,7.010743412371975,-0.06365804351268999,6.893980315316937,7.182128305525367,-0.10318536547511942,7.138087399751261,7.27354016230644,-0.009567739154546997,6.626211133231778,8.417227758820156,-0.2643926130701418,6.629157484819578,6.702969158249349,-0.1798164241689545,7.0679382565698,8.022238529082452,0.02243813486847997,6.937768146559194,8.188063204075695,-0.06232843973944727,7.040940918607738,7.681767193875775,-0.026622245766505594,7.405731157801574,7.4144254925247655,0.32755602250310256,7.183364734176569,7.734591492859354,0.07151174381964069,7.474754453285631,7.591406227232819,0.5491035487082891,6.990759430204551,7.3902446291913435,-0.07804177178768888,6.555322062460132,6.487052053339201,-0.1601777871551668,6.5569689023022795,6.8497167633271285,-0.418385543468542,6.620212302026694,6.912512644157981,-0.31559289344868247,6.50894782434546,6.739225610168435,-0.48683524663939576,6.612525070352531,5.880629813475603,0.06405655704648375,6.782896181070423,5.764317946084389,0.04419707991845665,6.932821689800332,5.731501749274936,0.044437737865125025,7.057623057396292,5.759942576868804,0.07978364213700784,7.1464173368347526,5.836041940164921,0.14077305622559474,7.203655968121665,6.123911622603723,0.2835883116724087,7.518275851223098,6.575885666942436,0.6990564707535067,7.130081783988643,6.324295443198343,0.18496560494567715,7.025430641067833,6.363593984577981,0.12130328245102913,6.890393484781966,6.369618791174897,0.08063168069953684,6.757559041723451,6.34161212370165,0.07034799988093944,6.6512573481902315,6.296607901967604,0.07287758558372044,6.5751598402792455,6.253022678781635,0.07269541575426304,7.558076088742119,6.648246429199879,1.086930623206774,6.6180927100532045,6.9674090372557,-0.26816734773424034,6.488963100023983,6.493018229765982,-0.3131811710863391,6.48369009548209,6.845512460620608,-0.49819470294917767,6.43348560030328,6.942954319076963,-0.4635275275485547,6.484421117223647,6.884623237025004,-0.45063969773723006,6.592626435901125,7.026800657448457,-0.2367662531640917,6.416853927990285,6.951895791099585,-0.4915009836279597,6.412663726210759,7.011652551086096,-0.37612796430527246,6.568582871067386,6.143937907552131,0.1357288786511215,6.519575470375004,6.171635467862578,0.07094031418972967,6.488936382478099,6.189477222357917,-0.006473449592954335,7.046779444537516,6.0357719230394276,0.1851310009339359,7.135294674052297,5.97049353690349,0.18941014523817182,5.796436889161666,6.128829877508596,0.17598544814307687,5.903094445562983,6.113728526851532,0.17593675587954896,5.789099212046156,5.997858612198487,0.1760160967862072,5.69150818062528,6.14421139132042,0.17595435884597796,5.80473565577496,6.26698037004404,0.17592633093434495,6.878831466800523,6.042824241921812,0.1440587577538279,6.985323151771142,6.033975168078706,0.14358969320043333,6.875770823488662,5.90961538214389,0.14359899331840176,6.770361941280411,6.049452048686256,0.14348412178648762,6.878556869801156,6.179471501424236,0.143502814791681
6.390426673483467,7.481136269159998,-0.35336553164508294,6.352016507746116,6.879521665803171,-0.5579907376733898,6.369106683253538,7.091055502640791,-0.31913685488556803,6.259583314830814,6.442203261816348,-0.3702621487277849,6.34486401886626,6.721050750623215,-0.5787168855473593,6.340423902392791,6.543833254978622,-0.5203338590603399,6.334934506511701,6.140855715003841,-0.19708734197649871,5.650870841600123,6.240084701249666,0.2448273256760933,6.3253787813682125,5.8352560599969925,-0.09607058765179825,6.319236186762406,5.637292259464314,-0.0965557899717122,6.292081994953697,4.881326946080192,0.10248368218810765,6.393105605682105,7.53695763639917,-0.34672528172533024,6.396960890077812,7.591491927197832,-0.3175383897327526,6.399162741979217,7.6332684071820145,-0.2734871860611114,6.399663601979738,7.633234966974264,-0.2671165478163429,6.400304167737082,7.6820257163129355,-0.28830535489795334,6.403109429609442,7.745310937921903,-0.31971458091918187,6.405019980145557,7.821214264588528,-0.3189706524085773,6.415965331699988,8.04275341158494,-0.24096170732729547,6.358205175527045,6.979510859438514,-0.5111038508292834,6.287555677055805,7.0062704567957725,-0.3723345591583567,5.29705820973295,5.8279861588321475,0.8230851050378852,5.928374034055441,6.332124785944974,0.11880738026705984,5.828780549545141,6.361384224610476,0.12743703226835496,5.734757088972396,6.3725458228416905,0.1593389207947333,5.610630010267393,6.314096798389098,0.2558887193958903,6.016413555230261,6.286955239547761,0.1266735505251633,5.7585739480476565,5.916542145437772,0.1087263187487665,5.880942814940738,5.922114027164645,0.1069907951889092,5.652147514420444,5.960761246819158,0.14345018925137898,5.587827504160548,6.034828334522445,0.18614766829067497,5.537554238944961,6.435900897329069,0.3023456441243779,6.064476794271439,8.400776165607835,-0.14456193682486676,5.616995168033669,6.205865708216979,0.2830910511703392,5.279100446613349,6.497370687215076,0.7875601790030954,5.42597021060911,6.370300127112348,0.42287139823363995,5.891168830470681,6.9375300226291925,-0.04962338148368793,6.275353716805703,7.451532767912535,-0.3341507650495798,6.295382171900756,7.596465600763845,-0.29920212526168116,6.166397345683273,7.524210229204879,-0.2745503988886287,6.09100825510027,7.602083555665842,-0.20272375865985678,6.207036115488228,7.6188170356239295,-0.2558118533627983,6.132692588734208,7.652186647379768,-0.18804589936136576,5.9699294371106095,7.8786021197818545,-0.07857878712147132,6.275407964253831,6.8874581417758325,-0.5447675041896562,6.256164982483038,6.736161265831838,-0.5629855900376446,5.454978476158623,5.962967185857065,0.24357503634058963,6.073519026447032,6.531707092532752,-0.03136646493612739,6.074910510647295,6.9279609214026046,-0.2817163799634173,6.067925222806188,6.8605863339436794,-0.2438484564836787,5.5919335901143805,6.998886115808849,0.09598525126052795,6.256208826310977,6.573234628748129,-0.48408485963829706,5.678816451658915,5.770676330790237,0.0584112881070415,5.542363683935135,5.836914694301391,0.14306916827314445,5.375645670408306,5.505286296255552,0.6392166307402194,6.125089028607591,5.8599928963432415,-0.05371246285965666,5.990376637918265,5.979764945325606,0.13293183896083846,5.885825085272235,7.752739122736765,-0.0344690863086341,5.437265569671324,8.007369956206826,0.8820763253033574,6.152023258160877,7.005610570029506,-0.25126923336362894,6.231239023184069,7.044947401079395,-0.2771869967131489,6.000711519902327,7.726919566775144,-0.046748240607755405,6.021531393247463,7.716495139345884,-0.07548015709320559,5.486789774233312,5.752852700059499,0.21212651807525493,6.080861009837472,7.012824737514768,-0.2324977585221114,5.86910052270288,5.774954448035051,-0.007553910707054816,5.844449144665325,5.6445833394274,-0.01426830819162186,5.740971394245933,5.041803902167283,0.2520253768390088,5.434814402443251,5.613974402600254,0.39765497357457624,5.801575082751215,5.305970396656183,0.11274239481007273,5.399807335181256,5.919034184030873,0.3467322948800111,5.349685294016272,5.875677840009437,0.5721070104829796,6.283242633371787,7.529942623928953,-0.3284105443879978,6.188280617634858,7.57547183833841,-0.2714763381241126,6.111870486041889,7.6246772462531816,-0.20526628267771369,6.179468008219147,7.038044599084072,-0.23703522315591938,6.011627889943375,7.721368492288647,-0.06240795607555118,6.0629660399968675,7.724275561015712,-0.133966801779517,6.034665963735926,7.712573717650403,-0.0790750316766527,6.18138598991254,6.918740341452344,-0.38825212126971215,6.148728283023913,7.6675743447548514,-0.1729547167728484,6.223469748250158,7.6434193680234515,-0.21797200572414982,6.308032230934708,7.634689987569252,-0.257324233203024,6.293090402996291,8.054084440202088,-0.23368323710921457,6.297474785790176,7.82051499268869,-0.30814320080883123,6.296455231011666,7.742487098156349,-0.3073154395551868,6.29985721481343,7.68504648174635,-0.27183517013116304,6.306626255977753,7.634666207865963,-0.25099532555084353,6.148160542607891,7.670057837517083,-0.16915758118283852,6.135014082267784,7.695067397335427,-0.1908518811270862,6.123051405282025,7.729145198379836,-0.21319465404446877,6.113782151251596,7.77276311913745,-0.2011716453505615,5.989148267620249,7.453080677973495,-0.15470395705520432,5.30445852770802,7.2610016108890845,1.1334877956617562,6.363673021052031,7.039413418254639,-0.3859061513618523,6.0915733946112445,7.693764715464633,-0.11799622300545796,6.078361911644956,7.710469957025066,-0.13180211727568508,6.254362183727451,7.104630740755826,-0.28966481545482237,6.123388036706708,7.108968307258862,-0.17045996116286766,6.243615244072336,7.077236522567045,-0.28515521766080604,5.972980670288863,6.645269294935946,-0.0028140089032632925,5.8149229274535505,6.773188493199796,0.0234970711232751,6.058189292098715,6.946483824033181,-0.19204724083113217,5.516758888418842,5.238918692980977,0.4333712983540018,5.579193614077368,5.420465209297737,0.24857648385692854,5.637674592506254,5.65293633176548,0.09629187358211043,6.0600511685546605,7.9496558732090055,-0.14281263079049583,6.0800220321808105,5.666374093470877,-0.07507355087268733,6.03707514492538,5.258710094158868,0.029022622777597484,5.992370788973755,4.932574807572759,0.13790180855939604,5.658235861578124,6.360561595499827,0.20871800878850608,5.442616002911321,6.567343950374038,0.35547270595829483,6.076327632340166,6.240154554128077,0.14337018819881045,5.5039171055271225,6.141494794529729,0.2829511131898522,6.137312910771663,6.417090408911843,-0.06279308160706337,6.120145822786417,6.840592805287832,-0.37786494251630753,5.352968750859455,6.722087397063464,0.46026628210791537,5.5099705262455965,6.6485887928919265,0.24616119518508697,5.63658295550215,6.67078343033345,0.13958314272704184,5.823681660978997,6.613411180570407,0.08572098849297104,5.962078419446643,6.526941491370517,0.06313860139252167,6.065154515815172,6.4399129791433385,0.037822166709359874,6.2470989706041555,6.192438350131772,-0.15552206941557084,5.37542533659502,7.036894255937473,0.39762004713537075,5.433561509326219,6.15455653967687,0.34077041673025316,6.31624588907383,6.977894582730598,-0.5030995655464626,6.088035420631297,6.6616520242705235,-0.08952505015378744,5.257994473713019,6.555228934664086,1.1435250597968436,6.1406591608938434,6.343585859814483,0.028844153085506852,6.054585180818996,6.972764854861751,-0.08928338659687762,5.567436780148204,6.23055201269374,0.3036925646033407,6.118284317888334,6.7606825986170325,-0.33058016364470955,5.355581917316184,7.629653892282105,1.0372903500273982,6.081191696336332,6.188343039355991,0.1773906067756158,6.1834288150482,6.6476487514962885,-0.42519038375163487,5.632736216937311,8.216082182626076,0.29247788004232317,5.655940748652884,8.4434109442576,0.45441415286220344,5.3060904098462185,7.1581945224140116,0.7661279782982714,5.508212314433675,8.060124484837461,0.44829231905204137,5.313312751604486,6.166417409807923,0.71321953182252,6.048433297266591,8.581695863808216,-0.10382190589081877,6.331647705647741,7.038304689588794,-0.37602793721487565,6.009165947537249,6.799249561772944,-0.06075932480551921,5.353695518041222,6.425867348772621,0.5289660306883995,5.739222842938473,6.276073052830191,0.1758878061615685,5.82042941499638,6.273165984103127,0.14653183211855506,6.051696689985125,7.754895644578774,-0.11900915940951785,5.406367560826074,7.356093671878374,0.3903444332683685,6.241509254099816,8.772869815936193,-0.10692408894115794,5.936586205963108,8.669154640041777,0.13540706456059856,5.80450890364448,8.583316599210498,0.2766515586089189,6.303312702947594,5.230244674648496,-0.0032561571371238778,6.450017123693926,8.76797342640587,-0.14698507465658295,5.905202942547619,6.2495995550281265,0.14000865775947705,5.988100102886219,6.221651715622151,0.15318008214356457,6.049958542297854,6.206521879404606,0.17497388992823493,5.371600519944151,6.155438618045742,0.45423938133197683,5.971837015183814,6.092528298321438,0.1494191153893676,5.88027698324865,6.051826735237486,0.13480097240631347,5.793760849315774,6.0472305644611835,0.14239251495827024,5.71044494326457,6.079971500311322,0.1685856723520312,5.661621868391741,6.12693307028607,0.20289885530321428,5.266049105086396,6.162566955664445,1.0132958862931982,5.686313374678596,6.261426984951429,0.2127157624026493,6.375888357385233,7.229667393111628,-0.3056300763069545,6.0826835011598455,7.339183330377074,-0.20189139937764675,6.146166763110265,6.96839236191951,-0.2858546521172099,6.253401335091435,7.246917338500522,-0.29601610946830215,6.331733907072164,5.996793070669757,-0.10554089512573303,5.768403139778966,8.372849876557966,0.15896252106743086,5.902292901357643,8.481806990796125,0.03013796401230005,6.227538678417603,8.632639419410259,-0.22265054623440297,5.541629485596091,8.27418937384389,0.6738697426921276,6.04636743554337,6.149041134745308,0.16585551161291054,6.19512694283487,6.416318311670683,-0.20765976554741827,6.440624140894821,8.627699929167722,-0.2577536379818468,6.077976606140104,8.731910020136839,-0.006698983638807288,5.349962476182733,7.502627919123044,0.7079794048233656,6.222715114228601,7.648557270165304,-0.21294705717291998,6.210087348666481,7.683800276670868,-0.23637313026483633,6.2024161650086365,7.733662598888994,-0.2637488634498888,6.1976988663687065,7.803005699910802,-0.26031548300862595,6.166193731973862,8.013547477251839,-0.20210634560190632,6.072147606371419,7.683957817205156,-0.1279956695167115,6.053895569423618,7.677337399186389,-0.12555322228725635,6.037143511572335,7.668026902233068,-0.12249676407654199,5.919109238719378,7.594112896369703,-0.09058326436691713,5.530555203462891,7.370936665424996,0.1673981385854934,6.193038787639816,6.293193696082452,-0.10111591963521736,6.1395589780588695,6.066537454184565,0.10694269005671886,6.085772261682352,6.090691687800237,0.1489132509688665,6.091527321436122,7.689532671394941,-0.11928383356039753,5.5363503914659615,7.778084570864063,0.2788784209990359,6.218876921494631,6.0504672050135175,-0.030966378395002055,6.1108550183998815,8.213348259863583,-0.16806960170145638,6.33936421936498,6.406030617535334,-0.4079027716842896,6.252788264616019,6.3211764619276325,-0.27164339982866353,6.336039519598905,6.278303886244979,-0.29718150070838883,6.14165159194829,6.6540380605237175,-0.22630428371131833,6.4310059940302,8.450404406371712,-0.2950584887412287,6.424497043370599,8.239622602650604,-0.2682087886019765,6.263480956823005,8.249354446221574,-0.24297308937872358,5.875852843763328,7.9899045072568775,-0.025503583734729204,5.978277227638595,7.1180276310961945,-0.07564808383090837,5.986783301816598,8.12913615624468,-0.09644773049482847,5.738309925266899,7.150229808043695,-0.024557997999090756,5.885222418417007,7.292513433325479,-0.07284249103982669,5.663861619195261,7.434084410624325,0.03532553879608064,6.234381288038976,8.46028487308824,-0.25701491128133674,6.093334578886076,6.761800244671609,-0.16089667713908637,5.792661409596527,8.153867047665107,0.06008656704262423,5.929526606549224,8.291211182704357,-0.03486401167880635,5.786040620019896,7.8190213300758575,0.013672097154279566,5.442141895076999,7.628846868601739,0.39316339633695857,5.664690193231733,7.8933574256726,0.11943225931583779,5.407702196673162,7.812902515173339,0.6204527263901786,5.808743920177083,7.518798860475205,-0.040803744399317436,6.144507014132274,6.535670871824716,-0.143367482793114,6.150943139450553,6.894963610626383,-0.4045378507794482,6.104117931211852,6.966397839306156,-0.2997236763907484,6.183549942911828,6.776674449078799,-0.4742500480942959,6.053126444645368,5.946544328273187,0.08864718664443431,5.87750701937336,5.86707776169187,0.07762503291841893,5.726739613385407,5.859973203776455,0.08697645929268422,5.607874908706659,5.911532802316826,0.13136609412241176,5.530821610451298,6.004194503318419,0.19800425389510987,5.506326286716576,6.294771330772523,0.3460307239658899,5.2785501694169294,6.826947714294386,0.783264505649213,5.592199997102789,6.482586399810947,0.24108383375268236,5.694112374241618,6.50447041487826,0.17002903531903957,5.8234174833377725,6.4801311454463715,0.12050992806649702,5.948051738526983,6.425613946309448,0.10192337292936358,6.047123555796384,6.359889818881916,0.09662911459391396,6.113879870969798,6.300537908820075,0.09257421073583137,5.27642039974112,6.910734012601272,1.1761653034658681,6.115650715749092,7.021772593992933,-0.2522238584054248,6.196523257287363,6.530431162828159,-0.30141424144907514,6.214936550348092,6.877221722625701,-0.4891521657860102,6.277197386926319,6.963657228502113,-0.45963370484464494,6.2214436432183735,6.913213046669137,-0.4417068739172123,6.148470793424238,7.0743309400714365,-0.22457259184193237,6.289309430173359,6.972621433526291,-0.4879663853081426,6.305583664611682,7.024684121414365,-0.37362683740896135,6.113940063343748,6.187134361624762,0.1572042163660439,6.1617655053520375,6.208952610950166,0.08719329813981298,6.190834334833364,6.222122850993562,0.007418772499442291,5.636002210560892,6.166372079748529,0.2377978456715508,5.5548316796157815,6.126539590508212,0.24615931417340103,6.422468337433767,6.425499506487371,-0.3770247805189559,7.049266389689237,6.12035538142165,0.1955440067217378,6.440153005523411,6.995215867229358,-0.3771425643618086,7.424164558774226,5.597937593636957,0.7429248399246883,6.779270152315925,6.26179779969959,0.08643181932573135,6.881968002779014,6.2731503786728435,0.08872246194542151,6.979469244957758,6.260558282665658,0.11490113438808243,7.097985056802314,6.182689786456925,0.20308477356935756,6.683598461058969,6.231881075172869,0.10182070684709786,6.9112252120973325,5.809597017032571,0.06863969554073317,6.7903611545530005,5.839105027909015,0.07614120497779645,7.021816437820872,5.834006139342871,0.09712039536825746,7.094711632021455,5.895479273249653,0.13594117898993846,7.191561904822666,6.278520132921762,0.24506163935400807,6.810136207184881,8.334081529039826,-0.1662111273222017,7.079669483459788,6.079190857239292,0.23067238762629255,7.492368463385351,6.265369957003015,0.7078963151960536,7.308587769633029,6.188393199667616,0.357320463215413,6.86424023397716,6.846174347519167,-0.0807398721584968,6.505929894167615,7.435809182228496,-0.34197117563450874,6.502773138556017,7.580798491875117,-0.30602615698985974,6.62759874604513,7.4941311338916385,-0.29075055397783794,6.717961618542845,7.557359135589567,-0.22453343893202513,6.5993833849771555,7.5943038771117415,-0.2696588163881684,6.682911079010775,7.60941587855182,-0.20607319024624732,6.864284820920827,7.80283552640914,-0.10706106606991712,6.428902233404862,6.873101145915176,-0.5492005610637115,6.437230331366062,6.721887498932692,-0.5686739551548476,7.2337188600594695,5.789383154563438,0.18315270290643418,6.644254198851802,6.477604551971929,-0.05238443958142759,6.660683001361502,6.875989636749046,-0.301036018766003,6.665227897152588,6.8087309753436545,-0.26416373102728696,7.182674983834177,6.840071138046932,0.04342377596814068,6.426680317378809,6.55386011549352,-0.4910975963165981,6.979504914512691,5.630967973063065,0.019109252870546194,7.1269256988206,5.677567274120522,0.09241514333094568,7.304754778709154,5.294748977608882,0.5675102823698814,6.532957756302602,5.81036799960014,-0.06549664112536625,6.686481006967017,5.9143975134474065,0.10764678059760457,6.941174262158212,7.65740480602022,-0.06888431414377923,7.489529018189514,7.807641998936404,0.807782494413632,6.585978320363782,6.969282614561387,-0.2665547523261433,6.507708913219913,7.020200161112957,-0.2846319712989849,6.827121603374686,7.662457992969105,-0.07614477541664474,6.8051112586336515,7.655006771566683,-0.10152642140771481,7.1818189145157785,5.582594854763404,0.1566435239382527,6.666425799705764,6.96224084992497,-0.25151046730675863,6.784351577662465,5.672081222260205,-0.03469507767095693,6.800015714088283,5.53564220217739,-0.04205237911489424,6.8695958690272505,4.917365829530206,0.2108621995539079,7.233115450088515,5.421848890782858,0.3347853162140021,6.818149967193231,5.192449437175881,0.07966404958597377,7.293502520359151,5.733013367917166,0.28263004075071946,7.354928466417219,5.665535858929943,0.5003309950131625,6.50701484313017,7.5157104715105625,-0.3358971334545893,6.612989833952757,7.547688970624002,-0.28637903637498924,6.700684177872024,7.584213108644254,-0.225085968697994,6.563606821379047,7.00449589643784,-0.248628316178941,6.818804652149403,7.657906409136469,-0.08967555431102883,6.764074921914335,7.671775177963976,-0.15751233072467355,6.793586276811554,7.652859910229134,-0.10419285997317859,6.540371078802908,6.885983800171923,-0.4013911272301754,6.669291997067801,7.626512742100791,-0.18956903115727772,6.589193039002145,7.618617137493158,-0.2303259331405829,6.49807813338792,7.6232883629579655,-0.2638771205800299,6.542097336638534,8.028968614834673,-0.23953422845896832,6.5202304132329605,7.804627921544539,-0.3154259439423468,6.514332303701592,7.7285521920290705,-0.31439993334595134,6.508164443161041,7.666736110213918,-0.27944390884550796,6.497700630598209,7.624612595184865,-0.2580236444370614,6.670813154962561,7.627717332695518,-0.18602641270403159,6.685627910111529,7.649762603875758,-0.20817026283003476,6.700156565705302,7.686513392192983,-0.2312129578735175,6.714194764918743,7.727948782058115,-0.2200051006882489,6.8014610741788095,7.381215442171611,-0.18024973292705557,7.567455848982877,7.031787564656188,1.0476716767444465,6.733746139716562,7.6409418201870425,-0.13981959286267395,6.746035787622542,7.656853414150209,-0.1544161738784393,6.487986621804705,7.083465318597274,-0.29655888584034396,6.631788432518339,7.069041442321118,-0.1850574594621095,6.496947111250243,7.05602205477046,-0.29222675337106746,6.758717800632789,6.566895108474461,-0.030366800114518273,6.93195442532368,6.663408749850989,-0.014004634185470361,6.686335356284372,6.890820740444025,-0.21260215858576537,7.126448618523367,5.0613088322321165,0.3745462341207873,7.061830247298767,5.257451256116013,0.19844255284029952,7.01324534101669,5.506104838229699,0.053981888755708904,6.77596180109586,7.888705521216714,-0.1654712743369167,6.5625018082918425,5.60619621027761,-0.08810852063126177,6.574993583675778,5.198543729259383,0.012013863435702724,6.6003613252749105,4.8640985510474035,0.11782681584189124,7.056494676373326,6.232358527027966,0.15906063556586394,7.305047566305898,6.388243399475257,0.2909841477623914,6.619946883396207,6.199114501830122,0.12057668075898126,7.197786242158528,5.984127406205522,0.22500178761945672,6.5655686469003784,6.376162567088783,-0.079791302348764,6.597055946517757,6.7987591053926115,-0.3937042452525814,7.4219270373178885,6.509177309898002,0.38970605041347484,7.23708220184339,6.4792728467807885,0.1861341412621928,7.105250499272793,6.5264257690554395,0.08930922728519276,6.909499697377434,6.508403726425385,0.04791535030296258,6.760052436479877,6.453483758564007,0.03432260542638763,6.643716926180619,6.385583045169815,0.015932402654942383,6.428928985571063,6.173176790467785,-0.16278711710581875,7.424425392394676,6.831635288305205,0.3254036194850131,7.277324147849711,5.977063348097271,0.2765917842375658,6.399541731000383,6.969449072484409,-0.5065759073657377,6.638671170389011,6.610457295552492,-0.10974607091739208,7.541844365425034,6.311493663994694,1.0557281659071436,6.5592469614041775,6.305001804996833,0.011566478013923744,6.69709121332822,6.917307614329189,-0.10919692000574793,7.135513887286521,6.091781095457158,0.24935840415911567,6.599006625303172,6.717448868690679,-0.34682534690254874,7.5487337913372565,7.413958607368933,0.9560071441600637,6.610349543771965,6.151124831245995,0.15402206709668595,6.513748957855287,6.616480991641854,-0.43682437136205077,7.26381133145581,8.068007456477723,0.23817325844827725,7.271666807814143,8.297492739951258,0.3981970300532568,7.530196769507852,6.93076395392778,0.6866184038942094,7.385570843452114,7.880107672246331,0.3845334772784487,7.426848692782958,5.945467182025774,0.6368675025905165,6.8468290324753385,8.513245244775469,-0.12909555046092133,6.395862565032158,7.030817798631438,-0.37817751556930385,6.733611635769834,6.73132952736983,-0.08544637239800759,7.394241517763819,6.224310955254002,0.45967610888586125,6.962697122981825,6.168509280581616,0.13212433922195926,6.883189685035481,6.182482085611012,0.10797789671024557,6.779250831307002,7.695733972143243,-0.144579376822103,7.425737734769931,7.153997404783525,0.32087061354557184,6.66383604139446,8.738926518838513,-0.12027903968763998,6.9823094332693225,8.584351016303565,0.09983611179541946,7.119389019109483,8.470733823336515,0.2311135893672938,6.792276163783482,6.177219340026893,0.10703142271908876,6.707282302418958,6.165400084376596,0.1246764966738614,6.645710705678245,6.160492176552491,0.1498684333474582,7.352188598728904,5.959828636580797,0.38424649527332777,6.7110261194555,6.0354406618821335,0.12038213538368582,6.798929278894272,5.979471786170998,0.10134153653688048,6.886036561388595,5.960079066581058,0.10270421339150879,6.968384930762232,5.976866793987274,0.12445309750819836,7.024304389277471,6.014071997572034,0.15567555764690658,7.494157142942111,5.920509268750511,0.9287271800144284,7.014724141314966,6.146082419475162,0.1658082076523642,6.692067751008446,7.287198669640416,-0.22126340461667426,6.585846045764237,6.93056702825992,-0.29989517356729944,6.503416676776272,7.225554990674109,-0.30392871284820844,7.128287086833888,8.249443620108908,0.11573993787699426,6.994975097733558,8.389406494972844,-0.0033865068201956432,6.659320870232486,8.59870503970131,-0.23558370913827195,7.389633457135872,8.100789263692889,0.6052265637964205,6.642170502351115,6.102904423228392,0.1398939857137344,6.49760030997496,6.387865153569819,-0.21900684081981264,6.834202010028948,8.671732508501437,-0.03243261829580188,7.517817204598811,7.288907092698576,0.6308445031721488,6.591504872031261,7.6183837991546355,-0.22571457493659408,6.604529461392013,7.6556614565228545,-0.24913523721711756,6.6172753823548485,7.706938671086668,-0.27733325117732205,6.625748387882965,7.769896178659685,-0.2743899555585283,6.6723558632134266,7.969461393585725,-0.2178015535540909,6.751584632761855,7.634450704304908,-0.15101878810524064,6.7667813493949,7.622569026933477,-0.15097350449057922,6.783280747898739,7.612825293510862,-0.14973492796248972,6.8920342484274855,7.509241649100262,-0.12234657342124826,7.286072106197105,7.198345808301545,0.11088915707446222,6.494608526054928,6.262879776199234,-0.11270469329807128,6.54003593360968,6.03034846135754,0.09149554342341294,6.598434426192783,6.047204555410712,0.12747190065164427,6.731028565500081,7.638877444695277,-0.14094601697178533,7.321028270031748,7.606980688311894,0.2205639933826369,6.451823638028152,6.027345530701592,-0.039751030984250785,6.747269359730653,8.156087477459707,-0.18666247332227592,6.426203237081576,6.304054332443917,-0.2775300375109841,6.572864557115696,6.611702014396519,-0.24050427315211556,6.590144970249429,8.223691687678516,-0.2523515349764035,6.976912926854204,7.890463733028636,-0.05796199917690904,6.788692116628413,7.044139634283302,-0.10030105840615985,6.871218833776716,8.047562113459387,-0.12229764389504742,7.041977910631197,7.024872129693493,-0.06404091805379197,6.902958049625811,7.195921764797535,-0.10361475077051761,7.146896934004613,7.288988835428631,-0.009539340312529055,6.636065063531697,8.426108237652034,-0.269329941233894,6.637738560150651,6.7123652139969545,-0.1797054238788252,7.0776221996297615,8.035874389292907,0.02106350935179934,6.947223967298047,8.200049460799281,-0.0650865399386908,7.05234437503369,7.697148121373203,-0.02594547924392944,7.41280306241224,7.432188722402765,0.3272487061699846,7.192863843577731,7.7496180366801,0.07125663563201703,7.480905160168659,7.609946463181452,0.5479678714055279,7.001035949609309,7.405589638042706,-0.07752165855397518,6.564453230192985,6.494700672405172,-0.1594828878558069,6.565657077671984,6.856941351298932,-0.4188940570796441,6.629291563673006,6.922017481811842,-0.3162330372898124,6.518885373765683,6.745237681330909,-0.48725401599360213,6.619020961199397,5.889858345884746,0.06738182703167958,6.788536805441307,5.774714050097115,0.0480013659484528,6.937796801175464,5.742753757319006,0.04842573727933822,7.0628691230862,5.7722784882993246,0.08369052926746888,7.151973900656787,5.84942393290493,0.14447595601292626,7.210260182764997,6.138581780876843,0.2871227791066618,7.523710855435812,6.595467908207497,0.7019942114176486,7.137623592837681,6.338289674022614,0.1875153147317328,7.033166787446943,6.37696587519051,0.12346988573324956,6.898546914665725,6.38244561056714,0.0825891620918035,6.765629520016845,6.353520573979138,0.0722264364903161,6.658779881982664,6.307368628589803,0.0746298062825551,6.582548841280089,6.262378916198712,0.07447581296474812,7.561519097433664,6.671673682975327,1.0897744774225888,6.6271811150061195,6.977453915104026,-0.26892793884753297,6.498981762112897,6.498482388343831,-0.31271610277390754,6.493495338694718,6.8516139546464965,-0.49895757781403116,6.443168569146731,6.949824872345268,-0.4646849875594779,6.493857236054145,6.891194527655097,-0.45142552718401524,6.601838639341731,7.037482803593873,-0.23784786664897678,6.42710463645937,6.958741517962866,-0.49274601277974,6.422642226514067,7.018650021704814,-0.37757895907294575,6.575001757948783,6.152439402968433,0.1379914352828759,6.527086398937433,6.179590993872094,0.07305941116523818,6.497567612882937,6.195779026885995,-0.00453280056663762,7.054822665985827,6.047031037888275,0.18863688536624712,7.141145961387346,5.983167300685234,0.1928482615297598,5.802893370052293,6.137653257774985,0.14723187035648772,5.9100688643331045,6.122507073011429,0.14713975883979308,5.795522776706334,6.0058445917919485,0.14721869166350293,5.697208565921402,6.152971102271658,0.14715719883702935,5.811121147390242,6.276689095768519,0.14713036539254665,6.887270876612433,6.053076655891608,0.1176556089449213,6.99418888129357,6.0442826243690915,0.11715591006272409,6.884160937291685,5.919282756241814,0.11716778830318528,6.778594660119375,6.059537675586767,0.11705198997266773,6.887162381716178,6.190397011227567,0.11707052142112918
6.371610619783434,7.457866849113445,-0.35069397926481466,6.335220120129353,6.872473191206526,-0.5570616966904207,6.352270312877535,7.080198926310473,-0.31739502251707014,6.242992055599103,6.434131700079416,-0.3710090813429556,6.328096226655256,6.714214366735547,-0.5784216540858044,6.323738411498554,6.536622649130628,-0.5207069684860356,6.318894252901432,6.131651286962056,-0.19964942678170394,5.638574658848877,6.225729087595736,0.244329195357511,6.309944347394167,5.823551976077998,-0.10029495504530271,6.303956985161177,5.62554198912454,-0.10170767245986857,6.277097630735839,4.866163413670093,0.09387041773919405,6.3743522326533695,7.516010838445637,-0.3440352073089099,6.378412755554569,7.573712966969152,-0.31475849986463406,6.380750317852813,7.6178560479593385,-0.27080792209693577,6.3812099717141875,7.619213509604783,-0.2653067179600672,6.38199360741011,7.672232358382656,-0.2865174731948033,6.385131857079779,7.740737835402846,-0.3174421463050759,6.38746126422887,7.821198761081928,-0.3158176498609326,6.398904421245489,8.033526224439983,-0.2360931202495808,6.341416550731549,6.971562701683573,-0.5100662596116818,6.269915168463276,6.997221766428968,-0.3709148337669441,5.284430263778901,5.807125281551453,0.8209162189002477,5.913256763322465,6.317799238783288,0.11802804886293365,5.814061235906425,6.346809328453538,0.1269882178107517,5.720425666770017,6.35767421125746,0.15913887395440707,5.597803361345027,6.299242567573312,0.2557837278804774,6.000970952796305,6.273108280045433,0.1255238704249121,5.743768669155845,5.90364888555396,0.10702451693938422,5.865972837842424,5.909082439021716,0.10484516916832355,5.6377928765959435,5.947821992320574,0.14216797381411506,5.573936946658988,6.021479670162727,0.18519498094019024,5.523083660669942,6.419985481807041,0.3026204175671732,6.047973525630553,8.387134974486019,-0.1379677476475883,5.605067375109123,6.191731382840985,0.2825654230445586,5.264489070655837,6.476627440940614,0.7883155467987635,5.411287686434695,6.353228172214463,0.42307616397772985,5.873683160678371,6.923816527521973,-0.04772606720116904,6.255923898024816,7.428902724829334,-0.3311881367319249,6.276490442812508,7.579307399288388,-0.2961999520436319,6.145902039419033,7.5037870112418785,-0.27123898660019785,6.071046666717123,7.583377560093133,-0.19926282174215032,6.188252841038459,7.60217369613734,-0.25262740714166115,6.11475900755657,7.63590932405339,-0.18466817452250645,5.954371689156552,7.863007986659849,-0.07415453377952941,6.258543183657451,6.880222065656652,-0.5438323766649072,6.239318531594092,6.728914393773158,-0.5624879753944424,5.440384887925446,5.9489403598203845,0.24229434663551222,6.056750690251204,6.519260336583028,-0.03157279026761797,6.058049583098183,6.917526683393111,-0.28021157361604493,6.050894922470461,6.849933841700906,-0.24259636517063662,5.574278721546236,6.983246806288815,0.0985762573612226,6.2394838587087476,6.565705393766062,-0.48420674500698174,5.662983390953617,5.759719028834112,0.05564701356082944,5.527296165896273,5.824474619998127,0.14098773607051465,5.362530273778073,5.486315058646021,0.6356554175658959,6.109019265306965,5.848740636992682,-0.057444233515557795,5.975548387376358,5.966896144813194,0.13066814777809496,5.870002964278598,7.736362968570642,-0.030578901736579425,5.422217439743247,7.98499122494209,0.8895782191808933,6.135247337050109,6.995051755376966,-0.24961720721452263,6.214173982622557,7.03379761038199,-0.27549458437603325,5.983603450608335,7.710551921500115,-0.04305831293656821,6.004801648766818,7.700100727171429,-0.07185651932107175,5.471685833130606,5.739797482206734,0.20982860518365712,6.0638137907952485,7.001452806085194,-0.23068917553358154,5.852661780981078,5.764424179207029,-0.010881746963122992,5.828155928463693,5.633972930594769,-0.01806785892557215,5.726015650826078,5.026099233357891,0.2456464836261596,5.420805486873914,5.597763697665053,0.3948211669813664,5.786342995999794,5.292441215067731,0.10767506384464853,5.385211967705279,5.903902065866314,0.3452996956203977,5.335905194546597,5.85750074993783,0.5701559933941557,6.263884806352931,7.509864821492752,-0.32538025728442105,6.168523681793383,7.556979342283561,-0.2682261918528741,6.092857242439307,7.6072180265773195,-0.20182312155164692,6.1625537419244925,7.026910216233341,-0.23539490510743258,5.994727074053579,7.705032368277651,-0.05874834496295355,6.0452193093482895,7.709701561856574,-0.1301918245138352,6.018036714465599,7.696185514200598,-0.07544427525174789,6.1641806941805966,6.910402789919013,-0.3869999155825036,6.131719864352664,7.652227036132158,-0.16967142284631,6.205436110993281,7.628237552831623,-0.21485215389411727,6.289482336791078,7.619305440377057,-0.25436908751881,6.275929961652511,8.044092332234012,-0.2284478300945251,6.278288282512237,7.819402404136592,-0.30458163826641765,6.277144337499172,7.737145862889369,-0.30448122799246635,6.28072222384593,7.67429857662725,-0.26956843209776765,6.287872065521879,7.620129851818747,-0.24878528932872584,6.130864685757349,7.653609704602258,-0.1660522163049073,6.116937173757726,7.680704816975848,-0.18761915694613332,6.104113572402594,7.717270281648129,-0.2095897890544716,6.094255109141921,7.762948013433547,-0.1971359032396526,5.972021285367511,7.43821812929411,-0.15121830117934923,5.289899403352053,7.236089050640986,1.137789636224023,6.346760397558617,7.030468085395813,-0.3843560949982967,6.075326266579672,7.676814069452478,-0.11442318333666152,6.061305711741979,7.694733156274096,-0.12814811401754334,6.237156675691244,7.093160423824017,-0.28752926772272236,6.106106394304807,7.0965492589858545,-0.16832525561908265,6.2264652751511305,7.065954104871062,-0.2832985755870572,5.955969357013424,6.631911118724992,-0.002297691191936266,5.797472550462605,6.758883825534726,0.024839414335384818,6.04101866615709,6.935055805809757,-0.19047306529318986,5.502747313501534,5.221746821877047,0.4284341433075917,5.564695679913789,5.405817434795749,0.24468809142437292,5.621749474079609,5.641480116079077,0.09315419524000186,6.0436112622106775,7.935535434967059,-0.1378764887483972,6.063997652339798,5.656122686384015,-0.07963278418337598,6.021596807759658,5.245215858386155,0.02305053197810414,5.97719683957114,4.917303241945303,0.13032612962645537,5.644787770437978,6.345491159799469,0.20865898998518978,5.427381131911743,6.550206162111418,0.356524262204453,6.060808247643621,6.2268611705736685,0.14195882435677878,5.489973755107117,6.126907214286361,0.2823781326304787,6.120803085145037,6.405360333866203,-0.06354331202473536,6.103094178758418,6.831749341843205,-0.3767787798648776,5.337171096108364,6.703467362905751,0.4620658857440848,5.494269665267972,6.632129083620546,0.24754012316040266,5.620285254117975,6.655304534760132,0.1408019168268076,5.807550461373224,6.598709282389892,0.08628157650718458,5.946082350730714,6.513041664664959,0.06303001257283687,6.049079289718035,6.426886962122409,0.03719335613300454,6.230917245211693,6.182744408473932,-0.15766224750876262,5.359189257445362,7.018287258069409,0.4006955618641527,5.419078078007783,6.138817068247713,0.34023284584809743,6.299142481651884,6.969865689282469,-0.5019194972878038,6.071061494261039,6.649979963740154,-0.08915591906319936,5.243901767306664,6.531378888224989,1.1446516382037166,6.12467418617272,6.331488768703072,0.02752096696444955,6.0372309700639315,6.960505802185947,-0.0876645577457891,5.554402769616398,6.216127511533395,0.30328242106691583,6.101192916939881,6.751262467962271,-0.3298200177892917,5.341277584395701,7.6053779283774325,1.0432549618934523,6.0657169060567755,6.175090800993461,0.17570481996955034,6.166521592676221,6.639256683980623,-0.4248611222486814,5.615885551149713,8.199402699597437,0.29938882387494964,5.639180364017816,8.425792605604746,0.46290049112221626,5.291060770729218,7.136467972714577,0.7697048477256467,5.491611086643962,8.042069855243968,0.4551362794313525,5.299165506233311,6.146808743729452,0.7125162619184221,6.032046519333953,8.568016182708543,-0.09637190548583291,6.314500110262138,7.029400502233913,-0.37455893436449833,5.992023271420628,6.786522367392811,-0.05970087565128621,5.338970789251081,6.40719153553974,0.5294017012297327,5.725553772833117,6.261538347528338,0.17524096110939438,5.805953905582146,6.258826389746233,0.14571301946790396,6.033401015470614,7.741165610044802,-0.11504947330680192,5.39002498846018,7.337467933898552,0.39465319871045107,6.224936555373464,8.759733360024356,-0.09852905248508605,5.920237941686378,8.653494749248557,0.14381417870927185,5.787957715532168,8.56694044439749,0.28506632000624454,6.288110788978915,5.216562741835666,-0.010155746104159322,6.433190892417992,8.75586485381686,-0.1391827490312588,5.890206234240366,6.235423335807548,0.13891137022555308,5.972818636541555,6.207652087431421,0.15183432770893576,6.0346124258084926,6.192857905489948,0.17344748858471024,5.357030737739895,6.138273638763218,0.4537006024917553,5.956873095815061,6.079055023185767,0.14749480371773616,5.865702605854568,6.0382915101424715,0.13286528860185398,5.77964910129924,6.033937401871749,0.14074491187086455,5.69715235384059,6.0667214721570355,0.16729974561304195,5.648945784440421,6.113451588871841,0.20185736391087625,5.252921732958927,6.140199366029215,1.0126115255887853,5.673426059444552,6.246929509885806,0.2121778441727346,6.358611312032906,7.216039245758742,-0.30333118978557466,6.065330648537782,7.325116589817122,-0.1985923850768059,6.129441982918678,6.958453670108072,-0.2845173533608186,6.236137282047069,7.232978973304756,-0.293256151711589,6.316062192013613,5.985726384208405,-0.10891741509643155,5.752078766143165,8.356759268021172,0.16610608199178703,5.885866582824961,8.466950902004786,0.037479015137742724,6.21086373344347,8.620222482079859,-0.2151970796344465,5.525556524306412,8.254340973935145,0.6821502396931951,6.031014892966047,6.135845999135689,0.16405239765540838,6.17861419611633,6.406542830493446,-0.2085942121527099,6.423650850662899,8.616783233268709,-0.25081175122119753,6.061589659207956,8.71732139478628,0.001737861994990156,5.33491397323586,7.481220230780015,0.712997045029875,6.204427838007042,7.6331358319640366,-0.21025742238729453,6.191111591505325,7.671376067721549,-0.2336060314381659,6.182789261794276,7.725098483458202,-0.2604003763506499,6.177816844942286,7.798193085320172,-0.25635671978065355,6.149300883173013,8.001623280951861,-0.19684806354339718,6.055251625561369,7.667591337137173,-0.12437990224381072,6.036059594094624,7.660533426233498,-0.1219578345292681,6.018531954432369,7.650652350968355,-0.11892891482793651,5.902453044137193,7.5783302641443715,-0.08707109109258927,5.513199619896015,7.354146696671657,0.17138027411450887,6.176680313701179,6.2825141325280915,-0.10260454193842551,6.123893145296982,6.054352705711505,0.10440752494244906,6.070468392504427,6.077997077927412,0.14670331405714587,6.075402257742238,7.673704733493444,-0.11569534026851798,5.51952579150747,7.760583761556255,0.2843022381338602,6.2033609962223375,6.03944879994506,-0.033806666910628023,6.094073842417556,8.200017301292727,-0.16195226140410762,6.3228124313810445,6.398331336673164,-0.4090255833636086,6.236421970890242,6.312489495307226,-0.27321392277756396,6.319708285062381,6.270110150665762,-0.2990947751446797,6.124684194764862,6.643864343252297,-0.22632434046155778,6.414034447056642,8.439796479455534,-0.2888481082498746,6.4074725174969345,8.229372131359005,-0.26271942738703735,6.24651582141057,8.23785126234696,-0.23704982118463963,5.860078147758904,7.973703015759386,-0.020555749930280875,5.960848731027346,7.104562805094869,-0.07327383559105508,5.970593022199871,8.114200666751444,-0.09073055789092757,5.720560968108243,7.135645785404474,-0.021639152517696263,5.867676151949692,7.277943500227848,-0.06966445808950558,5.646365791799162,7.41809937633266,0.03900434079793394,6.217621757271458,8.44815624871497,-0.25035698581570837,6.076216289903186,6.7507553659603685,-0.16021537681069392,5.776543472226185,8.137733461699389,0.06603156503002795,5.9130940310279945,8.276561531246587,-0.028495788200734538,5.769883680876635,7.80243598701153,0.01802908576703509,5.4257997743531785,7.610222828351751,0.3984197655535306,5.648068735217832,7.876644878798733,0.12453598531155644,5.392219835648239,7.792706152694322,0.6267615787090615,5.791522998466598,7.5027001522728884,-0.0372780874376673,6.127807987579214,6.524869596446179,-0.14362432822706284,6.13382426352284,6.886626081873663,-0.40335965448105626,6.087328051313299,6.956202848941732,-0.29815637695914127,6.166615747580083,6.768936900309287,-0.47339931893573056,6.037368124845147,5.9342825912829325,0.08594941635544491,5.861859677160325,5.854953748581782,0.0751593141841354,5.7113823477360866,5.848039294165488,0.08494823858064957,5.5930800472308135,5.899074958944693,0.12992037620401742,5.516549903443672,5.990793326652855,0.1970427908974721,5.492344679379171,6.2790474527606985,0.34581462841893057,5.2635319526961055,6.805526830429028,0.7854657855303957,5.5776560653615395,6.466921330693671,0.24154344737639002,5.67876805282863,6.4892382670405615,0.1704083633629182,5.807989727361714,6.465435610793359,0.12055529946712532,5.932522561820189,6.411376609809828,0.10145635717452323,6.031294762857448,6.346271088609413,0.09567175581256451,6.098052813827222,6.2875532733277,0.09125751490085428,5.261827155834446,6.885943273476364,1.1788347799295593,6.0987300618955524,7.010830486234414,-0.2505210155202712,6.17982004612524,6.521425899371855,-0.3017306027559947,6.197861089495562,6.8698487159335215,-0.48812302370753086,6.259539594608558,6.955341368640254,-0.4584218314826053,6.204075683839054,6.905309528584114,-0.4405898101454146,6.131396253206712,7.062666097007848,-0.22271904632659434,6.271908731742686,6.9644869977272,-0.486752402616862,6.288137478557962,7.015698368901801,-0.3721764492417983,6.09836826982402,6.174307906674734,0.155439923028385,6.146009539112419,6.196623360267234,0.08509079151457258,6.175130835362032,6.2107718026711956,0.005486852261720474,5.623714494336982,6.152607054777524,0.23700385579850225,5.541462401352933,6.112657944583775,0.24555955714995625,6.406025349210803,6.417431437367634,-0.3784154163606016,7.034240212567862,6.105503654644651,0.19076946557925262,6.424341814209351,6.98591502281637,-0.37622469308319345,7.408081887663495,5.576658542344639,0.7338681105007271,6.765423513778561,6.247424008475381,0.08290657266365536,6.867716515118504,6.258516494078403,0.08497059573670933,6.965086771878573,6.2456380308107855,0.11086270776998575,7.08329565885718,6.167016461954394,0.19840750413861225,6.670293698904091,6.217781524057145,0.09853390618891457,6.898436961979381,5.793634440720134,0.06350693820606818,6.77716766993666,5.823490812459348,0.07127655963365725,7.009097146350718,5.81797385405707,0.09184152320279876,7.081839594044699,5.879501859599325,0.1306417014634398,7.177455010982395,6.261869001757649,0.24050375853148034,6.792764022003949,8.321094576641745,-0.16162840699376424,7.064649281006517,6.063652170566572,0.22565596575153907,7.478045653627753,6.244343586226981,0.7018471490302557,7.29492919316,6.169965289750546,0.3519326352146375,6.84889887913562,6.832102237388388,-0.08165051751776942,6.487818529710673,7.412821512076015,-0.3397781962827951,6.48460910783021,7.563420427360359,-0.3036905955492587,6.611024298988729,7.472620255309152,-0.28899399738117854,6.7013885412488285,7.5373699154556,-0.22312103494296004,6.581490055641075,7.577070664288768,-0.2678021240968971,6.664596956531839,7.592544689118756,-0.20441152419047043,6.846039387291557,7.78735785760408,-0.10509115580507435,6.4122833141202475,6.8659231236819505,-0.548678620385393,6.420490359677356,6.714728141132212,-0.5686598478770291,7.220904162917346,5.771375331794513,0.17675594224090094,6.629399332785743,6.464751319641669,-0.05445501224625563,6.644530841351288,6.865066833020843,-0.3013774986984747,6.64923858654439,6.7974532327671575,-0.2648177796994608,7.168123296219313,6.824534258974028,0.04144143877671881,6.410077716962849,6.54635174207064,-0.49176239802546207,6.9673450068168705,5.6152731735860115,0.012908635292282483,7.11452839736033,5.660424156873839,0.08594558204526057,7.288964813620077,5.2750488767437025,0.5577345891677261,6.519497577285673,5.7972857234092725,-0.07030341518407673,6.672778795264292,5.899862672215193,0.1031550492583364,6.922720772026634,7.640907689107231,-0.06793390995431192,7.474495198237239,7.786066378529059,0.8087826543700735,6.569693261702077,6.958426239151828,-0.2664021954389581,6.491414209110129,7.00864342350691,-0.2836657658112967,6.809200354434039,7.64535521090462,-0.0749545550698803,6.7867581253410645,7.637967387148831,-0.10009001058674868,7.169159741538991,5.564737567725349,0.14960363956706843,6.650354359224015,6.950215486708741,-0.25153260153585394,6.7721759772775805,5.65777410408758,-0.040429053463846884,6.787667053783071,5.521198338461113,-0.04840638213844608,6.854878086219457,4.900893228405662,0.20102164646695117,7.218061722748787,5.40395509527999,0.3265924553355701,6.803492491403851,5.177792792071781,0.071614395954552,7.280249183306674,5.714138417461339,0.27572545386840164,7.339912995890182,5.645821250248873,0.49231073913387907,6.488945423048235,7.495276001034506,-0.33362650316075565,6.595809014800063,7.528343648097173,-0.2845841931486242,6.6832766963563115,7.565798024027175,-0.22352496967446464,6.5473526012849215,6.992952175158563,-0.2481442760708383,6.800680447700318,7.640871361624639,-0.08831950657815325,6.746728205032977,7.656739799122774,-0.15569540856045652,6.77506734834106,7.635919703334131,-0.10269644954266288,6.524520407786975,6.877655417804918,-0.40142595741020454,6.650197928635709,7.610815188731166,-0.1879312999135874,6.570696345047946,7.602997366201834,-0.22849027393898258,6.479779035399807,7.607765162947793,-0.261675915815962,6.5251476128945916,8.01906269672782,-0.23501168260133465,6.504342344649864,7.803469466822425,-0.3126356589367131,6.497661794738833,7.7230960236524435,-0.31237520386062617,6.490586832159656,7.655928732470608,-0.27798517156109065,6.479495829311025,7.610179828474397,-0.2565422030878188,6.651978716659935,7.611194032478202,-0.18445675459750815,6.667803412903519,7.635274705173816,-0.20652125200924137,6.683758591533558,7.674488369189366,-0.22920285326429873,6.698982030871378,7.7181221240460625,-0.21766225148251162,6.784137356954038,7.3658093013382215,-0.17915941760545603,7.553038922488074,7.00693529044787,1.0447203865930295,6.7143189009201505,7.623888634201271,-0.1381088757472132,6.727599190627872,7.640794999773475,-0.15264921708726736,6.471511938289842,7.071587830181674,-0.29510227360119107,6.615827681840085,7.0558743405174535,-0.1843928803184856,6.480613826122237,7.044302183868772,-0.29106649416389974,6.743949523303254,6.553101981438072,-0.03223020649596178,6.91732206328708,6.648785605077778,-0.01586860836241035,6.670433077816894,6.878678518335072,-0.21298944368975997,7.111278941111296,5.043247658584512,0.3645976281859503,7.047028969194792,5.241209456020246,0.19023760852942265,7.001114738083926,5.4898488330496304,0.04708879558131638,6.758274413479808,7.875062038485777,-0.1625475177881941,6.549158596133803,5.5936512783601495,-0.09391662059771445,6.560140616534657,5.184645712180826,0.004447239074932825,6.585571337103757,4.8484567314150615,0.10850773469165978,7.04183636331566,6.217079069164159,0.15469110889262588,7.291137048803666,6.37055415727947,0.2865081133077068,6.606937086508482,6.185443392155111,0.11724846757355034,7.184461025482366,5.967132644138642,0.21950058891155816,6.550572402446125,6.3641657099835705,-0.0820250114657891,6.581080815429013,6.789691754904703,-0.39413391032089307,7.4080544567072515,6.490844831423782,0.38560930047558645,7.223157949592469,6.462607998168715,0.1823858100732906,7.0913811185541835,6.510692981708779,0.08623214170745142,6.895252746923574,6.493300272696152,0.04526374502170016,6.745757742283723,6.439084841124316,0.03177425372855752,6.629572073672356,6.372058411609675,0.013408643530743626,6.4131625874744245,6.163392980910097,-0.16555190253795338,7.409987968433804,6.813549273064392,0.32225143700596026,7.263999677929917,5.958928564090317,0.2705314810750652,6.383013742431482,6.961367282487425,-0.5057354583865512,6.623238488288943,6.598285214633916,-0.11122968948188898,7.527523684918657,6.287353842862039,1.0495161703281286,6.545058780241227,6.292526431556886,0.008908193627987285,6.681331322594627,6.904176704228987,-0.10946934725064054,7.12148548096538,6.075654325988797,0.24426708184932838,6.5831047751734495,6.707685799149648,-0.3475885123680204,7.533631150257362,7.390026387437857,0.9549701899953225,6.597550509832913,6.137355443106264,0.15033550628349313,6.497500174510156,6.60804173853017,-0.4376035891369516,7.24814384384411,8.052462480774189,0.24052535114230697,7.257369541668199,8.281166966386673,0.40179001994939945,7.515388822978391,6.909352999809811,0.6833089659140996,7.370276098942701,7.8631325380287365,0.38589903995090596,7.412062341827553,5.9249771954103,0.6296540155022603,6.829699433896916,8.5003076861738,-0.12388604077526368,6.379358011479169,7.021786558433416,-0.3769217034873985,6.7182252173646315,6.718075459171087,-0.08661559589392302,7.38036105293668,6.204412269085931,0.45430806843153454,6.948180406306369,6.154238084608204,0.1277862176898423,6.86911030424654,6.168366139139283,0.10386960945084747,6.762862055567196,7.681443970040025,-0.14272565164159123,7.410770862752531,7.135817043536696,0.31912169000600477,6.646924006939215,8.726078542222645,-0.11318964752309689,6.96639826813788,8.56970207445171,0.10514556594083221,7.104274409365717,8.455587813725309,0.23558958612543277,6.778691941451151,6.163209490054146,0.10314830735946243,6.694186803169176,6.151353385939486,0.1209835722218846,6.6328044782458875,6.146578916798766,0.14619381416337568,7.338522172270928,5.940510901104547,0.37776691982664434,6.6979470683060915,6.0201681739034205,0.1159244142379904,6.785618628591175,5.963429835734399,0.09654345321852151,6.872703759514409,5.944088416762707,0.09770110791769782,6.954631870663908,5.961110807866048,0.11933948720214693,7.010065384968385,5.998446192756131,0.15058356645958831,7.47868323801611,5.897891720940254,0.9208509920526146,6.999866258886259,6.1316249680716055,0.16122505146319382,6.6750525991237,7.272498826102157,-0.21985665847786126,6.569593175780649,6.92047588187786,-0.2998835773129353,6.4860414485724265,7.211386362478127,-0.3019797981659209,7.111849060174839,8.234534340773111,0.11920006195326854,6.978390044279364,8.37560952460067,0.0010092946423869986,6.641940469429288,8.586684060497884,-0.22940830741967486,7.375140274724109,8.082273257815864,0.6076822829121471,6.629346695004844,6.088683659515754,0.13585398859031536,6.481701426468423,6.378030204921555,-0.2209864014840189,6.817551227167126,8.657824392071818,-0.026319246658200023,7.502483670131725,7.268096528313709,0.6292332376075894,6.573160682846666,7.602955107701676,-0.22424192775884325,6.5871178499341205,7.643204475659709,-0.2476631917748995,6.60113729270602,7.69837480105969,-0.2753195730217582,6.6107433170315355,7.7652662999247015,-0.27178969084842636,6.655113259443625,7.957910198735219,-0.21408209466809205,6.732722107050602,7.617718893178122,-0.1495165045785288,6.748809250821488,7.605039860376165,-0.14964815695087033,6.766098908403902,7.594445580248696,-0.1485670089030913,6.874058997028266,7.493119334772029,-0.12165293157349143,7.270861123876714,7.181873619069149,0.10985049621739408,6.479238571424095,6.252019064334727,-0.11522279339434914,6.526531764119083,6.01725938047584,0.08757757914150167,6.585188786470742,6.033580799440586,0.12339180861811876,6.711469788356829,7.622930774864344,-0.13933021358910375,7.30529216360239,7.590247902566279,0.22085283774859452,6.436996381563849,6.015795160514206,-0.043338512972501644,6.729933787417334,8.14320260127254,-0.18225193356936178,6.409968734515072,6.295374802743011,-0.2796598036380975,6.557089107996892,6.601250723416972,-0.24171917693982348,6.572884149152646,8.212347886812674,-0.24729894389140566,6.958862910320134,7.875077607406888,-0.05587551991338636,6.772801699630805,7.030104069192693,-0.10033593930340605,6.853620710495441,8.033272673439031,-0.11886477411648423,7.0265209932055654,7.010206246635581,-0.06467358789575246,6.886613478461335,7.1811344660049725,-0.10330408924272236,7.130842402553119,7.273323237543846,-0.009870523672125285,6.618633053148857,8.414218966201673,-0.2638408067317053,6.622058215793287,6.700717594886662,-0.18075047098765923,7.06033446572717,8.020924294866385,0.02361748570854138,6.930146406019407,8.186278099100827,-0.06135155776966432,7.034415918963258,7.68105104012627,-0.025095085211755276,7.397410504307667,7.414299076827173,0.32670278152951476,7.176076049398274,7.733938665140493,0.07217399093712035,7.465487465308705,7.5907386942698745,0.5479794553537126,6.983853994212145,7.389588974892355,-0.07730320906601426,6.548867234895868,6.483666076037198,-0.1612228620836626,6.549779870223853,6.848547466344828,-0.4191032625938542,6.61305270699634,6.911470373080914,-0.31625063731129616,6.502560815248442,6.737492869305345,-0.4875837644697619,6.605782762214678,5.875831671791696,0.06280130349995298,6.775750156738359,5.759628210127631,0.04290082530655709,6.925399367834929,5.727250043857025,0.04307334320081046,7.050301408136894,5.756283857597539,0.07814077416091941,7.139097637627952,5.832814372073277,0.13885987926250354,7.1964950601240085,6.121293135471437,0.2819160692932187,7.509384409069897,6.574125214578355,0.6971779091152587,7.123432337481457,6.32218670902782,0.18343758104968752,7.019036049037131,6.361473769385751,0.119904972658216,6.884287036821028,6.367404045574668,0.07939801087671111,6.751531587884333,6.3389581439503955,0.0692036516182728,6.645091322511286,6.293315998270375,0.07173816540217921,6.568940763848376,6.248975710946115,0.07159034753176441,7.547588317344817,6.646650438753978,1.0850577004209099,6.610971661207831,6.966018683013649,-0.26877967626558674,6.4827949578321755,6.489466611216857,-0.3141244601859942,6.477302835565955,6.844265271662094,-0.49882434016763827,6.427438546756058,6.941310063833223,-0.46398962055886844,6.477973040550926,6.883276539703201,-0.45122111279659705,6.58567587128836,7.025242117542872,-0.23730473909979563,6.410949576545068,6.95050981345546,-0.49193940183095075,6.406514658160008,7.009430024711616,-0.376467169762283,6.562039283533008,6.139080998529405,0.1345363875531623,6.513384180929402,6.166832229721247,0.0698470511840092,6.483098922482439,6.184126706255434,-0.007490733281771574,7.040212005879741,6.031414124585966,0.18358403779790697,7.127730101085302,5.966985480765283,0.1876190990260399,5.789645831406923,6.124134463574203,0.1592510651753598,5.896384130412668,6.109068937579081,0.15919298290567918,5.782315093695208,5.992302770623431,0.15927171948067306,5.684471096907045,6.139402014855171,0.15921028942959278,5.797878825165884,6.263138980893992,0.15918262679297585,6.8716376591069,6.039052904522522,0.12733023596239132,6.978491612955184,6.030110042098617,0.12683647875001244,6.868412668305327,5.904936287054404,0.12684747198374338,6.763067417050423,6.045710842429081,0.12673112210008314,6.871611710905048,6.176657701696708,0.12674991137838829
6.3813802046922685,7.4671552150279705,-0.3520706502157404,6.3441613370804415,6.878706298257347,-0.5569685178220535,6.361058014012891,7.087528259275882,-0.31795153752904504,6.251947160340441,6.4414232095216475,-0.3697737780167637,6.337066796689102,6.720454838839529,-0.5778963354713168,6.332633080153201,6.543370477987313,-0.5197745675932205,6.327497779202291,6.1401071804144784,-0.19776172864168998,5.645850982675915,6.235206391055771,0.24615880339062357,6.318161880769779,5.833592373671232,-0.09774278489314005,6.312041391968377,5.6358142422457655,-0.09874754240150493,6.285266109505668,4.877779008855067,0.09892487575058274,6.384052164808261,7.5248841049138795,-0.34552990678161816,6.387986234453898,7.581873547098891,-0.3164168448217581,6.390290697971554,7.625336887212973,-0.2723709622779001,6.390723527298484,7.626678435401247,-0.266737406469295,6.391456293243048,7.678692938787351,-0.28779491515294636,6.394446750410934,7.746055436471295,-0.31890614706409515,6.396609412210847,7.825594321446819,-0.317663618792595,6.4071747538087065,8.042398011614296,-0.23870052488888455,6.350275886542881,6.978046939335614,-0.510061613938727,6.279363148993786,7.0043069841432795,-0.3711029139146271,5.294278494515699,5.818521301052544,0.8242267532772121,5.921110389334903,6.327918729851296,0.11960920370290468,5.822163229462937,6.356865583122363,0.12850781830426408,5.728707359670977,6.367683346626151,0.1606312782985672,5.605822065317206,6.3085631665881525,0.2574174932107885,6.008428323517256,6.283258612936164,0.12703598746775968,5.752026689274573,5.912052526207597,0.10956860038237443,5.873907492926223,5.91807650075085,0.1072290924447827,5.646293834637347,5.955980990804221,0.14457431021283035,5.582571038111685,6.029772080498273,0.18741018004595655,5.532484221427769,6.429536365004513,0.3041472609496512,6.056152396919941,8.396909730143841,-0.14124694636232124,5.612362391141557,6.200344698594897,0.28443445572809833,5.274550237732625,6.487936400193245,0.789863130069691,5.421289402196666,6.362929648203616,0.42478426029994537,5.883700720458889,6.93281590346266,-0.047689446592519974,6.265940242937339,7.438166786384162,-0.3324841487493232,6.28609464729101,7.587691129613178,-0.29778453528062016,6.155791118572414,7.513581542867233,-0.27262115693171773,6.080260173770879,7.593352804479687,-0.2006812617501615,6.197503838527143,7.611191609055147,-0.25415900017165344,6.123294396644882,7.645351717101013,-0.18624887687488445,5.961856110664713,7.873757905932769,-0.07611205459779213,6.267752483738434,6.886503165481065,-0.5436228695732112,6.248485268142365,6.735329913272437,-0.5619451734611304,5.450023924099804,5.9579105335498355,0.24464111668122687,6.065971980269255,6.527968287221436,-0.030595277939346237,6.067585624423773,6.926079208243843,-0.2801052112365346,6.0604242664691,6.858354410883155,-0.24232523849650173,5.585192513846492,6.992732697339075,0.0986886826243596,6.248589948991588,6.572523723287345,-0.4833140329241504,5.672232783932324,5.769018766839117,0.05828755315698329,5.536741613838206,5.833419390423934,0.14345836410297982,5.372881191187177,5.497218282708724,0.6396270405879098,6.1169960988832734,5.859569928669469,-0.054926954528878344,5.982929256514228,5.97643496056684,0.13290877567369788,5.8780093488975655,7.7471831684569,-0.03211523540187188,5.431395187442261,7.997048188962083,0.8863882460729672,6.1446782441639005,7.003800655496681,-0.24966860470963181,6.223178858446951,7.0421554216851865,-0.2758848236919026,5.990570958507536,7.720984001873605,-0.04463172235078315,6.0117372777370335,7.710524083542339,-0.07347602632249828,5.4813921716243605,5.749006906620558,0.2125632805543878,6.07330298059306,7.01050171468172,-0.23081136590581194,5.861395161774545,5.774412800243603,-0.00821967826624985,5.83702716763529,5.644425912533474,-0.015063770247834186,5.736077336906727,5.03755799201244,0.25055565426397747,5.430670588088772,5.607956515257045,0.3980408089819916,5.795460703902525,5.303278820296801,0.11153022947871478,5.395017849919759,5.9132415076262586,0.3481182753418151,5.3458638806617245,5.867930661885989,0.5730936375023369,6.2737616099342794,7.518814100493663,-0.32682117465241683,6.178153100976907,7.566415675030235,-0.2696770312478524,6.1017735731210285,7.616936434667138,-0.2033286988923892,6.171804690042798,7.035797359325263,-0.23565594085458985,6.001675666324976,7.71544705312532,-0.060357633190756016,6.052686792635013,7.719277184339104,-0.13190444737537524,6.025013927571516,7.70654621127185,-0.07710647046419308,6.1740891082914535,6.917856935866899,-0.3868294714697312,6.1399271442021615,7.66140129581386,-0.17123049268895038,6.214380841399278,7.636791644820546,-0.21637622016593883,6.298890210669488,7.627256036115401,-0.2558863965876393,6.283995090967579,8.053059125052934,-0.23107819534883461,6.287676738707288,7.824131759227173,-0.30637175219619134,6.286650717901424,7.742664816340775,-0.30595365521395396,6.29019204875813,7.681053083607785,-0.2708252957138572,6.297144045014357,7.627895999888668,-0.2501644467108735,6.138798298590501,7.66293067559684,-0.16755055018913986,6.125058380316902,7.6894758086747315,-0.18911268227949193,6.112382346135055,7.725584019900471,-0.21119143245718486,6.1026381181488345,7.770941266726389,-0.19892748631698434,5.981039061889244,7.447955559412606,-0.15246805130311072,5.30002332012769,7.249020370515404,1.1368089659798783,6.355609412931682,7.037234679354317,-0.3847810027415993,6.082522319498423,7.68684542393148,-0.11607410219194648,6.068674008288749,7.704492684825382,-0.1298225466650335,6.245894973937114,7.101203587238259,-0.288160671710572,6.115447787457349,7.106033754649943,-0.16880710318877726,6.2353021628965495,7.074097929045731,-0.2837944223532034,5.965620537941218,6.640780833902595,-0.001584763103786681,5.8077443705041265,6.767950247692138,0.025264294910052585,6.050567191042582,6.943863816351266,-0.1904258330033493,5.513264149334719,5.232772927466674,0.4329240315466064,5.574428204393371,5.416333023832017,0.24822963744203808,5.631272503982474,5.6512071527945125,0.09614263765440995,6.051380138063147,7.945886723134543,-0.1401255597251784,6.0720731662190275,5.667038832009154,-0.07655817783576127,6.030406847349948,5.25607369663601,0.02700600026082537,5.986612017879992,4.928891103927476,0.13544655545026638,5.652896152312125,6.355376293877383,0.2101874521670046,5.4375167898697185,6.560290169858245,0.35783201781476476,6.067852523468424,6.237045358882199,0.14355692000889758,5.49927811970284,6.1357454783635035,0.28439916770246254,6.129781639627251,6.413985690764561,-0.062318311064840586,6.112761721411319,6.839304723576607,-0.3764398275826802,5.347771893303598,6.71406559495005,0.46318909325986607,5.504503995572936,6.642184002732611,0.2485759055436913,5.630566093854558,6.665112078382017,0.14176530449037394,5.81714188957838,6.60817163574345,0.08723505604324892,5.955028469318025,6.522268749069039,0.06413728582348982,6.057591944201105,6.436019153482661,0.03837239860105226,6.239676486042821,6.191158397262516,-0.15598437197465262,5.369767492735808,7.02898939203889,0.4008520187560163,5.4289218239728445,6.148130856144847,0.3423524764391113,6.308289214578482,6.976409909033928,-0.5019279676353715,6.080397149775714,6.658389489093238,-0.08847087355773707,5.253952981417523,6.544040880872766,1.1460190246681117,6.132904989504435,6.340646733249069,0.028973557095857354,6.046864755616503,6.969621244599185,-0.08771071937236914,5.562892523292426,6.22483482039158,0.30512203175641567,6.110721558477518,6.758953633997888,-0.3292826826444504,5.350800584966057,7.618034469957927,1.0411627793409592,6.072556108718459,6.185203838743393,0.1775116104485969,6.175839728450806,6.64631778265088,-0.42408443912619215,5.6247214131062515,8.210302381681778,0.2964542393556156,5.64750731582923,8.43705372219496,0.4587461429079202,5.300929811736922,7.148459937697606,0.769406097835419,5.500792651138412,8.05310663976464,0.45244798434956923,5.30919737157346,6.157663495180509,0.7148637561053468,6.040027834052685,8.578044720168844,-0.10030299959461968,6.323552573296099,7.036185643609971,-0.37485757376260337,6.001687173794217,6.795268979669964,-0.05932946053454566,5.348995768338667,6.417561915237675,0.5312341509137014,5.733204552892047,6.2718877484914435,0.17704727478451063,5.813735307474397,6.269163819159524,0.14748727756768257,6.040937295331399,7.75061313670805,-0.11683633282589719,5.4003027479708,7.348292709195595,0.39386058157698856,6.232713353526039,8.770138532998006,-0.10344661514596003,5.927961416828757,8.664687796961523,0.13932009487967456,5.7958642077433264,8.57817167353918,0.28074649744074204,6.296221220222976,5.227163221816092,-0.006109200287284255,6.441029728315347,8.766224508621368,-0.14410818810694662,5.897882377067863,6.245745005628297,0.14069429783197415,5.980148161044789,6.218010148714374,0.1536033118648625,6.0415950771215545,6.203169596689189,0.17519879473552455,5.3670365104388695,6.148074803633383,0.4559645370265394,5.964108604966442,6.086610440748413,0.1497503513169395,5.873240430918938,6.0443527864438265,0.13534137578937225,5.786943320620855,6.039437983451919,0.1432039121495539,5.704038686496719,6.072620699029682,0.1696536213948088,5.655788239178435,6.120324727163367,0.20413160007791098,5.26261179520825,6.1521948488303,1.015083327558638,5.68083220433342,6.256967386598942,0.21400923118537168,6.367478439431927,7.223868754841713,-0.30425099057661886,6.074309698547293,7.334508988297144,-0.19973688365449693,6.138954206238281,6.96692626954471,-0.28445876989697827,6.245050102969622,7.241389062365281,-0.2942435988331416,6.324506579617036,5.995428595361924,-0.10670795025159106,5.760299817241389,8.36765700091618,0.16269320334153717,5.893878520189411,8.477540711071194,0.03374606535848717,6.2187744673971785,8.629760029354685,-0.21928972113327602,5.534256000482178,8.265916124479478,0.6783120897040628,6.038002519466292,6.145013074397941,0.1660292673956054,6.187654558483014,6.4144534137079,-0.2072716775464706,6.431566134095129,8.6261830624642,-0.2549362647573543,6.06933290370496,8.728201602997423,-0.0029486883968693517,5.344460340623023,7.4931264594785585,0.7116770223451675,6.213098686600634,7.641585433781081,-0.21168871289208166,6.200019519786672,7.679051526377244,-0.2349498091331884,6.191826201687172,7.731960642694654,-0.2619242682560441,6.18690397452156,7.8042943670906535,-0.25814021332030934,6.157176098176856,8.011204603380463,-0.1992082128851588,6.062872016539239,7.67749393473419,-0.12602488461093234,6.0439448280988035,7.670532287052148,-0.1235313134687156,6.026617549091535,7.66073386259789,-0.12041713940621933,5.911259624456032,7.588666666037856,-0.08834180313786959,5.523824665219672,7.364230182885516,0.17057853423504374,6.185567623254879,6.2909968291876215,-0.10105423317127164,6.1314060488336395,6.064335321176255,0.10643848754695782,6.077446783145828,6.087917466528965,0.14869335778640563,6.082817059194463,7.6834236222714045,-0.11736073469535564,5.529274008718252,7.771325838924246,0.28245363978284227,6.211656169649987,6.049424239500884,-0.031701708926570926,6.102142554554106,8.209836885990551,-0.16485335948282537,6.331607801764708,6.405596374479281,-0.40785287535543074,6.245282479606551,6.320256240171617,-0.27161634142199576,6.328405755646265,6.277867920409844,-0.2974360399268558,6.1340163883078915,6.651726293194089,-0.2254663088472275,6.421998601443058,8.448798764994352,-0.2924606835181771,6.415598221293023,8.238385803551095,-0.26581328244751606,6.2545322576241,8.247068374697674,-0.2401255022291552,5.8681155238112135,7.984612698008239,-0.02273907242728776,5.970637794530238,7.113945696566069,-0.07368629284211524,5.9785204109602335,8.124667507678074,-0.09340112811116526,5.730896377287539,7.144858471033898,-0.022021669592175448,5.877565383310079,7.287568907637579,-0.07046542528330554,5.6566713446405,7.427990471488381,0.038197843516977664,6.225642199281867,8.457333595084226,-0.25389920049310655,6.085693184087311,6.759072420777149,-0.1596957512099901,5.784907240982592,8.14859487710801,0.06332324837741236,5.921265925773997,8.28691168771379,-0.031578195036709875,5.778520966762594,7.813279102106977,0.016385995284003727,5.435732018511328,7.621172668182519,0.3968634742358279,5.657171733948135,7.887499309041108,0.12262682870643749,5.4014490403906645,7.804237200953135,0.6245055763902072,5.801215552149016,7.51302621467419,-0.038302663569458016,6.1369734366941096,6.533044194782716,-0.14263087034206426,6.14367746554863,6.894095125510558,-0.4030999193502661,6.09686582309414,6.964771774335872,-0.29815606877340906,6.176078415635383,6.7757018274562615,-0.47297870150785126,6.045141604899854,5.944643535141167,0.08816090270533254,5.870343889548405,5.8646309878833405,0.07745030250884972,5.720258278787383,5.85695476348231,0.08732231328481124,5.602193129210795,5.907614355167473,0.13217062720319883,5.525754207965286,5.999435421909858,0.1990741833492626,5.501726240981664,6.288208309544479,0.34763962494280626,5.273660079305541,6.817274230527989,0.7861078902081441,5.586897104128882,6.476599686947562,0.2429284294093916,5.688115318736836,6.498983570664481,0.17165483061720746,5.816880187455322,6.475109655285212,0.12175905880317887,5.940907690933422,6.421027519522603,0.10279662873819345,6.03926277295251,6.355974682277908,0.0969921487304658,6.105733998583314,6.29722719575984,0.09271918875579387,5.272164108304228,6.898911929409574,1.1790808190166735,6.108183233488194,7.019771537968268,-0.2506503820803292,6.188984227993362,6.5288911120128175,-0.30066548588637476,6.207442951073088,6.8764129710002475,-0.4878682530794818,6.269167531246375,6.962089420376693,-0.4584237481648333,6.213919800212272,6.912210851765169,-0.4404148372093852,6.140661023772781,7.071851374082965,-0.22303465995380892,6.281293434156772,6.971110533844165,-0.4867646032573282,6.297390527581323,7.0226253903400035,-0.3724168534569405,6.10526516201392,6.1844777545551635,0.15715524536963976,6.153564980087333,6.20633006743489,0.08690031861137941,6.183168130313815,6.220077038673508,0.007170350340068515,5.630730910510782,6.16034956122654,0.23911771704995174,5.550218716362691,6.121165514835321,0.24755842253758725,6.414527655444937,6.424844287223721,-0.377197951720551,7.040968296309951,6.116143803742079,0.1920640233321756,6.432261779171174,6.993151420735969,-0.3764089244596382,7.41579478134517,5.588928358054238,0.7363641167504291,6.772418115427077,6.257183430053722,0.0841388682015772,6.874481943419892,6.268537218898924,0.08606975077853962,6.971585680961208,6.256118803544599,0.11186799458142287,7.089510513654794,6.1781612675679805,0.19947114463698698,6.677508221215231,6.227420660092609,0.09979420009021059,6.905192037945608,5.804659997538888,0.06555631802466175,6.784527685155324,5.834199299871517,0.0733542002721277,7.015306639902811,5.82927447424511,0.09366536489352731,7.087669318576254,5.890923699055303,0.13227835892380363,7.183262236768849,6.273622777886018,0.24133780019335518,6.800473325436318,8.331968997922074,-0.16501388403862693,7.071326485002108,6.074504583107018,0.22697081764829996,7.484481009200499,6.257527911713578,0.7024527649247256,7.300452818683131,6.1823755997709355,0.35290605536175906,6.855575542665828,6.84236793764679,-0.08191681881216939,6.4972589351130905,7.421725953717125,-0.3411074193084434,6.493937359798016,7.571360174716958,-0.3053436201409309,6.619852830648989,7.481699171313689,-0.2904523053280457,6.710078071253745,7.546629509692272,-0.22464969614089653,6.590610495264512,7.585296833593707,-0.26945210198517044,6.673745649982151,7.601080626887959,-0.20612596514017648,6.854845746390745,7.798963810371334,-0.10722419713024677,6.4208708694574534,6.872346751062683,-0.5484755415114347,6.42909908117336,6.721206907635723,-0.5681321086171814,7.226502109254446,5.784371215641178,0.1784964618912185,6.636498570510251,6.473984892969088,-0.0536707495373833,6.652104926052981,6.873839752394515,-0.3013173283375673,6.656774731312664,6.806192166440345,-0.2646149048090107,7.1736145230407775,6.836185085786276,0.04087714370470675,6.418674798875873,6.5532654166997215,-0.4909658503541301,6.97335560397219,5.627495084401986,0.015334562633578047,7.1201990780767686,5.673238017051816,0.08802136304051558,7.296016132477748,5.286990925608062,0.5610741786824192,6.527069962203278,5.808121518528279,-0.06777789180294168,6.68066349503934,5.909947030545203,0.10518571623580078,6.931333295974014,7.652661558529762,-0.06966600997934314,7.481852109291988,7.801490999100103,0.8049860791021344,6.5774110568365485,6.967215069901788,-0.266512755613127,6.4995671107175985,7.016988957664089,-0.2840789306098582,6.818168101041925,7.655094460252493,-0.07672061643634585,6.795866625653119,7.6476353929322975,-0.1018737111446414,7.175071888338831,5.577762400803742,0.15181501402396275,6.6579039481330105,6.959450126624996,-0.2516942209030817,6.778784344378074,5.66917662282716,-0.037850087680515856,6.794349866965435,5.53306442060272,-0.045468797935885166,6.862044225213937,4.9127995786332015,0.2056820923548613,7.224966047715133,5.415814445298808,0.32918305951356264,6.810993379574585,5.188815137383919,0.07530705376314475,7.286275616578378,5.72733054665761,0.2775619445315881,7.346836086314912,5.65819070178898,0.49446022331216016,6.4982812438321025,7.503858102567383,-0.33511425508606113,6.604748349248634,7.537074598135498,-0.2861387908045168,6.6921687370281,7.574727037491625,-0.22515145428055844,6.555181595932669,7.001831022213066,-0.24842985812661209,6.8097097399412005,7.6505731384668865,-0.09011742768225156,6.755793163252186,7.665756316108502,-0.15758206575597905,6.784221809198728,7.645486094645052,-0.10451272648982388,6.532037476828482,6.88523957111668,-0.4012718093778798,6.659581068972695,7.619024112312642,-0.18958597335310837,6.579987245111763,7.6107417041286975,-0.2300740758553974,6.48914208600274,7.615234071636859,-0.2632140792338202,6.533304040862348,8.028456898233324,-0.23767023518314145,6.513121424648602,7.8083836019667,-0.3144970695046728,6.506701741646938,7.7287964598621,-0.31393793642260637,6.499951682915454,7.6627911011312095,-0.2793303363067446,6.489058192839887,7.617943152621371,-0.25804170381547725,6.661604898724348,7.620129571777136,-0.18613633104164362,6.677146663955856,7.643742156242031,-0.20817276342922497,6.692675808092068,7.682480009793653,-0.2309643502851956,6.70753826142968,7.725794866433659,-0.21958241918154783,6.792029070265631,7.376233586929799,-0.18047044527661282,7.5599039322746435,7.022565254533003,1.0429877340395215,6.723964245749309,7.633186466069987,-0.1399273342872873,6.737018170372679,7.649976977318472,-0.15449120823902124,6.480031140033453,7.079543560457459,-0.29573887381817004,6.623396388757807,7.065379721865374,-0.18488309571963008,6.48894608781696,7.052388902718487,-0.29157732285014054,6.750689786248203,6.562803995074347,-0.03189254209150465,6.923506732055481,6.659323450145174,-0.015974165348396806,6.677838596945049,6.887823183565597,-0.2130207024567124,7.118075021980116,5.055095375135526,0.36864254274919195,7.053927191509912,5.25269235672262,0.19338675588021942,7.007194987714053,5.50243562077906,0.04979940255927202,6.766847757897125,7.88624759335465,-0.16494170714990042,6.55671246055039,5.604690250036064,-0.09080772503317541,6.567942265694739,5.1954052051720865,0.00842194639872811,6.5931421384975035,4.860310299338741,0.11352334171166777,7.048222456435922,6.228026472666838,0.1556666753414876,7.296517264202754,6.382949675013249,0.2870760231329915,6.6143336999175935,6.194906862565558,0.11862989719001807,7.189972204962332,5.979219768123131,0.2208603746819407,6.557953782393663,6.373180204836435,-0.08094924017368049,6.588603741112379,6.797545231327545,-0.3938190990064186,7.413491060244885,6.503712769313793,0.3855958522066756,7.228344789167727,6.474719886165763,0.1827365814975226,7.0966733564442075,6.52225093105215,0.08657161332064423,6.901263165221564,6.50400231208824,0.04570086716562129,6.752341664897295,6.449039669324363,0.032526308419769154,6.6365995392726225,6.381570263539085,0.014363287858610446,6.421400213042533,6.171990294385393,-0.1639030536484692,7.415434708920536,6.826794248468356,0.32158286329136715,7.26959424068334,5.971549111852378,0.2719144219962028,6.391553549918568,6.96802356241813,-0.5057388887996969,6.630581504068332,6.607116660660142,-0.11068582252208028,7.534743407592509,6.30138324819922,1.0499601467734332,6.552447272757564,6.301790835335558,0.010133836151903771,6.688668239126764,6.913736519461297,-0.10959169652275605,7.127309951650256,6.087075565230956,0.24549626548918904,6.590697358096846,6.71565436812266,-0.34709791546840085,7.540869835732874,7.405887221537466,0.9521874911814069,6.605098770247452,6.146730285775627,0.1518978051610314,6.505548025053369,6.615322599854938,-0.43686357652034985,7.25524776741814,8.06555549423115,0.23705736964389382,7.264416621942318,8.294785766344026,0.3972554242063022,7.52186766313803,6.923978909503042,0.6821143802664574,7.377156411721179,7.876942134034323,0.382543333586735,7.4189693580209095,5.937652190764311,0.6310738820692047,6.837444968063808,8.511631031884244,-0.12787046459206536,6.387858538666193,7.028664213230664,-0.37721574653689727,6.725215219018398,6.72755383373509,-0.08646422380804608,7.3860706170873165,6.2173438291244585,0.4550317824028298,6.95498819822902,6.1643656679916035,0.12907779764010094,6.876035080558724,6.178124146699462,0.10519233999077714,6.771592547311216,7.69039269412715,-0.14467658980587142,7.41659956177466,7.149412459183801,0.31760997913758515,6.654723432118308,8.737138823302042,-0.11813712926070061,6.9739510227032335,8.582362619594967,0.10044541612674684,7.111617475692561,8.468581218245463,0.2309955086142087,6.785763810077005,6.172821801840217,0.10451542935306292,6.701392530437685,6.160934957323083,0.12241585457026438,6.640188384841033,6.15605764640838,0.14764444964504603,7.344530137962516,5.953346893974117,0.37910338910217084,6.7051610410097275,6.029050822022951,0.11783712304143913,6.792568065276526,5.972059152585828,0.09856443211726387,6.879533351207949,5.952718066461406,0.09964832667720258,6.961539289105242,5.970187518395103,0.12113922150081252,7.016978563820904,6.008228242035939,0.15226459414281274,7.486590959367115,5.9107536670181196,0.922382867441039,7.006648568529454,6.1420315262385,0.16250939704101136,6.683045169963515,7.282052004158294,-0.22103215150101208,6.577238816006621,6.92899319642258,-0.2998556013374629,6.494612217187691,7.219694141968074,-0.3029662837182641,7.119393555229908,8.247240615527602,0.11548698925523386,6.986061334848852,8.387785420661888,-0.002877618065283021,6.649719539041955,8.59687316709902,-0.23350550574074505,7.382311015523719,8.09676523564713,0.6032854319013572,6.63677029526781,6.097920426968763,0.13755594880385494,6.489623914876116,6.386215569025545,-0.21972902341165482,6.825297535049672,8.66983720384247,-0.031098523813816743,7.509294824970667,7.282976313784416,0.6271331306672344,6.5827564619032755,7.61127624463537,-0.2258416704295824,6.596434759535133,7.650828530042297,-0.2491521374258193,6.610056633446842,7.705140072772353,-0.27697705884698665,6.619303441794909,7.77131470266369,-0.2736926972026025,6.6634936085145915,7.968135486890053,-0.21660286626878975,6.741963412476771,7.626687344409691,-0.1513133138856579,6.757818477838579,7.61423626269107,-0.15137873941642255,6.774913380208919,7.603835737749434,-0.15020529076118191,6.882269901635165,7.504354779788167,-0.12304043638363832,7.276610084833418,7.194455663462049,0.10839632335454641,6.487065544617791,6.260784896717429,-0.11378129694706014,6.5343746067104345,6.026994697115687,0.08952633585244456,6.5930552756651695,6.043138562834573,0.12525040409037036,6.720931470791312,7.631664510460711,-0.14111487727229372,7.311779138085629,7.603434089952059,0.21844656700595402,6.444944495109354,6.025782329549858,-0.041252505287061675,6.737876404852836,8.153957357774257,-0.18526866554082771,6.418339226224462,6.303296457762685,-0.2780808246718544,6.564696416951443,6.609415184838834,-0.24095148795478719,6.580818752566587,8.222079348428096,-0.2503901647920115,6.967153449260047,7.886908344814287,-0.058241772685855175,6.779914303615791,7.040286757163943,-0.1008618078690866,6.8617910608906385,8.044800474224843,-0.12168008415540484,7.032705933395007,7.021229645683692,-0.06545288420461516,6.893602160376626,7.191905459794798,-0.10425743931685631,7.137191526849997,7.285150854262255,-0.01108709643038524,6.6263653158219515,8.424040630526962,-0.2674039348640953,6.629514650307098,6.709347532561293,-0.18033099841396716,7.068128893387886,8.033111112728228,0.020659371418412575,6.937961598256755,8.198004980358826,-0.06461597682344862,7.0424256616080045,7.692904292091141,-0.027005776955600684,7.403688181286404,7.428050607295382,0.32448520479760584,7.18332237257585,7.746248464987593,0.06986950774059109,7.472441226705067,7.605248558005266,0.5450417219701762,6.99119366613028,7.401116447515412,-0.07856193911787063,6.55643925095809,6.492146649100663,-0.1603253443406141,6.557271500830285,6.85626821807239,-0.41886264655163336,6.620664292834813,6.920200747505184,-0.3162818872641489,6.510583842076648,6.744449025832799,-0.4872112137066966,6.613479919941658,5.886373422992253,0.064919892334176,6.7827993375170825,5.7708688709261,0.045002925235836815,6.931723807510832,5.738853606663259,0.045075983745190645,7.056155928455789,5.76812266907307,0.07990572615852753,7.1447144420640445,5.844945048890379,0.14037670560125184,7.201999366362467,6.133291417745717,0.28303335174639394,7.515666993260627,6.588084791370483,0.6969278340576242,7.129223903631092,6.333691024905991,0.18418100089268005,7.0250070652641785,6.372515741289946,0.12057867318563376,6.8907230658142975,6.377822540653413,0.08014297490944919,6.758382715040067,6.348867520791273,0.07023188861923578,6.652269742709206,6.302989839388719,0.07284806883014341,6.5763857784480555,6.25843366090544,0.07290956186889931,7.554316499145173,6.661691019139312,1.084462880435729,6.618636750996309,6.9750468307419125,-0.2689340570644459,6.490862267049907,6.497180238871831,-0.31311362113605773,6.485249591729844,6.851070554062369,-0.4985650025518985,6.4353806745441355,6.94830198739139,-0.4639856142961111,6.485657178866182,6.8903949173365895,-0.45104713557383586,6.593416090507173,7.034403841921063,-0.23763485435533435,6.419201915208842,6.957292661746676,-0.4919481149362268,6.414713259787532,7.0164893107738235,-0.3767067034267885,6.569686946515128,6.148504292082147,0.13611343185320907,6.521121714231804,6.1762172476836446,0.07150592902802703,6.490851130789352,6.193373770695726,-0.0058975671106915595,7.047044982486501,6.041793302559446,0.1851052641177159,7.133396289252621,5.978573865010901,0.18903613208844303,5.796572845123353,6.131527805282382,0.15490435190536558,5.903037723287773,6.116502391331972,0.1548292285477004,5.789252238642733,5.999488133543155,0.1549092240193587,5.6916885735404685,6.146831254537998,0.154846779758347,5.8047936326655565,6.2709166665709875,0.1548196119226997,6.879485836496245,6.047396326453694,0.12380444185911509,6.985892806105776,6.038713012889745,0.1233097482847432,6.876363971453802,5.913267492234222,0.12332110495045571,6.771375761439065,6.053900645035582,0.1232057402512617,6.879423473437133,6.18509062009441,0.1232243354863354
6.38444848819274,7.469027860810382,-0.3523467827746335,6.346632131701115,6.880662185656432,-0.5572404025666263,6.36353017641894,7.08978440151035,-0.3173502717127946,6.25391346940644,6.444956738155871,-0.370742354689632,6.339526664321745,6.723013202448822,-0.5785186946080596,6.335003585369058,6.5465084017616,-0.5205488277468254,6.329769736866662,6.144262969275327,-0.19846898163059357,5.647076698430922,6.240349431489701,0.24430147898715232,6.3204101570699835,5.834812326438844,-0.098777981989761,6.314438801605352,5.637324969917164,-0.1001784816235028,6.288816933344298,4.889228135554971,0.09594934013692923,6.38733464333398,7.526910645404423,-0.34578838792191485,6.39139947274417,7.584512687166919,-0.31634792046726035,6.393715972457377,7.628561088895326,-0.2720598800371571,6.394391834829618,7.629031964438184,-0.26666321647496505,6.395168705204743,7.680999839216264,-0.2875400759755236,6.39825687635175,7.748242946312888,-0.3181706832215159,6.400516930416287,7.827404997749861,-0.3161071909162686,6.4116248399099485,8.044814326075716,-0.23516580181083835,6.352762426229109,6.979773317663059,-0.5101494132660426,6.281757513730948,7.006589457017039,-0.37095186738311475,5.294775638488477,5.827357044578897,0.8219018409550181,5.92342642455749,6.3311868197306564,0.11789927041077676,5.824152639957982,6.360854207048408,0.12684827310014252,5.730326974514049,6.372233946902774,0.1590169546437316,5.606882940341998,6.313465856871686,0.2556828667202405,6.011016702588075,6.285812687964393,0.12563221983563824,5.75156019359096,5.914115120644543,0.10721992543302983,5.874723856284416,5.919314433322423,0.10496902753971046,5.6451898540829255,5.959128297341676,0.1423185121374894,5.581442292321412,6.033789551003069,0.18522313516963274,5.533612774837976,6.434574452329989,0.30254373323851763,6.05915221490378,8.397148807783822,-0.1380719170621821,5.613336683290993,6.205177850720657,0.2825908463011082,5.27492793727466,6.4934569190702245,0.788450088543908,5.42148200834192,6.3679641306632,0.42311356519246507,5.88525876817348,6.935799186525008,-0.04795215099337304,6.269206526666668,7.440512410349053,-0.3327565916233163,6.289827013373141,7.590717252285269,-0.29788933459825656,6.159595018595493,7.516765282761777,-0.2730787796986051,6.084746603046402,7.597294655767207,-0.20176608523209658,6.201713127680544,7.614764584030773,-0.2546936520853754,6.1281213705202795,7.6494496924329844,-0.18724013872722906,5.968086073244528,7.875311013941365,-0.07677394443036105,6.269981168924082,6.88839078328889,-0.5440702772934894,6.250401955894402,6.737952731698956,-0.5626609487655297,5.448435176935108,5.961929784009909,0.2428493032692143,6.067996356803387,6.531155928029087,-0.03146631965680494,6.0704989043454365,6.9284144617258985,-0.2804563791629518,6.0633407048469135,6.861191407688671,-0.24281525484544791,5.586187440339265,6.996594863672817,0.09819805633165689,6.250534157545236,6.575657380358667,-0.4842334798862972,5.670364613390036,5.771973093997388,0.056706994112856256,5.534846037990839,5.836903414910322,0.14200920994299537,5.3738548782172035,5.507381145030098,0.6366637472242964,6.117732400341266,5.858843318654471,-0.056101903489879125,5.9848901656655515,5.977766501991544,0.1307335185438078,5.884265027674515,7.7492359441059495,-0.03323525364022195,5.430782171666314,7.993953083093941,0.8891923883912314,6.147926366144643,7.005604628988917,-0.2497916770740741,6.226359080384319,7.044151065383743,-0.275431718420206,5.9967196139445225,7.7261110530926675,-0.04631567106474934,6.017782010663614,7.715520066907885,-0.07525015561662808,5.479126384340919,5.752736268389249,0.2106988876489409,6.076833071643958,7.012996780847062,-0.2309047123656319,5.860108518161187,5.7759859339943285,-0.009799308110705373,5.835366385042901,5.645768793334751,-0.016921513934257337,5.738026235263316,5.04922332671193,0.24705708035628077,5.430234054709485,5.615630901827093,0.39559640430376075,5.796096553098007,5.311101799660559,0.1088536231157101,5.393123268826243,5.917730612983079,0.34649089486844575,5.34524250463546,5.874757278050076,0.5708140028218727,6.277245575366814,7.521347035480846,-0.3271550108604198,6.182127601650684,7.569766261451711,-0.2703097167849746,6.106417275900511,7.620963207501895,-0.20442852342944706,6.175334442103761,7.037676898022401,-0.23536856052251057,6.007776276730838,7.720505108932588,-0.06208433571677596,6.058442930765879,7.723895561382345,-0.13333652866409362,6.030921963509419,7.71145003855637,-0.07880496075949721,6.175958315062753,6.919314828995467,-0.38719605239109134,6.1447891764080005,7.665564925128455,-0.17204285571422065,6.218617856751501,7.640611492180606,-0.2166705912569652,6.302648345386318,7.630682256955897,-0.25574687868530366,6.288380222273004,8.055149078723769,-0.22788686618386791,6.291659268837226,7.826223352657295,-0.30504196380250265,6.290577146335738,7.745255040462861,-0.30534877096935187,6.294164415849938,7.683822121649797,-0.270773745507784,6.301237204169552,7.630561195893616,-0.250309807280046,6.144070237093353,7.667019143287629,-0.168576310723688,6.130212087638805,7.693746157933181,-0.18994733656004884,6.117470596510261,7.7297384287256605,-0.21189211431169042,6.107766772527282,7.774801366718332,-0.1994467307430724,5.985742049336936,7.450139364271013,-0.15336059932044752,5.299125666965635,7.25018213926704,1.1378533885653717,6.358079457792704,7.039671063373462,-0.38442958894812335,6.088200185497962,7.691355387629618,-0.11754713497425082,6.074386969750579,7.709110514960152,-0.13121769316425122,6.248951451264747,7.103128598479634,-0.28758670398053154,6.11937452309404,7.108242128625653,-0.16843996616648582,6.238406512845986,7.076059196412539,-0.2832446828013964,5.967288407104103,6.644171257256283,-0.002298490182994108,5.808898203404739,6.771730996192918,0.02489564114472816,6.053708180630677,6.946776379779642,-0.19069483523764394,5.5146080448246995,5.243854979034418,0.429486260359734,5.574353164471921,5.424185086477931,0.2456134225466742,5.628793878555909,5.654245295812095,0.09407220318718715,6.056656723067815,7.947498314237996,-0.13980488203078525,6.072383520575723,5.666937025645101,-0.078127224215328,6.0324174018462395,5.264130107495735,0.024474141038482503,5.989368310911074,4.940741474320071,0.13211637891234002,5.65422747087041,6.360203596676889,0.20853977195861004,5.438612891360512,6.565473397009035,0.3562400471211013,6.070696835468736,6.239218290398577,0.14212276271278204,5.49853477501278,6.140415381341929,0.2823787109274035,6.131851982273868,6.417308025483998,-0.06324819068199558,6.114649428135583,6.841502274185264,-0.37699514927259475,5.34809969424646,6.718718134208528,0.46226238249419815,5.505754619101299,6.647007651101983,0.24705974945562167,5.63202279247164,6.66935789985785,0.14033638094302123,5.8192552372299,6.611437237262727,0.08622124475711765,5.957624317886965,6.5249535910284475,0.06306641341209898,6.060463833529469,6.438348883731887,0.037382604639165866,6.241850440120799,6.195047342196083,-0.15683675306860748,5.370329253292999,7.032520290933975,0.4000381569600085,5.427927581525976,6.152743927988093,0.3403265287071258,6.310748295970556,6.978087375261975,-0.5021346417651189,6.08267928116384,6.661541662928773,-0.08923373533303018,5.253615620019019,6.549840180444976,1.1454138561489107,6.135876705565265,6.343047090304625,0.027987052926478878,6.050058523820577,6.972418301100093,-0.08787454871517397,5.563127907445497,6.229686031479321,0.30328439670084406,6.112892928673661,6.761700010259421,-0.32995071834834055,5.349869562414646,7.616829306442674,1.0430856006827702,6.075491373429175,6.187304633151458,0.17584310775104714,6.177561817108542,6.649236511518571,-0.42490418270683217,5.626295415896329,8.208305433920737,0.2981124016744793,5.648315160525111,8.432917524099329,0.4621362617479497,5.301120203669648,7.150304534767938,0.769335855828976,5.501908887932658,8.0508176178942,0.45412594648244736,5.308927899480835,6.164139636019383,0.713014285463339,6.04256165043003,8.578529472727922,-0.09637639022908703,6.3260049606415105,7.038638702167512,-0.37456318200094313,6.0037508107335364,6.798392652718959,-0.05985389124775388,5.349232692102343,6.422584950928801,0.5299766900675122,5.7347557298169844,6.276825203825399,0.17516891646708946,5.815560275359683,6.273577350909125,0.14566939228832212,6.046721546195877,7.755049845919026,-0.11822427387226324,5.401190540350725,7.34985698505447,0.3938261183635037,6.236069217367478,8.772338578262216,-0.09788885858018057,5.9297256846785436,8.662820651134888,0.1435829921478618,5.797182760481965,8.574936261566492,0.2844452204753841,6.299329935409206,5.235174975139499,-0.008347343454698926,6.445917056889176,8.76882335122066,-0.13826526429748262,5.900021533418566,6.249528533751814,0.13896010048460336,5.982669846366855,6.220999714584221,0.15198399392819684,6.044381279893755,6.205560715613943,0.1736109631817927,5.365857421047656,6.153215546236853,0.45400335358924077,5.966375621548626,6.088308620559882,0.14761227611769898,5.874983431997711,6.0459368774087645,0.13310553552330634,5.7881024381050254,6.041503294517455,0.14092583412529447,5.704850305257141,6.075484689076043,0.1674053304237061,5.656566251760724,6.1239087426352805,0.20189800836821664,5.26276909892746,6.159840111543668,1.0135853221933195,5.682213000669547,6.262135223758862,0.2121360235723318,6.370244980493037,7.225992950693955,-0.3037367045961128,6.078568032634677,7.336726687385411,-0.19979577930818668,6.141886681736883,6.968459678634111,-0.2846298989402165,6.248497657957671,7.243179165302362,-0.2938346709751211,6.326760292545432,5.99858974740969,-0.10755058042225123,5.762073938361772,8.365906141244617,0.164910221545472,5.89594927694934,8.476505448167527,0.03684807107702705,6.2221219432045025,8.631398249767022,-0.21461714869097542,5.534398557683943,8.26163320320824,0.6815465790353548,6.0406722066113705,6.1470663127083185,0.1641799907801347,6.189611477687918,6.418023993975032,-0.2082683825795369,6.436397052617329,8.628734906396852,-0.24993409093108196,6.071696517614929,8.728444659361749,0.0019340946593188922,5.3445911515580375,7.49316357455841,0.7124104191446248,6.217797909433969,7.644946666539694,-0.2122240574314633,6.204530211172752,7.682581060084946,-0.2353265280102809,6.1962527538775625,7.73527752935442,-0.2620319809750713,6.191350152208155,7.807260585527571,-0.25786412433032124,6.161996186781706,8.013157972348226,-0.1976445084489622,6.068452378228174,7.68198540995029,-0.1274304500855168,6.049380804683578,7.675084929400303,-0.12510849612583017,6.031932786244166,7.665333943592448,-0.12203553884506597,5.9169819654322895,7.5908152894645395,-0.08979548210366667,5.5254567499580185,7.366050201869815,0.17061169625239747,6.187563466158848,6.294634548686893,-0.10194465947173081,6.133783017623127,6.066121024396895,0.10475040509412938,6.079995513381322,6.089648833362858,0.14688488852339873,6.088416312915898,7.687829019999509,-0.11863025548679738,5.531457070952889,7.7707773861328375,0.28310394003267153,6.214433451690837,6.051272105266996,-0.03288514323776118,6.105966453417049,8.210445912334801,-0.16218772861295075,6.333954884633229,6.409118207485429,-0.40879981208520094,6.247293731687998,6.324137055294054,-0.27258901157432547,6.330734511835388,6.281851094674797,-0.2983333798903482,6.136104716277659,6.654851368149493,-0.22617996555056788,6.426649037633088,8.450756577196964,-0.287910036353735,6.420096886151871,8.240278180363143,-0.2616449151515185,6.2586400497767025,8.248245186590644,-0.23630218826240595,5.872037860384187,7.985094087076264,-0.022678442081185406,5.973403847514026,7.116749082045043,-0.07372767234061622,5.982320031886278,8.124983486717918,-0.09205803699823803,5.732680980875386,7.147568406219218,-0.022110755113917902,5.880404071034852,7.289843377223112,-0.07086631661368852,5.659056916008317,7.429711238393563,0.037895222574759746,6.229294996821096,8.458329949295578,-0.2497483216169537,6.088282625853258,6.762161973331436,-0.16031455469549097,5.7874529417923615,8.148190818086494,0.06440619683822466,5.92396451498462,8.286683930629454,-0.02935275562816087,5.78254328441687,7.814247962668275,0.01595162851065196,5.437028328315264,7.6211102632708005,0.39743761865780797,5.659871293031571,7.887433459699292,0.12284796626532397,5.401705978247796,7.8027419628103045,0.6259432516975802,5.805087008060615,7.515039234241901,-0.03900848070029926,6.139129014716961,6.5362820841754665,-0.14355675374086255,6.145474693956987,6.895718319733424,-0.4035733906418408,6.099793081946649,6.966599943051594,-0.29836608215966437,6.177787228350272,6.778008346489818,-0.47355466872841845,6.046470511600472,5.945282773887489,0.08612601013215554,5.870084915210773,5.865684754085125,0.07548724706917039,5.718886332775592,5.859355043022024,0.08542927076115693,5.600575881808957,5.91100912455585,0.1303051977282681,5.524369057162253,6.003597070611499,0.19724073174257925,5.501995041817472,6.293140967114831,0.3458424894050774,5.274009210071954,6.821008047482397,0.7852140260838539,5.588166751572256,6.481335216018202,0.24131354992756615,5.689613322292631,6.503329708646263,0.17019918114686794,5.81889428216077,6.478759511944652,0.12043577353835465,5.943303462654498,6.4239426173205105,0.10132618273531997,6.041906583823089,6.358320094505458,0.09584981754585202,6.108499823254097,6.299456938118715,0.09153156295563084,5.271399712879792,6.902460603925952,1.179286351454388,6.111572397577129,7.02184537898209,-0.2506760541287396,6.1908488257232515,6.53219720170588,-0.30160683295073465,6.209311009073976,6.878104306524567,-0.48835313027599425,6.271326952021335,6.96368779320373,-0.4585923941099885,6.215903266673984,6.913630900715513,-0.44077747895421787,6.144468698810614,7.07389866493908,-0.2227941318031488,6.283656612726355,6.972760688521634,-0.48694477420636634,6.299875824248324,7.024946176129458,-0.37219436794065364,6.108233934540622,6.186373651301343,0.15566142097622188,6.156357563561869,6.20856124746433,0.08563870222118145,6.186081396528292,6.2225367444516415,0.006256951995305706,5.631570484576372,6.164522872265621,0.23707228144616097,5.549661906708029,6.1258553748085145,0.24552457635296068,6.417146858302925,6.42803418414323,-0.37789883668075286,7.0442639566810845,6.11861956254307,0.1919050164835982,6.434838112925753,6.9955662159963845,-0.3760360142268239,7.4200879980011205,5.5929505202970935,0.7367381687878424,6.773912323431678,6.25971771604277,0.0835522672663819,6.876645632129973,6.2710328404835245,0.08573989009815179,6.974254270093696,6.258494479419605,0.11182414500568157,7.092871829951454,6.180188025183534,0.19954272548110769,6.678337214231905,6.229743962539799,0.0992475694020673,6.909561615069902,5.805770297491891,0.06457935175677211,6.787575883939493,5.835049620975033,0.0721664000883129,7.020179489640402,5.830814711912926,0.09303301256835825,7.092470768763531,5.8927712383880015,0.13187996633941268,7.18638295944523,6.2751273781298575,0.2416707682576196,6.805537483511217,8.330280024462592,-0.16094902281838785,7.074917657438766,6.076553071518315,0.2268892728980283,7.488268399948038,6.257631455159666,0.7041803557699062,7.304182800103168,6.1834336499820965,0.3535104404585975,6.858539204907054,6.842870338459624,-0.08107722305232372,6.500122704554686,7.423646301985082,-0.3411080177845886,6.497251403531519,7.57392244368804,-0.30528601232050095,6.62298334323949,7.4837349231127,-0.290283886888433,6.713356540290719,7.548963811798866,-0.2248846168260787,6.5938625874667585,7.587785792083913,-0.2695678464255549,6.676940184427306,7.603680441126026,-0.206516385772155,6.857453368876048,7.798792252815166,-0.1067633237692561,6.423488824013435,6.874027593819919,-0.5487162740732165,6.431920764136565,6.723408321989517,-0.5686137365825726,7.231931627098831,5.787091615370279,0.17853889808537943,6.6389426076952125,6.476205346342305,-0.053762258043474065,6.653736566588248,6.875322130209827,-0.30078461109637344,6.658373279544181,6.808017378523208,-0.26418434268359164,7.176950594470003,6.835810176140371,0.04202948048095846,6.4213995923067175,6.556018750856701,-0.49160237576583654,6.978990505640706,5.631326505687052,0.014360922185127625,7.125868767834871,5.676600743509288,0.08764774489987397,7.300308103404289,5.293376380566168,0.5604797607841274,6.530416935655044,5.808636028220782,-0.06897964053499758,6.6823968447007704,5.9112066843261974,0.10395141600881393,6.933596320815045,7.65266041005408,-0.06943907956741852,7.48674436743393,7.793845831497449,0.8101529762665834,6.578822050213741,6.968720368406261,-0.2659293998326871,6.501285781999663,7.0188403908962815,-0.28329720603451386,6.821209320782262,7.658291606214881,-0.07721760096233131,6.79909376709192,7.650724175763496,-0.10264369658911857,7.181071869528863,5.5812610720809435,0.15139885772398803,6.6590469137987105,6.961128428660059,-0.2509239554336126,6.78388166477518,5.672008221554616,-0.039012968848864925,6.799871380172949,5.535569062187956,-0.046760815909721656,6.8660368210035045,4.922741625394314,0.20338880479313984,7.230026586456196,5.420959143385813,0.3288189273895512,6.81547563120677,5.19614837937802,0.07360337354478741,7.291914783988144,5.729854984912335,0.2775421404547346,7.3518608055822785,5.661390126604354,0.4947313028993019,6.501484827181817,7.505886126686413,-0.33520796208669845,6.60800296516466,7.539301207993534,-0.28625603030650426,6.695450643661762,7.5772007475463585,-0.22555718344087233,6.556358167454629,7.003497572340514,-0.24764697452018425,6.812821943013345,7.653712081613523,-0.09076499762491773,6.758883669473117,7.668710284630038,-0.15810375131618415,6.787529836173472,7.648537649583411,-0.10522536551945676,6.534693436247749,6.886528076882758,-0.4010603987980225,6.662667605078571,7.621692544699192,-0.18986544162940147,6.583221839986438,7.613464848699541,-0.2300229115720694,6.492471348336198,7.618200341540647,-0.2629199090923382,6.5376330662140445,8.029874054119679,-0.23438115623328545,6.516850669620595,7.809738252421851,-0.3130670171382788,6.510364618964795,7.730709888047518,-0.313227395194329,6.503446313473122,7.6649358532281395,-0.2791589879972278,6.49231315197874,7.620046708416901,-0.25807398516719626,6.664430788893625,7.62278283696562,-0.1865619205847005,6.680182095696352,7.646478126112837,-0.20841926792575724,6.695852447555589,7.685122599686933,-0.2310892051539884,6.710684284449706,7.728140125621197,-0.2194622834910948,6.7942884598958795,7.376540922757616,-0.1802838740010167,7.5640526249356155,7.0180427247558566,1.0469021806446954,6.726884928324086,7.636155256759239,-0.1405245524465563,6.7401021225838615,7.652953036180083,-0.15502031491931192,6.482126940511399,7.0812284295013255,-0.29487575897543805,6.6242845639825285,7.0668786087386195,-0.18388090313498126,6.490879729584867,7.054151600375195,-0.29071878761408704,6.753404728022546,6.564550213570909,-0.03165780722615162,6.926803532621075,6.660230044303083,-0.015195526339474774,6.6792789653176206,6.889569457557841,-0.21236415033252254,7.122164893493811,5.063472882177655,0.3670783775813293,7.058767517565828,5.259310688887527,0.19227070630286414,7.013496621920159,5.506010481285076,0.04867063191922042,6.770219589679171,7.8862971196668425,-0.16377118920412298,6.560757957227326,5.605972382904232,-0.09232938576058208,6.571677219421482,5.203142440871856,0.006354238490386149,6.596901740024131,4.871190779981084,0.11077906496113302,7.0512736149988955,6.230215952141513,0.1557842923841423,7.299560198559402,6.383843182881338,0.287788186166432,6.614700687002975,6.197297369730921,0.11802831556152052,7.194650761563673,5.9811888907951545,0.2208129405958398,6.560345755450849,6.375907370301787,-0.08127956979431504,6.591295795864051,6.799031379796021,-0.39366963951344713,7.417091922386154,6.50327697652711,0.3866794772256051,7.231416931907662,6.475452242556094,0.18342288568807885,7.099555440377602,6.523055234738945,0.08688249671166172,6.903487023484675,6.505080266460957,0.045844157259005675,6.753909025331064,6.450532974079809,0.03233477495366285,6.637795869780114,6.383384933338841,0.014093729384529081,6.423780707433535,6.175770781822104,-0.16457492464435336,7.418800145964346,6.8250624790099375,0.3234213818640987,7.274413662076627,5.973110107329168,0.2722236698984518,6.393993744465309,6.9697393609059475,-0.5057877335900225,6.63270016457578,6.609310127554928,-0.11059297071317196,7.539029377632831,6.301110944165946,1.0522998886370643,6.553486866431461,6.3041560383705475,0.009613296546799991,6.690013293741791,6.915168301935885,-0.10896359000855614,7.131202881634247,6.08890872692996,0.24547901598768912,6.593076061914887,6.717580308764272,-0.34705781156845783,7.545219831339014,7.399391755292484,0.9568118617044845,6.605332937441358,6.149285146595208,0.15113346801604208,6.5083385172598796,6.617557133908072,-0.4371875171311169,7.260225751200898,8.059976667096917,0.2409317990931357,7.269920291360083,8.287859634074792,0.4027103199627837,7.525096957587927,6.920556633266221,0.6851048366001974,7.381651482080021,7.870729261222296,0.3867682305810806,7.423436858920278,5.93939125930749,0.6321566364485353,6.843139197996713,8.509988115711874,-0.12291610953197571,6.390355228243763,7.031126231952991,-0.37683451591139017,6.727523655401149,6.729072197210074,-0.08602295968803642,7.389651167367279,6.217916742378539,0.45575521113926576,6.95772312209223,6.167279425226688,0.12871259257065829,6.878292211118168,6.181116778915937,0.1047191534222811,6.7746416606289745,7.693175017093343,-0.14505513969173778,7.419791658345599,7.145981986409211,0.3200980514603762,6.660547922429807,8.737967634457211,-0.1121724276553328,6.979792628016551,8.578027403537115,0.10602807973906975,7.11735958629777,8.462677749655025,0.23639551390110033,6.787465220759862,6.175778580234091,0.10393721175840832,6.702270911974165,6.163658733946828,0.12175956557799428,6.640548337858712,6.158662551333571,0.14699302186104535,7.349347488804627,5.954806863041806,0.379639344756189,6.706491709624103,6.030190398194412,0.11675657095902889,6.794860343441621,5.972488091134935,0.09748306264212231,6.882727650774235,5.953172538701019,0.09876204862717367,6.96524153395398,5.971069894212085,0.1204549910536093,7.020740232597591,6.009497869015293,0.1516635279355899,7.490790629196532,5.91281092907789,0.9237626558931046,7.0097036228706715,6.144773950936977,0.1622599335525126,6.6851181191314195,7.282994886086374,-0.2202334443145862,6.578890379156869,6.930309847191787,-0.2994006946928846,6.497051615643461,7.221191357027433,-0.30222822248686104,7.124779218274346,8.242162425240478,0.1195146673558021,6.9915986810595605,8.384068271410301,0.0016505340421913786,6.655228662748502,8.597137226435745,-0.22835716148773855,7.387550795072008,8.089162038283257,0.6088497824888814,6.6374000075335156,6.100044116542052,0.13667788129075722,6.492195061740074,6.389323609743716,-0.22030476729088755,6.83123213695082,8.66799285504729,-0.025269149684346046,7.512963371241447,7.277843477939273,0.6307517153937113,6.58569802146891,7.613517580818694,-0.22602613259029275,6.599641582102368,7.653094893007663,-0.24916926631733033,6.6134128349662,7.707235925259564,-0.27674282643558634,6.622678833819029,7.773125079493995,-0.2730537830030384,6.667310259681733,7.968935777438386,-0.2144484384030696,6.745116130138803,7.629490213980681,-0.1518615170827877,6.76104494365248,7.617063258802295,-0.15196742230272361,6.778176198024022,7.606588877444372,-0.1507176571530655,6.8843437788203845,7.504445277233504,-0.12318578140364689,7.279422470690244,7.191987418193502,0.11040260590626544,6.489588164018574,6.264113792285949,-0.11432423233442547,6.535605479097322,6.029280212109597,0.08848355014892453,6.593884868643865,6.045170404916289,0.12426785748601657,6.723994316947426,7.6343950437678,-0.14161888317633475,7.315203070300209,7.598977627344676,0.22133626974313664,6.446445863492511,6.028247108197744,-0.04215349495968356,6.742190611584675,8.153012464812415,-0.18192458097066183,6.420894552292296,6.306907763743241,-0.27885482672016004,6.567186819528551,6.611748431036319,-0.24111267119021232,6.585325183105323,8.222410904441173,-0.24625546859074338,6.971050979531636,7.88488672115598,-0.056914354119696614,6.782105112253861,7.041065122354446,-0.09992473150963922,6.866017510650012,8.042950134257778,-0.1193227242988505,7.035699814907121,7.020690471302053,-0.064168443913237,6.896377842575786,7.19170741806786,-0.10340256795086196,7.140120551418306,7.283308307977676,-0.009795330572448411,6.631334328419132,8.42382680383974,-0.2628276278838207,6.6314323655984015,6.7114990328259125,-0.18013696909424823,7.0729851366776995,8.029583656111386,0.023319124563634754,6.942971497435698,8.19522341213541,-0.061124898946731815,7.0457738777830246,7.691119207152286,-0.025952920713981684,7.407031228216514,7.423397495507389,0.32749955677099374,7.1872066202922795,7.74293556992604,0.07194373917938121,7.47661682973297,7.599041500052383,0.5492348684703781,6.993892156889757,7.4003557875553065,-0.07785291623414944,6.558789043876985,6.494755911695552,-0.16058356509471677,6.5600353043831605,6.8574949604066475,-0.4187100154711318,6.622325305808935,6.921444166820977,-0.31573096395699585,6.51345650364132,6.746217562993785,-0.4872193432950891,6.615834798917713,5.887522907120486,0.0636528899683681,6.786706175326422,5.77225532224074,0.04385015437486027,6.936834518554572,5.74084257604962,0.04415210784258193,7.061577173999,5.770322801479675,0.07940648291270332,7.149980714993985,5.847269361206325,0.1402032277002484,7.20579729176432,6.134872567183651,0.2832371861136823,7.519081782474985,6.586388737959222,0.6992230259592301,7.132247868840558,6.335095680901099,0.18441967824411618,7.027743949268173,6.374140472957215,0.12067417052861805,6.892881183181821,6.379613472760557,0.08005071645775406,6.759897463031478,6.3507801441725045,0.06972767303246087,6.6532382109269586,6.304929195216154,0.0724296777263456,6.577199980520363,6.26056662889054,0.07232314584830354,7.558590765720826,6.659166489449184,1.0876098912188845,6.61986546385634,6.976596021807624,-0.26822835311892285,6.493540102131424,6.499932571843375,-0.3135678330128739,6.488081213740249,6.8524638706159235,-0.49865696779081253,6.43803249101697,6.9500175483427835,-0.4639295251520982,6.488368640924927,6.891779750326839,-0.4510124304964809,6.594375797246119,7.036000610798062,-0.23679817654862792,6.421707072550792,6.958987950245995,-0.49195130828315337,6.41721444454015,7.018839648190378,-0.376339757731821,6.569914778312332,6.150961805172497,0.13541417880062762,6.521922608236014,6.178678104081594,0.07065751761416,6.491963337498163,6.196069305519383,-0.006512859872902775,7.050729954277489,6.043430987690148,0.1847281216849092,7.137784741351607,5.980658970132963,0.18885386458397138,5.798890612707204,6.13742301925648,0.16294367557019887,5.906139573299151,6.12188561175398,0.16287902534224982,5.791222545605886,6.005312349895774,0.1629592259750547,5.693284146220982,6.153133848587462,0.16289649053576327,5.807453640422313,6.276747219705525,0.1628693817702833,6.882036934283923,6.051113166203634,0.13514287065501265,6.989158149460458,6.042318785599566,0.13474095071338862,6.878933909018845,5.9168441934871785,0.1347519752541446,6.773203781999681,6.057661604155333,0.134637470892419,6.8819181013393536,6.188865429607791,0.13465621261170418
6.390675526252177,7.473520183754094,-0.3539216950541633,6.354074041904587,6.883639755989837,-0.559936323067469,6.370554264151815,7.093921146258031,-0.3191219101672863,6.260908181843927,6.44850017612311,-0.3724084577830443,6.347043273505318,6.72565342331409,-0.5810392699607829,6.3424564703903545,6.549438842110796,-0.5227665071214026,6.336774455573602,6.148572771141352,-0.1991592849439016,5.652063416220981,6.250054210070183,0.244643146238699,6.327008260255878,5.84114877961289,-0.09865228144339874,6.321050397821091,5.644014762675922,-0.0998178491582786,6.296170578428501,4.898788629770816,0.09805207122868746,6.3935276865292066,7.532467555736163,-0.347280765884626,6.397658709078524,7.591585194846345,-0.31782362331542785,6.400144311739137,7.6366517065020645,-0.27343641430128784,6.400827610825318,7.6376584387792015,-0.26788144924661483,6.401662588925189,7.691123804055707,-0.28887979152601456,6.40481290255756,7.760581639456987,-0.3198058830726152,6.407227870383366,7.842083085955069,-0.31806629114921714,6.4183472804310675,8.056207754761317,-0.23740247155731092,6.3600809769614495,6.983166468805969,-0.5125397447985683,6.288376953813321,7.01004636931045,-0.37290645660357336,5.301637309024592,5.838708903713758,0.8236904673876517,5.930055359134716,6.3369476968000225,0.11820690811072489,5.830227147102646,6.367931852969051,0.12695507887179974,5.73611961316533,6.380116733735466,0.15899485405889766,5.612089676154812,6.323553101546974,0.25588258903528577,6.018309867602591,6.290153977552138,0.12598990264796886,5.757021947833736,5.92131745830686,0.10750081640478502,5.880909499887775,5.92549829700283,0.10552213485962407,5.650077833838341,5.967279917077757,0.1424135240867804,5.585999770513299,6.0427428287244584,0.18535079047051517,5.53968859871583,6.444220448658411,0.3027672273978402,6.063722489948863,8.407945439311376,-0.14003541881538864,5.618039731581542,6.2157041181414785,0.28299804741978923,5.282635794937058,6.503889039480084,0.7896748685779853,5.4278963327166885,6.37834194057038,0.42355188874642896,5.890998756634167,6.942222800929219,-0.049053621537904275,6.2744410726682815,7.444240929439922,-0.33452753028459176,6.295382442376975,7.5978144437517035,-0.29946339917547987,6.1635785841525665,7.52137491257323,-0.2746926687794078,6.0878751423052355,7.603609474304147,-0.20286087557976618,6.206598916172628,7.622106878728535,-0.2560175387459951,6.1324286220028865,7.657448088918261,-0.18812374214496114,5.971210931515885,7.8852811203490125,-0.07743628977046561,6.276916265984817,6.891453455768593,-0.5466374566036973,6.257394284693446,6.740764816815226,-0.5652452279574706,5.453025232842545,5.97132543430073,0.2428633575178617,6.074263809638016,6.536560252914123,-0.031974803918404585,6.07595272571447,6.931821635622813,-0.28228249795508464,6.068849091906664,6.864774306899878,-0.24440758835867646,5.592436462775616,7.004851363091573,0.09731387911710165,6.257567525919867,6.578686124868161,-0.4865797236065844,5.675123087449294,5.778987522647125,0.05675750622192207,5.539272968477337,5.845285006834245,0.14183273845164093,5.380286595245645,5.518515621101429,0.6383730542000969,6.123794071091221,5.8646787301361,-0.05581917820586058,5.991696520658933,5.983010294789172,0.13153772289616064,5.887424262230668,7.758601633508674,-0.03378458630449876,5.43598550835119,8.00458633043555,0.888981776941068,6.153263667697082,7.009087222606235,-0.2514379617605139,6.232292894976936,7.048104418304208,-0.2772237426149275,5.999863022849433,7.735269088760634,-0.04648960607835601,6.021353485458175,7.724643379032002,-0.07535689549784777,5.483740233114731,5.761812476682772,0.2108002542471632,6.082551506334553,7.01672545058484,-0.2326045539327913,5.865706652863678,5.782199177057091,-0.009683875384268766,5.8408721884702794,5.652376440067861,-0.016800615991037698,5.744725166618496,5.059470610800153,0.248736063153449,5.436023056342324,5.6258177421806055,0.39657495828466116,5.8024587347287575,5.3200239282870205,0.10987016202725507,5.39822858681108,5.927744112987389,0.34688960225174176,5.351429291128869,5.885480317224334,0.5721702764559601,6.282518723671841,7.526723828379526,-0.3288009504635105,6.186519291448574,7.575803142176834,-0.2717290727564133,6.110085708466716,7.628123479604897,-0.20540772607740215,6.180944344170896,7.041414184161164,-0.23701720965075596,6.011120356706152,7.729636146565958,-0.06223668404882202,6.061981527152026,7.7332875957631675,-0.13372683351415887,6.034688598745071,7.720528714023377,-0.07897436910716356,6.182019852471398,6.9224509953800055,-0.38928481598376546,6.149454219527279,7.674058427966449,-0.1728345533293713,6.223853891028998,7.648820229727788,-0.21783701731333352,6.308472936078068,7.638746958759799,-0.25718196793886655,6.29397569387746,8.06641932130061,-0.23022511264067538,6.2969170771037195,7.840590088604633,-0.30707962347363704,6.296044179250426,7.757325745334695,-0.3071311822560172,6.299838385166402,7.693574461061205,-0.27219668000986114,6.307069905201437,7.638981912526103,-0.2515957051465342,6.148693222122811,7.675283012944622,-0.16928000629616236,6.13452907893266,7.702703455816517,-0.19073745176666151,6.121278355685243,7.739824663843367,-0.21274859069552898,6.1111374239807565,7.786015384659376,-0.2003085648235185,5.990446655845146,7.456496445041144,-0.15447655976315408,5.3062750435730734,7.261308603684239,1.138849345089717,6.365213527115865,7.043267047406826,-0.38653744620179387,6.092412872798122,7.699881036522563,-0.11790164480161694,6.078333491409738,7.717995525789842,-0.13160339702793059,6.2552893666162115,7.107502366179885,-0.2894632027323163,6.125458822618924,7.112608149449532,-0.16994253316447597,6.244590791479042,7.080275239697986,-0.28511474571453926,5.973297261478697,6.65011801802114,-0.002873583441951357,5.814886748031822,6.7787775108097925,0.02398672003463057,6.059386998140896,6.950762924219617,-0.1921715712646644,5.521035054130291,5.254712729451172,0.43112561596798704,5.580254184345221,5.4339660956003,0.24657268545635477,5.63380022203832,5.661915116865051,0.09434229020490534,6.060487414514724,7.957827556842781,-0.14090885107697163,6.077977343137398,5.67277503683541,-0.07778098892607863,6.0390746502242685,5.27249783733088,0.025620204320799835,5.996388904263817,4.950521954545407,0.13398393037176884,5.6597797142801625,6.369226329257453,0.20856219880037552,5.445529389820417,6.575262937716063,0.35636254682930346,6.078396690998776,6.2425185884831915,0.14261918995529685,5.503362961986274,6.150211499308863,0.2827286127012311,6.138321054274905,6.422374953064194,-0.0637420076426356,6.120550445124447,6.844625534390171,-0.37905243075631845,5.355479641261591,6.728014857370359,0.4621995062593917,5.512311280269396,6.656205253732309,0.24689286572728703,5.638296686917188,6.677507976385382,0.14006545023775294,5.82536189403363,6.618539785715159,0.08587911009064612,5.963925134186736,6.530872289900755,0.06295495783404668,6.0671300630848455,6.443199589414313,0.03724888513779228,6.24865638386559,6.19944509445588,-0.15761311819085247,5.377419564477076,7.041907884480233,0.3997175113792609,5.433415515651098,6.162812010313772,0.3406579833617938,6.31771494656907,6.981575326211379,-0.5045567537677069,6.088632422086818,6.6663922839605645,-0.09004865069831822,5.261605202279136,6.561213297310756,1.147128212431903,6.142663237804064,6.347085654406202,0.02809064024180096,6.055908046645531,6.977024955800685,-0.08882820738439089,5.567980824154153,6.240459768929725,0.3037383169655718,6.118798329458957,6.765059482365787,-0.3317503265789716,5.3560008519900055,7.627778484201211,1.0434522607143202,6.0834667850887305,6.190366659371799,0.17656026204369943,6.184013241862096,6.652518858879985,-0.4270078374501966,5.6305179327935475,8.218389053099994,0.29718563486925653,5.65241770568188,8.443233115731564,0.4609919294059164,5.308300776282867,7.160449494826283,0.7697550086973948,5.506770906884545,8.06074622877878,0.4532994241331968,5.315935286638588,6.174792421821536,0.7143710711907433,6.047237434791884,8.589951333444228,-0.09853309677723424,6.332956456871165,7.04220232021269,-0.3765094605275682,6.009558211570062,6.803892283968687,-0.06075364295717274,5.3563540261640386,6.43343562467032,0.5304207673486974,5.740375919605856,6.2847768078119195,0.17546934884337004,5.82162159364948,6.280442059528529,0.1459557100238982,6.049890330482302,7.764867315118302,-0.11863307548658146,5.407692911150578,7.359228559889667,0.3932499628470019,6.241552750057784,8.78481276751187,-0.10036373560858934,5.934048457875016,8.673850646702848,0.1417745925062122,5.801257570774758,8.585478289589533,0.2830029500349682,6.30639775898391,5.243337175186724,-0.006985692947891954,6.4521917756474725,8.781634943470152,-0.14053532291764603,5.906725044960408,6.255145866372868,0.13931318924706337,5.990052587819383,6.225390756329473,0.15247580483211606,6.0522008331050525,6.209062213095934,0.17420407912975502,5.372033844204223,6.163756286526448,0.4546073768045551,5.973647089792133,6.093812929576445,0.14829352555727862,5.881722915774915,6.052956254075195,0.13362355330339737,5.794360265037044,6.049492544833655,0.14127945160827562,5.710588838005654,6.084485785521387,0.16767675819205533,5.661836675022186,6.1336595269399625,0.20227534997544888,5.270228600322148,6.171191904057845,1.0153843008765078,5.687469313048899,6.270954685927147,0.21243693772208821,6.377047464281978,7.2308709380792395,-0.3054729598035048,6.0838898505729935,7.342012248311296,-0.20139469158438406,6.147181636657952,6.971878278679308,-0.2863229266817333,6.254446209745995,7.248128887033918,-0.29576039119589054,6.333486589894503,6.003550161226334,-0.10762077944824099,5.766023799886395,8.376280214629897,0.16371717614557418,5.900108419750478,8.487265384700802,0.03519107050426213,6.227589730265687,8.643293273640966,-0.21713775568389188,5.538858453525709,8.271937693129114,0.6806727250239876,6.048460160958614,6.150846841059834,0.1648513764173656,6.196154254678473,6.422351160277733,-0.2092418499691011,6.442878386797087,8.641151179334885,-0.25220114326842685,6.076490293983576,8.740223598634525,-0.0003146723394343106,5.350936334334378,7.503333288714488,0.7123748006423098,6.222999581290128,7.653187693092562,-0.2132682446693606,6.209417246081409,7.691972165597962,-0.23647778257020716,6.200693843982802,7.7464108045456435,-0.26331165425634867,6.195428574691408,7.820342427326197,-0.259230447853685,6.1664965463546535,8.023953658614923,-0.1993796935106696,6.072304250615568,7.690621924966292,-0.12802410456739632,6.052732453177544,7.6833628945219115,-0.1256912729721955,6.034819459070608,7.673166198474156,-0.12263258712635701,5.921000345074807,7.598754258816919,-0.09045769377376281,5.5316615073835,7.374896109774332,0.1695265660164089,6.194218116680197,6.299416806731293,-0.10245583950444374,6.1409360302119005,6.0702238688493715,0.10552247176919798,6.087538325671894,6.093459011877836,0.1476486225449521,6.092582396401657,7.696611015433309,-0.11907664598456635,5.536607432869111,7.780353445006201,0.28215623818786795,6.220869755139566,6.05530876583654,-0.03261597769027504,6.110424012149211,8.220993619692914,-0.16405754775579814,6.341318877787681,6.412521021846395,-0.41063389274717993,6.25417779737373,6.328127264744129,-0.27371841923222434,6.337950711454275,6.285715879352558,-0.2994531292422613,6.142165076337534,6.658942911224495,-0.22736584240987867,6.43318282631417,8.462487428175248,-0.290204171443494,6.426713418970468,8.251577759639565,-0.2638772441079475,6.264051803755106,8.259213757044439,-0.23859812878241266,5.875617463711611,7.9948788735594025,-0.023533066936767762,5.979009760803103,7.122334937964679,-0.07488369438371584,5.986146109692293,8.135197575238594,-0.09337667832214268,5.7384386663207145,7.155012099595334,-0.02337081448080356,5.8856873888190036,7.296509287728929,-0.07196019640880269,5.664588459481333,7.438033242747293,0.0368889553459241,6.234654329033205,8.469551655180478,-0.2522082067519075,6.093976504983366,6.766360650375382,-0.16142473884652836,5.7913497340251325,8.158332342449174,0.06331513159491665,5.928054534498249,8.297183326613544,-0.03081485329935185,5.786304919770792,7.823578246284913,0.015099861609211708,5.442834856753692,7.6306514631663935,0.39670447097190187,5.664223760676358,7.8972570707093155,0.12187220545317902,5.407228951814586,7.812780782379013,0.6254525023351147,5.809847881974098,7.523018101888203,-0.040024569845936976,6.145378589558943,6.540868977837322,-0.14441316373095303,6.151430879614997,6.898718434409589,-0.40573782987850804,6.105156140521797,6.97001500608957,-0.3002309721254252,6.184154883293997,6.780999905770179,-0.4761115016773984,6.05332541402763,5.950592623235859,0.08688437855377262,5.875959485016991,5.871913967794018,0.07591002550399763,5.724008341332029,5.866475085513915,0.08561511239555672,5.605176012876407,5.919084282240108,0.13028669632522208,5.528731648788184,6.01258658717182,0.1972850686017966,5.507508855027129,6.303692816573108,0.3462975011019474,5.281743937207054,6.831108257581931,0.7860097571166754,5.5940696145088005,6.490546490947419,0.24142656597841058,5.695617598887265,6.511345847461922,0.17009306203858587,5.825002771662983,6.485812469966227,0.12030723724721137,5.9497881296436415,6.429783431948533,0.101524644677292,6.0489902939819515,6.362932393713902,0.09603216473100826,6.115758800988545,6.303405072561843,0.09190110732897705,5.279264282743057,6.913769602419995,1.1807355233082732,6.117080787686294,7.025453685593196,-0.2523937626041328,6.197360623304511,6.536022684645017,-0.3030701671926453,6.2157903669924,6.881217352918261,-0.49078198510442633,6.2781215193239905,6.967231993598192,-0.46087598604220437,6.222296950564947,6.916957092281212,-0.44301620041280343,6.15032079742167,7.077878116462026,-0.22442418036190304,6.29050492115244,6.9763111722068505,-0.4893390827223587,6.306660223159559,7.028501392833953,-0.3741500014584568,6.1160918999990015,6.189301560415374,0.15633164196497512,6.163660371856027,6.212201373859651,0.08628054365674889,6.1928504032209695,6.22619041701194,0.00633312306446425,5.636523380801257,6.174709890593499,0.2374437604064725,5.554049775918863,6.1357213205917365,0.24579291405631953,6.424674674580579,6.43154855929412,-0.37928877863120397,7.05203915036522,6.1253149506132925,0.19414742973994736,6.442467961230633,6.998926959262747,-0.377760696214794,7.427875953502114,5.605044780788582,0.7418856628621897,6.779993917017618,6.2637752126124955,0.08506422458070911,6.883308144028534,6.275995039034025,0.08731804507204163,6.981250405971269,6.264344752438409,0.11356316727777063,7.1005333103204995,6.187850200441244,0.20179347634418157,6.6835736498838205,6.233143858855211,0.10046107924030709,6.916997986132942,5.812154295211675,0.0664171974527893,6.794263640697691,5.840611583106072,0.07388335757969713,7.028120708250575,5.837913332416463,0.09496462608456548,7.100619559171421,5.900259727001879,0.1339977088115847,7.193522211531854,6.283500176113363,0.24402367409041714,6.813608663139758,8.341872871308771,-0.16172785290490618,7.083065687435133,6.083996174587491,0.22927618939939293,7.493654085772263,6.268702549983684,0.7084358862555525,7.31117902763138,6.193195398624656,0.35641540677969324,6.865868031552513,6.849561050531705,-0.08076991125497417,6.507265384583836,7.427357716872008,-0.3424252018702527,6.504355972914384,7.581226410440823,-0.3063795486141894,6.6316555592518664,7.48867024053323,-0.29102002702065244,6.722860001478636,7.555849916630855,-0.2248040517152754,6.601745796096474,7.595684989363431,-0.27007717026280464,6.685436178948982,7.612584559472038,-0.20634981818663425,6.867001163007726,7.809049776052075,-0.10589673183552896,6.431360447576162,6.87692126791287,-0.5510922841062587,6.439660412428218,6.726115152076351,-0.5709784994997441,7.239910709885322,5.798121384109348,0.18068362861338821,6.646040529241361,6.481619734877027,-0.053410687176173345,6.662283567148555,6.878597172309227,-0.30176597861445764,6.66692762165594,6.811671781616905,-0.2649120444378632,7.183585005561441,6.844334816280599,0.0433206346261329,6.429077083600468,6.55904369259533,-0.4936022202949352,6.9864149276824925,5.640875601912204,0.01553398556935909,7.133826853825413,5.687174877316442,0.08914206188763361,7.308833207591227,5.3049880025304414,0.5651621390860008,6.5365416647997,5.815470043062409,-0.06854358480218221,6.68831287553705,5.915858872625469,0.1056770900284809,6.9429358409984765,7.662331558339411,-0.06821380260839346,7.492519467267897,7.805683096767822,0.8130701482122014,6.587299113567096,6.971870843433539,-0.2667757352601763,6.509306359547456,7.0226714166263955,-0.2846980931297528,6.831056210861548,7.668618058637192,-0.07581705007916922,6.80858243699984,7.661059387788317,-0.10136381101724896,7.1891733362815025,5.592987786249395,0.15338661082126034,6.667374479926663,6.964886917082615,-0.25178946300424854,6.790340061505333,5.680272738668979,-0.038153940429037005,6.80672213850841,5.544643446496364,-0.045796356542173004,6.874242348862261,4.933186679034731,0.20662524757209366,7.2383470777000785,5.432312868703539,0.3320718777233425,6.823229871164984,5.205709255160709,0.07574855287752132,7.299784513490222,5.741762964704082,0.280308138146527,7.3596144491450834,5.673240111458267,0.4986937836570486,6.508639418001967,7.511375994062933,-0.33639352138606465,6.6163054943615425,7.545714933122984,-0.2868280586911721,6.7044770998390915,7.58502284693053,-0.22543186527990447,6.564582207168739,7.0069696646111925,-0.24876740736139438,6.82249452535842,7.66403125552223,-0.08945071171883798,6.768461850829731,7.679188004022557,-0.15726340605313108,6.796796828931226,7.658872682007622,-0.10402855663061138,6.542796937065251,6.889395379739703,-0.40257622396662496,6.6709396802729515,7.631151111682078,-0.1896556699775423,6.5908278812091154,7.6222369955294935,-0.23041194642576726,6.499461350624579,7.626534567584039,-0.2638922075400578,6.545172498088482,8.041121641095796,-0.23625012463881426,6.524837844434547,7.824264519469401,-0.31457514120376134,6.518034594555813,7.742932596574855,-0.31444200383420823,6.51074731017751,7.674810874838283,-0.28005822094811283,6.499291083496467,7.6286127187765045,-0.2588624264232572,6.672768750732152,7.631989807404834,-0.1862879334942822,6.688946358476578,7.6562941387748955,-0.2082274268596214,6.705118018024389,7.695999838231089,-0.23097802421536973,6.720394473981599,7.740182299164862,-0.2193290620229063,6.802265452194406,7.3833819557706155,-0.1801214194751,7.568100227560039,7.030202577065926,1.0513928243740116,6.7357690751829615,7.645860258387105,-0.1396876468121101,6.749333937564123,7.662993295212862,-0.15421473455393783,6.489773225387431,7.085589953373745,-0.2964191772061766,6.632181231127743,7.071297923956365,-0.18471824855427976,6.498729722440899,7.05828029566381,-0.2922169389434777,6.760634024084014,6.570514046243334,-0.031130517239357926,6.9338886339466255,6.667373736402086,-0.014575544632613588,6.687547045222832,6.893802249907054,-0.21294420736468564,7.13076130199481,5.074722902208614,0.37105831009194634,7.06710147124428,5.270089561226265,0.19498813530257478,7.0209382608376165,5.516659040232882,0.05028107024745469,6.779077894738864,7.897036243909973,-0.1636399890004336,6.567502771706845,5.6129280001152795,-0.09175118837737165,6.579083166992231,5.211607635629343,0.008043379167592441,6.604604648094696,4.88106337561955,0.11339666424282867,7.058594806559843,6.237019852474647,0.15779767493192756,7.306072500837157,6.393008706374523,0.2904408678455249,6.619348740454838,6.200084897354312,0.11930009835507109,7.202589493747282,5.990128427326228,0.2232662337739365,6.567237333432888,6.380985170441298,-0.08113076464377773,6.5995464503979715,6.801991835150103,-0.39504199648821525,7.42285864965712,6.512728803174977,0.3897005856331168,7.237918807543778,6.484248837780984,0.18560069605135782,7.106007138255717,6.531145906945058,0.08857238265086174,6.910061645354941,6.511929514254797,0.04694090516579074,6.760467474578786,6.4560350541855245,0.03328582362864263,6.644101417144777,6.388007760070221,0.014787279230049783,6.430681609637442,6.18015397754564,-0.16512300685693987,7.424358338728749,6.834644460469719,0.32596981799092123,7.281981561020668,5.983409195724684,0.2749999303108162,6.401596415237844,6.973118477673595,-0.508061217450118,6.640368923768685,6.614173809399539,-0.11052904097811321,7.544021927661357,6.313456037792524,1.0576253261993946,6.559582004389013,6.308011950840383,0.010178710594854864,6.69806791798612,6.920104431815275,-0.10911802882985218,7.139138593402865,6.097227566195908,0.24794699769620238,6.6013993136436335,6.720883713153206,-0.3481686039348866,7.549804318295993,7.411396474779463,0.960585238390169,6.609675485709229,6.1518937236641245,0.15267405869000644,6.516285081226341,6.6207800252653914,-0.4387804803090005,7.268251636183432,8.071448521538835,0.24230120646743106,7.277590304869433,8.299765587469157,0.40410635107562143,7.529691234965978,6.931387417269898,0.6886554837034188,7.388863962476179,7.881956821965645,0.38862812113635203,7.430027713627695,5.950800066592817,0.6364467214321791,6.851212418617024,8.522391716287801,-0.1239078014811882,6.397691424159908,7.034687517313852,-0.3786846881476069,6.735189126012971,6.7347623429058245,-0.08582679616611755,7.39611332710106,6.228456679922365,0.4591934828652272,6.964847510280039,6.172366672889364,0.1306467016313051,6.884939436950277,6.185326678027209,0.1064592778833911,6.784548005051198,7.7041072302177245,-0.14412322399867236,7.425411913054232,7.155971989824126,0.3224182566735914,6.667675607380312,8.751073109260808,-0.1139308866513391,6.98784026429643,8.590514925073526,0.1058507262523326,7.1253789275825525,8.474777889431584,0.23703270749115596,6.793430893171552,6.179333126412731,0.10552350573306275,6.707321824870353,6.166744883563341,0.12324118522770157,6.645047180406608,6.161455077960909,0.1484923486761732,7.356574920674672,5.965914805954549,0.38281552481577935,6.71226626330681,6.034394163012615,0.11859357574343307,6.8016059458946865,5.977575501894242,0.09930948746395885,6.890020683908886,5.958764330098398,0.10067491226159804,6.97299951374129,5.977275489727458,0.12249415214419343,7.0287192455349885,6.016243241041067,0.15385731996630247,7.497353864066971,5.924997904962568,0.9291302452828114,7.017196101642024,6.15063828241601,0.16436706309608032,6.693000797994473,7.2885989297551745,-0.22083988072804614,6.587477559465555,6.9332782002689815,-0.30049069455419736,6.504531444714535,7.226144352343818,-0.303704207775606,7.133156194657039,8.253757030174489,0.1202446533894642,7.000092805799344,8.396092170506263,0.0015350593126779192,6.662566850012358,8.609522387357675,-0.23017267092286015,7.394552669014124,8.100874993719236,0.6109742664815043,6.642184610785501,6.103173160475176,0.13832004952859775,6.499589236851809,6.393638471691166,-0.22084829184982244,6.838975491130225,8.680936435920808,-0.026307203603508186,7.5179881581254016,7.288772914506172,0.633781371705098,6.5933350460824585,7.6222139462676095,-0.22628608207820294,6.60773042541603,7.662898867591594,-0.24950856195371635,6.622040299423255,7.718736076268445,-0.2772179570643134,6.631749986873134,7.786634740631944,-0.2736301024535731,6.67566700953295,7.979916184973648,-0.2151744093331297,6.754220381083581,7.639232480308522,-0.15107254160405503,6.77057792177562,7.626307049063504,-0.15110890460289458,6.788090156135601,7.615337830980338,-0.14983217996376655,6.892846820825723,7.512793895431102,-0.1222622189464833,7.285656803004339,7.201414724915763,0.11194461883197936,6.4964656901042055,6.268840102030412,-0.11440264137781753,6.540955226688244,6.033257685696807,0.08982311297372668,6.598878765327906,6.048628941037573,0.12575609902124493,6.73280166859651,7.644350903495976,-0.1408272957249417,7.322283567187544,7.609472165593089,0.22306120687185332,6.452882509979423,6.032345009278648,-0.0416529728967652,6.750392716561644,8.16411250251008,-0.18269378215978124,6.42824879722179,6.310871546363182,-0.2797680140116873,6.575135051488835,6.61580064117382,-0.241656291837533,6.592807887157429,8.233542827502015,-0.2480066887786425,6.979860758537023,7.895090440092198,-0.056076931456261095,6.789808441432842,7.04703299938888,-0.09988003801859428,6.874745715000829,8.053743714313434,-0.11927652630246871,7.04266181840122,7.028557157177222,-0.06354707060141254,6.903732020631699,7.198893433075458,-0.10296597868720518,7.146991699984197,7.292167847724347,-0.008631803356002533,6.638691532323174,8.435394879641771,-0.2645924915157927,6.639675215338427,6.715702090376714,-0.1804560287698529,7.081496107053274,8.040455443074883,0.024110733253955678,6.951510166419412,8.206624263719535,-0.06106411674710483,7.054457092289335,7.700925688553123,-0.024733487366190323,7.413244876877663,7.433834559461478,0.329654400502089,7.195285851828287,7.753397704994875,0.07329329531370353,7.482661818427213,7.61010713558177,0.5517282764412338,7.00145122520136,7.408877413512888,-0.07693904609208496,6.566307184187172,6.499336438495659,-0.16079187163829056,6.568227708169333,6.86032356878249,-0.42025942250900955,6.630883037216456,6.924555169932663,-0.31687583859615376,6.521573028017332,6.748981506914667,-0.4891300129053886,6.621462580826996,5.8931743095462075,0.06516482905234086,6.793352823090975,5.778980087401355,0.04527806472860145,6.944302439170839,5.748344644258897,0.04560018803836944,7.0696168148879694,5.778483784746268,0.08105655159694482,7.15820925527605,5.856021873487126,0.14215984279519564,7.21335126847349,6.143927229584813,0.28584421302991786,7.523780958104114,6.597167171751857,0.7031930156420378,7.13933934503863,6.342982885790808,0.18655848349970564,7.034582680348508,6.381162129290603,0.12234313533207992,6.89954597726369,6.385522900934185,0.08136475996043163,6.766210458410845,6.355601984910138,0.07102316375196503,6.658936219503302,6.309029835986174,0.07337460669673164,6.582636470945288,6.264187125228104,0.07327450970056502,7.562712648475743,6.671557549196364,1.092683997049895,6.628250216689615,6.980031769189712,-0.2692324566380048,6.501258449526973,6.5037083630078945,-0.31454154318694216,6.496154896831057,6.855318904855302,-0.5006881489237538,6.4457706974012705,6.953442586794804,-0.4659838140044376,6.496400259941438,6.894788907020615,-0.45284294651325957,6.602472963132692,7.039872857713228,-0.2378159873977885,6.429451819987231,6.962374547537234,-0.4941441567709311,6.424730438923848,7.02234054818967,-0.37811696066284944,6.574432420763654,6.153535054167655,0.1367372948206418,6.527281809718853,6.18201464779936,0.07160684216241156,6.498056832698795,6.199444722693592,-0.006067012423555692,7.058808198113416,6.050622330428271,0.18699546683464197,7.145998351149443,5.988656992188521,0.19120153889594055,5.804380002235495,6.145217616488042,0.15545740809095765,5.911963175604744,6.128918070713002,0.15540677871429862,5.79632056758407,6.0130364195408506,0.15548573173030936,5.698348936420547,6.161689288202636,0.15542436771757118,5.813259172732964,6.2845872090448065,0.15539717098265635,6.890332220706611,6.055554128946921,0.1286487349174305,6.997865206166919,6.047096165122271,0.12829568853668452,6.887483034527889,5.921195148513958,0.12830706213919696,6.781146380111831,6.061826874040029,0.1281926522949248,6.890025888580924,6.193422173620614,0.12821108938091788
6.382087701615201,7.471825071987479,-0.3520373417886555,6.3478740010959855,6.884772487209689,-0.556808386536332,6.363674023914726,7.093279609192982,-0.3178969158899079,6.255881370706124,6.447364456444959,-0.3697408103945174,6.3409993237486315,6.726684617284281,-0.5776039420010282,6.336658086810939,6.549510902091484,-0.5195093069078279,6.331508763339763,6.145869821800113,-0.1970660454894532,5.648275684275931,6.238765979090694,0.24353531505285791,6.322221710017452,5.836550933858411,-0.09657544495456849,6.316390563533649,5.63831386384363,-0.09740377659027,6.29051248357076,4.887740364110625,0.09990892375876864,6.384627083837608,7.529523044659458,-0.3453665661013616,6.388540510257575,7.586780580461625,-0.3162301677839806,6.390915749902868,7.630316985179629,-0.27221788421154186,6.391131140614918,7.629824557448288,-0.2664851954217604,6.391596087462308,7.679309459451831,-0.28755479378916904,6.394274359557658,7.74321662644359,-0.3187110602871676,6.396167569643916,7.819475336681513,-0.3177278527491137,6.408309663990776,8.041288405583328,-0.23948139725573248,6.353736342096705,6.984054236385953,-0.5097740180864752,6.282297927449138,7.010158105233198,-0.3710750490887179,5.295401452088097,5.8276946619602,0.8205813301211002,5.923732552740334,6.332379238907081,0.1178687374852376,5.824919835407724,6.360792987459412,0.12659657570832786,5.731483715883832,6.371661305698805,0.15852169188649934,5.608027701549653,6.312452627136105,0.25473034015246865,6.011132904603976,6.288363775536415,0.12579765720623035,5.75640442126799,5.916487254822935,0.1078934319232268,5.877726210736394,5.922701648228868,0.10595973163253218,5.650592248520356,5.960319636088359,0.1426060822416807,5.58660523841982,6.034103209954193,0.1851049907497034,5.534671195474952,6.434497460943062,0.30128885295809654,6.0573401541513965,8.397354505305762,-0.1422109052736463,5.6144857092781795,6.204256673387355,0.28169294020277585,5.274460275790707,6.49538395887997,0.7857953587617665,5.423135200236244,6.368425245931906,0.4215210625141656,5.885880977367257,6.93803935302619,-0.049360077515461426,6.26621715397814,7.443074125561801,-0.33269706624265766,6.286518099952127,7.592685999604755,-0.297745141910139,6.155908143071522,7.517490873848402,-0.2729265846427625,6.0805852683411254,7.597131960992099,-0.20095524045431384,6.197699883021922,7.615471366033247,-0.2541674462355903,6.123456932758148,7.649237945143311,-0.18627723381084882,5.962556728587304,7.8768012033302615,-0.07633093459656733,6.271252097553951,6.892709263585427,-0.5434867030981144,6.252173679552495,6.741561430947581,-0.561855770782581,5.4545417655961765,5.962817054258246,0.24215962293067023,6.069262401426648,6.533543765789257,-0.031416989643719924,6.069984331675311,6.931638535245345,-0.2807508147294125,6.062915431323815,6.863909297204594,-0.24306198932108736,5.587101008420832,6.998177925283671,0.09611613818724599,6.252426206594208,6.578672576323242,-0.483313547633634,5.677691742365886,5.771534504699596,0.057290140339101625,5.54205129826903,5.837402469897601,0.14190767553683872,5.375628921877185,5.50687725226471,0.6366372906673039,6.121383982836318,5.860536546461636,-0.05453942338814991,5.985735368746935,5.98099231672228,0.1317754921922046,5.878796479757303,7.750803578593895,-0.032673125994596354,5.4296284874779515,8.003186531348318,0.8828117918285405,6.147002479854858,7.009320309635983,-0.25027537320518073,6.225682850150154,7.0478693052801455,-0.275945443301541,5.991882545396176,7.724916585911886,-0.044856441667383694,6.0127297667795165,7.714472364557252,-0.07357823317299922,5.4867411915944295,5.753759943232634,0.21057039324920437,6.075173762382524,7.015628286592668,-0.23153294614635722,5.866528493252882,5.775386656175617,-0.008510702393673866,5.8423928498778155,5.6460203949754515,-0.015378785141236691,5.74081087644218,5.047441807559924,0.24946960769230142,5.4341405515320975,5.6157550290260865,0.39545265886174946,5.79999430230071,5.310493285100149,0.11080588339241566,5.399125077655441,5.918683125995953,0.34526093645367434,5.3481536083754575,5.8757364461930095,0.5698104190169688,6.2740306377393935,7.523601285531276,-0.32688300247050056,6.178299864405578,7.570471789926492,-0.2697988701176571,6.101969109688108,7.620732098493415,-0.20343077139990565,6.173983880172057,7.041256067693625,-0.23595502423168668,6.002816594939074,7.719346136462323,-0.060487682769077906,6.054058788062307,7.722498268124182,-0.13188839823948542,6.025911678356962,7.710555224504319,-0.07715625470803518,6.177100732320736,6.923685418884556,-0.3871535015391121,6.1400720980130075,7.665269698659153,-0.1712394689737662,6.214686782936717,7.6412313524678055,-0.21641126480933753,6.299545524398171,7.632317147895319,-0.2558842355457396,6.285505020878899,8.052411479044215,-0.23189632513211703,6.288656409814165,7.818727411002085,-0.30652161711998577,6.287597281692155,7.740423231726282,-0.3058819438415276,6.291111121204939,7.682477188372149,-0.27071762291353835,6.298039274867009,7.631723709347292,-0.2500220105960498,6.139448579037953,7.667841018125071,-0.1675981706145141,6.126219132958538,7.692966716048973,-0.189156657156843,6.114081494971237,7.7272710292125675,-0.21132500346797184,6.104800383461672,7.770932954724835,-0.19914881332843873,5.982280204635019,7.451581315961174,-0.15306814063965613,5.298674276821363,7.256251649195767,1.1324846280849268,6.358790596563942,7.042939828880579,-0.3846922680804409,6.082979447514548,7.691745673529629,-0.11613571263596349,6.0695554070676945,7.708589969938513,-0.129845888502876,6.248473415664798,7.106693251467529,-0.28842007027033445,6.1169610459733645,7.110858462202616,-0.16953582824533853,6.237871736272391,7.079738217944391,-0.28388150016089103,5.968500026786691,6.646199792730624,-0.002817903062917941,5.8103107746813,6.77339469273535,0.023568264085870608,6.0526238402841,6.948989371190844,-0.19126406262953982,5.517088628832352,5.242640754444913,0.4308491514807553,5.578616471182554,5.423951085398957,0.2464682263186709,5.6369970095937525,5.654691356588641,0.09484073736535648,6.052439644088968,7.94793138644162,-0.14050814653304813,6.0769993843487935,5.667281686434543,-0.07606100570287544,6.0351612239863135,5.263666972937234,0.027208718173878,5.991686836938848,4.938963246342432,0.13536247866932347,5.655347926897096,6.359320160624947,0.20777730026457542,5.4391832937371385,6.565888766199792,0.35451384756290094,6.0705268934516985,6.242566511068482,0.14245535516365793,5.502551983948773,6.140507707159964,0.28147666750289657,6.133313286014205,6.419723886276228,-0.06285794962772749,6.115827645192027,6.845094547143749,-0.3768683629366754,5.348557651642199,6.720722008193469,0.45949374874235804,5.506555651649822,6.6474832242838024,0.24554074648531868,5.6330327064021475,6.670359203356674,0.1391918957485285,5.8197705119365475,6.613317058266557,0.08551060009808374,5.957735690270355,6.527417014121331,0.06283328878381016,6.060602952075653,6.441241418409999,0.03752424763984812,6.243677630052021,6.196875827866684,-0.15565141336168486,5.370442462076345,7.035095893329001,0.3973016767157077,5.431893432224143,6.153307485905169,0.33931373893967265,6.311592549741093,6.982435835139206,-0.5017586983734992,6.083458134803913,6.663837321141126,-0.089362571695008,5.25335421418961,6.551915108073915,1.1414402396649892,6.136120421173488,6.3458322456910725,0.028459281174029114,6.048653223916451,6.97486448024736,-0.08880986705858117,5.565408564174343,6.228827925909377,0.30223490095628064,6.113834167015677,6.7647679233544595,-0.3297782667821169,5.349187855156593,7.624892110142348,1.0371161196469818,6.075047498861667,6.191033911847279,0.17629715855149683,6.179412468842304,6.652313918046463,-0.4243605527006682,5.624138926810975,8.214089689321515,0.29398952168103765,5.646496111358444,8.440846346428168,0.4561760354706105,5.300243286749657,7.155309906083534,0.7654584369684178,5.499919389538909,8.058128245632654,0.4494255791459818,5.310237415788766,6.165409473015993,0.7111578814157269,6.040915498267712,8.578145299007808,-0.10136917066155947,6.326602311464588,7.041885157118128,-0.3747323740952405,6.004025753832926,6.800458164341106,-0.060559767866486154,5.350131489293349,6.423620229984548,0.5276066050685367,5.736165864327838,6.275117246745355,0.17482154649230763,5.8166395479825965,6.2726684771673265,0.1455821644907278,6.042807965627376,7.753065923797011,-0.11686663683946728,5.400600132669686,7.353967730713406,0.3905881246186824,6.233810507260363,8.768363521358296,-0.10425328246917369,5.9281881695733905,8.665501087275853,0.137867567812307,5.795476296433818,8.58037942060038,0.27882945066322806,6.30117803745019,5.234949077844957,-0.004999549462238701,6.442398586442322,8.763456326756527,-0.14449874688809686,5.900605532078935,6.2499588688513485,0.13907136514856358,5.982748122388783,6.223046170744027,0.15223051911898716,6.044046833584959,6.208702263411403,0.1739475429736712,5.369395588943124,6.153830736790131,0.45263838228642933,5.9671248684992415,6.09229843808037,0.14836794626045421,5.876603208127362,6.050019098121484,0.13391721395453135,5.790394561082629,6.0447383120432985,0.1415208774531847,5.707268229399989,6.077403798978832,0.16764984813826184,5.658643033428161,6.124755590206489,0.20176557837778297,5.262697343369713,6.1608064249541705,1.0108930431815162,5.68362984147912,6.260267171239413,0.2115562931711589,6.3695980112226875,7.228921538743025,-0.30437437132862155,6.075793939087908,7.338479653063842,-0.20042319290126248,6.1416061997914175,6.972552372362495,-0.28486572894801065,6.247025841534505,7.246206272021722,-0.2946181933218329,6.328482895198761,6.000511171593549,-0.10588939310312842,5.76027439818225,8.370001370328628,0.16095978476974887,5.894265246515443,8.478825670775288,0.032437292893577,6.220229751502328,8.628611342841069,-0.22002562772448037,5.53274084905903,8.270946895489907,0.675310553754603,6.040696022559399,6.15079372775023,0.16480049361419227,6.191459494185225,6.420197745842737,-0.20747343224710177,6.4331100476668235,8.623923252584316,-0.25530469991113064,6.070005870746516,8.727793566653833,-0.004067343088022145,5.343607378898021,7.4995020357592805,0.7078814823107302,6.214012015826726,7.64606724531662,-0.2116801428305875,6.201285024287661,7.681606712804831,-0.2349495813162466,6.193493822324206,7.73174372875727,-0.2620747224394509,6.188796076621741,7.80124585517617,-0.2584235945579409,6.15857453154138,8.01199304056478,-0.1998560747268849,6.063218463773872,7.681310364894114,-0.12600887008119294,6.044528120417402,7.67431313765887,-0.12356859543857567,6.02743501059977,7.664552967496642,-0.12060852823169606,5.9121690424096345,7.592174260981989,-0.08891763204522417,5.524674466892766,7.369517454670213,0.16799489106125018,6.189388772443174,6.2967558433138295,-0.10116929597224734,6.134772001043397,6.0687911414032145,0.10599898009094555,6.080163770999442,6.0929657779244275,0.14783464535627666,6.08308751423387,7.687145225010883,-0.1173845029566283,5.52934473171128,7.776097132727877,0.27979798935106476,6.215526806713711,6.053452723162194,-0.031576284189047135,6.103504325556407,8.210756332370897,-0.1657283796261502,6.335645750464305,6.411536811038557,-0.40747698462316384,6.249199059546428,6.326136621890605,-0.2714031131387191,6.33244459884729,6.283716535242293,-0.2969399334422047,6.137461785400943,6.657333264363817,-0.22594051663167458,6.4235214473476425,8.447106788882884,-0.2928493667297423,6.4169230642929875,8.237186258192589,-0.2663550790067011,6.256181432249807,8.24668647404717,-0.24090042283259655,5.86871879397645,7.987225336858836,-0.0233997275266259,5.972214031116363,7.1186845723159555,-0.07487011904372852,5.979416993617944,8.126459834940551,-0.09412515510804502,5.732673192522962,7.149853836529336,-0.02412448506851248,5.879196809391078,7.291937433822854,-0.07174726705678847,5.6577922401155645,7.432479873435326,0.03596489895981866,6.227289367771408,8.45663300016823,-0.2546220877514988,6.088579977391138,6.764525794485052,-0.16044468066710657,5.785387098390769,8.150975754331373,0.062058886061842226,5.922036165201293,8.288363091375613,-0.032645746655296605,5.779194615419338,7.816517056660498,0.015334221545640188,5.4356961923817115,7.626585526775015,0.39375673552683,5.657397852294535,7.890939746759845,0.12081207013356249,5.4004036814857646,7.810166744287996,0.6210017817889741,5.802449756418077,7.516868468963238,-0.039460292161352765,6.14046611447074,6.538662637470108,-0.14320422085643053,6.146775205517315,6.899904798821075,-0.4034615725578585,6.099359539802636,6.970344246200688,-0.2986758711723368,6.17942175292472,6.781852863179566,-0.4730276198841919,6.048803997414886,5.94786373975584,0.08750563916079017,5.8746736044380325,5.8677996698172725,0.07652236077088095,5.724998227271354,5.860363491165402,0.0859394086546699,5.606797746311189,5.9115150716442555,0.1303292990691709,5.529956738424139,6.003761343165721,0.1967077959592282,5.504111338431353,6.292982792219993,0.34465099544915323,5.27322289328631,6.824607176794851,0.7820185940349629,5.589204410132987,6.481335285368173,0.2401955056649604,5.6907154531789645,6.503811677533863,0.16939750702244408,5.819541752145819,6.479768874982956,0.12001203754157505,5.943571522773303,6.4259226824237015,0.10119418891822507,6.0421461962327685,6.361232681602631,0.0960094930930444,6.10874351894537,6.302638237932569,0.09187057371884955,5.271080127064712,6.906454161920575,1.1745652886801117,6.110213374873461,7.02504680252199,-0.25120148363637657,6.192770406622356,6.534715045626851,-0.30093197283002787,6.210673088426658,6.882507171100201,-0.4879655228097881,6.272222098484768,6.968143547304814,-0.45835886250783375,6.216955069952578,6.918222664791019,-0.44054813953986177,6.142452908107751,7.076929225968625,-0.22354113837209952,6.284500111798199,6.977195156297058,-0.48663720271812777,6.3003952036208775,7.0284232376150175,-0.372342071026227,6.1079450878575985,6.190015262324602,0.15622522768050495,6.156695433260394,6.211583671230013,0.08645486091040278,6.186573838654662,6.224942351736658,0.0070290360973029485,5.6331704821852,6.164590245583611,0.23655995183170317,5.553518254142603,6.125378737818248,0.2448511944740809,6.418533295547208,6.430570665444416,-0.37663333639031593,7.04227805948597,6.119096384929031,0.19355695246380406,6.435862592421501,6.998919909150353,-0.3759870714133425,7.41763573974213,5.595727406438424,0.7385525162412598,6.774819242341251,6.2615892245754425,0.08493488834491991,6.876456177544789,6.272284487518603,0.08723593656660716,6.973111645487231,6.259505876481306,0.11330785076268685,7.090498098101167,6.181278940771205,0.20109359649251737,6.680357788755343,6.232474342119061,0.10056953264307472,6.906518036407597,5.808563139007323,0.06720500072203316,6.786757829601554,5.838365414925782,0.07468239489727825,7.016030101679631,5.832970991678825,0.0955487821082565,7.088020362186001,5.894567164875609,0.1341297498112382,7.184111357917555,6.2770728458654474,0.2430864296680473,6.80320328182985,8.33006050504867,-0.16431227853524716,7.072587246304339,6.077618075600991,0.22855595869927456,7.485403599565733,6.261065602327184,0.704732878600189,7.301099709077495,6.185745327139864,0.35490166689562075,6.858564636639386,6.845849157362517,-0.0811742198960049,6.498754452160253,7.426538803415719,-0.34085044026115874,6.495347565276901,7.576078632979125,-0.30487975035493314,6.6217380923811096,7.485708117468976,-0.28971784573084636,6.712012796160725,7.549878209674754,-0.22342056135172253,6.5926261808311,7.589212267328008,-0.26862900610263074,6.676120533540709,7.604141814579429,-0.20496243610668108,6.857648854749878,7.798844620100112,-0.10538389802578663,6.424862811575098,6.878282542237653,-0.5479786206934177,6.43324968026636,6.727113913255194,-0.5676216965874115,7.227250403908156,5.7877582530398,0.18095904448563,6.6393711644320526,6.479187320060421,-0.05292102214140357,6.656079541874368,6.878846271721948,-0.3005402541826934,6.660589377748734,6.811242554475459,-0.2638703103991054,7.1755982257054365,6.838057212672469,0.04250259893078306,6.422770550761842,6.559137381466922,-0.4904468795170959,6.975120720922041,5.629334299330934,0.017956919703903375,7.121296741744503,5.67607891156859,0.09090276034995158,7.2985172487126775,5.294961386581582,0.5633517614026732,6.530812017379191,5.809112013959754,-0.06617503042136048,6.684002348148543,5.914190001469936,0.10607409992279351,6.934679257918214,7.653083040716695,-0.06760247550046551,7.4844685067848,7.800890089137991,0.8066909502144944,6.581345649332439,6.972385258879008,-0.2660497487462469,6.503270972573959,7.02249776485387,-0.28360297768841286,6.820092884560925,7.656393373142922,-0.07477322803861519,6.7981527409955795,7.649111681622454,-0.10016026707997412,7.176430822216497,5.5811814774724295,0.15445005309706247,6.661925542890036,6.9642070963604565,-0.25100273464205736,6.781210404676383,5.670003036672303,-0.035677716179211894,6.797024539300395,5.534459889759165,-0.04325753119115931,6.865754230062289,4.922100010405419,0.20769279190438433,7.227569033616671,5.421992144009193,0.3316733568950642,6.8147534230818705,5.195461647150192,0.0774405855345748,7.28735109710938,5.730896219148551,0.280101021801121,7.348570336560077,5.663819837783288,0.49684509775486385,6.499740793076122,7.508391730354189,-0.33473427244718695,6.606703077953442,7.540871164278108,-0.28532958491571697,6.694352243225832,7.57775793780652,-0.22394153763649288,6.5590430551895755,7.00699260449266,-0.24784131889778213,6.811777317622617,7.651915474512068,-0.08828737050531518,6.756873482394539,7.666523421148601,-0.1560197361213312,6.786639736073223,7.6470892371089665,-0.10280624217361951,6.5360645798468315,6.890770004450386,-0.4005822072373794,6.6622189198943795,7.622010330960441,-0.18847506624627688,6.582062380494949,7.614776916668535,-0.22931690530429089,6.490470079738863,7.620095581802977,-0.2628190041165306,6.534918552713409,8.026894364205656,-0.2381061693376656,6.511911111033527,7.802151238893372,-0.314298243074048,6.5059982646244645,7.725842023247107,-0.31352952105000836,6.499959897421139,7.663435163973763,-0.2788616432190053,6.489710270433942,7.620793744800656,-0.25757862700706036,6.663512749619865,7.6229565646402735,-0.18507601280746266,6.678294494279225,7.645078676220971,-0.20710942658577888,6.69280068737248,7.681934255232465,-0.2299632631220885,6.706668135595518,7.723421477279623,-0.21850842297606776,6.795796069515118,7.378208098538124,-0.17921197746170175,7.560424184572667,7.024433310355945,1.0447842146776019,6.7265420137783725,7.635797564711406,-0.13852056374903202,6.7389143533691485,7.651681515635186,-0.15302406445838646,6.483385210765612,7.085007120397084,-0.29548692812369826,6.627422178999443,7.070041179542592,-0.18450507655419154,6.4924865824396045,7.057913197001004,-0.2911451805614727,6.753286112949021,6.567442550232923,-0.030988326150921525,6.925877205061311,6.6628836601953605,-0.014710035277162135,6.681685041177525,6.892442624738441,-0.2123372005533695,7.121286343572198,5.0638716625297615,0.3708947057877883,7.057325700265723,5.2591582511527575,0.19575819679952,7.009134627987665,5.50500409579647,0.05223615278923434,6.76959861711712,7.885515614449157,-0.16370600474328034,6.560521081110193,5.605178973701146,-0.08896517234974528,6.5722101122351555,5.202696175531988,0.010141321637943372,6.597543030878581,4.870072383909798,0.11505416345491877,7.049441657478108,6.2312161632700525,0.15725877815545927,7.2972115353617,6.386241028724795,0.28886802724690347,6.617573624372616,6.200424946892649,0.11929333351155123,7.190541142035537,5.982727326044171,0.2227542195465246,6.561137544182611,6.378608770252301,-0.08020931940796493,6.592594986314183,6.802861627596943,-0.393059454516981,7.414735392395392,6.506252277119365,0.38796235400939466,7.229057457709595,6.477763513181113,0.1843781863577717,7.0977329978462596,6.525499294057495,0.08793127372170037,6.902889816999449,6.50796797554983,0.04696094586432554,6.7544908154833125,6.453708827004714,0.033461657929491045,6.6391008119521,6.386601993849126,0.01520055251841884,6.425231203965362,6.1775411691905475,-0.16299299881883933,7.416908610407314,6.827991039153812,0.3237223062426125,7.27031963359899,5.974802804657223,0.27403466308931074,6.395271098645833,6.973942756545106,-0.5052958873535595,6.633687077813718,6.6123091782794825,-0.11011441653917961,7.5348825597565305,6.305545269818647,1.0516537857796269,6.55533833494232,6.3068346431845725,0.010931253438389837,6.692475373124625,6.918477420012512,-0.10917485579358364,7.127896610252346,6.090199864091071,0.24715624645631004,6.594513449104612,6.721120109647464,-0.3463927357307953,7.5423915256145415,7.406508209921684,0.953927306089682,6.608625254376839,6.1524336680681815,0.1525594309487778,6.5096079158677815,6.620914408589168,-0.43622551718741304,7.259325794565333,8.064139131952029,0.23874041142791042,7.268066201114994,8.293279198696501,0.3986287434562419,7.523168275927397,6.925350611906679,0.6843885295409073,7.380807641614587,7.8758066924218655,0.3843748220924339,7.420213001020795,5.942340082081653,0.6333828019968089,6.84030247516394,8.509014535885546,-0.12709672083317747,6.391137082427664,7.034376933986711,-0.3769262491905388,6.728395116628594,6.7319706024486194,-0.08586749763380694,7.386863091529559,6.220727006956526,0.45741648172220395,6.956582265153895,6.1674787093048575,0.13043469661479784,6.878062695166043,6.181724576727169,0.10641816801712818,6.771967172223075,7.690425848373379,-0.14298682246155833,7.418702295130074,7.1496451303566255,0.31970327338516497,6.656654412257563,8.734028013677783,-0.11804050461503549,6.977143908162121,8.579734733917418,0.10147839789118299,7.11510240195659,8.466417680308036,0.23226961487585587,6.788221000990306,6.1770212605752555,0.10556288352966291,6.704338202272415,6.165833569900753,0.12327224752785891,6.643552715152191,6.161474507524821,0.1484307994984101,7.345371413122841,5.956729667099764,0.3813108660033199,6.70817884148624,6.034081670882988,0.11881034072896507,6.795030318397451,5.976731665619958,0.09990480394719656,6.881560194693775,5.956789456590523,0.10118288554788367,6.963193274560636,5.973745533351695,0.12278378874175037,7.018339981384716,6.011568513750931,0.15383863824445784,7.48760726936798,5.916209103713753,0.9243153538607506,7.008019052644566,6.1449625812664275,0.16396382371197096,6.686901210042096,7.285295229899195,-0.2203079798809551,6.581127287714016,6.9342930400897105,-0.29924243230176945,6.497792621221961,7.2243530274677905,-0.3028063362289817,7.122993129283544,8.245220331752046,0.1170474559496207,6.989610574030244,8.385472365266548,-0.0016600891340804549,6.651899476607416,8.594379816883615,-0.23330581131429873,7.385652447182521,8.095518587791306,0.6049234685998162,6.640153998261364,6.103405542919502,0.13839367355261217,6.493292440793308,6.3916963555524005,-0.21904857089102703,6.82801777731117,8.666846907862869,-0.03045369356117246,7.511382690345308,7.2831858863742935,0.6292172198984257,6.5838865170080325,7.614069098225143,-0.22510137484251,6.596787677933221,7.651680030181999,-0.24838859234599564,6.609431855457135,7.703266105717918,-0.27633806714691106,6.617824665961143,7.766453570640794,-0.27308891682380515,6.665748356665623,7.966895424547712,-0.2160704229336424,6.7445962118077025,7.628717894824308,-0.14975376963757828,6.760061264932876,7.616347040686718,-0.14966711433332852,6.776832031409026,7.60609667097293,-0.14844228855039981,6.886014326073646,7.5053666049397805,-0.12122808986662068,7.279077865586889,7.194975219797389,0.110271920997366,6.490559206930056,6.266320392974605,-0.11298375505064946,6.5378315264122335,6.031572369087608,0.0902070344239072,6.596561146322272,6.048228384305098,0.126060176241644,6.72389270802016,7.633666682115299,-0.13965351193135195,7.315082279922491,7.60282421760296,0.22029456438186407,6.4488164869348115,6.029748232574525,-0.040451855373581,6.740499331919197,8.15281177446995,-0.18477490680450775,6.4222989193751125,6.308922447638269,-0.27738317630447323,6.568223898609048,6.614818108711566,-0.24046750606954134,6.582748659867136,8.220673217844306,-0.2505273896223614,6.970373212537826,7.886013983993245,-0.05640965537042858,6.783519541654875,7.04390165981887,-0.100150878551631,6.864749320981588,8.04372454880927,-0.12049163002897638,7.035602432865614,7.023249404166264,-0.06437653538339948,6.8970928359389365,7.1942324932041135,-0.103121657268598,7.140268949843121,7.285760176746585,-0.009702727078235676,6.628488734387386,8.422216535289051,-0.2672427301264889,6.632889389452541,6.71459451379895,-0.17973622638552375,7.071500637298378,8.03158245446241,0.022429894869802472,6.941109784762789,8.196310300131696,-0.06336964183008192,7.045914448886645,7.692521822819601,-0.02496437538682184,7.406436165442136,7.427599416990915,0.32647728806892407,7.186930748065627,7.745287348185641,0.07177742291698573,7.475306974256752,7.604612703239566,0.5470179966858406,6.994774752033285,7.401979063155893,-0.07686954483537647,6.559779839970105,6.497570545970572,-0.15970312618923654,6.561287574954453,6.86161798566434,-0.4181242488602342,6.624639925181035,6.9253008492249295,-0.3155850865275152,6.514792890215435,6.750127296747822,-0.486358308882353,6.616602880715206,5.889607979412311,0.06589789475869323,6.784953746706489,5.773733718142283,0.04666166186254475,6.933138100237168,5.74182915460156,0.047162747000738976,7.057104367740927,5.771403042092587,0.08221663666966643,7.14526007254993,5.848464268414543,0.14261751326815533,7.202634959153834,6.136762879676671,0.2848784481409205,7.516688729127665,6.590686921696059,0.6992373516957227,7.130192378152159,6.33702128011505,0.18569498258213327,7.026307209550777,6.376103553453183,0.12200411150045988,6.892492387420191,6.381853000011726,0.08139950395837915,6.760651732574529,6.353488271414552,0.07097254519448748,6.654903062950621,6.3081336719962104,0.07364699340839226,6.579409361103771,6.2637223353513285,0.07350049639042026,7.5543583364853895,6.664751617577448,1.086155664217033,6.622646447004684,6.979960327403821,-0.2682999085911918,6.494667227717461,6.502722097621528,-0.31250298005727806,6.489425063422125,6.856828884590902,-0.49793467766719834,6.439229372068817,6.954238962752112,-0.46350721115035604,6.489793455812389,6.896223845824805,-0.45044952059563564,6.59743385006937,7.039234365906729,-0.2371547133614742,6.42300599509191,6.963211842725468,-0.4914993230997667,6.418160446797383,7.022225926920731,-0.37637161810701064,6.573201652237178,6.154117057891839,0.13667531755355525,6.524499584062946,6.181402233385688,0.0721383880413174,6.4942446162858865,6.198130293082725,-0.005082936479350478,7.04832385395523,6.045061398111373,0.18668181091232938,7.133764893065812,5.981994254896608,0.1907412991589044,5.798479882777022,6.135655845689394,0.1469154747766867,5.904704640147219,6.120905666910248,0.14680699027365648,5.79144366239563,6.004202151398829,0.14688610226094329,5.693848645312695,6.150543428888296,0.14682433990267127,5.80632604650838,6.2743819474180125,0.14679783384737377,6.882134322350376,6.050260855627595,0.11638959747473034,6.987794607509686,6.041292060650502,0.11593278580455711,6.878894548950511,5.9169707698351575,0.1159443096718559,6.774672925202376,6.05702932307211,0.11582995298669758,6.882175172313007,6.187104145442261,0.11584830065457208
6.395507996745157,7.498300753342223,-0.35253225567781166,6.360469295169812,6.90387149697406,-0.5580800195598148,6.376914117832921,7.113343420067724,-0.3180289100023651,6.2692267410250295,6.465396259117164,-0.3709475817855656,6.353675120111933,6.745641831928718,-0.5790320613940678,6.349709120949475,6.568060980207674,-0.5210303475351334,6.345762482654127,6.16337976356562,-0.19835517848064124,5.661323810446293,6.254903422607854,0.24436281189511797,6.336782763559106,5.855010669656034,-0.09817704894865817,6.3310646059232605,5.657688435322163,-0.09940855833466308,6.30632737494751,4.908542766640252,0.0972835577302161,6.398030866659241,7.554611090680762,-0.34576954202898497,6.401987930036879,7.610086676787398,-0.3163381850496125,6.404504842761082,7.65246761488956,-0.27223694547775446,6.4051914088947255,7.651734135885614,-0.266571611361546,6.405566711857151,7.70029565848804,-0.28774351073479926,6.408264574223953,7.763243050001378,-0.31866139602163146,6.410253530995061,7.838390021739754,-0.3172299484502867,6.42330722331911,8.06411688206911,-0.23769562271682435,6.366453292404042,7.0034898600898,-0.5107142166635691,6.295071264669683,7.029586075006874,-0.3714421681672244,5.308416158724964,5.8430970345452256,0.8221795134726205,5.941551511688207,6.348201951909893,0.11813221555924112,5.841096163394358,6.3780534303974274,0.12698110917963615,5.746382056847138,6.389074231675004,0.15906285716895568,5.621358885164744,6.327995908486444,0.25564067987817085,6.030400020150056,6.302208722794384,0.1259217881784569,5.768984752224093,5.929128536842678,0.10787982196533574,5.892814251984327,5.934807972744306,0.10572438966141504,5.6618793184025815,5.973685710872796,0.14277182773989147,5.597542040025418,6.0479547417526405,0.18548000405566523,5.548893765845368,6.450270954012425,0.30253144342205074,6.071186665310646,8.420291307790759,-0.13971523084501752,5.627125072643995,6.218955877251476,0.2826055740851343,5.28857797177659,6.509677540790975,0.7885126410292765,5.436681158675055,6.382883222092452,0.4229820762770794,5.900329247017659,6.956046055238566,-0.04858629671678444,6.280232649327907,7.4683844904147465,-0.3329158344308218,6.30059953687811,7.614854662637419,-0.2976470131260976,6.17157760148892,7.5409519989351805,-0.2727796547839108,6.096981297490056,7.6194826545252665,-0.2006541418282277,6.212772686480641,7.636900733084983,-0.25394325308680354,6.1392028807629355,7.670361523990924,-0.185885581643222,5.979127603827967,7.897746717053061,-0.07517890437045573,6.283507614464312,6.911555527270229,-0.5445529633430537,6.264568218539048,6.760262265191146,-0.5631547076075532,5.463777436843196,5.976363095399385,0.24265009653441075,6.0842425915808995,6.550083670447994,-0.031521094393920826,6.084198657305536,6.9487790282339805,-0.280803128551863,6.077529210910765,6.880859617117237,-0.243098049289042,5.601811855871745,7.0164527052681835,0.09749043627446859,6.265228721966968,6.596995051453724,-0.4846362456405026,5.687548849594516,5.786720051144907,0.05690766779291876,5.5510160147400365,5.851479173030431,0.14187920333911744,5.389044862125831,5.523185512919215,0.6370871572591904,6.1355451661767555,5.878245571808979,-0.05550532551548857,6.003282147168602,5.9931541797242565,0.131553357128589,5.8956230670126395,7.771459504143054,-0.03155887949965239,5.4439679188711185,8.017967276719256,0.888203979721045,6.160972686529824,7.02695374172875,-0.25029268247442504,6.239528660176899,7.066504269989287,-0.2760052404010773,6.009586715683238,7.745967199350042,-0.04409226015527654,6.030311406950595,7.735475843323029,-0.07298554152159742,5.4954201678627035,5.7673286534375166,0.210503354672692,6.090259353359468,7.033025607513707,-0.2313165893286917,5.8785467822222754,5.792529055926419,-0.00930964938833478,5.853649451768506,5.662934113335669,-0.016435600363053214,5.755879306812964,5.066492071436877,0.2480460074301974,5.446018309162862,5.631414249357431,0.3955157076876587,5.813862125210248,5.32865533901712,0.10944182740316664,5.40848838524467,5.931852461915204,0.34578999659892373,5.35984160036209,5.890473821010312,0.5708846268820158,6.2881452867857135,7.547452782391481,-0.3270365766952198,6.193709306541005,7.592968691667874,-0.2696951102912025,6.118051133446072,7.642510172005522,-0.20314687673881748,6.188361239326441,7.059207457035302,-0.23585627053062605,6.020444811212224,7.740340633508597,-0.05984345706568006,6.07100683264115,7.742886587533465,-0.1314224851134178,6.043355791165457,7.731582075087864,-0.07661494782071163,6.189582835576162,6.941697418764402,-0.38761033055501837,6.155579568066794,7.685925427200561,-0.17080054574585343,6.229525793720028,7.661974545288941,-0.21606611342565815,6.313668122176859,7.653595757723043,-0.25567223436831527,6.30060400477052,8.074728126542453,-0.22995702363054465,6.303158149931472,7.8372894309094665,-0.3057788332849881,6.3020166034207605,7.760073824985341,-0.3055513198261814,6.305501559500427,7.703182661633524,-0.2706483072125119,6.312496789716748,7.653066312472478,-0.24989303880647507,6.155226976890785,7.688776687206767,-0.1672777289320685,6.142118180560348,7.713540725536976,-0.18884609558101165,6.130220183072975,7.747189912572865,-0.21079651357154106,6.121192061810182,7.79030507432771,-0.19836760480640608,5.998120986786516,7.471517227642771,-0.15256648342938262,5.312355350532963,7.270444942279584,1.1376074119842763,6.3717849773464375,7.063036440830525,-0.3852398809288747,6.099320983815336,7.712810969776704,-0.11570493992650992,6.0861995284564046,7.7293175982848155,-0.12942667524692011,6.262386397745582,7.125866922492474,-0.2883086758543696,6.132611994809703,7.128702544875245,-0.1689831374270638,6.251747601269045,7.098673839988787,-0.28388960447722766,5.983340826370435,6.663106455441956,-0.0025172117835708303,5.824924999141351,6.791187527154509,0.02431945394759032,6.0677605364810425,6.966316995240027,-0.19101478030538754,5.531393403600438,5.260161803725714,0.43020861300670143,5.591207685561384,5.440497483441784,0.24577471243716972,5.6463768487135795,5.669592389999416,0.09427168048241816,6.068252004646124,7.969415434550385,-0.13909875477355307,6.09023999249236,5.685868922048421,-0.07741894156931932,6.049926943927212,5.282987521398792,0.0253063287714524,6.007253731196572,4.959174412725899,0.13328736478906184,5.669339581753893,6.376100216765598,0.2085035074138344,5.454246305359929,6.581677626975361,0.35601383756789756,6.090726992765031,6.2551342637156955,0.1424949696672564,5.5138427775658965,6.154629396280971,0.2822276415818633,6.148300254358081,6.436281238228517,-0.06324049805407374,6.128816892531922,6.862665614575681,-0.37735607533927557,5.363098321604487,6.7362592578680776,0.4616701151403357,5.521705895882827,6.664520543389666,0.2468102628545123,5.6483442106713735,6.688169842563624,0.14012628858185824,5.83556044469858,6.6307052996858795,0.08618035059849169,5.974179040659714,6.543709477276638,0.06321404557127752,6.077476713174949,6.456762801683906,0.03748660048749406,6.258089029896062,6.214033376788948,-0.15671956395136546,5.385711069739364,7.051595657666424,0.39961597632514095,5.443266087438408,6.16733794391636,0.340203036762071,6.324166180042486,7.001696745935989,-0.5026391992409931,6.098137736975467,6.680803777277286,-0.08937002436690056,5.266609344797463,6.566518068028813,1.145372795154742,6.1531427050816,6.361277983695991,0.02821718394672864,6.064259942777942,6.992030460707325,-0.08810885120042986,5.57770757632072,6.24322919206534,0.30324746972127165,6.127439664696592,6.782030581660566,-0.3302597189337247,5.363112469930452,7.63921435670454,1.0423773569448136,6.095958150128205,6.202871836900461,0.1763502033351387,6.192337291246821,6.670191043506474,-0.42528829994983186,5.639311993840538,8.231976344555102,0.2971969893171722,5.661611244857992,8.457869261552357,0.4606200208023882,5.315347349150078,7.169814601533017,0.7691024409413278,5.515426645425181,8.074390056016776,0.45305099219522527,5.323031751770615,6.180022290467863,0.7130691129321985,6.054690461884824,8.601678059196242,-0.09838384022938704,6.339448606030304,7.061816706202642,-0.3751153109443817,6.0188475396757095,6.817770742344254,-0.06018091674669168,5.364212688436372,6.4374116150082035,0.5295430322516889,5.750705487402382,6.293026459243451,0.17539007187248493,5.832783649565871,6.290271258924057,0.14597869242245531,6.060050071154781,7.773196024993006,-0.11624809136785266,5.4162870914460255,7.370236808550573,0.39326565845385064,6.2479968055909945,8.794583037234261,-0.1006798249820336,5.942476365417042,8.686890447885226,0.14176704062341236,5.810208133867743,8.599556554950308,0.2829065983362465,6.316407684872819,5.254957826041366,-0.007308308468831043,6.457631806757617,8.790786817983378,-0.14127629383679324,5.9185619712934345,6.265993476217783,0.13933042197608458,6.0024924471851655,6.236945473715283,0.15241442383067416,6.064757368132903,6.221186100212716,0.1740499019468566,5.381102066394259,6.167604155839112,0.45402759901114026,5.9857009905359275,6.103453039645692,0.14832057778853097,5.893104664990966,6.0612359242652225,0.13394174813519094,5.805023889374872,6.056651122004004,0.14163847236526497,5.7206082748323075,6.090207600272389,0.16794386376604636,5.671431672374795,6.138298132549945,0.202316849372327,5.275880221547857,6.175787473112081,1.0137081944862303,5.697212900876975,6.2774997884705614,0.21228327458173038,6.3831743797478255,7.250273897346678,-0.3044680886195276,6.091364412082166,7.357988826157764,-0.1998953680375648,6.15510187590331,6.990078736372966,-0.2849864022530217,6.2611979383645675,7.266530323879839,-0.2945061080322611,6.342953667625815,6.017859390804403,-0.1071409907986063,5.774674240883642,8.389686244783434,0.1639968182409209,5.908447407526317,8.500038719413787,0.03547062692946972,6.234130701497092,8.65419590052757,-0.21723893518323814,5.547583928720553,8.286562820072183,0.6802288005846728,6.060893385847136,6.162266886031205,0.16477331234444884,6.205426726710148,6.437668518821769,-0.20830154471474635,6.44820604307035,8.650755623372003,-0.2528025443059192,6.084044515017397,8.751734459726537,-0.0003363477528316201,5.358896641117411,7.514220598647177,0.7117488972656402,6.2290842170201906,7.667050815715241,-0.21143007002336392,6.21633731997495,7.702058242043717,-0.2347595891061969,6.20864435389396,7.751388242140633,-0.26158921321639816,6.204049498874818,7.820025494637889,-0.2576005720783427,6.17398542317345,8.03393180094831,-0.1982398975483585,6.07986815258731,7.702333017426922,-0.12560616183105738,6.061428043638846,7.695611073296335,-0.1231811783202135,6.04452377270626,7.686154779010932,-0.12019660292017509,5.9286914280352505,7.612502317283645,-0.0882563323729319,5.540310944526087,7.387070337853338,0.16994892356604877,6.204042424711837,6.31362493255023,-0.10184772507688088,6.152804634555923,6.082890309478191,0.10550226327080037,6.09948182794209,6.105185092603236,0.14765014958919054,6.09941220328537,7.707911925749327,-0.11682350704266535,5.545262858613648,7.793224097368798,0.28245329341883263,6.231340875011521,6.069661252377057,-0.03233385521786916,6.118132300158184,8.233071722844246,-0.16349812465608327,6.349178931050176,6.429711202439864,-0.4090323853626761,6.262997754356993,6.34385171400019,-0.2725984724385831,6.346399901971262,6.301615237752611,-0.29834188674719075,6.151298210165076,6.674742336574619,-0.22631585420844522,6.438523375569516,8.472671389106118,-0.2907658072473186,6.4319503611859234,8.261134555070377,-0.2643740365932805,6.270790503368469,8.269869284731593,-0.23871125378050645,5.883908625438437,8.0078497343572,-0.021726591415596026,5.987298634396808,7.1369785709157165,-0.07401608301268368,5.994236898984904,8.147933799028758,-0.09210986630613602,5.747502008544535,7.1683953010441614,-0.022911992210107195,5.894142705327517,7.3109664924905235,-0.07079856054510054,5.673096706946191,7.451116086250759,0.037578948565767,6.241252149673991,8.48112389689678,-0.2522612079458679,6.103164860585259,6.781621024856332,-0.1604674508452955,5.799865707587725,8.171207795240289,0.06437485986800609,5.9363188650275625,8.3098003284957,-0.03016633400714166,5.794838583977933,7.836519464117506,0.016896430304988046,5.451523869584873,7.642863135505899,0.3967319983151426,5.672798847452203,7.909636523404349,0.12290442496380678,5.415746104140069,7.825290161194137,0.6250011825067827,5.818130824083472,7.536740265690183,-0.038362941514758817,6.154774230459923,6.555771297485705,-0.143622437662822,6.1593162154188805,6.917676539871694,-0.4039784543984251,6.1131736842320095,6.987666819120393,-0.2987600768226961,6.191829813133937,6.800016827205066,-0.47404934187268427,6.065373564961091,5.961983928327087,0.08683807322879168,5.888285298378231,5.881539525488125,0.075967452475381,5.736259674268304,5.874271009186069,0.08571767939620828,5.617017210715494,5.925665547900694,0.13036386222042756,5.54012403769361,6.017898484862989,0.197018929596008,5.517005673067687,6.307535939844369,0.3458081706821116,5.287880980560657,6.8389217450123825,0.7852786315732957,5.603651510571492,6.497909112183486,0.24128722645750228,5.7058988560460495,6.521093005898087,0.17016432484777574,5.835615548704968,6.496802564163319,0.12051751161953832,5.960774991105861,6.441713450750134,0.10154460650120158,6.060300645454099,6.375604280708107,0.09608720390909738,6.127183877856129,6.316677247714878,0.09184045472085064,5.28441985324051,6.920779491150321,1.1792372787561292,6.124743291627261,7.042548920185257,-0.2510793340521034,6.206140472522619,6.5524777161309276,-0.3017850494166067,6.22283363553884,6.900898114575319,-0.48880907098909865,6.284639480541467,6.987147798952118,-0.45907734132625705,6.229198892925376,6.936656891477381,-0.44122494639186854,6.157545068402751,7.094765923427657,-0.2232876237763191,6.296989479810969,6.996280915686542,-0.48745548575110437,6.31322654547702,7.048015386548681,-0.3727185426395114,6.128398399942867,6.2021554848174185,0.15617328265830854,6.175115055304402,6.225693831329865,0.08620580827711853,6.2034608540498235,6.240454258554469,0.0065628110960923285,5.6458645303839186,6.178651392146781,0.23730268088748913,5.564900362727946,6.139539461991142,0.24549646978329306,6.432469381354198,6.448864312552065,-0.3781097529401585,7.062945593684859,6.136061207750091,0.1923608492452132,6.449556091226853,7.018915258634734,-0.37652397691849093,7.43597290957638,5.613132750589515,0.7375170478744126,6.790419049660019,6.27884611338339,0.08379946425492191,6.89354843156115,6.290490930300873,0.08599331577951255,6.991334214140127,6.277948811657749,0.11208543512854353,7.110664173919297,6.197994387686398,0.19988708382038822,6.694409998962684,6.248551568898548,0.09946772300368387,6.92522057620569,5.823363843068483,0.06548722545641558,6.803374448351052,5.853235427071862,0.07299291238056,7.03593941801365,5.848007992952362,0.09388322399819747,7.108531499942339,5.909708842483359,0.13256006404258797,7.202827113900504,6.294560435637492,0.24195580467014177,6.820776889287334,8.354397341233138,-0.16272126986332433,7.093704054331588,6.093403260318518,0.22733637202945056,7.504366661937301,6.277782010341116,0.7047705612674934,7.319810685515779,6.202765352131361,0.3539191872169689,6.8745189331389565,6.865201888166994,-0.08189066775661928,6.512087224097343,7.45292707197421,-0.34145455858282825,6.508992463954801,7.599337672298085,-0.30516084464578075,6.635253614159085,7.511770704309121,-0.2903556686862601,6.726285432711871,7.57576358264636,-0.22432031195008664,6.606711972796366,7.612717520768052,-0.269161173877955,6.690866215632956,7.628145897907924,-0.20566055489507834,6.874116078173336,7.822556555688057,-0.10587078294865583,6.437958931828407,6.89735135265065,-0.5492093915044678,6.446467288274191,6.746139257283679,-0.5691193439746742,7.2462498155828925,5.805223455235844,0.1789927289928226,6.6546383100278605,6.4967638424291,-0.05392639677164179,6.670269231623646,6.897520387913488,-0.30126877514054184,6.674822758637996,6.82974097075892,-0.26459466205128873,7.1928302046335135,6.858070387232172,0.04138911834529552,6.436259643415203,6.577768965765497,-0.4920310729842281,6.9928949978886275,5.648531117503851,0.01521277660643355,7.139930358501144,5.694292388538417,0.08835475399244945,7.316340622410812,5.313502854233554,0.5614336847593964,6.545813109952933,5.828218208171762,-0.06825929672371152,6.698766194062267,5.929388791575551,0.10465728475392803,6.951093396502272,7.676787097924992,-0.06839153586741961,7.506743580699329,7.819265952928219,0.8094749683241813,6.595404481755825,6.99127166364639,-0.266295044167323,6.517030202400083,7.0420373465043316,-0.28381446476581446,6.835440512176391,7.682231224826368,-0.07575336596407672,6.813539648232147,7.674687933141108,-0.10120251021830111,7.194676933496242,5.599765933472411,0.1519475872495295,6.675845161351112,6.983406683707622,-0.251469111124315,6.797802986515996,5.69012049400074,-0.038108888309632244,6.813665493868357,5.554448845408255,-0.04583034593108698,6.882328064422602,4.942725494494748,0.20468103929504236,7.2452147538412826,5.440995281121112,0.32953377949821944,6.831047829288795,5.216108012240437,0.07465301947165513,7.3060525554884475,5.748525528230753,0.2779925217125323,7.366918653787541,5.681466186402902,0.4955029046299405,6.51319079352257,7.533319349401724,-0.33526899424415035,6.620442550820504,7.565697421047016,-0.2859921434506924,6.708805548307152,7.60273997236817,-0.2247871601663678,6.572839391139985,7.0262299431583575,-0.24811372392453385,6.82712725369917,7.677599509694846,-0.08930870138006201,6.77191750719092,7.691208709975183,-0.15701328133676576,6.802108545501601,7.672481538939388,-0.10384173149722355,6.550281002362762,6.909570293742796,-0.40147275794579224,6.677318821197621,7.645242288214133,-0.1891189860721057,6.596516242317136,7.637302098753133,-0.2297394465782952,6.504421065370812,7.642351561824974,-0.26303899776284156,6.550507375578193,8.049806222680429,-0.23669092868143712,6.526070238042636,7.82168978456055,-0.3141762836098067,6.520164428925577,7.746460901461328,-0.3137954888629607,6.514121604441285,7.685085463427513,-0.279375474035012,6.5038804503892225,7.643073126449162,-0.2579939560428643,6.6784626016545365,7.646799348718958,-0.1859030227128114,6.693177605306307,7.668736700451216,-0.207970245838503,6.707490498641192,7.705337675072531,-0.23076136061567865,6.721157781522858,7.74640430815747,-0.2191777212458281,6.811034649887703,7.40003169373425,-0.18009698489110276,7.582220431827297,7.0406254925028255,1.0469575982325308,6.742001988912177,7.6604591851132735,-0.13948762430511893,6.75418146362137,7.67633137289919,-0.15401612835418824,6.497020746242666,7.104821659944712,-0.29562524527010425,6.64098070757975,7.0896680581880425,-0.184569775693391,6.506188116818899,7.077630066738495,-0.2913158466894598,6.768958273118143,6.585516291204139,-0.031990025299632595,6.94215984562882,6.681976599034867,-0.015804301127708226,6.69582781015407,6.911484040991672,-0.21284499570090148,7.138405317891922,5.083585483148146,0.36818284065425455,7.0742530847254,5.279179760092516,0.19313732007846818,7.0267400275418135,5.524399662681586,0.04946796954534296,6.786043493693327,7.9090370811726975,-0.16380880607047713,6.575962447934455,5.625213187016956,-0.09137303056531355,6.588015332358703,5.223032500826936,0.007457831607786007,6.61364316322148,4.891049478558304,0.11215153433890873,7.068915442593124,6.2490214422503145,0.15608657762123032,7.315472361985836,6.40429931971023,0.2879443099202389,6.630583177293344,6.2157747378556785,0.1182875213610286,7.210485826139686,5.998843296059437,0.22120758715681424,6.576089782868136,6.3960456331318065,-0.08133827219934005,6.60698228028716,6.821473880503267,-0.39406759860086893,7.433390467763499,6.524271166698945,0.3867851434053052,7.2471657335269075,6.496495024235776,0.18330688634428893,7.115047921022073,6.5446559258187875,0.08667266231096792,6.919317745683571,6.5264976664165095,0.045765465501268476,6.770167582663737,6.471210476439822,0.03237843233452321,6.654119289859586,6.403540522649294,0.014168678726951447,6.439655986295407,6.195102544324137,-0.1644431420764444,7.435631860455763,6.8469996944893525,0.32331896442642094,7.28944465475238,5.991753495453775,0.27269769688251805,6.4083144656891955,6.993402103677143,-0.5062900258263743,6.648727288369658,6.630282339204416,-0.1109056322890732,7.555113728576868,6.321770645062083,1.0525050451458842,6.569819840519677,6.323689604852104,0.009833511954975263,6.706607345241516,6.937353882693314,-0.1094894965573413,7.148537008579943,6.105950219178419,0.24588775942324756,6.608844646773323,6.739432206127791,-0.3473975768663622,7.564572256808474,7.423430790933256,0.9565709247275058,6.6212869824859615,6.167520382856428,0.1515373207019697,6.52361885440711,6.639407264802755,-0.4375638343458357,7.2789719149437415,8.085901580810699,0.24021500208996233,7.288481823938062,8.314923511792303,0.4012989290067223,7.543123394646358,6.9428024774871,0.6853925672373321,7.401156857972792,7.896263376772998,0.38601755018118744,7.4388427858009605,5.959387338188242,0.6328815208257096,6.858203679355732,8.534326815064281,-0.12499252473289499,6.404343998634328,7.054502021679018,-0.37737611104430085,6.743622344559475,6.750605660396038,-0.0865302715106776,7.405297104939233,6.237653262337874,0.45616367044795175,6.975561064635963,6.186026765542305,0.12918753828676593,6.895403351559964,6.200068606737662,0.1051907906671256,6.786800056808058,7.715095552095597,-0.14389528161337015,7.437588797331268,7.168999211168223,0.31978139425957436,6.6735159001081215,8.761155755521395,-0.11507571174545907,6.995764874113207,8.603994661410738,0.10420829647214971,7.1344825083560925,8.48943417677906,0.23490803017745884,6.803963465500415,6.194428637218988,0.10439911271048614,6.718321414491352,6.182035820647226,0.12213956599676278,6.656444827858902,6.176936838434509,0.14738894077512635,7.3640949457845295,5.973942987010728,0.38008875003443693,6.72303206238878,6.048617479126765,0.11759959391641633,6.811718982075141,5.990959327577928,0.09850050574291139,6.899996344957268,5.971152415876423,0.09972434757397339,6.983151269191526,5.98843422371764,0.121308665995036,7.039043858589746,6.026601566952968,0.15239386454450707,7.506561886407996,5.933032730160134,0.9242843517955233,7.028101990078076,6.162887550751804,0.1627546627050332,6.701453631346779,7.306418922666053,-0.22075221118510627,6.595337463369677,6.952944593257411,-0.2998037252950315,6.511658306425999,7.245501443604247,-0.30306026037524525,7.142207494332686,8.268041916735973,0.11870765450432677,7.008222847449279,8.409388161013307,0.00027024990595897957,6.66861760072948,8.620758193732414,-0.23104323343213828,7.407227979109014,8.115644340582927,0.6077901628359342,6.653494529570945,6.118323674883071,0.1372461385317631,6.507914957235298,6.409686853307748,-0.22034216570513965,6.845829851326712,8.692721792128786,-0.027640796738019554,7.531883666640699,7.301225742388363,0.6306483192695304,6.59839052318306,7.636958071037576,-0.22572730246454217,6.611247628241077,7.674119766156324,-0.24912814493402163,6.623821022131069,7.725128949150601,-0.2769463600507164,6.632076942655697,7.787524555951326,-0.2734749007293715,6.681785968958714,7.990136030249699,-0.21559249355994337,6.75991079098824,7.653429701055144,-0.15059966832300287,6.775131411131056,7.641634465093197,-0.150661125113911,6.791784735439957,7.631885523854951,-0.14947133932733744,6.901841584522527,7.528199144700061,-0.1223119987194546,7.296729553326605,7.215270938910612,0.10982322717710982,6.505315388501512,6.283815899040589,-0.11420903369904421,6.551508183477995,6.04794878456276,0.08917122060736792,6.609954918037166,6.063434871979593,0.12481657819898502,6.739546137384242,7.657722601012254,-0.14048086936620596,7.3338115710307115,7.623568542134055,0.22078814048656864,6.462952321968989,6.047066003487452,-0.04174670972120845,6.757474300327414,8.176459058119308,-0.18357676333503367,6.43661409621305,6.326947443067604,-0.2788541035691672,6.582937572634933,6.632983924814892,-0.2414282210414145,6.598862630481031,8.244464103840572,-0.24877599589319904,6.988188073234873,7.909179309081077,-0.05652858341113589,6.7986563539662725,7.063754282211038,-0.10049270871709906,6.88236082896694,8.067262278325629,-0.11992315394252981,7.052130315458133,7.0435519620312625,-0.06512694345519074,6.913129714695959,7.214941804169754,-0.10375140793269881,7.157365563981765,7.306793480979744,-0.01034506236562766,6.64489904922317,8.447288547677147,-0.26539962733379285,6.6475827632640065,6.7327981305479305,-0.1804396978362369,7.090236969821561,8.054519104524063,0.0231005526863578,6.959365699299069,8.219957713972663,-0.06211441463974969,7.063434083255,7.715449260244708,-0.025450173963803207,7.4255716560463,7.44745092517723,0.3270698997261098,7.205302326295549,7.767413082917218,0.07184714813287338,7.496033297944235,7.623612476409418,0.5487063347434487,7.011292289534831,7.424015340190209,-0.07763369128340318,6.574656334053316,6.5154381434047135,-0.1607519764728735,6.575602782595465,6.88029517337613,-0.419125866262484,6.638879308849661,6.943953704431366,-0.3162172727112715,6.528692146238471,6.768954549874468,-0.487566531493707,6.631251871857349,5.906389198422857,0.06442728779300268,6.801625268472604,5.790414625843468,0.04467095402979357,6.951622841752837,5.758245428168335,0.04491197588205815,7.076613621215259,5.787661659470278,0.08005694697647919,7.165320646417464,5.864592437253278,0.14064164368214088,7.222205852579401,6.153203766277867,0.2836907599947173,7.5361996507085935,6.607617465658091,0.6996919172733504,7.148840080615076,6.354943256907589,0.18452573670179934,7.043877373528446,6.394679202703134,0.12075133132231934,6.909160736938562,6.4000272699176985,0.08016370517128749,6.7762275340689335,6.37067842932627,0.06988812275036962,6.669380865682825,6.324368724498398,0.07259996473365651,6.593330635028929,6.279767988517285,0.07250831476357261,7.57563177982027,6.680690590669571,1.0877499213397244,6.636577599609864,6.999035371357202,-0.2687405171535151,6.5090341642839595,6.52101556242965,-0.3137708689141607,6.503257924046786,6.8757751555548525,-0.4990997907225821,6.452865310205065,6.973778375564441,-0.4644054891871613,6.503784390702411,6.915332385654004,-0.45143221892648927,6.6110428498389595,7.058656416971424,-0.2373820325183095,6.43633857618111,6.982679906542289,-0.49245370768187036,6.431648033799525,7.042248826745063,-0.37686667822848857,6.585807448859513,6.16922897937882,0.13571958535479872,6.53809408116622,6.197491749790293,0.07108671633526151,6.508425041618753,6.214973123492482,-0.006203234475016824,7.069275107932116,6.060456277039708,0.18533386674142707,7.154418244288747,5.997552075152997,0.189346802044461,5.815316424189647,6.152546241444888,0.1510985946105702,5.922930080772777,6.137340886601139,0.15098233632682279,5.807960039336865,6.0199581832639195,0.15106126909272977,5.709242701190439,6.167785105481711,0.15099960286936495,5.823458785782192,6.292476908477042,0.15097313293386402,6.901778289380054,6.068322746275946,0.11970247030883914,7.008536344566702,6.059570889693827,0.11928798020673567,6.898738633243902,5.934119917313192,0.11929963861349256,6.793242013014296,6.074769542698961,0.11918535830294742,6.901621913145711,6.206069358568429,0.11920385816995686
6.380424993052053,7.475129182136041,-0.35030626048783586,6.341984456648065,6.886296065176962,-0.5574616734021038,6.359009395916322,7.092892410953578,-0.31684065341092427,6.250637681211093,6.448588619640747,-0.3720023543409747,6.335190522586557,6.7285027133863435,-0.5789689437162026,6.331112528278321,6.551143009739089,-0.5215768923774391,6.326819160021917,6.146932154493234,-0.20108182115914172,5.644041412209693,6.239635785803662,0.24307790758826162,6.317692503301117,5.837567530007681,-0.10241628851660031,6.311944989560189,5.640505937450203,-0.10450034477851652,6.2875750559906285,4.89461545346821,0.08927908109676433,6.383156528849848,7.531978992426853,-0.34349162453389576,6.387173624317567,7.588029691103085,-0.3139987848814926,6.389604379256714,7.630784390489506,-0.2696201009423687,6.390689418354207,7.632557140883561,-0.2634299566045164,6.3912932080778635,7.684034485170772,-0.28415942061485544,6.394171792295442,7.750690494122291,-0.3146248314603527,6.396218587471821,7.8290806699050135,-0.3124561457693424,6.407218254872892,8.04673683925443,-0.23160963939112847,6.348028295234921,6.9850539324372605,-0.5100537363152826,6.276515232417827,7.0103566580030225,-0.3706340799349218,5.296667741885274,5.825980411596262,0.8186817726147425,5.921895714075141,6.331917581243196,0.11672512557278827,5.82211519189544,6.361868670745444,0.12580025964650496,5.728098522169977,6.372771791204234,0.15800638169042788,5.604535146096669,6.312247998425197,0.254686493769298,6.009981430869341,6.285651543832856,0.1241492721208827,5.750398266496374,5.914567058487148,0.10543611905406532,5.873710620519749,5.920059094165422,0.10295499028361463,5.643914787181546,5.9588368021986104,0.14068819268918845,5.580018906776112,6.032728633139776,0.1837253615069833,5.532628468822579,6.433339401441692,0.30191802381085814,6.05467449578927,8.397494108571442,-0.13293376740657104,5.610425994913447,6.2039249285255025,0.28129455256143304,5.277048660544777,6.490423152400341,0.7877728260447376,5.4218880120219,6.365608750755693,0.4221301998173977,5.882862899313693,6.936914141677861,-0.04727461353434356,6.265430900775062,7.445428372014939,-0.33055913840681694,6.2858520644052875,7.592987747923661,-0.295152450413645,6.156798137991278,7.518440883112551,-0.2702240067080228,6.082300660654489,7.597068712907044,-0.19793116487320464,6.198382020035333,7.615348019756181,-0.25139004231715517,6.125256623282129,7.648829014002019,-0.1831674663935105,5.9639196273753665,7.875561338594735,-0.07111507937887532,6.26518879075057,6.893915846929375,-0.5440505140335425,6.246249994018768,6.742987725403796,-0.5629947879476473,5.448228617217194,5.960279807651333,0.24048863927993516,6.065797817543341,6.5325904007764155,-0.03221494993891584,6.0669701202232815,6.929439180338871,-0.28008862091049147,6.060223716964128,6.861710014990447,-0.24257189485206562,5.5853364152894915,6.997088137458323,0.09929888986727142,6.246896115863271,6.579955587991197,-0.4850192070151481,5.669560254392409,5.771195220532713,0.05369607308982984,5.534256770137605,5.835943313370982,0.13916268137593346,5.375638684659262,5.50751549513184,0.632494475683767,6.116061269698552,5.8598360822450335,-0.05944221173308282,5.983936407851187,5.97815844469,0.12870810965596255,5.880713615844738,7.748937795785479,-0.02811196888747446,5.4305460447382385,7.990870322437321,0.8931029407336892,6.1435793762552935,7.0072255663979375,-0.24935183424862312,6.221649090456518,7.046354556767274,-0.2750089520760793,5.995308152314438,7.723376621481916,-0.04084132639821774,6.016386577820968,7.713050554670458,-0.0697485223943919,5.4794162502494395,5.751746953013176,0.2074964139294002,6.073339619073143,7.012859451814488,-0.23033322383064106,5.859369314912539,5.775796796335632,-0.013022991632843347,5.834699343153117,5.646217803089366,-0.02061470282595612,5.738638848926422,5.052648687276959,0.2414865772537778,5.4313655797444556,5.615918773260508,0.3918941575850191,5.795952084540188,5.314152393132551,0.1041354042992103,5.393785053795565,5.915800631341998,0.3434508009590222,5.346706165398088,5.87377857471374,0.5679211885111868,6.273390824831823,7.525026869913759,-0.3246215710816703,6.17908302894194,7.570917859586773,-0.26712013855565314,6.103747449879265,7.620576408015147,-0.2004080581107307,6.170931496338189,7.039018474491413,-0.2349550141496007,6.006356835855437,7.7178571070585305,-0.056613879502710275,6.056377063982975,7.722102201843793,-0.12774069072757685,6.029539613369321,7.7092451198069725,-0.07336208181429207,6.17160806760295,6.923404996446244,-0.387005842005202,6.141906143478667,7.664805304943336,-0.1679470730267428,6.215216836094173,7.640785168372352,-0.21329809607496483,6.298808664059537,7.631983800580163,-0.2529531976545403,6.283684956885449,8.05670419704187,-0.2238597281422307,6.287696853671661,7.826996741289295,-0.3009487250021059,6.2868969993882935,7.7467721736032145,-0.3013477005994065,6.290679411519389,7.686012212149979,-0.2669336590649714,6.297813487885246,7.633339913784832,-0.2465966258832494,6.1414557148594815,7.66719966911193,-0.16384871334786918,6.127668811501606,7.693378743846099,-0.18509039834129376,6.1149721459227315,7.728801074300593,-0.20674926592149498,6.1052431848158495,7.7734221003482045,-0.19410025879117193,5.98209570326314,7.450756277891333,-0.15002292431648587,5.300698948059943,7.246767442225119,1.139522115193696,6.3535166175692614,7.043565835472897,-0.3842613095036383,6.085985783174516,7.690388759310503,-0.11228163378365595,6.072250866631716,7.707692199373805,-0.1257994937693186,6.244518833076772,7.105263044935055,-0.2868802341320412,6.115775713550033,7.107900261796927,-0.16765287174937785,6.233856337304902,7.078287829261452,-0.28274579699600955,5.965160998252477,6.645193842228744,-0.0025508681980534955,5.80710511304573,6.77300714043443,0.02501870117161619,6.050668540353353,6.946586659956949,-0.190212155608357,5.516020166743708,5.245682415669309,0.42463703189039104,5.574930882917848,5.42585163533697,0.24136772703949264,5.628680051023833,5.653996887296545,0.09062469830272035,6.052217004773799,7.948357733075392,-0.13426688108724955,6.071009495754605,5.667835034800708,-0.08206226098428072,6.031426363422149,5.268083534285103,0.019374698343370814,5.989099069922522,4.945360526331649,0.12597323184862708,5.65187062655998,6.3599154518362,0.2075608172382542,5.438793752949878,6.563785460496529,0.3559662089371225,6.069813427673488,6.238307151344103,0.14044926221544,5.497712638480673,6.138479469696441,0.28085155063011585,6.1295136007679805,6.41915665562046,-0.06438825240477276,6.11096247714288,6.844445193704058,-0.376924600600988,5.34939574040943,6.716989119184817,0.46221611891850717,5.5049956199382795,6.646569264821871,0.2471681095146804,5.6303480851189525,6.670221780343397,0.14052325059332343,5.81670670645568,6.613057078486988,0.08605796410968101,5.9549838365327705,6.526313364190509,0.0625669442366812,6.057952264479746,6.439571135231604,0.03636630309719649,6.239204295238539,6.197449599373525,-0.15903232059837227,5.371385049182951,7.031144700013919,0.4013521374183234,5.4282497128494995,6.150602423637525,0.3386572452747189,6.305643444904319,6.983330198183133,-0.5019329316325846,6.080123898440423,6.662636904023962,-0.08953330010374073,5.2560600979614485,6.546088405976231,1.1445933361706586,6.133400729198013,6.344132997448234,0.026505341316612856,6.047217729835556,6.971987417802566,-0.08719037155073091,5.561088279400964,6.227792817995196,0.3020757480944516,6.109669119450694,6.763809930178885,-0.33009364753629994,5.350489691532364,7.613556702642456,1.045820986869018,6.074859862079691,6.1860492621619825,0.17401589545575394,6.1741390828283125,6.652800255942996,-0.4254209187948425,5.624190989542112,8.20667130515735,0.303221105822471,5.6461888390066814,8.430926086677351,0.46723748825315675,5.302632857580731,7.147735530182497,0.7708909897683337,5.500898316241587,8.048874982691585,0.45858623238949753,5.310900246515221,6.162023184240703,0.7110994219962673,6.038209157451855,8.57812823889963,-0.09099482005723439,6.3211258611024235,7.042387962777056,-0.3742176889151549,6.0011830337523,6.798941134468959,-0.05970137993127116,5.350647879983949,6.419562152778044,0.5288340196779054,5.732212535914372,6.277422773675278,0.17400418681816227,5.813624630990522,6.274617713667592,0.1444376024760713,6.044804798947292,7.752963060609853,-0.11251974035921906,5.401529975238551,7.348300662741633,0.39617680356081353,6.2312584818887276,8.771569692455925,-0.0925356721226164,5.9258968421639455,8.661402947293036,0.14908216023502585,5.794117692636829,8.573257816995895,0.2898530444519429,6.29755132580351,5.239880315772552,-0.013844235357480101,6.440726727863841,8.768827016626329,-0.1332046906591502,5.898738558634401,6.250196535951743,0.13754476581972272,5.981907065391297,6.220779425307192,0.15041403226632646,6.043724958531307,6.204591473761641,0.1718434732124101,5.367256553397214,6.150558606179104,0.4522864979887953,5.965879530303692,6.0890537479327245,0.14579429589073023,5.874251654730922,6.048054717558263,0.13135977374657873,5.78702260638228,6.043792541390904,0.1392692311384375,5.7033034107199825,6.076912598606365,0.1659091666674054,5.654481107345529,6.124278528489934,0.20055536182290956,5.265028937565057,6.1572277718844335,1.011411378138904,5.679297384855946,6.262013881687065,0.21095778426900844,6.3660216746011455,7.230029915777347,-0.3027754349252013,6.075011366512196,7.337392343601336,-0.19758742526692114,6.137486892862904,6.970872671953602,-0.2843476175271067,6.244151212027314,7.24641393188261,-0.2925350767334187,6.323959142524008,6.000859601495655,-0.11065786971074927,5.75909751733038,8.364665920189188,0.17041359210965346,5.89230890361281,8.475586474170662,0.04237399170064543,6.217387656957945,8.631707335853442,-0.20944025664521138,5.533257880619379,8.259145310956425,0.6861619966400049,6.040194311118931,6.146340990138953,0.1623334253346323,6.186777820241819,6.420658331907339,-0.20955959423588788,6.431389153207594,8.629500866887904,-0.24505867486781577,6.067285383123272,8.72736975961042,0.0073978869692241924,5.3454358304382925,7.490471233933444,0.7149364202831916,6.214758238118334,7.646516343399971,-0.20803791230856475,6.201523509003433,7.6835042196570065,-0.23099306183929985,6.193141749075778,7.735628428457506,-0.2573831009257144,6.188028474478764,7.806871902504997,-0.2529782395176947,6.1572693613364935,8.014300779991599,-0.1926478307282165,6.066297633636848,7.680435512230011,-0.12265161088713214,6.047388543656517,7.6734625949908875,-0.12025178114043482,6.03009104494351,7.663695015107092,-0.11728506302542471,5.913396241144782,7.59104047036471,-0.0854496661544051,5.524719417577713,7.365704363091151,0.17300715397190353,6.185136893557417,6.296844305118491,-0.10366585195876553,6.132679597806044,6.066191432000338,0.10245791278125964,6.079145803648227,6.089059689283019,0.14481593420193925,6.086047424683819,7.686454842746904,-0.11376288667889847,5.530113792310526,7.769742919178472,0.28684973829498384,6.212076832463647,6.05240972732397,-0.03553873798472222,6.101432551270856,8.211391707966154,-0.15717707594798458,6.330450810389295,6.41302815279191,-0.41021704980858076,6.244291576428016,6.327199406440751,-0.2744192730593721,6.32752766604451,6.285141330376334,-0.3003989876410879,6.13317495788683,6.656870080894577,-0.2266027985146204,6.421825807240165,8.452109971151604,-0.2835189848282514,6.4154797024570875,8.241903512402427,-0.25778042872664436,6.253851209051512,8.249616127753187,-0.23201327987674605,5.868490772951832,7.9850448284737805,-0.01718128555312549,5.970490018132053,7.1166437014237465,-0.07243462774999522,5.978243480266087,8.125430766570947,-0.08656465569156492,5.730720514321721,7.148552465847961,-0.020557240279103613,5.877607032309617,7.290524001804913,-0.06845612785078882,5.6571331775831375,7.430008339994923,0.040714167576880414,6.2244845998844625,8.459367330536066,-0.24499953986566803,6.0854725990428475,6.762929124997759,-0.1603767367696497,5.78430926596976,8.147627651270374,0.06982728590049038,5.9202488460404465,8.28643838887077,-0.023929182853003127,5.7796144852341,7.813855959775923,0.020786590035397554,5.4367425017607784,7.619429727408351,0.4006457201516934,5.657543873422229,7.886569918021247,0.12737591270706772,5.4018771728963735,7.800154463328528,0.6295105253320635,5.802360202166962,7.5154308465197115,-0.03552262555330893,6.136437130532783,6.538219830180245,-0.14431172011671126,6.141335402516023,6.899465810773019,-0.40345129074417097,6.095800893860666,6.968347598078533,-0.2979617111416569,6.1736786281805065,6.782442747370532,-0.47376415438502095,6.045579402491909,5.945726098771103,0.08362449378778228,5.869077109958998,5.866146538926345,0.07294778287116412,5.717805504119531,5.859405705683091,0.08310960964084416,5.599441180888111,5.910501318213894,0.12820568261750276,5.523285695484825,6.002245792786189,0.1953101938910423,5.501131142906244,6.29123121442797,0.34475713214657727,5.275933543361419,6.818292855046214,0.7857873938768665,5.586547336746345,6.480945956012178,0.24086352455846444,5.687768636372408,6.503979828434312,0.16971273325472458,5.816747553238953,6.479863887589833,0.11984044707035411,5.941323186868648,6.424870749265983,0.10052950365117384,6.040280832032592,6.358702673707381,0.09457882358026048,6.106937212318505,6.299633769081655,0.09003049364809365,5.273606019383635,6.8987981515337,1.1797217554527821,6.107640890993984,7.0225594488386855,-0.25016640265732865,6.187733263636018,6.5352848031348705,-0.3024906446538689,6.204581076398626,6.8832563218326515,-0.4883001320479672,6.2659879023651515,6.968679571026226,-0.45839559859528967,6.21092792385049,6.918620724121776,-0.44065430886537893,6.140445685309454,7.074255880417997,-0.2222114908119595,6.2784001257986874,6.977922084077765,-0.48673760333737087,6.294783399235163,7.028694635686316,-0.37185855509713345,6.107448168443813,6.185332958117129,0.1537490908911823,6.154892078549994,6.208673181413811,0.08369696781759269,6.183731021544033,6.223504277085906,0.00426660969694227,5.629067724130535,6.164035073984103,0.23575811760891027,5.547948983225165,6.124001141698069,0.24412163573448947,6.4134440473125105,6.432061268459635,-0.37952178297357364,7.04375447334474,6.120742682396051,0.18824552224415136,6.431046040228099,6.999562709855891,-0.375981643325767,7.4178716466812835,5.595795791148177,0.7300069802222254,6.771724551439652,6.2630758980521675,0.0807184192208931,6.874818119077201,6.274934833239549,0.08273129532127589,6.9725488754053755,6.262056213807911,0.10858614871321356,7.091469457558098,6.182041078719704,0.1959738380772334,6.675779913543695,6.232048681477867,0.09643115557650002,6.906599887138875,5.808242138958298,0.0608403379431045,6.784440526406984,5.837763965901786,0.0685502785258135,7.017459542279833,5.832943674141158,0.08917507845611496,7.090016797411146,5.894470069782355,0.12795723669992362,7.183730458271602,6.277583190133224,0.23824786829980754,6.801927405660622,8.333559980723487,-0.15691733914400635,7.07431306591458,6.07782273920457,0.22308008837490365,7.48444299139111,6.259379635500339,0.6997711236570435,7.300924335495049,6.185721745227011,0.34957018288653363,6.854705162993492,6.846389500587861,-0.08223643422108147,6.496693504967166,7.429983089256172,-0.3394525739201668,6.493614400177155,7.577611533362066,-0.30306974064036446,6.619407639282786,7.489045309862817,-0.2885137573369742,6.710094182168305,7.553352257441737,-0.22256370148409224,6.590474748687218,7.591385068681779,-0.26728405948193634,6.673970772379087,7.60711330824831,-0.2038075548570399,6.85586298363209,7.802323798854727,-0.10298557895427034,6.419205671760388,6.879767263872336,-0.5489010695472316,6.4275369302105405,6.728901526524846,-0.5692190486328926,7.227728385207101,5.790451879505259,0.17341415967546123,6.635498301217267,6.479116762790327,-0.05566560750398387,6.6498904796363725,6.878902054735732,-0.30150879010094006,6.654527703541057,6.811214478839367,-0.2650690730337499,7.172846647201268,6.839489364889842,0.040345185934996086,6.4173482571246385,6.560804387986375,-0.49269631351454135,6.974682562829809,5.6341379239379155,0.00949253931607686,7.121582448855866,5.680020001585488,0.08249108838555015,7.298261867894425,5.297429720060515,0.5532406225188133,6.526684698583901,5.810391422427254,-0.07299860346415982,6.679564553681151,5.913674741939826,0.10055915238164627,6.931970938233021,7.655982399756331,-0.06643486771605521,7.4825172512269775,7.794505724536242,0.8108898773709918,6.575340644150115,6.9722354691773525,-0.26618296017192933,6.497774088051938,7.0222326745725,-0.283220594434761,6.818930807534062,7.660990215385622,-0.07372286218797233,6.796704216083163,7.653549416810824,-0.09901886892205414,7.17657930052365,5.585440388919642,0.14567349617087977,6.655346867212882,6.963920549440508,-0.2514359021147391,6.779431225440119,5.674099817351633,-0.04353545605797829,6.795355529566361,5.53868270477245,-0.05176428713760412,6.863848901096388,4.928356753123815,0.19604123526963413,7.226877286777445,5.425475473596464,0.32231911217544035,6.812528259923189,5.201267851544424,0.06736523443450022,7.287662498969431,5.733546369055437,0.27217604198888823,7.348449939167777,5.665069336238721,0.4885512469314988,6.497852810943337,7.511036475308305,-0.33321041955883995,6.60448668068749,7.543675283149929,-0.2841246312238745,6.692351824852014,7.581074597914844,-0.2229743973231843,6.552933584184028,7.006712382266269,-0.24784505211383484,6.810473295390155,7.656449538423219,-0.08719714260131042,6.756418890412801,7.671763368806724,-0.1542472011673189,6.785084420245126,7.651463260188745,-0.10159283129085295,6.530748582185188,6.891591293626738,-0.40155562866590244,6.659854866748666,7.624818532125262,-0.1870885487121386,6.580018714838074,7.616469449624226,-0.22762164725649095,6.488859091935372,7.620898726268612,-0.26069199208003585,6.5337185146635415,8.032346146172898,-0.23097855658955796,6.5128621471242605,7.811922792923921,-0.309707551797851,6.506585110538354,7.73355563987359,-0.30999187790119165,6.499855788661296,7.668422101934978,-0.2760647485900924,6.488898453381071,7.624071407325757,-0.2550750952119832,6.661672919938716,7.626704910843696,-0.18325843171569187,6.677415270212196,7.649981635959109,-0.20501077112522983,6.692959327919604,7.688328596095961,-0.22749126246761103,6.707692391311843,7.731023139310653,-0.2157285725133168,6.79128570461478,7.380178235076802,-0.17862431773655146,7.559278011691493,7.018970130592154,1.044871948993105,6.724433631103548,7.639550852848715,-0.13694265870503664,6.737695467629167,7.6561435588830635,-0.15128669129919833,6.478193625488354,7.084508423019563,-0.29454893919078395,6.620785289882272,7.069373575813673,-0.1839769289543069,6.487162836426355,7.05748270586846,-0.29055892792538235,6.74981507956071,6.567593866035162,-0.03350028332694457,6.923039603403145,6.663886072923335,-0.017105128640405632,6.675437543232987,6.892330991738376,-0.21307617735811366,7.120141671409503,5.0685399426421895,0.3597144118872268,7.055884482639298,5.264386529064487,0.18581740145835743,7.008854981716143,5.510018288943305,0.04324111843126574,6.767997096798778,7.889904500873912,-0.15993457034071762,6.556833337983435,5.607809944111997,-0.09691644901396468,6.569137874442887,5.208030222182494,0.0004747736864049823,6.594927048063994,4.877003434523998,0.10374008402484464,7.0498577254345385,6.233042372314586,0.15235558895477833,7.296085105680358,6.386518590447623,0.2845110742853981,6.611968326045561,6.198752240425545,0.11514520216670149,7.191691124997149,5.983169230994438,0.2165670223651974,6.5569863277535125,6.378735421562117,-0.08331718556675054,6.587180269949041,6.8036503972459625,-0.39442289838722255,7.412921759217363,6.5055966183831435,0.38376107565893947,7.227882860314752,6.478731317689986,0.18053693355071831,7.096053951978921,6.526968398060453,0.08444149907844446,6.900527084469334,6.508934914579742,0.0436426092388716,6.751310814497295,6.4537486823713275,0.030263564493238877,6.635283669937887,6.386110865283678,0.011931557170739376,6.420526879532078,6.178527141355032,-0.16713786575834189,7.414085521206254,6.827599980282202,0.32126338528662596,7.270752673363125,5.975757767836718,0.26761415254926263,6.389804899829146,6.974953636936985,-0.5057639421524154,6.629042281453747,6.612215634751561,-0.11205907683581613,7.535288324540766,6.302364562210664,1.0475681151899294,6.550966254567834,6.306373488321729,0.007268066434559224,6.686236690061627,6.9179018207361676,-0.1095683513921362,7.129569851657738,6.090155868412314,0.24164536912375226,6.589051052622952,6.721575841612,-0.3480508682159684,7.540538992863336,7.400139686728007,0.9561821639744549,6.602648575440197,6.15046725791833,0.14805321583933492,6.504326654757741,6.6221659111569044,-0.43831272059744525,7.257796073708875,8.063265675773115,0.243529891170219,7.267437399898917,8.290572826006803,0.4054413181751603,7.520384447327567,6.922175136935328,0.6829780827174596,7.378343100504656,7.873170687770074,0.38826013996088293,7.419830064272036,5.941924377251551,0.626728163139173,6.839250225540497,8.513031834400358,-0.11868324145434547,6.386041054417721,7.034997665679759,-0.3765915832753137,6.723838010736547,6.7319791459772835,-0.08731541260560592,7.386068341224793,6.220081687982008,0.4518391328783557,6.956750824972887,6.171197743098251,0.12538142926335763,6.876688901751112,6.185389772279318,0.10155854088046311,6.772084003132456,7.696160038452609,-0.14114239267330642,7.414975238412823,7.148443293536303,0.3190880155765346,6.655569667848917,8.739399508618762,-0.10750916293037749,6.9765474041534254,8.581315030663724,0.10999936618506671,7.114713505246892,8.466048378941984,0.2398947131261035,6.785302764868441,6.179439138625203,0.10087373063384865,6.699693848478169,6.166176930765191,0.11874463927545295,6.6378436492459345,6.160300192655362,0.14390275330338842,7.345387915759862,5.957573893926683,0.37463137863779367,6.704353352446458,6.032827408088418,0.11352909686565854,6.793040630957953,5.9760024772019635,0.09411751602376901,6.881126347752152,5.956685662057688,0.09521160059500082,6.964011897701283,5.973900724535363,0.1168019917922205,7.01974250613041,6.011667289015342,0.1479930132508062,7.488003345554957,5.91472487560434,0.9178601760755579,7.009098577078209,6.147782138919709,0.1587592505688313,6.681690071748929,7.286488339617524,-0.21929693357502125,6.575356982863425,6.93441728921669,-0.29985651450914075,6.493363378127222,7.22554345363638,-0.3014459417548584,7.122148362471396,8.245796582182754,0.12305796675550143,6.988713804218536,8.387763662126986,0.005633494137438621,6.650449709232822,8.599355198163517,-0.22385137311837938,7.384317128225554,8.090635991241287,0.6106783944047632,6.634868518086074,6.1016572085788585,0.133490583329463,6.4886452033247775,6.392664917327055,-0.22218254993767447,6.827110561551711,8.670672196420899,-0.020960579055526587,7.508016041352451,7.279217612194899,0.6298020692476758,6.58255344340737,7.6176881691033405,-0.22298200967824885,6.596377480204585,7.656716899186462,-0.2460197346947146,6.61003738719992,7.710441559222483,-0.27340070281829654,6.619188551990684,7.775679070791243,-0.26952413421007637,6.664352468921435,7.971992424546036,-0.21073393925499154,6.742609706991323,7.632600958341982,-0.1486850761222916,6.758427066812268,7.620289737863448,-0.14883558259361346,6.775388879233649,7.610047592624897,-0.14772506067337413,6.882103699875561,7.508045748103922,-0.12085632513707753,7.27516115528148,7.195261876524011,0.10980284906156354,6.48624935381861,6.266908811660764,-0.11663967224550882,6.5326646676550935,6.030943257376345,0.08540501319359965,6.591105274487199,6.046752819175029,0.12099196662846393,6.721715463343916,7.637418650761855,-0.13837120532481703,7.311723482323688,7.601960672205596,0.22215590669494856,6.443731565775173,6.029962563243395,-0.04534061117995728,6.7390991116361905,8.156459468482822,-0.17807115713659444,6.4174633707865905,6.310326714273784,-0.2810012680158518,6.563346543243539,6.615253150089511,-0.24246555396515787,6.581268626406232,8.224970664063731,-0.24250215361130661,6.968635010899019,7.888222356071844,-0.05344266057473908,6.7784107985270765,7.043894095076656,-0.10018697088166888,6.863465684002406,8.046710845846894,-0.11551371673954412,7.03187919944405,7.024497814372194,-0.06490036895006014,6.892940722812327,7.195208404371363,-0.1029045700355118,7.136458104655168,7.286874527386652,-0.009578332791462748,6.626861805895746,8.426418087141567,-0.2586962553827481,6.6276549761600325,6.714438794570997,-0.1812624397260086,7.070275918389616,8.033065049558507,0.02667230254324194,6.94010687479225,8.19890298964758,-0.05721638116018934,7.043272481302117,7.694424421497892,-0.023489502623876814,7.402740512819328,7.425815974693522,0.3274805674099972,7.184358756065222,7.746134963784153,0.07393040910337922,7.472030767957574,7.600554800192212,0.5494442389311663,6.990995282731539,7.403861200018587,-0.07658063427322101,6.55521283469067,6.497895885732971,-0.16222608648654227,6.555993379585582,6.862518781299256,-0.41933349483356236,6.618609270336992,6.925359700693062,-0.31622946020779985,6.509392398552401,6.751601197992928,-0.48794411519830216,6.6123842205661605,5.889845471247045,0.06010334361001861,6.782984895584885,5.774913763148144,0.03987939045423447,6.93320005507515,5.743474736731572,0.03998487553140746,7.058121401025095,5.772934550831363,0.07508996456984605,7.146710647256734,5.8495794549651405,0.13576450750840072,7.203286412765222,6.136797696228767,0.2793828302706503,7.514820372776974,6.588107863263735,0.6959221034191332,7.129731753453257,6.3379213157155645,0.1812531795745734,7.025067441331658,6.377654838477345,0.11780638170114835,6.890425303631486,6.383264215823932,0.07746497873528495,6.757513584204522,6.353935482765008,0.06733067712751513,6.650720783339998,6.307312221668225,0.0699594403298388,6.5746373368090305,6.262519639130866,0.06982442546524127,7.5541483983811695,6.660326461428275,1.0841087191701244,6.6162772903464875,6.979764645337778,-0.2686178694146025,6.489765147855249,6.5038223826515145,-0.31507317132357493,6.4841550278398765,6.858198676966528,-0.499061495602079,6.43431452555874,6.955078334865047,-0.4639988953411844,6.484697918723016,6.897208097661193,-0.45135653741734305,6.590927033978371,7.038777849804495,-0.23697395924647552,6.417828021160902,6.964148548758051,-0.49196859093709044,6.4132257026891955,7.022808242882259,-0.37619843298630945,6.567147522094304,6.152065481147491,0.13240967532709674,6.51932782158201,6.18033962452918,0.06793864436309693,6.489449513620865,6.197924907397066,-0.009105650218123682,7.049870350803914,6.045091469098991,0.18100085785426323,7.1356211169324615,5.9819583095375854,0.18491576673860116,5.7979090167933665,6.139543342733511,0.15324419215816648,5.905089862098985,6.1243093492445855,0.1531754488785897,5.790557338472982,6.007421822895687,0.1532540093111918,5.69221388039571,6.154740202783097,0.1531926230942841,5.806063520072264,6.278694222638254,0.15316529520377037,6.882022748977802,6.054973419975951,0.12045551607620954,6.988926207491557,6.046326898625808,0.12005596026891925,6.879040191130073,5.920903137241604,0.12006801703250472,6.773495816496134,6.061224834488714,0.11995248561936049,6.8818036616857,6.192466291814197,0.1199712380062268
6.386563150790647,7.4733101530740464,-0.35126712080912526,6.348780359897132,6.89346250716049,-0.5579064584831042,6.365857411501738,7.099175583846244,-0.31730026230602726,6.2561146895777435,6.455606309517032,-0.37240359491249575,6.341729573751592,6.735666240199062,-0.5796000453856405,6.337271556668214,6.558350264164605,-0.5220821315664477,6.332345369762777,6.1537081144527335,-0.20142767400155015,5.651356321933822,6.2425823523401505,0.24352271303136716,6.323644099212807,5.845593664528882,-0.1031768723967198,6.3178833810213835,5.648443265263236,-0.10524447149653306,6.292089453206071,4.889811968079405,0.08907708825426641,6.3894368217460435,7.5318908309674795,-0.3446319979396284,6.393445247174905,7.590261204004337,-0.31512680248528874,6.395514111912382,7.634724703945955,-0.27098684133141443,6.395901280923957,7.634676400710346,-0.2658088970330743,6.396608737543957,7.688149568783132,-0.2869109318583639,6.399752163492063,7.757566520240462,-0.31739375693418237,6.40196222230286,7.838355539613601,-0.3149520283741374,6.41292334115264,8.05628413302157,-0.23305029287877974,6.354951284027882,6.992196550125797,-0.5107797782243403,6.282483797460156,7.017788347478252,-0.37123760589485044,5.29830908755624,5.820130428095817,0.8192482351307048,5.9269846165303814,6.33499610270767,0.11748216590625184,5.827667590667606,6.364167541382117,0.12636551410948904,5.733521611958472,6.375053604435028,0.15844467984270855,5.610400008460782,6.314946544296344,0.2550079916556349,6.014330614355794,6.290391408692733,0.12479208265493824,5.754872013661088,5.919466775252836,0.10560693154527748,5.878202807325302,5.9253118383249,0.10333903657665203,5.648487109738635,5.963545707126335,0.14076992214285763,5.584684852075847,6.037053942639765,0.1839415659817335,5.535826129257143,6.435026901767409,0.30197345986555313,6.059214724010563,8.408515042717356,-0.1348105452836369,5.6178390783079495,6.207251136435478,0.2816673137377628,5.277754574551123,6.4888032655344805,0.7882505625868786,5.423715805661597,6.366977303441169,0.4223494656503392,5.8853680349829,6.940839806899396,-0.04711690640093357,6.2698714510792435,7.4447726014761315,-0.33164634650466873,6.290416675000589,7.596157171255466,-0.2965389046280391,6.158626870091154,7.520833105646481,-0.2715118603461513,6.083215115531371,7.601811622328548,-0.19938094050615748,6.201344022283823,7.620062814121809,-0.2528749625720097,6.127591669648893,7.655120559400263,-0.184642566688512,5.96851090818361,7.8826652123279715,-0.07301092119103952,6.2716519826564685,6.901001527549034,-0.5448353242547419,6.252312853371948,6.750052430016884,-0.563717616399404,5.451484221123272,5.9644259407044755,0.23998542993137045,6.0693899863733165,6.536945242649415,-0.032080692626364385,6.0703865192802695,6.9364850844275505,-0.28070724048461115,6.063287429899121,6.86853209257253,-0.24306360006598549,5.585775018947213,6.998909213622072,0.09920259596207112,6.252648746641108,6.587088459971973,-0.48554059449183234,5.673877891318286,5.778972355723272,0.05257461758258544,5.538131679849106,5.841677758374379,0.13811001622774127,5.377167463758415,5.50136177064998,0.6328337873242292,6.121978090544402,5.870346843398491,-0.06033944398624713,5.988671564036837,5.984152982127272,0.12931671408030923,5.884333602614161,7.755191487301893,-0.029906338731312904,5.431412740474247,7.994464165835515,0.8936522169921717,6.147702907576457,7.014454681094516,-0.24970615420249911,6.22652041181004,7.052823798955656,-0.2755315720117949,5.996498174458931,7.732734198377124,-0.04259606318003795,6.0178474614714945,7.721889007292806,-0.07145325795619,5.482528710649304,5.756095943338756,0.206852173805882,6.0761910819470915,7.020037048877536,-0.23084641130869119,5.864116469131607,5.785691707359862,-0.013986918871797057,5.839553902260978,5.654621249097652,-0.0215277099919343,5.7414819851868675,5.04676627248783,0.24134367976036603,5.434100258190872,5.613821363795316,0.39194949920175803,5.8003361337065185,5.312862480881941,0.10386868852191972,5.396489129565445,5.918480274556356,0.34293945720842395,5.34869159167674,5.871387963907545,0.5680890127766176,6.277813989266798,7.526107818975006,-0.3258668643640281,6.181466126140586,7.574431119005149,-0.26858082929846894,6.1053866722393435,7.626095516686047,-0.20192728737217336,6.175083410899856,7.046009327101251,-0.2354538200818165,6.007698580106651,7.726999489620259,-0.058330563507221295,6.058041698511961,7.731324487024037,-0.12971879207133694,6.031069914874487,7.717730470270205,-0.07507561745217435,6.176277987072807,6.931041681337745,-0.38770187986579296,6.144889801447248,7.671760652504282,-0.16951135751819096,6.218644011898934,7.646461647072289,-0.21482290436268262,6.30321405993022,7.636459161667676,-0.25435875436817035,6.288995073620276,8.066028010333998,-0.2253884475800743,6.2918568545484455,7.836933195106586,-0.3034776179778817,6.290827624066618,7.754366616663028,-0.304175622955144,6.294552175095439,7.6907044383835075,-0.26979860495813757,6.301763476608541,7.636066790769189,-0.24916450772781212,6.144149647252375,7.67239676896092,-0.16598090189476594,6.130046217144542,7.700371773645663,-0.1874056162675506,6.116913682072453,7.737838735690964,-0.20900726446346338,6.106876269712862,7.784145189852748,-0.19618122271039892,5.984837030256168,7.456212293921793,-0.1511191690446416,5.300627642865482,7.245753610119111,1.1404822154093657,6.360240859890441,7.051041781125028,-0.38452466487546966,6.088638454200232,7.697000207800141,-0.11407670651632033,6.074429500100759,7.715643027365186,-0.12773452766430426,6.249413172981993,7.111606607311947,-0.2873654931726978,6.118559336153323,7.11456722409144,-0.16794819050120713,6.238732956025449,7.084657117475522,-0.2832799219031178,5.968307663030701,6.648865325809331,-0.002468674341505007,5.809514120035617,6.775389334910663,0.0250115750545704,6.05322400810497,6.953457355167219,-0.19061685252718522,5.5179751111927375,5.23934421315804,0.42468381240199143,5.578490147890643,5.4238532841014075,0.24125527090557553,5.632304411119501,5.659833168219885,0.08991825542947193,6.056806621933769,7.9560541760057815,-0.13603757519301238,6.076994030348257,5.678969423914846,-0.08309187613080757,6.036173337498274,5.267241932665807,0.019161225913273083,5.992760618712831,4.939827367609274,0.1257712217525299,5.657513498220591,6.362190824355649,0.20791616868372176,5.440399743241014,6.564361416054494,0.35629246868381725,6.073707924073428,6.2445769044074595,0.14113274214359817,5.501411560138993,6.142036566476148,0.28097908552116946,6.133622885959727,6.424117801786746,-0.06439991150693597,6.115119031087896,6.851748576015088,-0.3776092206804735,5.349492682261151,6.717074696376431,0.4624890828782325,5.5070325705105,6.647070674824774,0.24737457095326876,5.632929009112263,6.6711888519277975,0.14074799990515807,5.820661020560817,6.61495496815827,0.08607554725508476,5.959475230617883,6.529637334665093,0.06266666136610513,6.062497486215235,6.444226810334206,0.03655574937278501,6.244257359925737,6.204094334206741,-0.15934135509912317,5.37071600929778,7.032026655082441,0.4014144253285428,5.4306398887044995,6.153330977651631,0.33867943694562463,6.312390188442564,6.99035805466584,-0.5026918658757685,6.083472980496854,6.668048398486498,-0.08938431889431488,5.256442072310292,6.542412425793674,1.1457928774920838,6.138110999674524,6.350235401979021,0.02659966874728598,6.0493760980436715,6.978092748454613,-0.08727522661843203,5.566165391543281,6.231276051137441,0.30230350101193676,6.113510161778758,6.770777490600037,-0.33063474205929744,5.351067367742011,7.614439574370197,1.0466537375835234,6.078277781725409,6.192944089611384,0.174814727670149,6.17916317649208,6.659793747084237,-0.42597341590191934,5.626157638606555,8.214608763067893,0.30254557453500897,5.648372296663226,8.439953017831927,0.46717728345745607,5.302645603423894,7.147718106253383,0.7712380701144811,5.501861894920211,8.054821659672664,0.4583650548018406,5.312081826281826,6.159714436019062,0.711506614078078,6.042580204356808,8.59084117897454,-0.09283906848500624,6.327650295261563,7.0499553298871716,-0.3748081439147473,6.0041412325857095,6.803867436372443,-0.05952526159939636,5.351905614661506,6.419644179042633,0.52917499726147,5.738694516928866,6.279758751845095,0.17446951048315448,5.819474247218234,6.27692520973159,0.14495681409366978,6.046041688533233,7.763186787485268,-0.11444526252628946,5.400964610126313,7.350594668318824,0.39622582180657545,6.235814697467951,8.786274583995953,-0.09378014556184623,5.929720809045968,8.673895248534398,0.14809312228133656,5.797251043204494,8.584455491227002,0.28929857472815224,6.302505117056818,5.239461255613554,-0.01399044582079136,6.445773257000403,8.784016221949548,-0.1343382534306551,5.903762650229584,6.2531511002914435,0.13812327639482438,5.986169456432281,6.22510066824648,0.15098569652220703,6.047585162692623,6.210327680980433,0.17257877553834106,5.3689596293383595,6.151877050259794,0.45225975804793217,5.969909844199522,6.09475958884197,0.14645154378597078,5.878805854643715,6.052609442322681,0.131592911167555,5.792393967082314,6.047865321459156,0.13950109135651265,5.709712203999996,6.080728613587549,0.16609144199164083,5.661548304647362,6.127806804829029,0.2007985940258686,5.266241312561995,6.15212302519805,1.0123150602797817,5.686313373544198,6.264709693009374,0.2113745410170838,6.37252474426921,7.234050107694353,-0.30317012608235216,6.077973842904422,7.342924857630785,-0.19830349967955924,6.1419046614866,6.978011747644129,-0.28487652962167725,6.24924374009401,7.2505177954035815,-0.2930967881912763,6.329540809590637,6.007778837790433,-0.11100261196720981,5.762160971914517,8.374424105277786,0.16931983983354237,5.89602001312478,8.487031580636758,0.04085311175234377,6.222239258881661,8.64507233628304,-0.21139256183959956,5.534716269528184,8.265514428386375,0.6863781562241202,6.043676316241786,6.153096521177251,0.16306856512817267,6.191560016129505,6.426946142013341,-0.20974423714714507,6.436649890483878,8.644138969145729,-0.24694049206864993,6.071584439523377,8.740879203170428,0.006118771005344077,5.3456276802857134,7.492085992318692,0.7153203403110996,6.217825086273682,7.650300639613167,-0.2104499056185185,6.20439009863401,7.6891914324188875,-0.2336652070017105,6.195847114071497,7.743811244992366,-0.25989332981518853,6.190822091314737,7.817499688730953,-0.2552526661221631,6.16218607542885,8.023008405573744,-0.1943624433307466,6.068264892546973,7.688171119457481,-0.12416778655739877,6.048658237649848,7.681102498271101,-0.12184890613022525,6.030772664193814,7.671065829038211,-0.11887237018341966,5.916202591215707,7.5965666340680915,-0.08692714142682323,5.524447001637669,7.368679399730908,0.17282001304387393,6.189715575655935,6.302635907356313,-0.10384828737168766,6.137046099111016,6.073672997118449,0.10294358866916585,6.083218459601528,6.096088299384573,0.1453948640616007,6.088815318355231,7.694295226606025,-0.11530200633384348,5.530692981565289,7.774384220626182,0.2866158408896686,6.217744085463199,6.060840685233839,-0.03557917928742377,6.10608409664887,8.220859944882426,-0.15880758112293208,6.336250500580106,6.420221588489838,-0.41055200414323756,6.249630909105585,6.334000312927419,-0.2747534486870077,6.33313382719326,6.2922343629128985,-0.3006771914480195,6.137136017441919,6.66322327681249,-0.2269744657431348,6.427431403749537,8.465219325689047,-0.285568473471779,6.421126716812484,8.253116102495547,-0.2596918495881956,6.259149619027404,8.260070282169869,-0.23391478145992783,5.872536837788342,7.99206015095558,-0.01897789713653637,5.972729266905696,7.1221307676611385,-0.0726377322505396,5.982765564575235,8.133792248006792,-0.08819941497984086,5.732100753704859,7.152168692069744,-0.02056949890979484,5.879620693072106,7.295356574329548,-0.06890963975853186,5.65794191076411,7.4340648888316245,0.040407325719334815,6.229666438701602,8.471323368416646,-0.24709278659707548,6.088574916867238,6.769167878164198,-0.1605533947495632,5.7876019145465305,8.15559409918068,0.0683859734666191,5.9241061152514245,8.296332635831746,-0.025622872240507823,5.782650089769886,7.8199245111585345,0.01925045772282891,5.436635434933653,7.623085853544243,0.40066228821560496,5.659487985866955,7.892600073202732,0.1264942027537815,5.4024958226951245,7.803837304320566,0.6297709906232553,5.804145029615979,7.520013436894528,-0.03650838085123027,6.140533964285351,6.544007918822181,-0.14433617557286516,6.145813136374086,6.907065441434742,-0.40416037138208805,6.0996300412447795,6.975450189903439,-0.2985796234416901,6.179072515034474,6.7896766888771625,-0.4745375354288266,6.0501326010259815,5.953390509184527,0.08411068542177876,5.873636293743478,5.872981227555947,0.07303131072991687,5.722147314662558,5.865503886683643,0.08281365065483406,5.603695519358225,5.915817651584237,0.1279069214477393,5.527356342674746,6.006828378738984,0.19521801439147451,5.504411934197026,6.2936604230534225,0.34480786351812287,5.276089599176009,6.817276414577557,0.7862156030051657,5.59042290490287,6.482490404203709,0.24108706882119216,5.691730395636094,6.505651434114969,0.16995856884499103,5.821403404135795,6.4821151252193605,0.12008180889040382,5.946130161309114,6.428073465219789,0.10107636671764776,6.044546517609453,6.363380570205038,0.09499202265332028,6.111150734500924,6.305508835185008,0.09050159827893602,5.2735057476342675,6.896223222857231,1.1809006909320643,6.111130670079979,7.029821055031855,-0.2507087250139031,6.192673963055324,6.542005192361153,-0.30281312337032323,6.210361493245359,6.890669093888875,-0.48903774874993833,6.272080766763338,6.975717715516043,-0.45909304029697384,6.216524614545742,6.926061246183085,-0.44134712821543703,6.14394417271936,7.081266973462458,-0.22263170296664528,6.284863289158935,6.98493471599698,-0.48747179500782317,6.3010010286126175,7.036161412050588,-0.3724332967578535,6.111059701479968,6.192633091086731,0.15446336692710336,6.159103957433632,6.215576013311048,0.08396122406390337,6.188817135473604,6.230848381720624,0.0042052440597920605,5.63636931417769,6.167430692125956,0.23602769967718887,5.5528552491894905,6.128154959688766,0.24448269339368112,6.419541627557801,6.439142337441313,-0.3796838214271791,7.045869619281335,6.123784631556186,0.19038508988709876,6.438660048211922,7.006942413267233,-0.3764039852838957,7.423296239797581,5.593605345002814,0.7329499066184046,6.777115618238666,6.2644287911161385,0.08256546375350501,6.87911718931126,6.275668582479049,0.08460841775293834,6.976732826590538,6.263357202412316,0.11052553623608598,7.0954881891525075,6.184705415433209,0.1980493735702941,6.682559433590203,6.235047047585116,0.09797270965943604,6.913630222717383,5.811784000545899,0.062188441916541985,6.791810948764387,5.841494949205766,0.06990058760386739,7.024018721745137,5.836506339657388,0.09065276650595432,7.096180783238474,5.89812529107064,0.12972614205887076,7.190025052506726,6.279285380136125,0.24023491149875006,6.80667051029118,8.344364630194832,-0.15819615040641546,7.076732414328807,6.081802431671477,0.22518123134385273,7.4927510907166965,6.260524403425512,0.7029182058959247,7.308237189449767,6.186921419257619,0.3516815068361495,6.862361911568481,6.849957640664039,-0.08095014433682438,6.503925150786967,7.4283034275135,-0.34022428124487014,6.500658365806381,7.579933229104388,-0.3041195401118766,6.628449405934077,7.488049328075167,-0.2891211067827073,6.719275837666808,7.553533653027207,-0.22306550317875096,6.598276232465765,7.593745725108514,-0.26816597881725607,6.681535404995288,7.609850766987322,-0.20447082429034852,6.860779794820604,7.8072973022435885,-0.10378689813931606,6.4261762627504,6.8868836064705174,-0.5495583588981068,6.434330592047934,6.736008078481834,-0.5697746563631221,7.234374110936286,5.791280391719846,0.17493038837445266,6.6426267771487275,6.48317185138915,-0.054788270107665606,6.658770461616023,6.884053036863818,-0.30134714339229346,6.663224763065894,6.816036879239155,-0.26475941634862676,7.181021329389171,6.8422462148807055,0.041996847608680186,6.423825009866285,6.567915791068629,-0.493027642456677,6.98194437414942,5.636912911359969,0.009800951475103995,7.128512739775166,5.681310273025138,0.08313708494038556,7.303720465356957,5.294224491640457,0.5556457277203372,6.533501593513829,5.818714771729117,-0.07335221954581812,6.686714254979296,5.918239873068362,0.10198313224130862,6.93717470600671,7.659720513683663,-0.06698836114514391,7.4888444736459645,7.801721622600883,0.8139100773600243,6.583953208417585,6.977858663543584,-0.2661259799075974,6.505755471853204,7.027524793523663,-0.28354923566434853,6.826494158185195,7.664090098689541,-0.07430656259541857,6.803929859015384,7.656343002824527,-0.09956597330783792,7.183177139950745,5.585237738341898,0.14683067774008413,6.66454604234148,6.968471487047962,-0.2512018824713055,6.78711884676998,5.679935117063679,-0.043540045998395054,6.802807737695847,5.542692248417316,-0.051684973001450016,6.869758994757004,4.9239586400216,0.19718351484928978,7.232555679897275,5.424625392744453,0.3243410626865131,6.818210524841568,5.200901897316783,0.06826065792087095,7.294087313923079,5.733460304005583,0.27365954295942535,7.354748003454514,5.6643090203441036,0.4911469745564004,6.505152796098142,7.511129357175944,-0.3341432986677323,6.613033985634428,7.544408800257278,-0.284931056543413,6.700772725921678,7.58260551272363,-0.22361834299938202,6.561498148872921,7.011970408530799,-0.247901563898307,6.817916989794405,7.65937867540089,-0.08777969934100295,6.763858237880695,7.6759771534096135,-0.1551246335780514,6.792230072224134,7.654248128652491,-0.10219983495433133,6.5393767532173115,6.898631696497376,-0.40176281241537415,6.666407574729189,7.628527027253944,-0.18786922282720647,6.586867751341574,7.62011186048412,-0.22860811368323108,6.495449047627605,7.62459737325546,-0.2618242284359569,6.539432487719937,8.041324992516753,-0.23227530461976523,6.519606610445817,7.820686216027756,-0.3118381649351323,6.513102765552714,7.740022785067201,-0.31238863603940176,6.50599252927104,7.672082426366109,-0.27846311395908474,6.494861234406575,7.625935744445186,-0.25715560460078063,6.66805805913362,7.6286407256393005,-0.18442168388779234,6.684122229043836,7.653538442652387,-0.2063625462003126,6.700467300847287,7.693580338719009,-0.22871609928206896,6.715791316562631,7.7379063602208165,-0.21672721298115644,6.798689329515137,7.383613273927869,-0.17863418991239924,7.5677600706041686,7.020786120592829,1.0484955771136373,6.730668713130264,7.6420184925229435,-0.13766267717603936,6.744409125844326,7.659488658152738,-0.15213181851193713,6.486103486227277,7.08958404750766,-0.2948000345915268,6.629810814051555,7.0732568107450495,-0.18367861524288595,6.495139163793004,7.062676915893231,-0.29090224215037763,6.757060857940428,6.570935114857555,-0.03237003307163763,6.930367665419321,6.666504924327109,-0.015854031966864704,6.68452203120934,6.896779081630088,-0.21263646304737413,7.125786951033404,5.064345677742772,0.36146620967175097,7.061148304267876,5.263391793224403,0.1873180318189448,7.016211432617287,5.510857072080696,0.04400722304962541,6.7730053844516735,7.89642123070277,-0.16067785686073988,6.563486755926617,5.616262906573686,-0.09738893138417021,6.5747094553753875,5.208028110822543,0.0008810772156308572,6.6004684562357205,4.872306503931281,0.10421709883146049,7.053714807870971,6.234786210112826,0.15435383701808855,7.303875778837607,6.387447471565646,0.28669656302763863,6.619737731610282,6.203175829603465,0.11661150008439602,7.197960159427265,5.985768911140075,0.21864896185441027,6.563785492860692,6.383566863929473,-0.08274357612913658,6.595655967715642,6.8099855985073745,-0.39453660192281914,7.421518680727162,6.508110440370828,0.3859921775523216,7.235572031179394,6.4796553758368,0.1827565807877765,7.103751758075189,6.528029951609359,0.08637398229393756,6.907329251413838,6.510411903765931,0.04502102204103761,6.757881269819083,6.456226077186233,0.03143073543490753,6.6420887534167115,6.389835880784846,0.012892210509320112,6.426522559793383,6.185071033770435,-0.1671998851353248,7.422887520111656,6.830405234016137,0.3236381344948521,7.2776567825489344,5.977235587224683,0.26972071599071773,6.396758849137696,6.982105632643685,-0.5064135837340384,6.636568065149931,6.616853656881062,-0.11115732165741582,7.543474689993267,6.301710714612722,1.0514090982384112,6.557758735310068,6.311600987885381,0.007993521468974692,6.695205963799393,6.921418933677691,-0.10871442035054474,7.134557332366631,6.093551264825037,0.24370926105619825,6.597244029477132,6.727404157529783,-0.3479860074168233,7.547790769876624,7.404202342324615,0.9595289128426986,6.611049837340942,6.155309552494854,0.14961345501078138,6.511427757967128,6.628853666859791,-0.4384644004033639,7.26281431293628,8.072346816678383,0.24457207760226757,7.272408821781671,8.301449806299514,0.40704110204115046,7.52887447968536,6.925067685782939,0.6859670213764159,7.384499080956272,7.881438310143498,0.39012196486065154,7.4269932951384385,5.941934096388078,0.6296716903177433,6.84369456882228,8.525531488797395,-0.11986641826046376,6.393172519675389,7.042449750200204,-0.37711281204375124,6.731562694552385,6.735993215947801,-0.08619502809508925,7.39379188036078,6.220628160192419,0.4541402401665333,6.959414258807886,6.172132826330836,0.12733941648610478,6.880404284758569,6.185716067747494,0.10334928940286427,6.7801289970139775,7.701105982826922,-0.14196571750805315,7.423509517160962,7.152663614453064,0.32128181906008146,6.660377844671758,8.7535614034613,-0.10836692733802634,6.980585938538749,8.593821860174977,0.11012173976456062,7.1190601681297965,8.478024885012395,0.24066441550961168,6.790521623936972,6.1803956521268155,0.10250901049629434,6.706506691551841,6.168542038108319,0.12031185304999263,6.645634954037129,6.1640308874657705,0.14544667392633345,7.352517880222773,5.958062918321341,0.3770510628593835,6.711649128327466,6.037713467587506,0.11498549241570137,6.799294977777006,5.98054250104716,0.09530252769539801,6.886268297561526,5.961477957078911,0.09656670813418017,6.967703837165127,5.978847057477277,0.11831980903530173,7.022684809315622,6.016280578821003,0.1497637872202603,7.494394143854111,5.913419953281267,0.9212842687040892,7.011219850562103,6.149881011939081,0.16077374342796602,6.689561916500134,7.289888648058587,-0.21923001726699573,6.583927198983027,6.940339682629165,-0.2998696913958065,6.500364087632516,7.2287248617501145,-0.30171979821047656,7.126443131910987,8.255977140297015,0.12318192448542785,6.992842327229557,8.399153875656292,0.005046368780981914,6.655456116526531,8.612558313704435,-0.22552481132983257,7.38989492393717,8.100249738073064,0.6129088884171102,6.64313210330587,6.106762571327504,0.135002527422474,6.494995740339579,6.398960733554774,-0.22198009696281906,6.831287325411031,8.683799641214389,-0.021447427634024095,7.515848954858313,7.284036525282857,0.6327102889554939,6.58898937807487,7.619433385805486,-0.2245744451692216,6.6030329864832185,7.660295693750763,-0.2478790146474529,6.617207385191063,7.716276171315018,-0.27504120127952386,6.626712718832251,7.783874691733337,-0.27088480074619,6.669626056474165,7.980101012945444,-0.21176284794142103,6.749658572864994,7.635641722295828,-0.1493038730714034,6.766191655723969,7.622858456773529,-0.14942596646621847,6.783857263676306,7.61195084304627,-0.14824008719794848,6.88837134612728,7.511370130227288,-0.12105890438956586,7.283584704248236,7.199368384526949,0.1113593127840162,6.492545651604141,6.272685671898505,-0.11643073451421238,6.539984630859285,6.036683865542328,0.08636292828425007,6.5988803944742305,6.0519710964859375,0.12231388282973735,6.727837400396862,7.641080666625424,-0.13897501570849677,7.31869967028272,7.608134887433144,0.2236655315449387,6.449443559780001,6.03756521381052,-0.045032978833554095,6.7440152686924355,8.165363242800964,-0.17910255712748777,6.423330087482966,6.3172613839720775,-0.28111879334108525,6.570730755014593,6.6209943588628235,-0.24203246532198566,6.586668593385523,8.23509676623321,-0.24419078393617746,6.9732453329795545,7.895088804526658,-0.05405305654422305,6.786822339216009,7.047663527139191,-0.09940574822414289,6.868075069650997,8.054473133249576,-0.11619300363780306,7.039675658222833,7.0282954159133055,-0.06363296411106073,6.900503632658908,7.199126125222201,-0.10218143095711003,7.144026252799437,7.291447727878712,-0.00842735724085419,6.6321590944288635,8.43808776981071,-0.26054488937359593,6.635704551922578,6.719326370282522,-0.18068840112022755,7.074824808085594,8.041651968265493,0.02646241963173078,6.944661707526135,8.208620648105756,-0.05805456741135282,7.048454213949778,7.699994265281209,-0.02368072221702191,7.4104854785873195,7.43147955103648,0.3295418349082204,7.190051061941285,7.753092154369647,0.07450608630914228,7.47914221142883,7.607486880949279,0.5520613954110404,6.99763400820199,7.407822112488498,-0.07632776852747304,6.5621677060311345,6.503349970719866,-0.16167096441805218,6.564683189916321,6.869369596365323,-0.41952145054167717,6.627419432325548,6.9308499546487115,-0.3162178285969021,6.51679461900666,6.7585270469228425,-0.4884642871633357,6.619920540778896,5.8954537505781,0.061240595419903884,6.790406439298212,5.779369928508671,0.04092055050052123,6.940405077778912,5.747075499870413,0.04096456914624105,7.064868396536486,5.776028830857918,0.07633951921844336,7.153154821202874,5.852213437187447,0.13747753412512861,7.209558137860385,6.13897191195842,0.2814055009116772,7.523555178754735,6.5901122425211085,0.6990056438115796,7.135657903011819,6.3395678181764055,0.1833114874295466,7.031119297379689,6.379076892397923,0.11963140444105748,6.8961318182729245,6.384594608157896,0.07904214911322895,6.763485931403153,6.355952275695045,0.06897450659164021,6.6575420731781465,6.31059628058471,0.07123170169689694,6.581758755267524,6.266989605730128,0.07102651744775026,7.5630449316820085,6.660431349794278,1.0879687025809612,6.625172217179668,6.984906477182316,-0.26854369618609436,6.496320735248675,6.510513712124061,-0.31498052263860493,6.491775029214499,6.865485273095642,-0.4995203868946738,6.441879273083599,6.962260434075321,-0.4645213486256518,6.492616991767502,6.904494223046929,-0.45174537503411305,6.599726072660743,7.043473778795119,-0.23689750625879585,6.424999150054939,6.971314689808589,-0.49257693611210807,6.4206028124878,7.0301599208078205,-0.3766660767824944,6.57530767237024,6.157365040951701,0.1338171822765209,6.52646864240913,6.185726471521317,0.06877216131872106,6.4958473635397045,6.204431342165953,-0.00871757361769866,7.052595659058241,6.04939318995781,0.18288353934021664,7.141266280229398,5.985583501028006,0.18697132837854694,5.804426674635916,6.143347813541262,0.17602155382232257,5.911422428707151,6.128415054034354,0.1759735292592265,5.7972536441479505,6.011058255924946,0.17605250969398942,5.699074345265447,6.158450005936154,0.17599096951400656,5.812472507435006,6.28270227671045,0.17596259136308615,6.885496932045182,6.0587082831633685,0.14438567477800987,6.992051640418969,6.0499735719118215,0.1440375199182728,6.882500645184009,5.92477641553634,0.14404758696280962,6.777183242768518,6.065187233311965,0.14393200753798893,6.885187791337283,6.196057418928072,0.1439508992121082
6.380321561019037,7.476054203959549,-0.3517545327479119,6.343104142666372,6.886026835200472,-0.5577976824104218,6.360043434663828,7.094003904388261,-0.3175367265248015,6.2513719899012,6.448909166564357,-0.37193739647656177,6.336165755183442,6.728134509744514,-0.5793041952659941,6.3319897981735895,6.551060413775849,-0.5216409196274405,6.327580605571226,6.147677599557733,-0.20068314134155452,5.646574271597312,6.2419222344619705,0.24377392772496323,6.318889979990422,5.84174418127534,-0.1019369759381571,6.3131400541253795,5.644354076737396,-0.10375924506534993,6.287331867304437,4.886039057308399,0.09142456288208577,6.383086219857648,7.533082534693889,-0.34516922514134246,6.387114361953776,7.589489894232884,-0.31571269327489465,6.389424434223545,7.632647392309453,-0.2714036408845872,6.390387088134034,7.632901425980276,-0.2653721981738072,6.3909984030787355,7.68389385727277,-0.28622122713628045,6.393982927316656,7.750048830443977,-0.31663416884729517,6.396104331304585,7.827977744305895,-0.31415511219123254,6.408225154230017,8.04973428316458,-0.23274282196971388,6.349200207977625,6.985169046153174,-0.5107420766514631,6.277711270507636,7.01122532433685,-0.3713663313843103,5.292076969059728,5.823378735336419,0.8200724060683273,5.92282846073275,6.333383269420563,0.11758720489874196,5.823282544224221,6.362727872343232,0.126453674053497,5.729080991053632,6.373816219238124,0.15852111914281228,5.605677821748775,6.315054220118689,0.25517496537092105,6.0106086072241895,6.288437879397583,0.12493189769728787,5.751762038242507,5.918743866709772,0.1061164379812971,5.874828352957544,5.924276526935294,0.10388763141707917,5.645278105645303,5.962957238654983,0.1412407827640909,5.581198483574333,6.036684940697668,0.1843513342855393,5.531351432166079,6.435571656057613,0.30207038414501564,6.055771262886688,8.403105518319217,-0.13546149354071546,5.6130548258475566,6.2073840542691325,0.28197403206577726,5.272963906484305,6.492186996379738,0.7881416920954215,5.419506794883691,6.368683550625872,0.42244601711472657,5.881889671939074,6.938265665614725,-0.04760858279035585,6.265556279310689,7.44682324767909,-0.3321126047525287,6.285792809509273,7.594525257550172,-0.2970934457865602,6.157118812929084,7.520411305481673,-0.27206829732924726,6.083026401727409,7.5991483732437555,-0.20002150247522113,6.198399284437901,7.617143910504108,-0.25350215921946223,6.125655034384018,7.650807828619288,-0.1853705097593009,5.965081242402701,7.878349947191554,-0.07372075580949851,6.266313923592093,6.893686470327758,-0.544683147729877,6.247193061737303,6.74271916216153,-0.5634263944752965,5.447888372501615,5.964165755562672,0.24088559459924055,6.065539303202959,6.533685847710842,-0.032072836109056584,6.066610775630336,6.9308934896412655,-0.2807539090876005,6.059730325651277,6.863287850507724,-0.24309186217457238,5.582445254090349,6.998339429244902,0.09848553948453721,6.2476929584053265,6.580014309941638,-0.48512149035387564,5.671074036455812,5.775413167226983,0.053873528033267525,5.534926101876131,5.839776163114968,0.13925111928226142,5.371189887808467,5.502907088918959,0.6341220338153457,6.118624541125701,5.866746071167396,-0.05899616900061905,5.984915181228224,5.98232173514144,0.12980742221182626,5.881014295678649,7.7517483305575565,-0.030713547641185647,5.42691685307122,7.998981029772688,0.8913716539222739,6.143634601691381,7.008791206385713,-0.24995550656356547,6.222337129787693,7.0476769277344875,-0.2758025272963579,5.996563590660546,7.725820554786314,-0.043415913039001434,6.017388409359984,7.715367292068481,-0.07220050565155843,5.479354008017959,5.754832354553469,0.20803913845275496,6.072666730361984,7.014763226015599,-0.23103482621253787,5.861608574429821,5.781525573885482,-0.012667268640662541,5.836890058354779,5.650644752638578,-0.020045841009719356,5.736346205481481,5.04453489842969,0.24339129879314172,5.429161559952005,5.613735591518053,0.3930751844727562,5.795988408986664,5.309794332022644,0.10551275983097669,5.392872627238316,5.9191676275553995,0.3439170694086211,5.343637633563274,5.873196075204226,0.568977485140753,6.2734357798372855,7.526362527033246,-0.3263928546707525,6.179236826426485,7.572643450799326,-0.2691694723158042,6.104323262525701,7.62250907192036,-0.2026028086122758,6.171052039821794,7.040651633995749,-0.23568150222920997,6.007506722401502,7.720268210665245,-0.05912582041403139,6.057650517819973,7.723825424845286,-0.13016314827225847,6.030353040034115,7.711471366327343,-0.07580850219301519,6.171953785074367,6.924177938711689,-0.3876481162765258,6.142202876836082,7.666834976325015,-0.17011248473868948,6.215169963443319,7.642680236729959,-0.21536528475066236,6.298611853635213,7.633782373154536,-0.2548745538424308,6.284902948872879,8.059767127585086,-0.22521656380446647,6.288195730342939,7.8260048980202015,-0.302872456464244,6.287097888923415,7.7462264407654455,-0.3035071228227652,6.290632076659609,7.685972922315562,-0.26915317739284017,6.297565264622961,7.633622673624632,-0.248739677831469,6.141796942914723,7.66822324805241,-0.16611336942484983,6.12837586870047,7.694384259416163,-0.1873385279196718,6.1160897753313,7.729631059848667,-0.2089468028012757,6.106667503066984,7.774079524357666,-0.19628722608382854,5.98149983965382,7.4528168081758,-0.15177617003669164,5.29552796448267,7.252215628904026,1.1390608895260887,6.354541600161519,7.044414600593386,-0.38473749949546776,6.086685377933481,7.692052646279569,-0.11460106741702378,6.073224564533881,7.709433897441176,-0.12814513116022877,6.245194960642229,7.106791008608221,-0.28764840241194856,6.115039100982236,7.10990626362411,-0.168279456784155,6.234534459929776,7.079690369777826,-0.28356232281194843,5.964579117369144,6.6462992711023015,-0.0026621775988990982,5.805953288258396,6.773641447881944,0.0246013760056144,6.049863865857276,6.948434440332776,-0.19078030812264635,5.512436322728885,5.239064524411081,0.4263783859171944,5.573820365292784,5.422196432082672,0.24267204739290993,5.6297337704718435,5.656855950169063,0.09129186487517055,6.0532546954108115,7.951057800608389,-0.13654046348962706,6.073585559750314,5.674399500620363,-0.08146828951161934,6.03158978290523,5.2634510140216255,0.020906339738538997,5.987712522761328,4.936533820298402,0.1280147833825872,5.652945911446213,6.361617403519018,0.20800199902719596,5.436047580844898,6.565576729649836,0.35604905737386183,6.070338831167947,6.24216735467066,0.1412884256834408,5.497416396244318,6.1422760415044335,0.2814485788305405,6.129627838736063,6.420241243975373,-0.06421386368526061,6.111079295429137,6.845344308443154,-0.3774909244168205,5.345639077206648,6.718825884122409,0.46183103161585926,5.502775615352481,6.6475553264747065,0.24707007495546457,5.628826082911182,6.670638965036641,0.14044538393539271,5.8163701543391815,6.613757706427514,0.08593073656841312,5.955147188854183,6.527788106932075,0.06267981390951127,6.058271860409575,6.441628353577773,0.03662470793895411,6.239742150181658,6.198500675069678,-0.158679866974936,5.366993504114556,7.033761527766045,0.40059183281164024,5.426741183588327,6.154299187740645,0.3391654280904629,6.306997935926433,6.983387839303364,-0.5026536204318165,6.079707622659458,6.664048945365454,-0.08946337489419659,5.251197603346948,6.547823341444127,1.145401053711828,6.133910385897271,6.3466479866532115,0.026812361448599255,6.0461499233013765,6.973864547801528,-0.08753036064241504,5.561974745510744,6.231651697717887,0.3026505019722471,6.109646456391071,6.764919625183671,-0.33048589791304495,5.345814375295286,7.620600848235139,1.0447086431362935,6.0751862689919065,6.190577721415178,0.17501970543172837,6.17473255689469,6.653304509551238,-0.4256836001135496,5.6231333517615,8.213175981587563,0.30082530811529146,5.645613474658101,8.438980717832179,0.46484197127020854,5.297977309598285,7.151987461147979,0.7701776769225116,5.4983396823637145,8.055491636914736,0.4564725088719262,5.3070920674189725,6.1625055152121595,0.7118677110364121,6.039640124789397,8.584464761208878,-0.09379155132152411,6.3222310427137085,7.0433145308083285,-0.3749789529448562,6.000545308474726,6.800494738138117,-0.0597974172888428,5.347442939106048,6.422378246522038,0.52897688466098,5.734217745002695,6.278122032554318,0.1746795431118195,5.815197662674285,6.27512636648873,0.14514424084497518,6.0463059088887245,7.754706114409075,-0.115014278344579,5.397110978483108,7.352440082717517,0.39491678931338065,6.233007286750791,8.778391985707701,-0.09509402517284266,5.927176001888685,8.668914615410444,0.14641563944256428,5.794690386063377,8.581128155216659,0.2872719943339082,6.29782301223634,5.235535536194465,-0.012132712619266772,6.442399368052378,8.775474312435787,-0.13553803557557845,5.89978901808723,6.251324451436485,0.1383167145473382,5.982530830107337,6.22322661902983,0.15121043213079383,6.04421273086422,6.208282828367659,0.17275373622981047,5.364892155416428,6.15374209635726,0.4526974719609826,5.966406748500902,6.094063867609285,0.1467923724905783,5.875018878210661,6.053037429771291,0.13206997922902092,5.7885033291595045,6.048609296061893,0.13995301960711487,5.705533852460721,6.08145577542052,0.16651869983054426,5.6571359814377775,6.128403723269639,0.20122683931959717,5.260357671266817,6.156547237169731,1.0125927891269761,5.681689227069082,6.263455673401073,0.2116115101608513,6.366646081739705,7.230344963980848,-0.3035122759180615,6.074502903561621,7.339096629902683,-0.19886576997610728,6.1376607250902175,6.972113795280677,-0.28495228902563463,6.2444855976140525,7.246936630955071,-0.29347042518685784,6.324842687119017,6.002837925214482,-0.11007934235521671,5.75924006157881,8.371259203690894,0.16774211893273935,5.893212368609244,8.482047595710384,0.03959531069532518,6.218984553842483,8.63774052438474,-0.2121486391029982,5.531190989847664,8.26738840107602,0.6839305530695826,6.040514386867056,6.151124881038118,0.16331934722790603,6.187252257250626,6.421486900308621,-0.2093730009217061,6.4330357760804455,8.635460163655416,-0.24753427135067002,6.068993641174201,8.734407021229678,0.0047054767220366,5.3408469771267715,7.496154061072074,0.7137630287712512,6.214737660529813,7.646986181729268,-0.21026529883290182,6.201865507025322,7.6837334149543555,-0.23324884664295512,6.193866046154171,7.735522858319345,-0.2595137555497091,6.189108485740064,7.806452476040415,-0.2550067237731388,6.158432805805361,8.017156321852747,-0.19452578437205906,6.067039364601286,7.682612547090985,-0.12502663805067474,6.048299924646987,7.6756704456654985,-0.12267399471435857,6.031158965568745,7.665998596461426,-0.119683226410516,5.912941945648947,7.593236519483275,-0.08768429775832182,5.520989903829376,7.368993124689159,0.1715804901703315,6.185486648959552,6.297880206951701,-0.10345025665076962,6.133472883464186,6.070319518666656,0.1034237367797064,6.079882177959585,6.0934380682886164,0.14582078190581413,6.086750000533954,7.688572682104692,-0.11603807303439452,5.527159505203235,7.774744320075172,0.2849853663265231,6.2129861652204506,6.056102175168419,-0.03480334988829452,6.102347073691707,8.215905729366149,-0.15924685833644642,6.331222497641541,6.413265717066883,-0.4099953496660487,6.2449996072637886,6.32772767769644,-0.2741775381553062,6.328277341194712,6.285564030647829,-0.300058680735331,6.133194337772493,6.6580152742891405,-0.22678999878041406,6.423387696108731,8.457539288784007,-0.28576327480699715,6.416758308646451,8.246342231400252,-0.2595624081971914,6.25507404784092,8.254156366537865,-0.23399541873311375,5.869046858580775,7.988865735827441,-0.019830858864567615,5.969557285971071,7.118518896411239,-0.07311252807954711,5.979219107530242,8.129616730810902,-0.08893012237959241,5.728812101612585,7.1503570403659396,-0.021351332439364566,5.876460259316605,7.2925156195780865,-0.06962866426498604,5.654726004113255,7.43294053040514,0.0393909858243983,6.225922569931158,8.46490106571831,-0.24748306536768055,6.084960251616266,6.764501435251877,-0.16056278942649485,5.784411307251415,8.152616434271074,0.0671819769395122,5.920929150509663,8.29177117674401,-0.026537317888676335,5.77935217470177,7.817572020052777,0.01827551485099192,5.432801595051043,7.62472555283772,0.39902923790552763,5.656246120801384,7.891137794200025,0.1251507533684647,5.398058776623373,7.806780045773846,0.6278243478475897,5.800987375666904,7.5178137740580775,-0.037375295729501296,6.136481176934464,6.539360751936256,-0.1441894094259945,6.1415729921786015,6.900267576536811,-0.4040637191614585,6.095635236704687,6.969678191752519,-0.29866611476185567,6.174436927067241,6.782614333096997,-0.4744003131049161,6.046994102444333,5.9506503472075005,0.08474098667670135,5.870694363498573,5.870729274558598,0.07375176722984025,5.719338576940997,5.863464060130748,0.08358956002973826,5.600598262515072,5.914396696948092,0.1285973733028324,5.523820670845482,6.006159304042223,0.19582101023235834,5.500170284649517,6.2946171370220885,0.34511688176344524,5.271569321054565,6.821131631344225,0.7856577144654724,5.585936731487149,6.482561200063358,0.24108579931514448,5.68742615413518,6.50491244915327,0.16990962223264397,5.817053519769467,6.480904038894916,0.12006498488705096,5.941881357438767,6.426520778048887,0.10114417686924802,6.04069339889825,6.361282405900476,0.09511343632573248,6.107422176194343,6.302762555835686,0.09067985356624034,5.268544314842785,6.902415720911143,1.1799879794007126,6.10732227113959,7.024292459825525,-0.25087333782983295,6.188252793375185,6.535952095458452,-0.302490268563101,6.2055946767457,6.883320856654244,-0.4889023303000628,6.267298861157918,6.968953230165607,-0.45908902782683897,6.211882752887092,6.918977676344919,-0.44127728429872093,6.140110441600088,7.076168066657812,-0.22288959309606793,6.27975988122147,6.978026391829669,-0.48746508095521185,6.295939300571988,7.029575171717036,-0.37261170917186714,6.107847422616993,6.189761396841392,0.15468179620744021,6.155357661369076,6.212215522140101,0.08431872881720136,6.184423718600053,6.226500459392856,0.004619470662070725,5.63177792445461,6.167865477108833,0.2364012642965432,5.548842244633085,6.128071696805142,0.24481334418565448,6.414407383008567,6.432404405845943,-0.3791917011981535,7.042260513910964,6.119488775558459,0.19078211866964234,6.432141458712985,7.0003538716872225,-0.37652267638035664,7.420228447824808,5.595912009798038,0.7342650130140167,6.772872661772873,6.259985365476841,0.08275092278544005,6.874954829652825,6.271272036904218,0.08479957412052065,6.972514158288203,6.259388906302364,0.110752865837729,7.091695317695514,6.181798704001544,0.19840500897776606,6.678103989573998,6.231022555848918,0.09812764308892391,6.907371605857734,5.810360995283737,0.06286600429530194,6.786019275632245,5.840015341015569,0.07054803913862835,7.017833170932305,5.834826591870722,0.09133670492849778,7.090402865686062,5.8960995875522,0.13035434667746434,7.185722686960232,6.277779607050665,0.2404809373456344,6.8024393584603855,8.339277701553536,-0.15850596161475602,7.073153088090932,6.07844339661343,0.22564698653455417,7.488137887459422,6.262799791145701,0.7032549389764364,7.303627735705336,6.187354390670913,0.35217943098844773,6.856710458241227,6.8472131643372816,-0.08124963114364078,6.496143830778792,7.4313539341452595,-0.34063874910238806,6.493167477214495,7.579303292590565,-0.3046475585209769,6.618754444742221,7.490603945316539,-0.2895999863765096,6.708871775284088,7.555058675585656,-0.22357576719541125,6.589853286560725,7.593140699765333,-0.26869710524697576,6.672754426716481,7.608950210437284,-0.20505934949159327,6.854927765814396,7.804555394182862,-0.10415067139860071,6.420244957917929,6.879522978996581,-0.5493660114743282,6.4286057853997685,6.728634406412538,-0.5694530090607539,7.228232473455052,5.792454964038981,0.17597807670220764,6.637204568571415,6.479781685454523,-0.05472400927249792,6.652064052737567,6.8790045126157775,-0.3013871115632941,6.656616603522589,6.811502863873802,-0.2647778280920175,7.175537570894934,6.840510240812395,0.04156671782827834,6.4183471332718645,6.560807284619551,-0.49258823258966483,6.974749951706855,5.636123980033523,0.011073896611756178,7.121714372586335,5.681717824426762,0.08437566239597624,7.300491682611135,5.294833085830461,0.5573821386626987,6.527397400175194,5.816689182004733,-0.07209725804850443,6.6817436532787795,5.915807252330822,0.10253330744585913,6.931221059374695,7.657907401209145,-0.06736982119034728,7.483216913572856,7.804822055258376,0.8119828820901959,6.57727044918134,6.972546098194184,-0.266178402254129,6.4991060713613775,7.022844022228725,-0.28373571750502696,6.816281965154732,7.662904882312363,-0.07478180598557788,6.794246401182073,7.6552251918952745,-0.10007099834950953,7.176745345014113,5.586824735152264,0.14822781128843326,6.657659478592286,6.964099850033558,-0.251384120991974,6.779782823292379,5.678293569390224,-0.0421625618810199,6.795512855593634,5.541673592711689,-0.05012828390526456,6.865278523717686,4.921167011579115,0.1994031542518049,7.228296353267014,5.4243609178042504,0.3257975096790419,6.812933474546334,5.197878015648928,0.07005458383972472,7.288324064009498,5.735744918181681,0.27498940599802574,7.350545972014008,5.665738957974263,0.4923400019540849,6.49736348951415,7.512451583795871,-0.3346247154973388,6.6038771336518005,7.545270951373839,-0.2854378405905365,6.691129528906047,7.5828293096531345,-0.22415836872172692,6.554780298639837,7.007104333676825,-0.24809247691682162,6.80793822180865,7.65822531469193,-0.08826722425461114,6.753984292722082,7.673343289259972,-0.15540750058286287,6.7828163715720375,7.653104530695856,-0.10268478987785785,6.532538239461069,6.89160369134241,-0.4016852175000969,6.658517399322698,7.626716226047682,-0.18835275920740588,6.579238838735966,7.618422249531848,-0.2290544824053096,6.488386147568031,7.622843326750391,-0.2622801552988934,6.534512571323785,8.035394008167744,-0.23199123605710478,6.51178769961275,7.811124615775737,-0.3112182192665915,6.505623297758469,7.73322838460831,-0.31172046036085393,6.498983511257033,7.668602070193112,-0.2778503255852577,6.488284385541999,7.6245584254227055,-0.2567786225544173,6.660257752804392,7.627668480919015,-0.18451222924070312,6.675575537481942,7.65112425652505,-0.20626566124589024,6.690830927924553,7.689393463409545,-0.228685525424522,6.705376212550476,7.732038437413401,-0.21683400975867456,6.792540958760403,7.381076065400521,-0.17917906576078457,7.5626143203213765,7.0260907508110915,1.047624180891238,6.722579937257911,7.640940626036776,-0.138033433578887,6.735468060715392,7.657681593501746,-0.15239892856689297,6.479428860911713,7.085376415830908,-0.29503141845524317,6.623019536373415,7.06962558545134,-0.18400607690068652,6.488429229301679,7.058282462097113,-0.2911010226847581,6.751625939199086,6.568137121647872,-0.032496025355713165,6.92495935222545,6.6641767049893765,-0.01606421894562153,6.6777556217622545,6.892707475070023,-0.21279927541450977,7.122134048095152,5.063283994634635,0.3634678665385389,7.056652784103584,5.26163823866009,0.18895924602678418,7.008927879471771,5.511157240912633,0.045469462135827636,6.76760703401712,7.892401277457542,-0.1609937344297545,6.557264183421223,5.613743019403165,-0.0957993841067013,6.569636068863433,5.204073614620678,0.002690923296667935,6.595756969647582,4.868630694366134,0.1065453287100805,7.049741137007056,6.231271390000163,0.1546517596970194,7.299377499844366,6.387055681661392,0.28687680763381956,6.615117752191484,6.199225636656589,0.11680412011083065,7.192847514359469,5.984809705259637,0.21924496199311838,6.558560349373232,6.379503008079716,-0.08251708367726425,6.589052560545674,6.803667930657877,-0.3943858812250149,7.416536788924245,6.508101983020276,0.3860680890525415,7.230901312575721,6.47837558680286,0.1826717501889159,7.098676044123582,6.526063352009115,0.08622413803032913,6.902458802644791,6.50802918974618,0.04494707580471708,6.753040208524372,6.453375553882082,0.03144149779124759,6.63713177529732,6.386404256137088,0.012995608727021423,6.421633229645324,6.179386126917231,-0.16651081930868347,7.41770445246382,6.830424658407596,0.3232360731346613,7.272385308136602,5.977908457202266,0.27048836295382683,6.390797850180717,6.9750834637483745,-0.5063586031012994,6.630906464785122,6.613063941958072,-0.1111865730857646,7.538965419702434,6.306505467143521,1.0515183425096621,6.552822308124368,6.3071843758427395,0.00820849272903975,6.688550567195231,6.918181407060934,-0.10907534762165233,7.130209644788699,6.091128738807359,0.24419666723638841,6.590853822685284,6.721845319420354,-0.34782179255118845,7.542622910331483,7.408837043217355,0.9581423987692489,6.606345419874451,6.151411968797689,0.14989646246665772,6.505625526124002,6.6224022791206245,-0.43812405422019873,7.2574842278138245,8.070804222072708,0.2433677616821937,7.266630182751981,8.300495970596328,0.4051607713681891,7.523913553311886,6.927477405278349,0.6854286646480683,7.37880313255631,7.881068553142472,0.388768194927103,7.422740558569618,5.944004618397974,0.6304642646406046,6.839633750369203,8.519711429958267,-0.12049211149312032,6.387138131186134,7.035848763482461,-0.37727651387064026,6.725833350936879,6.732796250440678,-0.08638258410462017,7.389331416913773,6.222411780033067,0.45462361541903573,6.95548201772685,6.166791404921667,0.12766152941516878,6.87634904368831,6.1802410764935996,0.10366170764897563,6.7695234283759635,7.697824113011436,-0.14231796537814748,7.418203606343332,7.152714651100424,0.32046405604736117,6.656640372754946,8.746181704708901,-0.10953956722899874,6.9761998748806775,8.589821751951506,0.10871558264869059,7.114019826399023,8.475460547193242,0.23902284349818842,6.786271823726046,6.1751425761528616,0.10282710351417171,6.702174794067291,6.163997405936864,0.12057652244377362,6.641191857299429,6.159995632832883,0.14573222758799692,7.347491625656037,5.960038079806046,0.3778356014981489,6.706968008329934,6.035276242286216,0.11554124036897913,6.794524204085254,5.978724410381797,0.0959774734552919,6.881388120948154,5.959393339378342,0.09724143836473396,6.963211474974187,5.976303291229606,0.11897160019859429,7.0185685315583735,6.013436031691995,0.15033959384392892,7.490739875614085,5.916983829332531,0.9220836376454614,7.007474242355392,6.144922968364022,0.1611518555340719,6.683169064431733,7.286926878819969,-0.2196954864372899,6.577305360241365,6.934529439403491,-0.29992929626153986,6.494197724879501,7.2255903747207855,-0.30203389465940395,7.12162969469606,8.253313301577675,0.12212458654963622,6.988446229064499,8.394911075463881,0.0042081899691133965,6.651558956549965,8.605438880399062,-0.22603808789783134,7.383926887706429,8.10119615679614,0.6109528353017794,6.638360347494811,6.103312698756241,0.13539331948267375,6.489901436130838,6.3933872109306895,-0.2215820764071227,6.827333915412577,8.678145248238875,-0.022645423806273744,7.510683004350751,7.286010277797174,0.6316553260182814,6.581655129762834,7.618383624529267,-0.2244349878057185,6.595050577773451,7.657360708864917,-0.24749954598777235,6.608400715684885,7.710809541763882,-0.27471956485919874,6.617327548012244,7.775690632638415,-0.2706851090607256,6.6645139309734525,7.97487605700788,-0.21176670653540594,6.740619299040424,7.634447911660553,-0.14981891070366235,6.756308477973564,7.622185216129486,-0.14991674987786932,6.773281938242533,7.611958503907562,-0.14873082998941833,6.8824272820752945,7.509204112424992,-0.12154942451450283,7.278037185918169,7.198327065206442,0.11068493550716751,6.487506685970794,6.267729678494402,-0.11598071583404686,6.534850540096373,6.033021507760529,0.08691038176609538,6.593911882985812,6.048561014808667,0.1227357274032799,6.719698660623044,7.639319861505381,-0.1394909703349496,7.313237933462981,7.607356186292292,0.22268662613538803,6.444978329763194,6.032634514946205,-0.04430975455757195,6.739517743678344,8.160892583862639,-0.17929352482792918,6.418390957794024,6.310875291954792,-0.2805291227144047,6.565009239227295,6.61593333397676,-0.24199244232946235,6.582314725960762,8.229440821616867,-0.24409283932981007,6.968108679628396,7.892403505823076,-0.054498044883147675,6.780473616607776,7.044707259266791,-0.09977528727956655,6.863204658194472,8.050972511612718,-0.11661436085836517,7.034094297019053,7.025890197913073,-0.06402539270661922,6.894642439141646,7.196541401625566,-0.10267022425939644,7.138476880918129,7.2896046314027725,-0.008960819254021805,6.628031873246856,8.431867775049122,-0.2606802584822351,6.629582072869688,6.715181020898049,-0.18069896193357476,7.069962811435415,8.03882866224344,0.025758721748525944,6.940030531117288,8.204589346398325,-0.0585613765849929,7.042998845691077,7.6980974591835505,-0.024122232442380286,7.405017624692868,7.431397758667419,0.32848754148442055,7.184734035451852,7.751235063696331,0.07379114662700327,7.473575518697742,7.608571388296582,0.5506334407958107,6.992023498534341,7.405787896378961,-0.07674194362408797,6.556775428580867,6.498712393450452,-0.1614979833742112,6.557869556057835,6.8624180451611325,-0.41939700954917936,6.620721348719825,6.9253812560998,-0.3162896310388126,6.5106311779008434,6.7514157300504225,-0.4881086607758672,6.614191494918043,5.893085723168087,0.06199063383791178,6.783968436552877,5.777713211851851,0.04176837330299316,6.933612095592183,5.74546170609068,0.04179522104554764,7.058426563068282,5.774679292177938,0.07713466403419808,7.1472529271777185,5.851151969163688,0.1381746214263636,7.205084212292645,6.137925900588709,0.28187468410240696,7.518691007289781,6.592466416543056,0.6989406376063763,7.131348339576337,6.33744260863416,0.1834275839233233,7.026480714779461,6.376421921335343,0.11970249248752472,6.8915799221100515,6.381463969749231,0.0790993976766211,6.75896246132401,6.3525605832022025,0.06904091544640928,6.6528038700947025,6.3071925465163625,0.0713232608137846,6.576913910695973,6.263215009923451,0.07113173743860507,7.558031315207397,6.6659571690506745,1.087584995761381,6.6184075625075,6.980001466480895,-0.26869965858248296,6.490999277550361,6.504379127002243,-0.3146268061079727,6.485339229095171,6.857982112172367,-0.499335862698068,6.435266369979518,6.9553847124318855,-0.4644972245524572,6.485935688269649,6.89720728787075,-0.45163839481688606,6.593007166579195,7.039130403124853,-0.23714101201725535,6.418754924164502,6.96432788610649,-0.4925351232111154,6.414297450308912,7.023626178530997,-0.37681735451002624,6.570555641040274,6.153323163636955,0.13405129794617013,6.5216110776731036,6.181505302539628,0.0690748225813376,6.491115895346616,6.1992965729594065,-0.008315544221695918,7.048718317227162,6.0463307923038485,0.18342188534271409,7.136276741348015,5.983462658294613,0.1875258847155464,5.799967155646798,6.140918595500252,0.16204254020146988,5.906948385152236,6.125771652180274,0.16200963699163873,5.792827472477338,6.009082919622227,0.162088186876696,5.694584407017419,6.1561921842613865,0.16202701127915803,5.807956217478792,6.279851244208345,0.16199930758890513,6.881861277229775,6.0528929574058665,0.13145194436950786,6.988397947811272,6.044148108263747,0.1310540650610662,6.879007483769822,5.91949185474053,0.1310644989184342,6.7736496185555675,6.0593277342782175,0.13094957560847006,6.881452000760115,6.189707173280075,0.13096826138195444
6.392122628334106,7.4836824129983075,-0.3540669325481916,6.353597006380491,6.895180921039597,-0.5580150451803748,6.370710494751398,7.104332552814271,-0.31843994814064125,6.261169438617683,6.458511327558824,-0.3698234703824064,6.346468308142435,6.737046128440096,-0.5789005891448802,6.342098986001743,6.560268249934994,-0.5204363080819558,6.337145649238126,6.157733753188478,-0.19662384389221343,5.65440279633101,6.253998334222293,0.2488161984879431,6.32806329189204,5.846617632057001,-0.09554543747012055,6.322208266309332,5.648762033437987,-0.09618885326189884,6.297629806312391,4.9021923339864655,0.10237512463854749,6.39495565723105,7.541878540213269,-0.347709705537545,6.39896638695359,7.600001758596324,-0.31845203761531965,6.401277894512099,7.644481353833092,-0.2744613918823241,6.401890179906581,7.64497162852928,-0.2702323076479018,6.4025880215834015,7.697651979420201,-0.2915291727393499,6.405674743456674,7.765817273446889,-0.3224550254242661,6.4079654199203535,7.845900185619625,-0.32074743362392166,6.419176268777511,8.061879208724987,-0.2400863888226708,6.359817320090405,6.994542267510263,-0.5109701099148305,6.288255813638678,7.021218716343701,-0.3715887894243402,5.304699303929099,5.840128002049636,0.8293883667480199,5.9324956804148075,6.342941901374704,0.12131057821495257,5.832604628961309,6.373167076006048,0.13048775656580006,5.738349876594799,6.384876383203792,0.16289387242912717,5.6143475768427,6.327150443557861,0.2600894243846427,6.020680028557416,6.29715069113129,0.12883073131819706,5.758811591475867,5.925091714137919,0.1119275300597258,5.88284922969241,5.9298114450523665,0.10940683971579486,5.6519849013953305,5.970855025593615,0.14714671556228298,5.588101513307813,6.046228994383155,0.190131784365418,5.541651519690385,6.4476865979237035,0.3069308379937742,6.065268243074371,8.41454220452817,-0.14260011987462437,5.620506141235795,6.219071283900642,0.2873213380815739,5.284510997167681,6.506611813457731,0.7939858280876719,5.429836898349458,6.381115626619219,0.42816613597986397,5.892103443570847,6.948936305217305,-0.0467940990088336,6.276313644559437,7.454735374828347,-0.3341456171852477,6.296988506178681,7.6059549879118045,-0.2996654356958923,6.166468305647663,7.530306867034941,-0.27414636807099274,6.091737496911013,7.611153834007352,-0.20254977889370815,6.208886366463886,7.629587864996975,-0.25606402454956173,6.135707474292106,7.664292468984543,-0.18830582033367924,5.974312615351637,7.890682575699107,-0.07840975793848266,6.276746633744842,6.902878754547129,-0.5445746647026232,6.257265096272314,6.751672532881778,-0.5628262841185415,5.4559992655211875,5.975319575596388,0.24873454803588435,6.075925207999339,6.544105552249565,-0.029592418501373324,6.077792566857356,6.940851608520064,-0.2801568828972567,6.070914957708774,6.873410195038735,-0.24227928003539387,5.592853978799851,7.009853122210661,0.1005307009089344,6.257632616302538,6.589195200977796,-0.4838177077628995,5.677641370549748,5.784133647161489,0.0622826486441377,5.542144398273427,5.849815577097314,0.14781268287413443,5.38372689795837,5.519790773601148,0.6446108828482213,6.125930995107562,5.869533696289703,-0.05197214597691211,5.99401027543303,5.98830962314237,0.1348211473928082,5.8902952301427955,7.76366869480866,-0.03423951666566731,5.439444868856178,8.009753857717763,0.8892804612684426,6.154802892542597,7.018710057351974,-0.249999200083204,6.233109953881035,7.057772823965147,-0.2761120701557209,6.005484116862422,7.740770857783935,-0.047153447019154145,6.026701330914931,7.730338943079904,-0.07606864279150548,5.4867039273174685,5.765899371491935,0.21700249013284734,6.084308607717095,7.0250992517235495,-0.2307672405158163,5.867827778416621,5.787230784582176,-0.0048765700524715,5.842865431100662,5.656982132251626,-0.01161335571085475,5.74749435524154,5.061387652503139,0.2548847427926634,5.439156581383077,5.628136273685128,0.4027920490551461,5.804796977281809,5.322840583639588,0.11560632233087813,5.401130905705394,5.931012208875808,0.3526381658821127,5.354193613262467,5.88746926893874,0.577848851345839,6.2843209686187365,7.536055505240479,-0.32867922171547076,6.189078971150796,7.583960327641514,-0.2715239982703195,6.113643253044437,7.63528516943311,-0.20534395872875322,6.182235212531313,7.0506887637874405,-0.23567049895547748,6.016629496564398,7.735260289233603,-0.06292383834514587,6.066501369491568,7.739297801792352,-0.13465741638238005,6.039865838880118,7.7264063299629795,-0.07969281737344967,6.182652950379431,6.933681992060019,-0.38721383097243767,6.152569129605865,7.6807371304178575,-0.17324865860960983,6.225976791836944,7.655928784410109,-0.21826776990289068,6.309947679066253,7.646309282404466,-0.25776808250346167,6.295254317534044,8.072170513538913,-0.23230330126966603,6.298472721685353,7.844694214022475,-0.309085182381465,6.297598559670145,7.762782629310693,-0.3090597712356506,6.3013712197374785,7.700403171873169,-0.2741628051067574,6.308643503736331,7.646486346710525,-0.2533614922321748,6.151933037245864,7.682327733301698,-0.1703849294216793,6.137783144098429,7.709467673995115,-0.19193811462529925,6.124820995340166,7.745904234724302,-0.21395371061087312,6.114906138168534,7.791482670213377,-0.2014797906377005,5.9918360299100994,7.463632484223977,-0.15355118452013444,5.308243937904806,7.2648487859334985,1.1407748271324978,6.365196206362702,7.054442824662961,-0.38548557082019114,6.096540180220946,7.706343753738216,-0.11871792062320051,6.082550240123102,7.724300157482084,-0.13252162468852266,6.255811383440216,7.11694206089576,-0.28843401148279224,6.126697281810254,7.120431269279864,-0.16867311792969233,6.2452016604624525,7.089796168460963,-0.2840167499252027,5.974847528108176,6.656952800719945,-0.0003810156147007657,5.815840805396486,6.784779838276452,0.026933140929446337,6.061330050199903,6.958865297774715,-0.19026863954367645,5.524426064184765,5.256015175391102,0.4375063246224568,5.583245636309296,5.436412828606835,0.2527265623216612,5.63610863126382,5.666509382265877,0.10015725238632069,6.062728709424234,7.96357876015533,-0.1420972093524978,6.080133089155095,5.677420040167174,-0.07339932165599952,6.0410792501539925,5.276037949345386,0.030652877577700577,5.998680160513419,4.953113945299557,0.13932542991909241,5.66190199046998,6.37345424752764,0.2126524879026513,5.447070909483312,6.578368239439658,0.36061663794511223,6.080756534064664,6.250375211657135,0.14530927815409464,5.505863326787796,6.153689916904512,0.28766295873719777,6.139876297145055,6.4304726739170075,-0.06134068095027736,6.12154084187204,6.854829602417626,-0.37673602276260737,5.356637919050521,6.731541511631144,0.46625035261377856,5.51381150541713,6.659813356420773,0.25087652396101956,5.639898402587621,6.682008143994969,0.14365757692514805,5.827250665606041,6.624053062305903,0.08899495904429022,5.966138642533694,6.537276672983532,0.06560049453692306,6.0693001758755765,6.450540457915478,0.039720358476460195,6.249509233286326,6.208292680261217,-0.15467359924806476,5.37837219063543,7.0455241402048285,0.40327785994529963,5.4357313542188095,6.165981006822164,0.3458780571278084,6.317595666739726,6.992869084214773,-0.5028264537795424,6.090356692910822,6.674386195190033,-0.08791182348456981,5.2633019667595695,6.563669670133741,1.151020377934564,6.144810662733023,6.355194304973385,0.03043901012084174,6.057657081800687,6.984538878185601,-0.08726301973941322,5.570516349432531,6.243593946322144,0.30812199998444306,6.1202344346391,6.774603104484094,-0.3294260490137289,5.358933059320235,7.631990880579205,1.0444803943958234,6.0857574847593225,6.198423205117608,0.17932095762617736,6.184658315240701,6.662571988550465,-0.42441858482147826,5.632898038773073,8.225032063275615,0.29629333247324025,5.655307833004627,8.450752599084911,0.4599305332276657,5.310169698225116,7.1636208245724875,0.7725919217129399,5.509375226185912,8.066592987898053,0.4533635305823591,5.3181357320785905,6.176963085620022,0.719354292537324,6.0490300326701805,8.596149177195578,-0.10147380780329328,6.332953391403493,7.0533774629559165,-0.375433963090754,6.01122680332658,6.811108110239153,-0.05864505358285099,5.358056665402011,6.435579268021163,0.534915174434582,5.742700599543677,6.289516094875921,0.17930174233613563,5.824028541616371,6.285657878526249,0.149539048233715,6.054687162851999,7.770634464126436,-0.11954866515001956,5.409074248544857,7.3632199114320445,0.395861618201815,6.243283711802704,8.790135771933668,-0.10418501199386296,5.936397418873322,8.680790379297825,0.1393218728236582,5.803846558580169,8.593096677835241,0.28118476723279784,6.307648818958175,5.247830787025745,-0.0029395152639534843,6.453584029663745,8.78717478059705,-0.14526560492681892,5.909097153146479,6.261071234884911,0.14259476098248325,5.992427112225914,6.232117501005898,0.15554944681503016,6.054577799604139,6.216593127583488,0.17707720924834083,5.374160589641312,6.1663332755151,0.45978197218306,5.975652129146003,6.099790202998336,0.15154204169802815,5.883512848856295,6.0576745650409904,0.13730961463692326,5.7960654006933146,6.053447712709586,0.14534738324832136,5.712325143442485,6.087971160568896,0.1719802750994327,5.663771953214852,6.137025785007807,0.20661160989575272,5.272698278463458,6.173008897440595,1.0202875886411238,5.689751676322977,6.275388148774826,0.2164725991580972,6.377458281541126,7.240561961264184,-0.30498129395693346,6.085219224148256,7.34978385526639,-0.20018049759562925,6.148680038597783,6.981944662911535,-0.28461452795007003,6.255281678457385,7.25722906903158,-0.2948280881422182,6.334259798636433,6.0114090754063465,-0.1049198776868864,5.768395755017066,8.383090227204846,0.1619549503529262,5.90221322027268,8.49404110207798,0.03277057574527247,6.2290322670679705,8.649351793392606,-0.22071781819141717,5.542255621440469,8.278494324190351,0.6803545771843977,6.050666761549718,6.158311444086188,0.16784646522507213,6.1971833829913585,6.4314197447641215,-0.2067746783099725,6.443995774300347,8.647192799206962,-0.2566676148218706,6.078613163200142,8.746159098843522,-0.0033639751578705916,5.353499863407845,7.506945538150238,0.7142747137592763,6.2253057329963335,7.660612804876275,-0.21461770175859443,6.211796024031099,7.698779834411737,-0.23798505213164683,6.203215472880125,7.752227959940695,-0.26475405519334416,6.1980661006348,7.82506537095079,-0.2606676732581065,6.16834161624706,8.029825361554597,-0.20085502053571466,6.076689262799014,7.6968202235623275,-0.1283509070429083,6.057349079184265,7.689681109776855,-0.12590618277303825,6.0396288851764215,7.679591420202181,-0.12273155646945984,5.922783926417772,7.604669411773695,-0.0901124682353799,5.532324024996204,7.379794023240376,0.17187124896192432,6.19545328616892,6.307979884572446,-0.09993092347094719,6.143128551825463,6.077233847135296,0.10817174875896286,6.089779373996949,6.100540122412233,0.15062692658734772,6.0967377036379995,7.702932661959726,-0.11952882213725415,5.538409308573556,7.785646243822482,0.2830093711986353,6.22302733199925,6.06304526766889,-0.02974078774181347,6.112034422952619,8.22760544745485,-0.16601034138480555,6.341172002281787,6.422893131269405,-0.4080966315561506,6.254756437280587,6.337654523126127,-0.2710890794187641,6.3380562656692865,6.2956307651763375,-0.2970677563223508,6.143481192502236,6.6679784016266455,-0.2253037744187499,6.434253517628738,8.468964927708125,-0.2941753495055437,6.427655268341185,8.257863356663785,-0.2672918916672276,6.265267212557906,8.265666833580815,-0.24142109007615586,5.878171160967623,8.000653645147537,-0.024584737224177467,5.980526233352498,7.12950172314319,-0.07325752025516831,5.988412290681177,8.14150606871447,-0.09487429725804614,5.73896216198928,7.161190282186375,-0.021148266267234032,5.886770683294246,7.3033684561457335,-0.07044339278690386,5.665164660697803,7.443754411981998,0.03842553795879523,6.235908388281208,8.476150167489294,-0.2553978479968024,6.095882884782277,6.774832990494902,-0.15943832858220433,5.7936400660809095,8.164415809221955,0.06204681089194984,5.930093036816414,8.303703668773585,-0.03292752095681261,5.788563230683654,7.828983104714263,0.014873981480640026,5.44488587642913,7.635174318249905,0.3983239652059277,5.666154881669923,7.902746755476641,0.12187967861094336,5.410228886372603,7.817302812255748,0.6265392571110725,5.8109391743861085,7.528908207810609,-0.03907100547392038,6.1468149116427835,6.549460631556341,-0.1421324664454782,6.152153623660765,6.909771615032998,-0.4034751973704347,6.106819953535948,6.97954313526465,-0.2983239224884058,6.184548208025168,6.791807356911047,-0.4736307444150438,6.055414763235721,5.955932150034434,0.09020199428272191,5.877976241437424,5.876542615732484,0.08012245870432817,5.7260364676469715,5.87086614239118,0.09050161563833321,5.607439093035708,5.923259693744346,0.13557533299632732,5.5312623831275225,6.016486654771274,0.2026364278785666,5.509877032381024,6.306665293695109,0.35074581436009666,5.283326600633034,6.834199378858732,0.7897263341746356,5.596056759630036,6.494364617632758,0.24540571118318705,5.697667120374721,6.515964231068941,0.17382815130402607,5.827261825121129,6.491130590160327,0.1236414986799173,5.952158374015593,6.4359095896677605,0.10433699063996431,6.051221761433416,6.3700610109732905,0.09864517296541475,6.117938550401713,6.311152162728058,0.09433011396683723,5.280714158150991,6.916687538516715,1.1836709801742722,6.118776258000967,7.034386944147251,-0.2507065505968392,6.198135289628344,6.545638869622622,-0.3006126227879552,6.215911653195462,6.892706484560806,-0.4885615246307444,6.2778968077665525,6.978538778906752,-0.4591463913008329,6.222474192034734,6.928361135266178,-0.44100873843274824,6.151637310096039,7.086401443971269,-0.2230485991624433,6.290373145634661,6.987577986127833,-0.4875973425271625,6.3066303272145,7.039582814372109,-0.3729606193144818,6.118368191732592,6.197576569906284,0.1589308031356092,6.16580543045145,6.22020583460123,0.08861107172527151,6.194959663618206,6.234591937484689,0.008816797213544213,5.638749716501255,6.178122931221476,0.24179972312348744,5.556548728364863,6.13910331473331,0.2504315382968954,6.4244026416769415,6.441919360526352,-0.37753906611812005,7.0543356933181185,6.1333286376592335,0.19224621023768032,6.442518254502728,7.009984804488696,-0.37707043623140374,7.430649421430613,5.6100745985156,0.738361922602458,6.7814215682027115,6.27163855170534,0.08430307460733547,6.884731895079097,6.283848549146688,0.08615630970406993,6.982972826234953,6.272339369252851,0.11204357739214356,7.103092358704186,6.195661225133389,0.1995892060389067,6.685247379241107,6.241265327507166,0.10028527294846801,6.919369541976138,5.8179373062976385,0.06581266481752897,6.796228756788815,5.846450983298357,0.07383844276245517,7.030759357776058,5.844159190883169,0.09392126885730455,7.103429376059836,5.907168416955479,0.1325328655750746,7.1962653820748566,6.291239124005471,0.24128317706886304,6.81439719131935,8.350303571877026,-0.16703123939892198,7.085716249744881,6.091773207359294,0.227230418200671,7.4987388307547045,6.2755867881433876,0.7034719776684742,7.314461758110633,6.200331482197614,0.35326716730023594,6.866483856007603,6.858196056135765,-0.08246374240648116,6.508405519516169,7.438237891690286,-0.3431399306070895,6.5052347292959025,7.589589187051778,-0.307649859500272,6.63151877789961,7.498337832179218,-0.2926696751813183,6.721957720073781,7.5641737634232555,-0.22744949343123744,6.601953502593789,7.603560155973972,-0.27208246225349225,6.685025676874697,7.619835192777952,-0.2090893477310907,6.86614907055497,7.815843891649942,-0.1105126895385168,6.4307137194429025,6.8886354934567935,-0.5495595270963636,6.438908523355677,6.737468702078086,-0.569190881058944,7.242383194126506,5.804132986134087,0.17937391882486467,6.646361676933995,6.4903598396516,-0.05360305679676029,6.660689006371324,6.889289441040936,-0.3020029356249609,6.665180339210309,6.821951439066087,-0.26523079897748886,7.1855834942328585,6.852574636402227,0.03995098554881671,6.428557701127949,6.569912302873831,-0.4917365926651284,6.988424621339156,5.646292804732903,0.016097298277217318,7.135914724480286,5.692718619400975,0.08889248912189592,7.309948106241473,5.309555552911453,0.5631498635581068,6.537490191705545,5.820795630095448,-0.06627404101943826,6.689926935901239,5.922449140965139,0.10579875924701629,6.942282258354314,7.669146114080044,-0.07301679440288211,7.493399374769051,7.815217470869683,0.8049297785423135,6.586224538061437,6.9827734428987185,-0.26693606587885665,6.508831812992522,7.032930255444462,-0.28439963753766145,6.829382188179185,7.674782413167032,-0.08026954925033118,6.807202279958439,7.6673114897996175,-0.10544134090284633,7.19113200513449,5.598121641905107,0.15299704484905818,6.665956297492745,6.974850187186414,-0.252265674348537,6.792207611518861,5.685561650391363,-0.03662102112011575,6.80844396200387,5.549170428972677,-0.04397667309014608,6.874770911911768,4.937012996930946,0.2080433756815115,7.239479488300672,5.437266531511048,0.3310505954226286,6.823874595499543,5.210290550254378,0.07755095188101586,7.302457839714572,5.747284184374054,0.27848442032044896,7.362196955882334,5.678524460177025,0.4961457635742793,6.509612979048664,7.5209782563892515,-0.3373819463076655,6.616299431222932,7.554438202460699,-0.2887278787134364,6.703793005381608,7.592832886103951,-0.2281145772814778,6.563801352411777,7.017339668899198,-0.24879927322339332,6.820926251613359,7.6702546259120945,-0.09364899412590569,6.76727427894213,7.685411479304281,-0.16122665249951168,6.79559192046114,7.665268554570886,-0.10801934000655085,6.542188347557489,6.901315678467172,-0.40210559938331064,6.670665612859777,7.638208962386101,-0.192518153670975,6.591202425758247,7.629749305981912,-0.2326919546315868,6.500302967594788,7.634293460525645,-0.2655676303412209,6.545679043876938,8.047237180962181,-0.23944322876977994,6.5249446648438925,7.828085135733535,-0.3178355906516701,6.518345671588667,7.748170360254789,-0.3176689418930263,6.511285418376482,7.681461754930888,-0.2833096319014652,6.500072337616308,7.635948788596995,-0.26183967808120806,6.672451879241489,7.638853982358174,-0.189836010717613,6.688441976426895,7.662936215917545,-0.211903289207437,6.704343541459271,7.70210016213418,-0.23481007709322194,6.719395495409633,7.745663189198407,-0.2232800196065756,6.802376161666822,7.391683370614868,-0.18252795814800515,7.573360276243494,7.0380666082555186,1.043893961877962,6.73492805247644,7.652442551896694,-0.14341964676388125,6.748348485320973,7.669400551024045,-0.15805628076106049,6.489593552948907,7.0953603026837175,-0.2962190054529578,6.631482323483657,7.080321740151461,-0.1853067820253097,6.498410313835905,7.0682657440183245,-0.2919044346831654,6.761170768156801,6.579078728566912,-0.032098639255298565,6.935165463599017,6.675633828976844,-0.016274031285172172,6.686067231616221,6.903502943424371,-0.213570358018619,7.131182346115406,5.078707219919333,0.37073055296712265,7.067544839343656,5.274838673457289,0.19532580629558957,7.022971504180151,5.521515290666042,0.050893398664010055,6.779025992297207,7.90381360511903,-0.16794974886210826,6.5683923769188794,5.618084898445589,-0.0890318958767812,6.579775082308387,5.216245267505204,0.011044562637447448,6.605471725717121,4.884771214982974,0.11636806385607125,7.060744974816852,6.2449516873244875,0.15589553127668912,7.309448903933213,6.4006142753482145,0.28695258585489297,6.621218545473614,6.208588035427207,0.11934031932823018,7.205266646944638,5.997279641369905,0.2212219027875269,6.567610466895064,6.389840135514825,-0.08074610704255779,6.598531995267884,6.813329597709289,-0.39463890733203344,7.426629020128332,6.52066685072692,0.3850402829192,7.24091534590863,6.491931099375956,0.18236209985501342,7.108524810648904,6.538871739673409,0.08596312222360808,6.911831661518198,6.5196669581750575,0.04531806133431265,6.761547215799095,6.464089597167356,0.032313712753501526,6.645044110185967,6.396257600657956,0.014621382659892634,6.430947325292073,6.189280958373884,-0.1630090362999338,7.4275374046564755,6.84290380062718,0.32091670951840906,7.284906898352227,5.989989874130749,0.2727002111605687,6.40128087038279,6.984436954614466,-0.5067500927864169,6.639998521430957,6.6235040141635855,-0.11091612925792886,7.550383578645482,6.319841705143055,1.051474992460909,6.560498135945802,6.316603213864589,0.010547879938454519,6.696993140854804,6.92910063913266,-0.11021285894199762,7.14180694844662,6.10478854980614,0.24566561163978287,6.6001516128909525,6.731655338685039,-0.34780102756934644,7.552755347585466,7.4200270510024176,0.9527368119119348,6.6118088423516195,6.160343963767503,0.15264715917757246,6.515558768687419,6.631590942763844,-0.43763656546312685,7.268675755640926,8.082071235324769,0.23531476616306557,7.27835775093106,8.311364303897491,0.39657052639776447,7.533759621003092,6.939288532440106,0.6822768036582633,7.389194054782627,7.892218124975182,0.3814439664392431,7.434089527948331,5.95675274637722,0.6326484871478836,6.851866379177991,8.530880893285671,-0.12976130700707197,6.397688994459878,7.045802384114349,-0.37785827474760936,6.734975666407482,6.743592299990572,-0.08681004223505695,7.400057470736718,6.235306890417978,0.45516160745087336,6.966434424874902,6.180439274569857,0.1291653307789115,6.886334401445699,6.193273832872283,0.10536163174143308,6.783172124136144,7.710138732835725,-0.14827316398993776,7.42761552126209,7.164454812333378,0.3166620978932235,6.66860928621294,8.757599833711486,-0.11949598293920946,6.988683522089192,8.600743921541042,0.09929413364125225,7.126283318991882,8.48632913318467,0.22998674868037677,6.794976659195969,6.187209008405925,0.10487357732376712,6.7091733795892505,6.174750525761957,0.12296068688810016,6.647085557479353,6.169696009394877,0.14840254461798638,7.359976212379871,5.9721249784106005,0.37999518239297553,6.714041904038202,6.041667728582953,0.1183694647645854,6.803335879964369,5.984399701039457,0.09888165006482118,6.891952101340873,5.965733924119845,0.0999010368946028,6.9753226066584615,5.984584948989914,0.12128584128984139,7.0313217973364806,6.023834823472724,0.1522507871510493,7.501955003002995,5.930768931446895,0.9242594033352513,7.0191088240244435,6.158828501618586,0.1626278807372126,6.692803114923189,7.297407787153528,-0.22213816872320075,6.586344316856712,6.944677834259818,-0.3004416962151944,6.504500433203128,7.235569938181596,-0.30381977442821645,7.1335831297946175,8.26434108318839,0.11354217239898512,7.000736542351639,8.406078084317945,-0.0047727669458202775,6.663273550065648,8.616712443663946,-0.23540571621103076,7.3948377935463405,8.111681892658613,0.6031119475934132,6.644236905261287,6.111294175118465,0.13823823741065783,6.49948162728433,6.403347612577042,-0.21976946864986602,6.839683164572854,8.689253755540378,-0.032402291404510564,7.520261815520618,7.297283544552218,0.626932816009834,6.593610649114184,7.629481477619806,-0.229602070895706,6.607742315053643,7.669573151524069,-0.2530688571979883,6.6217556901331704,7.724507724462716,-0.2808495865473392,6.631289635856475,7.791156812372814,-0.27734329015575687,6.675837676119114,7.986476597180054,-0.21907218494879957,6.753210314060871,7.645931346826827,-0.15438292875351345,6.769314982267844,7.633175277113852,-0.15456315492218065,6.786611486686189,7.622448751211503,-0.15334859282331217,6.892809152099613,7.520228336975355,-0.1259547150391751,7.287504089496983,7.20998488992374,0.10720484652357833,6.4968323584024965,6.277877464607068,-0.11324488756684532,6.542304406514401,6.040819605436284,0.09073047869359122,6.600580138270322,6.056385641048355,0.1260822589970322,6.732056337260525,7.651089274700387,-0.14423725561148243,7.323043425213115,7.618790662165738,0.2168775035638645,6.4533005779805155,6.0405569848478855,-0.039876856144947334,6.751135388222221,8.172034038188528,-0.18719400714508228,6.428166374132205,6.320783568216462,-0.2778675548749836,6.57441107538954,6.625889174521674,-0.24133444109129742,6.59355633947409,8.240758051937275,-0.2520383457266035,6.97956396635948,7.903449060959497,-0.06133021890488259,6.789620091953847,7.055813213115737,-0.10149348807313033,6.87493681670274,8.062062224772426,-0.12417573721575373,7.04402876518307,7.03713888056789,-0.06640436904381988,6.9043890089223385,7.2075774105354755,-0.10543878351397205,7.148401477895809,7.300883604119527,-0.01293070159347939,6.639447241385622,8.442946146297192,-0.2693298748611388,6.638536624954462,6.725607625475149,-0.18075382773895002,7.0815805334533595,8.049947455193161,0.01811892290070431,6.952025258993595,8.215758506237691,-0.06684834337688922,7.054140773787919,7.709077834934716,-0.03004065321181731,7.414430926169745,7.442687562339609,0.3233607363185861,7.195521414402339,7.762567622653335,0.06744649919784024,7.483353579287055,7.619455025297295,0.5444226163095526,7.0022423329208126,7.416991662898548,-0.08066468908039671,6.566045158912088,6.5088548759903695,-0.16050765424200364,6.567508543323929,6.872174464734685,-0.41972931008362474,6.629503369474762,6.935634907200376,-0.3169538959637785,6.520774726039435,6.760505661057572,-0.48792264239197053,6.623064329269128,5.899178576136483,0.06608438738542087,6.79524597549342,5.7845495250904255,0.04592024504274066,6.946467820479894,5.754104136028016,0.045630763152791125,7.071866547553307,5.784777179198215,0.08041743026198624,7.1606137072401745,5.862788885370664,0.14089434149548172,7.216165773347011,6.151277601726377,0.2832536948320878,7.528911927648972,6.604699487273049,0.6973462873469087,7.141800996705239,6.350814567285278,0.1839898778734906,7.036615127326439,6.3890098675922955,0.12038329225812956,6.901076864844294,6.393353150864449,0.0800001515814159,6.767449111345171,6.3635341825823,0.0701079273013206,6.660303631116961,6.31709423252845,0.07323835727535356,6.583995610914576,6.272474027401577,0.07345469493737505,7.569314580040347,6.678591844442772,1.0857178715117213,6.626961975905444,6.990433334054952,-0.26950024345814516,6.500852015737105,6.513999412445824,-0.3135248792141788,6.495558685747148,6.867232287486154,-0.49958893895864653,6.445650358404024,6.964644438654827,-0.464910234345678,6.495973075740739,6.906565858332123,-0.4519765888488695,6.601617973173483,7.049607778759274,-0.23808395333411206,6.429184121908208,6.973663558748749,-0.49293861193401806,6.4247545383860425,7.03338779556306,-0.3773593049292482,6.576368454335933,6.162080384315158,0.1370177235704092,6.528581922794827,6.190370127046449,0.07221448339054706,6.498807592573029,6.208204892075861,-0.0049953433289393325,7.061486710586351,6.058334836350349,0.18518194657476034,7.148740727154477,5.996087805158534,0.18930706132694838,5.807139731482565,6.147482994612704,0.16602932418494962,5.914990121080485,6.131957505238785,0.16598375616500796,5.799459753199173,6.015093575304486,0.1660640930491449,5.701009767127339,6.16327817226791,0.16600149514419954,5.815746321502076,6.287181524319563,0.16597372422592385,6.890344387200565,6.0612307305156214,0.13707203321050293,6.998055282859888,6.05305564174617,0.13666065396108573,6.887676519126919,5.926885420196357,0.13667162748425538,6.7809833712435985,6.067240129390377,0.13655676585031568,6.88978417954316,6.19912290671361,0.13657574865045974
6.398769608581886,7.493360863608324,-0.3529090461753013,6.36079925045314,6.905566698983173,-0.5589798424437837,6.37773745372323,7.113449456175816,-0.31826544271659063,6.268602656190321,6.468073296336079,-0.3721734217880346,6.353858304146324,6.747568175775813,-0.5802948252216144,6.349563975378477,6.570371433082987,-0.5223208747392869,6.34487187183838,6.166500054794941,-0.19988610621171934,5.661780108499316,6.260235977834648,0.2445858367413241,6.33601132705199,5.859175094332567,-0.10031866720493801,6.330399276238987,5.662549586663616,-0.10182875879116825,6.305330526828214,4.910826404731327,0.09474349459201431,6.4017238684072595,7.551341378491739,-0.34629573797238483,6.405919125930333,7.609032128606604,-0.3168001613150856,6.408358662220826,7.653141924325044,-0.27240979564522005,6.409256262596413,7.654459646370199,-0.2671035015991611,6.40998849593185,7.707023273343851,-0.28806468178081596,6.413131959487845,7.775243136578146,-0.31876228873361645,6.415470189843833,7.855254712630308,-0.31666368229532255,6.427034709205641,8.07280026822304,-0.23540468381248233,6.366873882040615,7.004851729075105,-0.5117154097206889,6.294697873084545,7.030862027759523,-0.3721201151267251,5.308821293921447,5.845844052737811,0.8223035293078155,5.940044418793433,6.350940544253236,0.11826060697386305,5.840003318675593,6.38119675342798,0.1270461616251399,5.745466259367054,6.392669650510785,0.15911326093521466,5.62137989773558,6.333370668685638,0.2558629656924213,6.028212984814773,6.304821017569374,0.12580176533680756,5.766379603221638,5.935945252928826,0.10717542855951598,5.890522576992982,5.94075207054182,0.10500008613475634,5.659458265868027,5.980878159365128,0.14218928053414695,5.595407216328313,6.05498494024943,0.18519278844528111,5.54798821756544,6.454750076155384,0.30273285928777194,6.072589453507869,8.425788133767421,-0.13812304142605603,5.627895880545076,6.225124532769388,0.2828357638667188,5.289191034421176,6.512959274288014,0.7895450263059444,5.435637701508542,6.38812578138956,0.4233385054378994,5.899075107044679,6.957546327040261,-0.048166758536343085,6.2831192006877705,7.464390345925914,-0.33338805369170527,6.3040582434742705,7.614678444662159,-0.29830654415764374,6.173887566599819,7.5399370118940405,-0.2734665012741034,6.099453031221527,7.620595903071834,-0.2016432706814162,6.2162837277422955,7.638290176367832,-0.2548657353996277,6.143261143826182,7.673089509767224,-0.1869363818304612,5.9821068662693015,7.90040438397059,-0.07592088338612185,6.283565393737543,6.913315113179729,-0.5457523414732653,6.264435704737184,6.762217311864013,-0.5644475695449436,5.461809642750223,5.983900204779031,0.24194268762704235,6.082810551892606,6.551900232656917,-0.03190644897833041,6.083727519579201,6.949835902569145,-0.2814394086766275,6.077011532038714,6.88202796714207,-0.24365760249399832,5.599868029481176,7.018571979131473,0.09802706271908226,6.264918397719242,6.59933822628251,-0.4859003670515823,5.685038014330795,5.796343812938099,0.05502652275524809,5.5486556448986555,5.860097648743491,0.14036989392223168,5.388262279195437,5.526262563993363,0.6364884728843141,6.134262048276423,5.884800653934835,-0.05755920603492542,6.001549411832106,5.998468892036889,0.1310035643598892,5.8981059965976765,7.773721312870824,-0.03257485980780863,5.442452760293802,8.019009796586657,0.8908296381474314,6.160753550149745,7.027877227174482,-0.25050601867910927,6.239528597883673,7.06686809361406,-0.2764107981077565,6.013518410035361,7.74980640825821,-0.045285079571215074,6.034749824728431,7.739169285135079,-0.07413939920707867,5.492885983056519,5.775554866811916,0.20932899717539233,6.0902844717004445,7.033785746825229,-0.2316965653729134,5.876133409810242,5.801840777229916,-0.01136042642889773,5.851194644852198,5.671537508764715,-0.018607053849098464,5.753909289621895,5.069818992421028,0.2460804950015944,5.444691919405016,5.63601301854737,0.3949599477542228,5.812181431515302,5.333184998721854,0.10758704211349175,5.4066239798246505,5.939100262381769,0.34520867780797854,5.359177792336707,5.894587477615035,0.570928030098911,6.291290716140204,7.5452481244898335,-0.32767378910149364,6.1965577490318475,7.593091341853452,-0.2705793054187001,6.121317235556972,7.64440726706021,-0.20422424420951557,6.188437631443245,7.059770719026021,-0.23624725495342433,6.024659455693001,7.744148173857418,-0.06102607109553748,6.074470317365425,7.747792207913325,-0.1323957295067335,6.047883841178504,7.735152802790546,-0.07775516211007762,6.188564263861377,6.943475975592584,-0.38846205196474404,6.1602116378897955,7.689384867291147,-0.17164088501537042,6.233411134743006,7.6643302709153405,-0.2166623410322931,6.317107341714537,7.654708441827001,-0.2560068936779568,6.302959521022826,8.082676107044222,-0.22806142351989694,6.305998699058007,7.853521338295048,-0.3054921424340506,6.305052680404899,7.771778622597355,-0.30583849606445385,6.30878237756719,7.709395768942393,-0.27118485977996837,6.3159527520197996,7.65561349116836,-0.2506532055871703,6.15966600114696,7.690836670720207,-0.16815395430320867,6.145638108804187,7.717865243025726,-0.18953731625902906,6.13272979601702,7.754212471512644,-0.21136859383795714,6.12288598774866,7.799640734172817,-0.19878386877955156,5.999089390885738,7.473237482573913,-0.15325021489270635,5.31161875301731,7.271763070635353,1.1397270526679693,6.372237882293393,7.0641819965564965,-0.38561661687370286,6.104399144494468,7.714948972925792,-0.1166753041113486,6.0905336396055345,7.732829470366103,-0.13032376476008534,6.262518340947342,7.125962973777041,-0.2884637601220777,6.133111183064572,7.1289835293977895,-0.1689504815244694,6.251799279200713,7.098889707676887,-0.28422711428293174,5.981850621846728,6.664829533354338,-0.002602849409270613,5.82319323761679,6.793026979195654,0.024446344674197918,6.067385978467489,6.967393859791507,-0.19133911632831585,5.52973080245704,5.2634757147813485,0.4288307675700725,5.589562012886632,5.445329923323431,0.24458741964655073,5.643424739491008,5.678274353409365,0.09257594448379323,6.070475064573345,7.973331248676527,-0.13907691641025183,6.088826709098766,5.693748834905158,-0.07981996304667426,6.048691309068244,5.28641629467092,0.023135505648001452,6.0056463430069815,4.961904335481654,0.13098679254789203,5.668982885953036,6.380388540641663,0.20864657879855908,5.453145378211938,6.585582966087011,0.3565776152622218,6.088153695041221,6.257835176166171,0.14234385821293538,5.5122626052722365,6.1611449933010904,0.2822831669964894,6.14686420857034,6.438432371734144,-0.06387919375203607,6.127836942849353,6.864421591642188,-0.3782624391906571,5.36240058737818,6.739244701421621,0.4624057703326818,5.520077687712456,6.66770036476306,0.24727579794988236,5.646288121933957,6.690516546924229,0.14045322922681153,5.833901498363049,6.632554654455246,0.08607299736440005,5.972859720159319,6.545500826161761,0.06297201447202665,6.076063278695875,6.458674191324337,0.03710658071336998,6.256991208344147,6.217059165079213,-0.1580866421446468,5.384358276234069,7.054158668213019,0.4005179470093381,5.441701904543934,6.1736506894882535,0.34017687815063624,6.324313471202855,7.00316528322421,-0.5036711784708932,6.097050739759895,6.682479857752279,-0.08962450129860215,5.26728660567056,6.568809384960494,1.1469790864078595,6.151659107838099,6.363573990203397,0.027536364810527816,6.063976586833415,6.992757588246872,-0.08804171828154043,5.577095796218064,6.249690476990518,0.3034785705956534,6.12666484808505,6.78370981280741,-0.33108900024007704,5.361817705806481,7.639945336562482,1.044854603675523,6.093186216317123,6.2057788237616265,0.1762222317456388,6.191657446898408,6.672401407062085,-0.4263567332568446,5.638839156161457,8.234678212804718,0.2990529305280483,5.660693304393108,8.460711119998637,0.4631708722295898,5.314812124643981,7.171800929554701,0.7706330798863226,5.514417218621933,8.076368322828067,0.45515513327387386,5.323168001999283,6.183539191551248,0.7136848519908684,6.056129846288663,8.608604376239022,-0.09648956126661104,6.339711228351191,7.063094447553711,-0.37571673185988697,6.017913672289424,6.81927341009506,-0.06009956524105113,5.363724268595953,6.4422738033830225,0.5300800899362124,5.750162832286615,6.297051746268656,0.17544834239692106,5.831661966803546,6.293774201328755,0.1459392412111411,6.062720318755883,7.779120323262732,-0.11722665560761288,5.414605546649885,7.372464894017214,0.39444201185285355,6.250670015989603,8.80444513536384,-0.09809541861905398,5.942904076753496,8.692779179261436,0.14399383904857135,5.810029425303627,8.603851191179588,0.28520011215894664,6.315551997661239,5.257623062373895,-0.009653295149223586,6.461679104116964,8.801486406159002,-0.13842528321227524,5.9168442424466905,6.269091308344997,0.13923518365489942,6.000140439956238,6.239796760651483,0.1522809996946228,6.0621273810803915,6.2239554175913945,0.173922258812298,5.379906401840134,6.17354863865717,0.4540246596058247,5.983429057693921,6.108186571141496,0.14799967169985093,5.891483493577635,6.066746484755919,0.13329007095979437,5.804082543479151,6.062839129759954,0.14105617645005938,5.7203837293696,6.0967900259578585,0.16749101962747415,5.671732671667955,6.144754661463568,0.2021048970571489,5.2768920470342,6.178331247131404,1.014600629190511,5.697208507058195,6.282188824862785,0.2124105179253857,6.384618063407289,7.249726795190564,-0.3044312002058841,6.092234983387974,7.358903306931799,-0.20010410485065516,6.154552286144138,6.991210438055924,-0.285575726258025,6.262265076111078,7.266276907343906,-0.29456590632687424,6.341956346635023,6.021038513430988,-0.1087678661345594,5.774742184646136,8.393491652867588,0.16567435654366944,5.909044430386305,8.505343833114306,0.03718892088267866,6.23654975647125,8.662368031598623,-0.21509591664240832,5.546328960439615,8.28824968484739,0.6828445973435245,6.0581492609095875,6.165939520120561,0.16452528373920708,6.204402254886868,6.440214164346926,-0.20928320931390948,6.4521228259274235,8.660498341189726,-0.25036541945015334,6.085454562293555,8.759498075892571,0.0019231985705508096,5.357699917527443,7.515942403347661,0.7137105043667475,6.232803671584259,7.669337465707615,-0.2122407513398268,6.219376910779327,7.7073487931481095,-0.23538592172994285,6.210860880659915,7.76072286759781,-0.26195540496369557,6.20578329314109,7.833391998088018,-0.2576425003374537,6.176047021777267,8.0398393395763,-0.1973263156800355,6.084494018157192,7.705805367440047,-0.12675618735442726,6.065258926291151,7.698798125337856,-0.12444388871053479,6.047620892686735,7.688940908931106,-0.12141439433085871,5.930446426395566,7.614604699901011,-0.08931446719584435,5.538776826491165,7.388974036858808,0.17078598816387675,6.202698676414697,6.316293169755602,-0.10285524955263689,6.150691487184251,6.086879549445834,0.10475417715219165,6.097157632418731,6.109131472449738,0.14707779235144983,6.104505292256726,7.711790611438252,-0.11781199301021418,5.544116990053471,7.795079732430315,0.28379993937389686,6.2301905743912664,6.07357532412786,-0.0336225481144541,6.119641963154736,8.237927451674683,-0.16198330089132312,6.3487438442469255,6.432417331872849,-0.41033005061712874,6.2621987803157015,6.346713256177342,-0.2739448878228242,6.34571956414329,6.30464075259768,-0.2997581380845418,6.150324253171667,6.676734470451948,-0.22700355399011163,6.442250711589128,8.481015510901319,-0.2885308939261023,6.435542917910991,8.269038802120109,-0.2621509403152237,6.273054903032545,8.276492237272073,-0.23669258671652968,5.885351877402001,8.010539577606746,-0.02200864443737674,5.9869829592639805,7.138046686053191,-0.07387451282030764,5.995807376566374,8.151496356919779,-0.09145136597381248,5.746173166218863,7.17027612626107,-0.022277604477304605,5.893687270101429,7.312495505272542,-0.07080158165897067,5.672064150644831,7.4531520912649425,0.038155892661773674,6.243597222988613,8.487867069618865,-0.250330642091203,6.102314551423033,6.783116130235341,-0.16088606823303378,5.800232173071345,8.174512171363652,0.06507981572744595,5.937204500592667,8.31427786104966,-0.028994517319008376,5.7958223853340245,7.838891569517855,0.016455054911803622,5.449912154618385,7.644701501208224,0.39824540722025636,5.672685394390257,7.912273566032493,0.12349030470156448,5.414397720504833,7.826960561040041,0.6272024990402424,5.818200195859483,7.538579065433714,-0.03879267157448906,6.1537284305297,6.557835568584445,-0.14423880527140545,6.158202279372664,6.919490305805131,-0.4049004529095168,6.112641797570029,6.988719503901599,-0.29937693726113407,6.191266003747063,6.802013411503599,-0.47523051503508823,6.063362419605473,5.967672632843638,0.08600262209636345,5.885932524283967,5.888699442620163,0.07490101522078531,5.7336093680986755,5.882213628122046,0.08462600084606471,5.614568935881494,5.933385788289394,0.1295163783434094,5.537967868808272,6.025231908712618,0.19662450671417575,5.516002358538321,6.3133970118632545,0.34599635938238443,5.288027505967511,6.841405032301737,0.7864916021237242,5.602627871299887,6.501782101146377,0.2415431670034379,5.704366963165569,6.524121549498107,0.1702572396231284,5.834205416166567,6.4993991769957535,0.12042399613635962,5.959320852419511,6.444003453235397,0.10157973055418633,6.058369377848165,6.37783503517485,0.09581158317171877,6.125126636653029,6.319044817711965,0.09153775651825996,5.284477328880337,6.922647177499518,1.1811255179572917,6.124720295570139,7.043373310671015,-0.25153027475084616,6.205334865401586,6.554920043381088,-0.30275662614418986,6.222287221706643,6.902946152824407,-0.48989692341267327,6.284191851759011,6.988630116312329,-0.46002275306998663,6.228496679574599,6.938534331699107,-0.4421788021179971,6.157915866638711,7.09522928589628,-0.22352877440336627,6.296845409916758,6.99782362986875,-0.4884516378286638,6.313189185718202,7.049294493563576,-0.3733401160521525,6.125766130364598,6.2051769473272085,0.1559103918771836,6.173059241605917,6.228517909127051,0.08544902427135839,6.202020075632823,6.243476549743098,0.0056310998698577246,5.646430024731924,6.184901607391039,0.2372787737667894,5.563502178579827,6.146439617521308,0.24561963680045698,6.432149169105039,6.451255766311504,-0.3792774771672506,7.0613275528724735,6.1369660228518415,0.1926963295310745,6.450026686959041,7.019888211383474,-0.37711783576565827,7.439469086037436,5.613033331587493,0.7381711388342691,6.7894105063131045,6.2788583922659,0.08414364539526822,6.8927261717845365,6.29045196259422,0.0862544145979875,6.9909020508729425,6.278071781480324,0.1123196028489419,7.110111574613159,6.198674000207816,0.20023103988302218,6.693313633571804,6.248818203098558,0.09958872675427803,6.926995138820926,5.824952683332255,0.06498896744254398,6.804184785026282,5.854666607798761,0.07253654471896277,7.0379646166236025,5.849783065838309,0.09341523924369624,7.110303013033512,5.911446721847937,0.13237800329599675,7.203879155757399,6.294716495498977,0.24236583543895648,6.823039607189637,8.360361632697815,-0.16061427409440965,7.092215434344726,6.0944625966022405,0.2276582249694423,7.506716859238419,6.27835186259337,0.7059755914206548,7.3220815793251735,6.2030726144964765,0.3543542153692205,6.874997633245984,6.8651568045639335,-0.08099033523764236,6.515237912917822,7.4479042948782155,-0.3416335932415029,6.512467642547029,7.5985529235578495,-0.3055999662136075,6.638919050811271,7.50801670376572,-0.2904792640359721,6.729894759583978,7.573851408159659,-0.22451904456876615,6.609525431872983,7.612637428040494,-0.2695732294790517,6.692928522041365,7.629108581156648,-0.2060073171132899,6.8751466125614344,7.825040217663891,-0.10561350846612177,6.4383005250399705,6.898810487027514,-0.550342766630569,6.446673162568262,6.747735032609117,-0.570346452096223,7.249438520215168,5.807214833586487,0.1783831999942593,6.654497817827879,6.497364119546707,-0.05402520135078418,6.6695290858602085,6.897420510014366,-0.3014923737064702,6.674010383668945,6.829736227419115,-0.2647505362577543,7.194317663291817,6.858255337775711,0.04233427071201555,6.436215559520248,6.579824915544868,-0.4931555200458898,6.996289142919615,5.652513222630036,0.013345220817494098,7.143383870029188,5.697142583711109,0.0867589481804707,7.319505726961042,5.3136396574313896,0.561301545406964,6.546098978113293,5.8327588270135475,-0.07019012050062502,6.698186002083596,5.931098210900659,0.1044562650773277,6.9512996243434415,7.678043816902514,-0.06832055230132203,7.505515341059314,7.820275859155799,0.8129766792640672,6.5946736839157705,6.991313233783584,-0.26644552514126885,6.516831991593137,7.041886497102824,-0.28418134969946696,6.837583712860445,7.684501325330695,-0.07587293648846588,6.815132530022127,7.676829635481597,-0.10128095719265492,7.198588155369191,5.601890796136698,0.15075956007459854,6.6747508108667315,6.982818433216624,-0.25146106920321604,6.8004327409666745,5.694981638740506,-0.040101789482226764,6.816614129314278,5.55843837164768,-0.04795217594655447,6.883849984170024,4.943903909692406,0.20303950948141736,7.248251899967609,5.442121653765215,0.32889162517124343,6.832483405996014,5.218250063990188,0.07281744638214468,7.309645530967983,5.75001236317801,0.2775839636608893,7.370494642570388,5.68212211667915,0.49557247665888593,6.5166800326913785,7.530344978668791,-0.33561401416669084,6.623810313534908,7.563846702230614,-0.2863369407259205,6.711723752478539,7.602346681825784,-0.22512411009165556,6.572076501348312,7.026041802008137,-0.24832987316272728,6.829037514429654,7.679834548274224,-0.08944081445825589,6.775323022244151,7.695088540383151,-0.15698571992049823,6.803482347553936,7.674667945614417,-0.10392829635018366,6.550499827091687,6.910530689773967,-0.402123757805745,6.678400804095257,7.64737046564451,-0.1892901619024993,6.598742309020711,7.638584410515846,-0.22988427855650004,6.507657100451148,7.642950994251685,-0.26310992482437906,6.553686494649162,8.057710898257685,-0.2345135314478928,6.532497911509284,7.837467327262154,-0.3134743843218083,6.525885464593035,7.757656128389271,-0.3136922432926359,6.5187374370377436,7.690943935827331,-0.27952865584390885,6.507517804791203,7.6455119486842715,-0.2583593003469306,6.680168443673072,7.648291157813992,-0.18600399245691548,6.696188189463411,7.672470500711529,-0.207902869400229,6.712201231184556,7.711697499366096,-0.23046157340386886,6.727333060254815,7.755268734859184,-0.21866860357302598,6.81118234347297,7.400224209865016,-0.1799290698942156,7.58254360631959,7.040686468716874,1.0498674783041995,6.742869368166519,7.661852000002829,-0.13946592700871166,6.75630506773038,7.678992070245354,-0.153950184895141,6.497385721547447,7.104307340483226,-0.29566362782354244,6.63989188574116,7.088560226840159,-0.18419334674077387,6.506317031508676,7.077244502935153,-0.2916164184951984,6.76922306417305,6.585727476022997,-0.03175743183610108,6.943288261655117,6.68198375663183,-0.015341907363556171,6.694957620317795,6.911192902831143,-0.2127451161566792,7.1407394871799506,5.084082272082212,0.3672506330891692,7.076387871871316,5.280780407167446,0.19189996525594005,7.030825527827237,5.527219011198553,0.04785099513139542,6.7875862545954195,7.913388676208636,-0.16285548167121083,6.5769816453095045,5.630599110223916,-0.09374448935034528,6.588350256871495,5.225479657720688,0.0053100145280358816,6.614039505131118,4.892714244455491,0.10997888174502371,7.068297550145803,6.24927556959699,0.1563372059769389,7.317286680057414,6.403994313174718,0.2886724009977618,6.629431303106837,6.2163567276068665,0.11837359847342467,7.2123523543236185,6.000249939753093,0.2213376145653491,6.575694464024016,6.397269386875305,-0.08177876752813,6.607030028339195,6.822189680194994,-0.3947059380213805,7.43503918609253,6.5245163446840495,0.3877774454542151,7.2488910212308895,6.496204315575929,0.1841422514911781,7.116659215527187,6.544370818054073,0.08739972800253655,6.919916386647318,6.526150647774536,0.046009817384843325,6.769776522329947,6.471054372438234,0.0324845963831099,6.653344717926296,6.403855017514773,0.014003866518404932,6.438946350372446,6.197818114040555,-0.1657324351986769,7.436471622210582,6.847177235878848,0.32454536314515153,7.292229848991877,5.992932075778189,0.27277104720716827,6.408675988162735,6.9946950642443,-0.50728518388353,6.648260053889987,6.63079818832609,-0.11079067934611807,7.558040233410949,6.321840414566384,1.0549066105372242,6.568792252339216,6.324857245704247,0.009395939928726256,6.705664763719187,6.936655702531282,-0.10889157716142801,7.148726268281226,6.107074068103373,0.2462255403319958,6.608574943840412,6.740087924347068,-0.3479698464737183,7.563591947601194,7.423599064459123,0.959759480931917,6.620180432513968,6.168185010852681,0.15165347088432568,6.5235405301678515,6.640913138948569,-0.4385089294620663,7.279597892834869,8.088666565318466,0.2426121168698098,7.2896949659394945,8.318331588223057,0.4046495158750557,7.5429605471010985,6.942984343851599,0.6871989368418759,7.400641351948275,7.898005816991845,0.3886242531944402,7.442045683298144,5.959868723852078,0.6335539993742735,6.861112016149465,8.541854193951643,-0.12262625958898145,6.404948525690176,7.05556428805429,-0.37795468051416264,6.743416867150798,6.7507086597454995,-0.08602646460633995,7.407685093982752,6.237590376989669,0.45687942918209956,6.974297561269461,6.186367191406778,0.12939837043096036,6.894368668737372,6.2002159361227225,0.10532156720288485,6.791284666101466,7.719905514750814,-0.14385745314088047,7.437367732793014,7.169316699469572,0.321416075902142,6.677488305788126,8.771038758563906,-0.11209337543062925,6.998635567137953,8.610822678246073,0.10707513521879466,7.136799729182875,8.494687342680168,0.2379115866871814,6.803001889261609,6.1946366607591195,0.10445152800065675,6.717272487082475,6.1823592753728835,0.12221515815140255,6.655288897992919,6.177431412066086,0.1474528943341313,7.367360862669896,5.97469626267053,0.3803807621102301,6.722758650373922,6.04962391958296,0.11741581278219831,6.811779750527925,5.991819200291777,0.09801977669943604,6.900012750103197,5.972212405033689,0.09929956721419678,6.982670943694329,5.989682836908224,0.12101933144770871,7.038135197939792,6.027765301971845,0.15238582060985273,7.5100189857653685,5.93308373272732,0.9258502989423388,7.02657216837114,6.163538718452084,0.16299428849277778,6.7012952003970385,7.305805589112259,-0.22034867124697746,6.594859163163506,6.953248273789528,-0.300134264300017,6.512307489782921,7.2444521825270565,-0.3028631230767186,7.1438874201154094,8.27213757188147,0.12088797359191428,7.010507728786164,8.415443010102573,0.0025083064664430145,6.671956703805467,8.628938563004795,-0.228593582290288,7.407002023821414,8.117754776660082,0.6111660396329501,6.652792749562554,6.119233759830403,0.13719835707648123,6.507443315133478,6.411675686679321,-0.22121503252235536,6.8492055892587,8.701149582099994,-0.02474879014307498,7.530690610680635,7.3016855661434885,0.6329142728825239,6.601212386070872,7.638943450666081,-0.22593874761095067,6.615324451726875,7.679064325213347,-0.24914700142995258,6.629455139797309,7.734016090613663,-0.27658824643926827,6.6389808772271826,7.800628467034251,-0.2727432299756116,6.6841506607750505,7.996514664850282,-0.21403672026559478,6.761231068795734,7.655414603782234,-0.1509316777399794,6.777425865281728,7.642845218937716,-0.1510260119080827,6.794830373809177,7.63220660602143,-0.14978802871372013,6.9017334611966445,7.528965430207724,-0.12234908822819031,7.2969636667403,7.21563511353956,0.1111158732581238,6.5048138302157845,6.285862654781782,-0.11513234396364722,6.550636143165323,6.049836960004054,0.08864154043086656,6.608971973716086,6.064761335377548,0.12461677455051091,6.739955332756318,7.6604389311957855,-0.14058184027647735,7.333497119371531,7.624520018240787,0.2226965852584697,6.4615576859748725,6.050172908360394,-0.042762228344406995,6.759435123147984,8.181765229336335,-0.18146522122164055,6.436018161927277,6.329599257315021,-0.28015516042141225,6.582576563501229,6.633976662021217,-0.24172492176828692,6.601618354705473,8.251164263852417,-0.24649121235187565,6.988899768873294,7.911679138563847,-0.055802850476355415,6.798335857101715,7.0632508758349335,-0.0998100192327664,6.883778474098608,8.071003577678713,-0.11841662788976988,7.052800721752692,7.043825462893406,-0.06392156556437169,6.913191460347905,7.215059308485345,-0.1030105372109755,7.157615864034128,7.307410096339655,-0.009018840401121787,6.64778257518397,8.453977254940297,-0.2631632082076705,6.646986280742889,6.733143998453943,-0.18049202548247234,7.091449680663312,8.057702704395336,0.024529313349993656,6.961280493582016,8.224750976119706,-0.060292441079018315,7.063572671156305,7.716872295888252,-0.024916837065051246,7.42497041905784,7.448021243640844,0.3290192119881155,7.205567836298025,7.769204260026379,0.07317622465467628,7.494766483449595,7.624632497623952,0.5513302201557861,7.011210911155088,7.424644154357005,-0.07722339906599322,6.574172640316694,6.5166047981370765,-0.16111106191639035,6.575856851477856,6.881233907390722,-0.41982510761922726,6.638224807201274,6.943967607333569,-0.31650094567121145,6.528845683591027,6.770231654138647,-0.4887843738185142,6.631316636343857,5.908889864346525,0.0637720101179752,6.803262603063647,5.793164221898108,0.04367460153219138,6.95417939451109,5.7610353427281575,0.04387222026633402,7.079265407349233,5.790098972482724,0.07921389656900915,7.167739008518956,5.866561488792579,0.14023688332715648,7.223494517326125,6.153869960879377,0.2839729416039632,7.53733955752917,6.607920179749009,0.7011935416188536,7.149495746445525,6.354953302114882,0.18510308660276759,7.044559930918575,6.394578820438277,0.12111700601140063,6.909096763862761,6.399817678066077,0.08035161552017296,6.775531593285781,6.370567079270621,0.07023763675494726,6.6684616490650095,6.324555562590461,0.0725980510621265,6.592249790453399,6.280442042389134,0.07249779845793675,7.577363595521393,6.680771809900644,1.0904843608598425,6.635617669180899,6.998761454659507,-0.26885154108578657,6.508731241315543,6.522827664143423,-0.31460562616445276,6.503581771277013,6.877034180488186,-0.5000820339815218,6.453317640037332,6.974748223698697,-0.46528102456483106,6.504019770464436,6.916348332042291,-0.45227797024424543,6.610002165682423,7.058052987518883,-0.23735296081027993,6.436760823814795,6.9838344721479935,-0.49340045135169686,6.4321640670365845,7.043215392596638,-0.37744491519712514,6.584616090329741,6.1701638286101455,0.13577420793285125,6.5368995053842545,6.198822234626688,0.07068650677679456,6.507140887123114,6.217090823183746,-0.006994394091110063,7.068053968965042,6.061498315920904,0.1854697503039099,7.155480245547152,5.999112110231344,0.18951496936171155,5.815805353363624,6.1594052873449225,0.16390953360603772,5.923305102909469,6.143722979704076,0.16387157879762504,5.808133663514526,6.0272509508852545,0.16395027013760607,5.709781243937311,6.175188156023697,0.16388894419908218,5.824269985619205,6.298745641085323,0.16386145285977805,6.901019105379062,6.071121634802398,0.13420787665503864,7.008125549532118,6.062235763532382,0.1338625472574291,6.897949386584214,5.937010455034294,0.13387349956491648,6.792036266747911,6.077764250030025,0.13375831993165918,6.900796381302464,6.208759899863781,0.1337772333213159
6.3778985293201345,7.466968287843702,-0.35226696872394914,6.340414834927778,6.887677664057785,-0.5567847589350782,6.357786395928581,7.094796923677048,-0.31739446586645154,6.2479028823335225,6.450547086466727,-0.3701818550693565,6.333264547167573,6.729936970058134,-0.5779826612955145,6.328787264177539,6.552954354219886,-0.5200714560737901,6.323961748066057,6.149107883526718,-0.1986091038854019,5.643511630003721,6.238874066220949,0.2462012345201181,6.315086629727768,5.841720873722419,-0.09932852081360012,6.3093248194454015,5.644911616252098,-0.10060131890531267,6.283932759131438,4.889089446182898,0.0958531157443015,6.38074156689374,7.525443979697794,-0.34577377143324506,6.384748104043695,7.5838543314352815,-0.316446106049035,6.386898387881032,7.628405153439438,-0.27259917530102323,6.387254788517054,7.6280933028829185,-0.2673308267586501,6.387807209502889,7.679581314766991,-0.28859734088215405,6.390752712259352,7.746326243878133,-0.31929805363854125,6.392900768592713,7.824915554126427,-0.31739718063692124,6.4043278639851895,8.046140853918939,-0.23652391310961476,6.346717928676103,6.986768178391958,-0.5098925054087181,6.275120010904453,7.013188603041112,-0.3707132075800934,5.2908602544218954,5.82182258071248,0.8232162309637648,5.919203114495069,6.331204848491892,0.11973666860059994,5.820082528857232,6.3603057029244665,0.12865392388908545,5.726128638689735,6.371405355232597,0.16077846414733304,5.602855227449438,6.311572370956319,0.2574737040116533,6.006398386351323,6.286879004389225,0.12697416546174783,5.7470723735653415,5.915791320906477,0.10906250435647113,5.870358778578827,5.9216266388200225,0.10664394550912835,5.6407996439139865,5.960147607563472,0.14414050605725878,5.577113077760714,6.033948526766537,0.18713467403345385,5.528818192825007,6.432431539138226,0.30419072722530216,6.051399906659784,8.40142328294607,-0.1391278564086988,5.609891541256247,6.203683958421662,0.28442443702905607,5.270788587352557,6.489445245883299,0.7899913385465469,5.416820406706877,6.365201014160503,0.42477637648159433,5.878523694399709,6.937393325278969,-0.04675828714470921,6.261971054939192,7.43891807278607,-0.3325120712824092,6.282403948903165,7.590091342565678,-0.29778811509625386,6.151273759891881,7.515601382132968,-0.27253139885194627,6.076190912151121,7.596869637162034,-0.20074398082024383,6.193695830597127,7.6143689083907455,-0.2541713133526739,6.1201124642823,7.649728306492143,-0.18626293107151565,5.961047890420091,7.876461481113854,-0.0757303495017419,6.263630545400672,6.895389282819725,-0.5435626201829675,6.244119095581082,6.744489996029059,-0.5620249156302659,5.444552831197389,5.9624668104522565,0.24399175940527534,6.062055543175536,6.533094671278849,-0.030609469204884603,6.0636281609819855,6.932819517116679,-0.2797784670192373,6.0566371397560035,6.864903663415937,-0.24204199733203421,5.579120801343642,6.996203142729332,0.09966744946531776,6.244406443593875,6.581834685758921,-0.48351129411079297,5.666842506639354,5.776015075215681,0.05716476515917951,5.531186772051908,5.8391848604467205,0.14253491655134345,5.370227706058841,5.502455683279207,0.637976165077001,6.11396900831886,5.86655791429591,-0.05620823782718746,5.9806755416970505,5.980479521347238,0.13233949163812203,5.8769395678227205,7.750121910651774,-0.03213153891331533,5.425128625283492,7.995313668214157,0.8894355619494392,6.140847185034906,7.0108601188857635,-0.24920743675990292,6.2194331540272385,7.049181354772775,-0.2753736939242269,5.989830954285545,7.727621892998869,-0.0448493597439499,6.010899429383759,7.716776176143904,-0.0736709582680159,5.475641732927778,5.754202242539107,0.2114886942918353,6.069609009155241,7.016735531870862,-0.23028980237501934,5.856670766651582,5.782434741672039,-0.009534837291484057,5.832023806417303,5.6515993256867985,-0.01660944139855916,5.734475096084591,5.046835708942487,0.2480842410836042,5.427114445077331,5.61361815540666,0.3968078829760496,5.793039145596363,5.3115860651586,0.10965478838219471,5.389501184203753,5.917312706121499,0.3471696739243338,5.341537454859017,5.871844523730246,0.5722227072664609,6.269855676509867,7.5200504500726515,-0.32689894689038373,6.1739582891240605,7.56889144473293,-0.26974998888831947,6.098129970052954,7.62088064501141,-0.20342494427649158,6.168164551284717,7.042579032990455,-0.2351419557215371,6.000905361548624,7.721863052721803,-0.06057921551032503,6.051360554089556,7.725107041010934,-0.1320377808653224,6.023958542688689,7.712627821240866,-0.07731835100752017,6.169009146541958,6.9263627255940685,-0.3865852871549647,6.137168462219959,7.666217775918791,-0.17127638874101198,6.21088473627197,7.64070988539812,-0.21639505023508154,6.295238084306606,7.630493067165471,-0.25587010997804904,6.281054823995555,8.056256691971381,-0.2288004839359731,6.284183724579304,7.823986684968793,-0.30581109714821925,6.283029135018855,7.74361017403111,-0.30604693413158734,6.286660708999661,7.6827369453984415,-0.27142147538683276,6.293757536664462,7.62993990367831,-0.2506299300796949,6.1365106060459675,7.667315935378536,-0.16784589340029551,6.122856749179675,7.694187800833319,-0.18940429175562545,6.1102442504217604,7.730201342602083,-0.2111524804105874,6.1006314570170375,7.775254095501971,-0.1985809120382165,5.977538844849389,7.451624497961602,-0.15223769183539607,5.293940521168854,7.247170075597933,1.1385299064762708,6.352184223431101,7.046149721862607,-0.3842718618546153,6.080949231892687,7.6921221621470375,-0.11624192369210049,6.067239687427015,7.710132274287382,-0.1299889992794363,6.242140329549831,7.107748374289847,-0.2874572068943777,6.111809814465623,7.111379205769327,-0.1679984658210095,6.231557458163934,7.0808995263761405,-0.283210911425932,5.961279550833505,6.6453274590663565,-0.0013112808151118536,5.802715422864377,6.77203679518831,0.025926443738312748,6.046693190760309,6.950024757820672,-0.189956851960459,5.511216827664101,5.239956591080635,0.4307563893408588,5.571574760377187,5.423128326713815,0.2466794285766149,5.625289533735076,5.65745172113082,0.09483724051343011,6.049286747888699,7.948828630258253,-0.13904353610197312,6.068893237877895,5.6754558932605645,-0.07823232953311204,6.028498938291353,5.265607784357041,0.02492298510186528,5.9852760799070435,4.939561716254306,0.13263622533172723,5.650065317949251,6.3587070975716395,0.21027767463068336,5.433586829127767,6.562400456077136,0.3581085282892587,6.065716445958681,6.241299075548553,0.14334977695083315,5.494201296048657,6.1396239141018905,0.28410987170206653,6.126057301141291,6.420085227105341,-0.06258778600882652,6.1079109400078,6.847267771943416,-0.37628730424622114,5.3428821247586775,6.716205150552711,0.4637569535452468,5.500352177025348,6.64474830803282,0.24891310459402094,5.626390663200121,6.66836133517197,0.1421602202186083,5.813865936513274,6.611559241304535,0.08749704063697003,5.952348373645176,6.525973341070321,0.06420776147791464,6.055084198234668,6.440415655886458,0.03824131838111077,6.236192151434878,6.199528178505373,-0.1566415600069166,5.3642086190673455,7.030765836908954,0.4017030549930873,5.423584222527394,6.151649465562355,0.34192949402597966,6.304540883408122,6.985025527782072,-0.5017535307278805,6.076332358653543,6.664200357746406,-0.08824033667046668,5.249094926138654,6.5444237564964185,1.1466449818957085,6.13048223778791,6.346311037949977,0.028595503970193323,6.0429108890105185,6.974925282257455,-0.0869911361989908,5.558823785122152,6.228034289376585,0.3050371323295232,6.1063969798060285,6.766479915271657,-0.3291942505177687,5.344699025501067,7.615509390426018,1.043485560300277,6.070298792886209,6.189803267400567,0.17721105101153253,6.1713985158059605,6.654873798602488,-0.424149334112592,5.618936692397972,8.21249233578516,0.29848372282199104,5.641369513680961,8.438809709664845,0.46193949592686256,5.296189928933084,7.148005311131255,0.7705893612660685,5.495033640034035,8.054026960492264,0.45475134059908073,5.304833015607296,6.160436226242964,0.7144880494304794,6.034920832251686,8.584093458934179,-0.09782775161193169,6.31985348823457,7.045148087575118,-0.3744542308968445,5.997271188813181,6.8004137108289635,-0.058777321415808756,5.344887249586967,6.41866259456655,0.5313708412383582,5.73101058490192,6.2758684522401,0.17707687870177985,5.811692635134861,6.272973439573741,0.1475008814290911,6.039766767149606,7.7564131243788985,-0.11686784070753206,5.3945839770243635,7.349337515423102,0.3952696522622159,6.228381779996707,8.778449120775882,-0.09984612544824044,5.922283009991364,8.669435076232453,0.14252954501832008,5.789919526279177,8.58158974446612,0.2838953120222943,6.29420303745949,5.237494456686779,-0.008400171274891458,6.438269084555746,8.775219982513251,-0.14061260382396268,5.895859986587573,6.249349274914715,0.1406322337027436,5.978124678394852,6.221658430498405,0.153410124630812,6.0395184004563784,6.207147727103007,0.17495463589104693,5.361774328473178,6.15104841073973,0.45552122166048903,5.96181266678489,6.090863852086041,0.14934211069146008,5.870788315595367,6.0482216297379185,0.13477978025080564,5.784247187406479,6.043351934797597,0.14273466100936436,5.701424134602765,6.076458212628139,0.16925542775164876,5.653290743705256,6.123894394781429,0.20386366974692882,5.258609338117808,6.154108629950911,1.0148475626312037,5.678572913823112,6.260947888113277,0.2140301371084734,6.364210517392889,7.228835490378542,-0.30369835603413026,6.070707911116311,7.338570503708592,-0.19908776200522685,6.134971400799145,6.974107788298578,-0.28410813146458597,6.241584938558696,7.245534345178854,-0.2936147935861605,6.321133560518952,6.003711274055977,-0.10777788425147386,5.754643659576847,8.370772085746795,0.1647249979089573,5.88838188449236,8.482076746877995,0.035986759513937795,6.214494777714349,8.636799915492654,-0.2166156891444526,5.528054158961534,8.26567176568769,0.6815109204241632,6.035636974779694,6.149740494655658,0.16566987725141266,6.183784922910397,6.422380298701062,-0.20766833934913626,6.428814072682596,8.634807784437552,-0.2523744833492261,6.064147169408193,8.734663817637848,0.00038200397059304426,5.339379003507105,7.4922370929377085,0.7134686879238552,6.210136294936322,7.644758002622277,-0.21205406264452595,6.197032631551889,7.682137746829128,-0.23541823582395385,6.188855835709807,7.73456873539601,-0.26188450992992973,6.184108653488118,7.806214915753789,-0.25760236556938415,6.154632835886394,8.014480597418926,-0.19756194498542126,6.060868283556785,7.682964893305231,-0.12613541740244139,6.041607799185061,7.675992063361712,-0.12374641938910205,6.023939237654238,7.66611605323726,-0.12066489967115776,5.90883334098946,7.591737468003307,-0.08847159102846927,5.517788706892094,7.366379405835584,0.1719330499519338,6.181926442093804,6.298340254842653,-0.10156559609488489,6.129086706547484,6.070005504862816,0.10567379791845498,6.075156979055993,6.092606131445264,0.14813293568203753,6.081118522194798,7.6889464839798105,-0.11736907550827173,5.52383006892334,7.7725320856443485,0.2841221229739298,6.209681884125393,6.056671294816956,-0.0325132281003266,6.0982903503391634,8.213399672404368,-0.16263219991639577,6.327804192423176,6.415073343161272,-0.4083317819787789,6.24150177841029,6.3291451498162115,-0.2722377627810565,6.324739146953381,6.28727995510475,-0.2981375779855206,6.129819184104642,6.65890483829617,-0.2254848906753077,6.419223925568287,8.455688249785817,-0.2902926338294017,6.412724811470148,8.243456126042279,-0.2637389765987343,6.251126823086877,8.251193732350595,-0.23791577824974855,5.864948171423208,7.98685212311392,-0.022044751225214865,5.966120659472813,7.118843571590027,-0.07282955344615577,5.975084135468783,8.12751008912821,-0.09179027611105851,5.725235780846366,7.148740387443052,-0.020842699587879484,5.872728100307053,7.291545667289379,-0.06968424242296505,5.651000498368147,7.430846340881482,0.0393251411844114,6.221699268071282,8.462781364943993,-0.25163901258360044,6.0817251457773605,6.765404773352988,-0.15947126736142106,5.780038318645449,8.15112014626206,0.06467154636807224,5.916418363275479,8.290587140150974,-0.02981240853442545,5.775232478819081,7.815574887457334,0.01685941201066538,5.430129742958347,7.6218770817896235,0.398652209861134,5.652188129237561,7.889351304116673,0.12378385769810092,5.3960663809198195,7.803887174099766,0.6268144210955634,5.797024150207891,7.515978572806093,-0.03782780895176711,6.133074681164312,6.539779410708248,-0.14274737634455578,6.138571047222974,6.902443787908998,-0.40289277414747693,6.09279806803779,6.971670898949773,-0.2977879758772554,6.171378097019521,6.784532349987529,-0.47301603788125096,6.0422801341348915,5.949763355282023,0.08733210672935232,5.866100533479681,5.869503788303035,0.07663211156022011,5.714779877187051,5.862137432657242,0.08662116171061963,5.5964363034944045,5.9128075793317745,0.1316275140784842,5.520186986171996,6.004149349837755,0.19870514179116347,5.4973435616562565,6.291127596971145,0.3474686467234973,5.269342566022028,6.817728099227739,0.7867959840942064,5.583388698960013,6.479582600782697,0.24311894909768236,5.684791362420383,6.502466491620652,0.1718418151016186,5.814226420906585,6.478523051391855,0.12189032849864893,5.938654050456668,6.424347927212437,0.10293428127177734,6.036843910683558,6.3597391744134555,0.09690300101633503,6.103314856805758,6.3018834711657785,0.09252068278561568,5.266422308310617,6.898052635072669,1.180325120437846,6.104401878745627,7.0263769115766,-0.2501680014428499,6.184847071055877,6.5372073861182844,-0.3008974786138874,6.202726874213676,6.885353634910387,-0.4877234113151201,6.26469380729814,6.970681144683485,-0.45818810079472727,6.209159534443223,6.9210412185974555,-0.4402149280953037,6.137123169639132,7.077967388643529,-0.22240371900485953,6.277290342277565,6.97972778082786,-0.48654858859356415,6.293484296176844,7.031427405589571,-0.37200757301498194,6.103039388814166,6.189350712842951,0.15678842444869429,6.1511490196692735,6.211885256807471,0.08632450342730527,6.180968615384494,6.226801737177007,0.006592201576271104,5.628218701462387,6.163751494659299,0.2389672761418474,5.545447995002089,6.125147365767446,0.24743492367485043,6.410924988258234,6.433891296743268,-0.37768645518060695,7.037457258850279,6.118325634843575,0.1913988707447831,6.429889214601264,7.002048855661429,-0.3760682199489994,7.4152820281058425,5.59124696173365,0.7346656621576353,6.768806914424355,6.259878686205209,0.08372805750469767,6.870483560873667,6.270883298343733,0.0855994972897295,6.9678462746244545,6.2585681713665,0.11138197408166972,7.086685839202233,6.179540785336427,0.19876674619797596,6.674541173700338,6.230998354666173,0.09926841301102092,6.904032740744599,5.806923920374746,0.06435157470330971,6.782549128948328,5.837161173085304,0.0721772022233942,7.01433428258566,5.831345902707535,0.09252930276193615,7.086616786579004,5.892890723788709,0.1313019156458678,7.180585526773001,6.274787370310831,0.24054931443385888,6.798425292280487,8.336092818859141,-0.16308123919430126,7.06831561391924,6.076063573173876,0.22618409489183808,7.48353126490153,6.257347499188123,0.7021531533554674,7.298470234646769,6.182952578925019,0.3519900621360394,6.853200357530543,6.845228863304837,-0.0816020847849647,6.4947325978189605,7.422265253067911,-0.3413318964751487,6.491545039630533,7.573667213255634,-0.305602570291713,6.618774126680019,7.482490278043814,-0.29067198239700154,6.709221925590643,7.548394695655003,-0.2251154730629303,6.588885478341569,7.587709398314926,-0.2699035474436058,6.671921629025572,7.604171395192548,-0.2066499059691684,6.8508473708314686,7.800607545747033,-0.10726304079363606,6.417526567539229,6.881098359816542,-0.5484291130863252,6.425668837069696,6.730211695548402,-0.5682511140851163,7.223966909190208,5.788213258234219,0.17688196050237176,6.633713253339969,6.478699024205891,-0.054038614150649956,6.649630254245005,6.8795702920895945,-0.3011245912066862,6.654011012062783,6.811721263508107,-0.26446305460965375,7.17144236545637,6.837163813912174,0.040744159830033815,6.415132743267276,6.562454658673865,-0.49124825073045036,6.971132585489114,5.634062558141172,0.01282651316327576,7.117702347053429,5.6783653847027615,0.08569989739077573,7.295012405976023,5.292017813987645,0.558788166729054,6.524182427874307,5.815507235692291,-0.06976000076128627,6.6780093973896335,5.914127746687709,0.10417556946350819,6.927430442499486,7.6540697117396945,-0.07012858305967298,7.4801179863102885,7.798301336631436,0.8073693036212796,6.575113563764594,6.973471464663012,-0.26608843641651486,6.4969296592397745,7.023409133780386,-0.2836274082629507,6.815600832931478,7.659514473956265,-0.0773379518823431,6.793408953328468,7.65164767241739,-0.10246829208081101,7.17237940212858,5.58286300802188,0.1495854306959947,6.655493787208902,6.964446361057064,-0.2513373482171336,6.776792516175237,5.6770608098746544,-0.04011808619322898,6.792305596359448,5.540029591582558,-0.04781567864107564,6.86030683771257,4.922309326716172,0.20269042484068864,7.223085560117378,5.421897630767549,0.3272325156106612,6.8084839577309015,5.198233585372921,0.07289474854296989,7.283814000991661,5.730873222156787,0.27568320096093957,7.345767569052274,5.661627919833548,0.49301141293944056,6.495973317533114,7.504911590556264,-0.3354246951520717,6.603439989315144,7.538586253151129,-0.28659859692462625,6.690880657859327,7.577178502021782,-0.2257231639911486,6.552664778703117,7.007870066049799,-0.24801045501442762,6.807191262923994,7.654743160441512,-0.0907398107598648,6.752750323270209,7.66981593733997,-0.15807537647191552,6.781893500278311,7.6494134859303236,-0.10509071394821205,6.530449139057705,6.893260531520815,-0.4011381971100576,6.657064920012703,7.622649283167672,-0.19015880071928865,6.577679648343957,7.613982065200396,-0.2305802132057784,6.486448510535409,7.6183880680632265,-0.26354926751018476,6.530345188872198,8.031161632187436,-0.23583259796966302,6.509137866026201,7.8073895528500135,-0.314404157795656,6.502961740004459,7.729008142972732,-0.3145263224667927,6.49637723825394,7.663862561715741,-0.2803633492348768,6.485691159183861,7.61946543748587,-0.25889858725758524,6.658393254883212,7.622933661175165,-0.186826350358228,6.673734817261337,7.646868191388061,-0.20890244616086392,6.689180329824969,7.685571815457472,-0.23144513443679277,6.703802408419123,7.72866213735526,-0.21972839391804885,6.789429146226215,7.378129489304456,-0.1805947571671878,7.55904364965883,7.01795768905189,1.044088285750884,6.720998739107216,7.636801358423072,-0.14042505262988905,6.734031122364445,7.6538269138064035,-0.15499775488592774,6.477447909473186,7.08537903687015,-0.2951386383368214,6.620929608026631,7.069470203479689,-0.18427755213783867,6.486378715410854,7.0585428114789694,-0.2910613315293232,6.747935202177278,6.566507230905972,-0.032149240028888616,6.920926130892073,6.661764953400251,-0.01617518543805119,6.675357182656565,6.892656135442226,-0.21272927478699072,7.116487614885652,5.06239185420355,0.3658444175632613,7.05131530358096,5.260688713078603,0.19109840134138625,7.005295071454535,5.508355970058695,0.047344549948749995,6.763349529685258,7.8883853098927865,-0.1643224229717833,6.5539916285709765,5.61335196868163,-0.0931172884010827,6.565603606793389,5.205554277187224,0.006049512143447184,6.59155996811439,4.871055202749489,0.11046883667086012,7.04493053468688,6.229878662668002,0.15509575345925078,7.2941139793727165,6.3832541913777,0.2864610253509949,6.611874061866356,6.199525208500073,0.11807316399133093,7.1882897205216905,5.981408390504872,0.219808700076986,6.555017022900866,6.379069453909734,-0.0815279042619592,6.5865748142180225,6.804764026092415,-0.3937823757018135,7.411784846864871,6.5039462967614705,0.38494654032425274,7.225788264940549,6.475282775609349,0.18237004303062604,7.093990567238047,6.523560954265243,0.08614063573589886,6.897918242332835,6.506016390455702,0.04513120860630453,6.74891678892899,6.451983826530693,0.031935791200708157,6.63342219282055,6.385659153169528,0.013797974633246977,6.417952763299805,6.1803738718231305,-0.1647373187903198,7.41327207701894,6.825828046182679,0.32165354627958787,7.267752954829566,5.9735690615150245,0.27089163108191233,6.388197022698539,6.976700602925643,-0.5055949541456778,6.627652215023608,6.612416830334965,-0.11068528740869459,7.535172974559887,6.299450294323599,1.0497704627661388,6.549287882676802,6.307469308634109,0.009402168836954189,6.686142014402876,6.9175692824015345,-0.10921943897246977,7.125332290669614,6.088270294957652,0.24458740789012803,6.588097684435694,6.722503789293087,-0.3471292308052851,7.538924833755351,7.401086145272266,0.9539999502942489,6.603223921429556,6.151772720782313,0.1512603744663027,6.502482084148478,6.623526877661646,-0.4370412454003879,7.2545460837609514,8.067276154136406,0.2389952127542023,7.264481493991408,8.297138971843191,0.4002373573774441,7.519504711598741,6.9212513464724434,0.682825333394828,7.3756628999026494,7.8769441069751345,0.3846250836568401,7.4181896632947275,5.939103635008983,0.6302587919297917,6.835949081744397,8.517498515090695,-0.12554075505216103,6.384803049141748,7.037552299019885,-0.37683501498927546,6.722526806834163,6.731645465607068,-0.08627403654036847,7.384126672506863,6.217041186008599,0.4540405347993465,6.950890514365677,6.16707344558756,0.12847224309611296,6.872002718584714,6.180746978738966,0.10461707931391437,6.7684378912658065,7.694550141479942,-0.1450645605578632,7.4139173106704055,7.147983036091504,0.318172607255101,6.65286310501426,8.745057351185858,-0.11482867683412198,6.973287324334401,8.587520845050596,0.10348477639480061,7.11158562113769,8.472757612747328,0.23396880362796252,6.782330091057439,6.17568683220877,0.10392121635334671,6.6985870791119915,6.164413434590578,0.12179912845308337,6.63782671068073,6.1603604911078085,0.1470202162353719,7.342772318707034,5.954951954541453,0.3780245949246667,6.7034281877513,6.03302077136089,0.11698934408842611,6.790660213423143,5.974790104944065,0.09743314696241873,6.877590783557019,5.954892925686112,0.09857021813222927,6.9592525642883585,5.97201055123375,0.12006474977202196,7.01434467760421,6.009755234841862,0.15125960876181124,7.486509437716294,5.911024091149011,0.9214152796445529,7.002766111941424,6.144656588083061,0.16183635451177722,6.680547266918645,7.284747325157246,-0.22064624157163923,6.5750051585711375,6.935638052146558,-0.29960028239269715,6.491601469731236,7.223516210885904,-0.3024974761566985,7.118524296020256,8.24999385020932,0.11743700277793034,6.985155465513955,8.392377389303018,-0.0007254028120202331,6.647534915505722,8.60355219115969,-0.23108611184296604,7.381539055389073,8.096480958754487,0.6060819278469332,6.635166328433086,6.102899798565057,0.13680075284175205,6.486240610164396,6.3940583281584615,-0.2202946903973958,6.823949517830309,8.676255693404336,-0.02795831021588759,7.506404760720934,7.280066596804149,0.62845753012156,6.579488381571772,7.613286341458827,-0.22664400485320557,6.592878650467673,7.652687916773782,-0.2501028701547434,6.606273374371525,7.70655564540463,-0.277518710642789,6.6151648277389645,7.7720190172287404,-0.27372476090346193,6.660134420490448,7.970807411980975,-0.21541643348866935,6.739798130156086,7.630377236958763,-0.15184034921224698,6.756013616593791,7.617824509557516,-0.15196379005753607,6.773474277753601,7.607139172988761,-0.15076572936482283,6.878954758491131,7.50571571949129,-0.12354344969095048,7.274022636018264,7.194240126140619,0.1087915029744121,6.483881683454721,6.268107828390707,-0.11456360386108014,6.531649021198982,6.033057153925817,0.08863231356138399,6.590732079136962,6.048240192271045,0.12433898185282252,6.718313854315846,7.635545046181091,-0.1416302947026055,7.309450344241566,7.6030502181917266,0.2195503792253688,6.440984411901444,6.033547576051011,-0.04224907949809342,6.735274069582573,8.157043821833287,-0.18342471975652275,6.4147496125835515,6.312210179594535,-0.2788100364628781,6.561747797412419,6.616148641994652,-0.24104609422664827,6.578057581518406,8.225790534516756,-0.2484017300095611,6.964101840442242,7.888417979951089,-0.057990919699918146,6.777760737903098,7.043386874432106,-0.10045250539755672,6.859092848046118,8.047040765524896,-0.12046781197569055,7.030295091068874,7.023003728056911,-0.06509901830280175,6.891354530619418,7.19402702826033,-0.1039268895275334,7.134713052410261,7.285956117314423,-0.010807921797281938,6.6238528357433415,8.42895671708147,-0.2653910884532971,6.626643155722869,6.715000813403485,-0.1802712586211313,7.066349470410516,8.03508872169561,0.021724216883666957,6.9363003633285,8.201357785914754,-0.06301401077336162,7.039182089428364,7.693999205496757,-0.027122801898690835,7.401002242622535,7.426792283646724,0.3255550891015475,7.181105277700534,7.74723061049204,0.07053610607208345,7.46983211545441,7.603389541297273,0.5468736192166842,6.988365298742134,7.4022852849122165,-0.07868252896933793,6.553297389832058,6.498646322303284,-0.16062794520684612,6.555658544045707,6.863956231725177,-0.4187755735852286,6.618388025990995,6.9262060578144835,-0.31602840264736315,6.507892691304097,6.752938176105446,-0.4872770752061011,6.610951132719322,5.891828204392566,0.06381991475061792,6.78069733064366,5.7756170945054555,0.043515662041604494,6.93025269003599,5.742964113733855,0.04336990555102277,7.054686259596674,5.771694088754568,0.07837490718989591,7.143182022523749,5.847906281010725,0.13908602109966567,7.200016043948161,6.134404872288134,0.28207722791841705,7.514258939737283,6.586611939284275,0.6970448834581411,7.126293087384226,6.33495299518073,0.18355979698976532,7.02172662577783,6.374540938328272,0.11997211113013913,6.887059902955345,6.380067375690597,0.07955253749458717,6.754840464500217,6.351587994867088,0.06976559272439053,6.649222621017554,6.30655157699635,0.0723066584895745,6.573620393599924,6.263105596963864,0.07233380619427153,7.554550031639644,6.658027201729964,1.0849062751560314,6.616236257151008,6.980660362492119,-0.26859217408774044,6.487493952401075,6.50534368425521,-0.31346326939782276,6.4828622291354305,6.859749219217459,-0.4985158537000123,6.432950547564434,6.956946355172762,-0.4638005754980934,6.483611412972404,6.899023084304505,-0.4509410558306026,6.590856076858245,7.03951695752596,-0.23716074721484118,6.416198975170044,6.965969973776061,-0.49179333951570064,6.4119474125828235,7.025246082058553,-0.37636306258454233,6.567482135145759,6.153902957083873,0.13550397427755714,6.518422845095916,6.181934980859042,0.07064028828925413,6.487521424950102,6.200340846205637,-0.006788137814605334,7.044234068443985,6.0432565233773285,0.1841697966330412,7.1318009622134255,5.980519616418791,0.1881858586828062,5.795486429963718,6.138052038796766,0.1758439900562886,5.902283365550556,6.1231017746169405,0.1758040690084841,5.788330944694239,6.0060661170083645,0.17588382989301066,5.690386109904614,6.153205005838329,0.17582156419595554,5.803556676865656,6.277287372272265,0.1757935231693518,6.8785359877438035,6.051817934905785,0.14433086483446775,6.984739664771928,6.04300370167615,0.1439552635782427,6.875506582337611,5.918142822602902,0.14396496250180113,6.770505757456062,6.058445872983818,0.1438501648359989,6.878278339784012,6.189058909822208,0.1438689826039556
6.372597162625575,7.460523745258935,-0.35339347433483737,6.333663494990177,6.876547665557277,-0.5583243797487027,6.350938330007853,7.083994069509454,-0.3185732126385112,6.241404420771053,6.4396057757988485,-0.37031439094751356,6.326598945125965,6.718581303565197,-0.5792085565034785,6.32226613991624,6.541596597609747,-0.5209852345099958,6.317487441567638,6.139080477463722,-0.1984073533919249,5.636347463119204,6.233059319230131,0.24918904534177028,6.308288391602677,5.833592113982969,-0.09839098590714675,6.30254371510629,5.63691688572168,-0.09949276995452438,6.277743598711518,4.885376983720922,0.09840793411245663,6.375384551182584,7.519012164078017,-0.3468732841320076,6.379423556586993,7.577292845661016,-0.3176250637244932,6.381782858053931,7.621759001044516,-0.27306009404409737,6.38215530124148,7.622891910899868,-0.26752966975738035,6.382970669893105,7.6759902903613035,-0.28806621123114884,6.386062987035936,7.744772089228283,-0.31878558686647074,6.388254614876608,7.8255180690562245,-0.31681658100580573,6.3979730079317765,8.042974440112785,-0.2364009172942111,6.33992677265807,6.975630907981719,-0.5112231609913475,6.268330876160871,7.001946022362493,-0.3715916503599907,5.287750655476492,5.819471917278948,0.8289977908888283,5.913184039272601,6.3254333908478015,0.12164376129757462,5.8137316922947635,6.35467240682644,0.1308526648702747,5.719863767374048,6.365488839558045,0.16325909407519001,5.596401818376603,6.306113827892111,0.2605646761087641,6.000993827046055,6.280177833967187,0.1285698853617832,5.742780152188771,5.910328394195164,0.11180515422799889,5.865488311786716,5.915952508902754,0.10903080721064297,5.636535910469079,5.954314899138923,0.14712215367913217,5.57262777554434,6.0279080407773185,0.19025290177201953,5.523585465617417,6.426963481145816,0.30747816624998536,6.044828609615604,8.393370771563063,-0.1374263311819242,5.602755610125932,6.198101593909615,0.287609374791442,5.267383132356634,6.484217347247607,0.7949117273013224,5.412748747142898,6.360376277794311,0.4285187012743011,5.87323728165195,6.929150443326916,-0.04582497368685124,6.257040357379776,7.431866393541328,-0.3331302139773308,6.277487636759916,7.583901115524546,-0.2983727139660577,6.14626150856388,7.508938391965407,-0.2725245446672811,6.070579123865454,7.590954536608255,-0.19995216723569606,6.188698887261423,7.608496462358037,-0.2541838738817523,6.1146587396061,7.644143430151127,-0.18568704135056455,5.9519077439158155,7.872754548866627,-0.07381566508232446,6.256717622745148,6.884541097634259,-0.5446395038420804,6.2374455425862765,6.733430806351609,-0.5629431018775538,5.4404074762899075,5.955874041287594,0.24798539817533805,6.056066452168977,6.525332997780573,-0.029656342349435077,6.055580495420283,6.922072538926099,-0.27961589634454137,6.048572331377294,6.854392489329059,-0.24171741396068988,5.576142244427638,6.989354920099782,0.1017392302241405,6.237802405481119,6.57064419856371,-0.4840932343979731,5.662316472426291,5.767227486241552,0.06045354119905007,5.526716362532664,5.831750300809485,0.1462309702103212,5.366338022845924,5.500693193160455,0.6436240247094633,6.107561174359725,5.85738618862014,-0.05445194057524701,5.975310827397932,5.973911568729174,0.13442784356972126,5.86901576424727,7.744985019895267,-0.029907539791883507,5.422334336750714,7.984491956643306,0.8922815084874315,6.132816457877128,6.999912423204984,-0.24936457866926828,6.211886443361102,7.038660611165308,-0.2760900900161035,5.982583856416927,7.723525021489225,-0.04288204882981259,6.004001194497702,7.712721201375524,-0.07195187836358491,5.471785814840849,5.747328855740281,0.21548597409833256,6.061608584860183,7.005885610661062,-0.2302175118113966,5.851989842953542,5.77267428237977,-0.006951936169303029,5.82734033605493,5.642649320559512,-0.013888876017064346,5.729040559778001,5.044293372608731,0.2524483405620864,5.422872227808428,5.609737807014412,0.4014661660753513,5.787425109979042,5.307210070107187,0.11304688269021974,5.385836388208386,5.911389337936587,0.3519319872350931,5.338132499616797,5.8679221760830345,0.5773747189560234,6.2649336304322185,7.513653285305784,-0.32748205646686057,6.1690061391994835,7.562784625476741,-0.2696711949008234,6.092585174434913,7.615198955896505,-0.20269967766256472,6.16027932048726,7.031760767252562,-0.23549941651847411,5.993793877019039,7.717840440407563,-0.058775309506502345,6.044174237321943,7.721345264347757,-0.13025867780333045,6.017342005607063,7.70856497281647,-0.07565682907694485,6.162362628197689,6.915439043826758,-0.38692801410851113,6.131546664021573,7.66050496324874,-0.17031068354710635,6.205786387807274,7.6347403525435835,-0.2159234047270348,6.290364377722241,7.624260750901912,-0.2559279856363903,6.273692722607906,8.053608360844118,-0.22841355967658789,6.278843122225355,7.824924534095988,-0.3048990481831243,6.2780418500290365,7.742235469191973,-0.3050916920106479,6.28174402434351,7.679085575178935,-0.270387424666121,6.288774445947508,7.624805319227929,-0.25030405640847664,6.1305354288330705,7.662548949268053,-0.16669570786487675,6.116535793917848,7.690096390610019,-0.18773849292679992,6.103496943719507,7.727230163478501,-0.20947666447553426,6.093471025363066,7.773439827807694,-0.19691085700351044,5.9708778631636665,7.443469260095246,-0.15137915566415017,5.291271801628093,7.240886133223506,1.1428935770813275,6.345508227040392,7.034457641728135,-0.3856997677001722,6.0744207788955835,7.687494481728083,-0.11479794993267302,6.0604118699966065,7.705882936714903,-0.12826356567839878,6.235040242159919,7.097417604553897,-0.2882759191887792,6.1043586822899005,7.101033716299137,-0.16820140868216674,6.2242638730381294,7.070505245619384,-0.2840061306986608,5.955541661709862,6.637872419672271,-0.00012900842723834343,5.797983355002945,6.765257634756877,0.027345891591918504,6.0388283421269655,6.9395113379765405,-0.18964853943575086,5.506553238014738,5.238212001939072,0.43591572345608304,5.566520300803508,5.419246842079435,0.25078975812261683,5.621440090674169,5.649463843821724,0.098344024771914,6.040847844829169,7.945501161267985,-0.13751037665969204,6.06255601504046,5.665343129764146,-0.07618410142326099,6.022276506882727,5.260729976411735,0.027535987972029722,5.97922444854199,4.936284106301037,0.13613346829178147,5.64372398979689,6.35301644428738,0.21309089823906355,5.4289893474923625,6.5573052422511005,0.36147039545056187,6.0606945410214195,6.233413214450172,0.14491529332014433,5.489666055517966,6.133538344772515,0.2877239084908001,6.119971990378265,6.411866177513507,-0.0617104326247082,6.100920631032731,6.836414315383502,-0.3763808051252752,5.3395495643343605,6.710184267715255,0.4674336354625166,5.495432247656661,6.639398546438778,0.25192494010398747,5.62111364644604,6.662475927611465,0.1445977984863367,5.807670958432051,6.605460217412468,0.0893566360974107,5.945796930540833,6.519267070486959,0.06577474441228384,6.048708102499448,6.432808316666743,0.03945969379014717,6.229758522932517,6.189937520531566,-0.15608094950247486,5.361559324497321,7.023979523923864,0.4051029588043615,5.419785104096499,6.145979579457768,0.34594020544158927,6.297534280041895,6.974203456402351,-0.502868970946347,6.069760045620328,6.655136867828143,-0.08760933641085736,5.2470679145051475,6.539985892111406,1.1517896459970562,6.1240417854087354,6.337407958670568,0.029733438135627486,6.035428499682862,6.965175789657157,-0.08659621744440485,5.553205085889308,6.222468800742765,0.30842536458066866,6.099127042574768,6.755884975816047,-0.32910776263392333,5.341579082939019,7.607704093186122,1.0471789237757398,6.065691363467908,6.181616902307754,0.17899190903670106,6.164579481274171,6.644082279193743,-0.4243932623413089,5.615811153495029,8.19944435208637,0.3012666374114378,5.638241581561058,8.423842114502893,0.4636957563105912,5.292577578540612,7.141344385042283,0.7747712776736742,5.492727583034735,8.04123093116709,0.4576431371836631,5.301772918912073,6.155963208448292,0.7195582908066398,6.028726006144394,8.574050974564685,-0.09622176053347936,6.313073025300881,7.033558436263378,-0.3755355510610044,5.990802831778798,6.7916061354791655,-0.05805783934587768,5.340989628531633,6.414557858558178,0.5354729128202566,5.724361649494589,6.269914130667301,0.17973030362317,5.805490830331233,6.267195740549419,0.1498753328285703,6.032161831645461,7.7530964170455965,-0.11507977470646802,5.3922840326733015,7.341159413243221,0.3982754983348125,6.2219817311160215,8.7685293815544,-0.09968011601882866,5.916864697944766,8.656608719858749,0.14388500009502797,5.78563782783003,8.567177839725149,0.2854333040585164,6.287901949555962,5.232219524596786,-0.006628516853842746,6.43171992193341,8.76571454200548,-0.14117143244869781,5.890176398457743,6.243515921392093,0.14272922986972414,5.973000121605861,6.215233609577485,0.155347748346908,6.03466877493376,6.199768685229179,0.1767762615781066,5.3584124763300185,6.145965112043112,0.45994391981311644,5.956906421159055,6.0847379003418895,0.15149559053017775,5.86549832768917,6.043574767012105,0.13722738104544815,5.778755419006741,6.038974871070273,0.1454183837538227,5.695378966426902,6.071778064485131,0.17219919122878935,5.646772533736404,6.118847983547318,0.20697305982138767,5.256130080469904,6.150806502521889,1.0203790582641594,5.671566343822223,6.2548991800107245,0.21687832364919304,6.357594824586903,7.219601227630734,-0.3049220708477929,6.063578379009467,7.329537998721795,-0.19897172167325577,6.126999073348112,6.963459731703374,-0.2842821012702113,6.234537221281119,7.237074154941388,-0.29431388542137643,6.314471542050938,5.994467539198907,-0.10720631320181984,5.750170775321762,8.358531753234596,0.1670934458431132,5.883049156463356,8.470437576556241,0.0380391194493563,6.207892694997413,8.628130912466613,-0.215686153037656,5.525382021750183,8.252078290441421,0.6836894893221619,6.031043018245416,6.141975444232274,0.16761499150446144,6.177258871862219,6.412550226555179,-0.20722487166525977,6.422202588846021,8.625988251260159,-0.2520951177058677,6.057950925667727,8.723661106235339,0.0013151613870955345,5.336036579288462,7.48389863583044,0.717042119904507,6.204740282439858,7.63977946435599,-0.21130092663476355,6.1914873886964825,7.678372591307952,-0.23395399986575896,6.182987226147199,7.732649137665457,-0.2604151563056952,6.177826439667944,7.806139894523211,-0.25615856005746646,6.146521180108984,8.011615020488703,-0.19641706373854512,6.0546085819228965,7.677928923925175,-0.12499438207290525,6.035239310414287,7.670934114418791,-0.12241710721031528,6.017463309314561,7.660840310501273,-0.11923924915983623,5.901969567158287,7.58508892736372,-0.08674555756403853,5.5156539837519105,7.358227994862215,0.17414023602843698,6.175720874396506,6.28943030207857,-0.10080356641075085,6.123433412074493,6.0614156859981065,0.1071559438775576,6.070155488287585,6.084682256439367,0.14993164909491458,6.074828092262045,7.683810113462417,-0.11601999436437666,5.521334484280722,7.762505430002742,0.2866013854972533,6.202178437167738,6.046701212415149,-0.03141293340846165,6.091105788546525,8.207545362374894,-0.16132102854282324,6.321409965736099,6.403850487875516,-0.4088498800904467,6.235000178550103,6.318739058415036,-0.2720076823677285,6.318336938479477,6.276436337961598,-0.2982427854536685,6.1228921823826274,6.6488854608594545,-0.22506270705166342,6.412525001319369,8.44845007395429,-0.28978477316054546,6.406166016139138,8.238229635981709,-0.26325336629367496,6.243909138303249,8.246139231245557,-0.23698267429508016,5.857798324458154,7.9804544350762985,-0.01982772654829399,5.959510926756442,7.109346915335946,-0.07218052843303217,5.967637162280777,8.121298797302963,-0.0900977201391682,5.721518246075707,7.140775333399156,-0.019453434360234844,5.867432880700189,7.282984826034364,-0.0685953454236113,5.647921023884461,7.422745245039897,0.041257449744560436,6.2147591525686465,8.455668200989463,-0.25049380211607714,6.07438850543212,6.755461340238178,-0.15902233255971446,5.774667076008763,8.14209329463484,0.06698457037039199,5.910435230488007,8.28161555773758,-0.02769099391611291,5.76910713726875,7.808620128738299,0.019231519521488695,5.427936193897294,7.612069542818659,0.40137393630692086,5.648247097153241,7.880319893853539,0.1261663933622577,5.393244075471484,7.793052448650001,0.629866255290537,5.7920836174981964,7.508642366403989,-0.03611338541726201,6.1264797302579055,6.530470784780118,-0.1421644790365634,6.131831931761837,6.891436490034804,-0.4031732282648933,6.084822479073724,6.9609164343987615,-0.2978704813758765,6.164532740396053,6.773598284785598,-0.4735343865651263,6.037038463262503,5.941950453039152,0.0892167438487261,5.861348405439068,5.862407865343089,0.07903819310841896,5.710488882677116,5.855180093364813,0.08952512699349574,5.592034884906664,5.905874656237292,0.1348251642186888,5.5156907087275755,5.9975179379351715,0.2021384393507507,5.492533942253957,6.2859210266261725,0.35106897349193394,5.265886682338138,6.811859774078528,0.7913957745806229,5.5777236441373175,6.474093866582077,0.2460847415749377,5.678966982857669,6.4966519046645566,0.17433278711612302,5.807980709489424,6.472666415002709,0.1239400924148262,5.93237525029314,6.418294161132866,0.10464900058925969,6.031185466635873,6.352770127278883,0.09824410918944766,6.09772518719056,6.293904813760051,0.09374312028434975,5.26433458841712,6.892892134524784,1.1851250733395382,6.0963563471885145,7.015418524041157,-0.25025810381897706,6.178149174302574,6.5267255791810275,-0.30075552498181246,6.195891789060786,6.874578613326694,-0.4884540006687152,6.257992239072255,6.960130742495148,-0.4591493712550189,6.202329788582599,6.910364319916739,-0.4408617708415206,6.129338343010144,7.067233384151082,-0.2226948503347115,6.270305121822357,6.969049347191399,-0.48762217069592784,6.286619914041851,7.02009928912132,-0.3729914886527323,6.098223756557158,6.180771856908117,0.1583054652080338,6.145530718644089,6.203126238307366,0.08764533685654122,6.174209586004005,6.217009762945992,0.007591137529696434,5.621387043487099,6.158440845947928,0.24210147281288963,5.540284571723665,6.119017882929685,0.2507017248318349,6.404674017632844,6.422917798473105,-0.37854210703907304,7.034211324719637,6.112801717099261,0.18916228128258541,6.423316950733865,6.989728847124731,-0.3774948887936062,7.4091844550358985,5.5924804070861915,0.7326354889278015,6.763106070526021,6.253972523554055,0.08229264846846365,6.865886293834034,6.26561545371779,0.08377519910380848,6.963615534630436,6.253464309244353,0.10918593777388286,7.082691260271735,6.175197079794098,0.19633589319574093,6.667437137960339,6.223921106598593,0.0982211213022182,6.897296163929736,5.803695758035868,0.06285986755986027,6.77563930313011,5.83283980842087,0.07118223045186604,7.008121011705052,5.828257347568496,0.09062229723395591,7.080882462480415,5.889425576733044,0.12912877040021972,7.175969730785066,6.271798604166051,0.2378618943248489,6.792016416520429,8.32942479878461,-0.16394436032722998,7.06491933972486,6.071060258142595,0.22391539933653487,7.476555124534917,6.256663462680026,0.69869498051531,7.293356107545792,6.181821300909685,0.3492937938917211,6.846537796049032,6.838592588687569,-0.08404071905491652,6.488761599286915,7.414084828051349,-0.3428500676849405,6.48525529150932,7.566462316474105,-0.30701314551961584,6.6115691759907005,7.474409495653663,-0.29252620912805544,6.701436304320072,7.541538299656383,-0.22682886770267585,6.581509597929535,7.5806648661538585,-0.27146979131001436,6.663982022573064,7.597890734537315,-0.20812493497351495,6.84560297848666,7.797651602673132,-0.10846944138155233,6.411015196764268,6.869885235628626,-0.5499513635166823,6.419090239898282,6.7189960361186625,-0.5697209001641018,7.219423909061363,5.786259555700878,0.1746502355800119,6.627579039624373,6.471082418577578,-0.05533420363093492,6.6434828088839035,6.868319787171003,-0.30317251062769957,6.648172476988471,6.800922408598774,-0.266425462881747,7.164351283938441,6.833730795444534,0.03734851775853804,6.408800569443886,6.5512133478029755,-0.49245331342265714,6.965376849624937,5.63048556346817,0.011996566726572325,7.112813159503726,5.675990775991434,0.08421239788291689,7.289900250239817,5.292676624687102,0.5574596271335898,6.517087313345491,5.808164705327097,-0.0693587681737355,6.670887801835413,5.908115621671533,0.10347630534360538,6.921553195835893,7.650713862160942,-0.07175263261887668,7.473771445571408,7.792399560193742,0.8027547353618194,6.568898463861915,6.961724383863383,-0.26779539257688295,6.490655717728769,7.012266853402302,-0.2850894479258889,6.806858500119837,7.655462883761532,-0.07867410809872873,6.784471103338426,7.647843378709499,-0.10366273560201397,7.167950331553573,5.581258886744225,0.14795675425456595,6.649207453575382,6.953251672306011,-0.25338842111023874,6.769906497332928,5.671280334163259,-0.04040003516909257,6.785719010592322,5.535585629635344,-0.04806967769579398,6.85562852588375,4.920195228325782,0.20311012099854373,7.2183184501979225,5.420539635414699,0.3254931347260845,6.80365044365976,5.194523377353481,0.07278159270882846,7.279497808142976,5.729844057730421,0.27365154235798905,7.34012740433111,5.66125738348162,0.4907509809648295,6.489810672329133,7.497454232403536,-0.3368951267918982,6.596108332195246,7.531123986860338,-0.28823822044482045,6.683029301365746,7.570584416772946,-0.22727228005089922,6.546493261031697,6.996262925118232,-0.24965190987091704,6.798356111814453,7.650874116600206,-0.09197808990010732,6.745325246954743,7.665594525532765,-0.15889928998026237,6.772833366605593,7.645611687259011,-0.10626083055813099,6.523523458070553,6.881373104783998,-0.40291290754092723,6.6493832883073525,7.616459475768306,-0.19111147559545663,6.570556652157075,7.607063075429067,-0.2314875375165459,6.480235469583121,7.611351365516773,-0.26434996850263026,6.52424311920984,8.028708827343507,-0.2360616285985823,6.504602305456921,7.808065915469178,-0.31420741523158274,6.498111258748037,7.727370386112856,-0.31430326185367713,6.491048192721226,7.659967814109725,-0.2801068610444618,6.4798311238914605,7.614158785878691,-0.2593485554341831,6.65108450788713,7.618209661982304,-0.18766193619091318,6.6670402114556815,7.6424221787664415,-0.20918119535314164,6.682926916585105,7.681873705654645,-0.23176325305354314,6.69801234951821,7.725851678533352,-0.22022087605865798,6.782227541188733,7.371375536150149,-0.18260592254311622,7.55167736061462,7.0172295475885775,1.0401768805620277,6.713025816337386,7.632254182978894,-0.14150378884147072,6.726357353462993,7.6494266332159295,-0.15579029125915447,6.470616493633793,7.0748855336259275,-0.29668366648995725,6.614390692807923,7.058849702837745,-0.18610789473330708,6.479806640574351,7.047740954138223,-0.29256810434966274,6.74192503355129,6.559647479587932,-0.03396480335180635,6.91466448070365,6.656803959147706,-0.018680868041753486,6.669156905507624,6.882072734118377,-0.21474519146104706,7.111962920673187,5.062106469643472,0.3653413794543121,7.047083614169761,5.258292773481266,0.19013598002184487,6.999514012862925,5.505901462436529,0.046485449421069615,6.7578814790385415,7.88559864540614,-0.16529410751522194,6.547199567634378,5.60563907715463,-0.09253211189331301,6.560128242905724,5.200713576029395,0.006819416013172641,6.5862890381968375,4.86785954128825,0.11194880823634358,7.040956107624022,6.225211303218407,0.15269111136834582,7.289006980124661,6.381651538443979,0.2834225420860004,6.603810932141712,6.191180234354561,0.11725189240381859,7.183298403706583,5.97827071205276,0.21738201689181544,6.5487694676042025,6.370757204248843,-0.08243403035078868,6.57988924748809,6.793406030246082,-0.3956103408836766,7.405398443908292,6.501642049842743,0.3815504946289331,7.220608753225735,6.472949827946222,0.17907709057747873,7.088430001418519,6.520176662813521,0.08326627765284496,6.892548626166547,6.501350475793527,0.04299550153043939,6.743264938724023,6.445800055027615,0.030446395923531988,6.627153178290404,6.378117037755772,0.012720855438845888,6.411532314098373,6.170731471137021,-0.16491822136120513,7.40659886836537,6.8236547975758235,0.31755142829348887,7.26270151068699,5.971979241474255,0.2682347707421735,6.381713117696104,6.965391687998943,-0.5070698537371754,6.621684495550527,6.603388038482544,-0.1122905545376671,7.52685869625234,6.300288282257392,1.0464778106039607,6.542690185773982,6.298292520953598,0.008620580881145375,6.679862050434185,6.907953084140779,-0.11109678416393255,7.120844429434422,6.084283104178609,0.242264416707442,6.581912459783795,6.71157981679051,-0.3488373515963238,7.532764369106691,7.3984169889385125,0.9497035119146764,6.594533980713219,6.143119853827479,0.15054050931330382,6.496237172111091,6.612589314203606,-0.43854457326082324,7.246855611086082,8.058965755778951,0.23571255585009332,7.256436749181696,8.286688055891497,0.396208049136602,7.513358743581766,6.919534435052389,0.6786160173999486,7.368467956763691,7.869588039853767,0.3804529186516837,7.411719591234808,5.938680817326951,0.6273784627786905,6.829245896901249,8.50909673427253,-0.1266727180977702,6.378152649853386,7.025684453097143,-0.37813868874578743,6.716475738293759,6.723300648417776,-0.08825900215776283,7.378746498437583,6.217133292409591,0.45117759393010193,6.947214679841707,6.161365489464492,0.12654142167277732,6.867412420600541,6.17515145179403,0.10294629717208191,6.761265370230588,7.690530413049691,-0.1460355673726309,7.407305916886751,7.144645923258596,0.3139709286458636,6.64621158586359,8.736160210579214,-0.11607518616019082,6.966173670309054,8.577250869919059,0.10103920674545247,7.1037483968235176,8.461828351958014,0.23077684895654113,6.776406447066216,6.169709849086714,0.10259876622339201,6.691283146906531,6.157637347995508,0.12073377482670301,6.629686088733212,6.152501786752064,0.14617783028341252,7.33753884998578,5.954454750813929,0.375340565552583,6.695556598620232,6.026565538889134,0.1160876944457786,6.783902051695299,5.970127412398318,0.09632646381005855,6.8715805198588,5.950905782711066,0.0971002386445478,6.954159038876472,5.968078603907452,0.11831001917267572,7.009928325658971,6.0055825942073815,0.14932057471290416,7.479405576181451,5.912078580409161,0.91872488206352,6.999482110358813,6.138847885951179,0.1597232486593388,6.673590611660589,7.276139884105439,-0.2227056081558658,6.56878569221947,6.923922142245935,-0.30129691696839356,6.485142519866875,7.214556922387426,-0.30406350861683545,7.1112892584933185,8.241466627271096,0.11508730981826788,6.978061433643886,8.38333557922287,-0.002413746453475635,6.640882383839369,8.595705355670205,-0.231568221175203,7.374199278723473,8.087661687268973,0.6015415613701746,6.626518095882951,6.094731545234868,0.1360114110731032,6.480261436737632,6.384103579748455,-0.2210787659257932,6.817294328558191,8.666975549857975,-0.029824265214015204,7.500803253416668,7.2766132282362275,0.6239935050785118,6.572822471867777,7.608145534812797,-0.2273500887745927,6.58689815344978,7.648531137344674,-0.2501039933939501,6.600930803747166,7.703932432451826,-0.277569452719533,6.610422169680044,7.771171040422192,-0.2738813980453243,6.654540365193105,7.968192002797817,-0.21602629957678202,6.731446173828319,7.625223019456195,-0.153262284435256,6.7477119994135935,7.612405631989893,-0.1534886507862039,6.765169346431542,7.601529845762264,-0.15239304553050217,6.872228214884158,7.50098205582344,-0.1254228285298461,7.266613647993648,7.190371114676498,0.10505564159189969,6.477653592506094,6.258993087398954,-0.11503580443099583,6.523980479989935,6.024601309130102,0.08844305016159469,6.58260392801247,6.040258390421784,0.12378490388918786,6.710075947585012,7.630394192797254,-0.142714287163401,7.302248003168832,7.5978892506999145,0.21582658433664628,6.434828561287647,6.023475818461754,-0.042148931719723504,6.72911209759719,8.152205646519866,-0.1841898146359295,6.408575026158997,6.3016786379017455,-0.27922733961022106,6.555766502866687,6.6059632382912685,-0.24248261036020696,6.571721464516538,8.221204085647331,-0.24843402713942286,6.958302654817621,7.88361401288285,-0.05946735156292235,6.77106537434279,7.03482266572868,-0.10255784477007884,6.853211354758188,8.04218058710347,-0.12163177467357297,7.0229653210605605,7.017949208727864,-0.0679565882000961,6.884077398446575,7.187482825176248,-0.10629925962831034,7.1271032555901135,7.281322186227002,-0.01376916917364365,6.617306433300084,8.422672108712527,-0.26555586461012276,6.620844643581792,6.704883258601645,-0.18191379354309853,7.059702167424384,8.028677666758094,0.01969688802624894,6.929695753571634,8.194382982712956,-0.06435987067338159,7.03293819222993,7.68962230456053,-0.029167267223704458,7.394449207729333,7.422084195477934,0.32138710160409695,7.17409638606682,7.741716868020466,0.06774354740455427,7.463914313719284,7.597737899285055,0.5422627209157656,6.981168589160723,7.397573427376277,-0.08099683529223925,6.547402853358259,6.489234201499004,-0.16182786334744217,6.548715307539081,6.852205313000588,-0.42062009568120073,6.612126356934622,6.914775026589995,-0.31794290633269157,6.501430603013159,6.7415229136157295,-0.48898080931584365,6.603551260596609,5.885060498059857,0.06344305043573148,6.773941793143834,5.770650328165364,0.04276057123511892,6.923910271546731,5.739072042524694,0.0422075896669656,7.049077891636155,5.768280639836621,0.07662777460227745,7.138018363508858,5.844711620503645,0.1369250491750778,7.195259616992744,6.131825254493534,0.27955139578753446,7.507349202109374,6.585305995918946,0.6931264169704058,7.121791859614699,6.331468899474704,0.1808869200994913,7.0169617149377705,6.37034989088238,0.1175855935242358,6.8821083462159915,6.375111525100876,0.07760337450820641,6.749184708033679,6.345675158747959,0.0683248580949552,6.642497540849912,6.299500364597678,0.07125765112474293,6.566311393353985,6.254900663848125,0.07159823238185742,7.5461426471104165,6.658482179247774,1.0812851119079911,6.610004469451778,6.96910128150042,-0.2704682706194938,6.481478925324817,6.49470140040148,-0.31459084808987914,6.476255075756037,6.848134405092067,-0.500192823824463,6.426354365892874,6.945332432099058,-0.46530729646747016,6.4770162843425405,6.887214972630124,-0.45256210696469057,6.584565561056051,7.028255943312367,-0.238912868533736,6.409811062713689,6.954497353803807,-0.49329492744830467,6.405402581796534,7.0132461860866915,-0.3777134765906807,6.559008687586978,6.14482923451296,0.13490301931230103,6.510842583645105,6.172925695693144,0.0702575910866636,6.480912099437791,6.190110758548085,-0.007036675022262444,7.040264639395347,6.038744134354482,0.18206854155450855,7.126839132532808,5.976569863432332,0.1858670725601831,5.7897339609743605,6.132725572836342,0.15345285320891466,5.896849957166899,6.117520320033139,0.15340597322103977,5.782361514849526,6.000914070785773,0.15348479049046646,5.684110705206816,6.1479541960786035,0.15342319964586223,5.797946259067929,6.271599028035672,0.1533960848358624,6.871541198167685,6.047019495537576,0.11793085234690603,6.978658678197624,6.038222565508174,0.11751695445197878,6.868522330976183,5.913253037711729,0.11752796730768629,6.7628026257776,6.053348803969795,0.11741252939491222,6.871392814427626,6.18414610315706,0.11743113532481805
6.362675555891217,7.459227114897951,-0.351182717587993,6.324203729637631,6.875476596638231,-0.5550460026268305,6.342319672637475,7.081193836197275,-0.3162597874090376,6.233280092640462,6.4392938166804985,-0.3690355537738058,6.317154069890832,6.718299055096075,-0.5762877722446378,6.313241957164137,6.541742546665048,-0.518596849093416,6.3100888447087815,6.13835243272749,-0.19800023493866079,5.632961650977281,6.225355803674735,0.2460240731214718,6.302149731519005,5.831044415150768,-0.09910034312161589,6.296560999052296,5.634698308824695,-0.10049587009451245,6.271253083754778,4.8769403074592805,0.09519359259471295,6.365535148710389,7.516638369797336,-0.3447620913607498,6.36963997634973,7.5732350335851955,-0.31547148613234877,6.371942178344637,7.616560310792628,-0.27177627504632795,6.372959120114441,7.616460988491495,-0.26756207242892077,6.373591373270158,7.668028534270519,-0.28889394553352976,6.376639974945963,7.734697517088895,-0.31946353385466225,6.37890363395834,7.812766328201432,-0.31733521537528764,6.390642936983238,8.031050062487342,-0.23628671206592572,6.330637442875168,6.973999130883238,-0.5083317224988533,6.259106855779718,6.9995649876792205,-0.3694226744871517,5.281818032280219,5.8051716969169584,0.8217905885879647,5.907938777112974,6.319305806011635,0.11965147762008634,5.808943350120784,6.3480811073143615,0.12869421954608215,5.7151393663907735,6.35861668334643,0.1608597861446822,5.592508937785064,6.2973407532373065,0.2573148043917678,5.9949584547066745,6.275030296042622,0.12695891672539816,5.735922187297144,5.903792071040693,0.10904972532534671,5.8589254451377,5.910037887238401,0.10657215739250298,5.629975311042484,5.9474045675890865,0.1441764770035594,5.5665020603236055,6.020420171328708,0.18711650968850224,5.518447485038742,6.4178023978645555,0.3039453276538646,6.039239153154106,8.384585569734812,-0.1389107388997572,5.599622712300878,6.189484887530656,0.28416997491161616,5.26147808506733,6.472615707499244,0.7886992144531905,5.406861844561206,6.349610226025081,0.42430459248377034,5.865951015520419,6.9231097933544845,-0.04612666467971642,6.247804126153082,7.430957319635317,-0.33143133839557476,6.268442410874969,7.5784005344552865,-0.29684531187099716,6.139399022945393,7.504419503124433,-0.27165807502238226,6.065853453195997,7.582739584834612,-0.200255694302111,6.181299692221656,7.600931872588311,-0.25348800044190745,6.109117580479225,7.634376804466669,-0.18589955670827846,5.9502219113697175,7.859854734683862,-0.07590928069268323,6.247506900460887,6.882987289752974,-0.5418542962506709,6.228382169014466,6.73253475745093,-0.5603037842916311,5.434223285495199,5.948259184105548,0.24394117699109924,6.049069837332613,6.520140687379935,-0.030175921207283407,6.049106897892738,6.918274131469497,-0.2785865235747254,6.042397454087878,6.850639350454288,-0.2409945381813353,5.567537532373472,6.981468316170641,0.10000756247060283,6.229156734721059,6.570306602775067,-0.48192412773105314,5.655543020866473,5.7644184225821355,0.05734326614369553,5.520410953514115,5.8262243187010325,0.14270674784043944,5.36040457941769,5.486848539660164,0.6369041170349525,6.10151349475297,5.856236330895099,-0.0560298688464614,5.969084995261662,5.968857814028102,0.1321362190676043,5.866086657170473,7.7336679747286485,-0.03226137972794578,5.415334259211168,7.978071250578795,0.8885840022369573,6.125908979060235,6.995996055739273,-0.24821937856327062,6.204489596508085,7.034601300009305,-0.2742275994700338,5.981104476121098,7.709084222775954,-0.045140367360564766,6.001945852712465,7.6985471643214805,-0.07399361454915798,5.465131792638666,5.740962794079618,0.21150380592826432,6.0552500563389025,7.001645567524585,-0.22920791345372926,5.844866151049037,5.771941345681719,-0.009288624265637653,5.8203594850614,5.641306577300416,-0.016343397211591185,5.723142594349564,5.033284357004246,0.24756266543787225,5.417063504946556,5.599020478198862,0.39628736493838196,5.781788336506682,5.299026362162624,0.10952985646317895,5.379454448532659,5.902501622337173,0.3467553009356221,5.331938363186398,5.856125149214726,0.5712465632280622,6.255879622204115,7.51037513513637,-0.3258963669038963,6.1618554987469665,7.556566676063797,-0.2690045389174995,6.087471248521964,7.606147775820172,-0.2029947708123301,6.1533975377154535,7.027531627560039,-0.2340634490640833,5.99205957769377,7.703479924873993,-0.0608749406392929,6.041559144217872,7.707729288697818,-0.13237252646409536,6.014872576083738,7.694589096500231,-0.07761528829873163,6.153216682182048,6.912851430312144,-0.38521297468781013,6.126049067977504,7.650522608090317,-0.17098072399751227,6.198360150469167,7.626542202056442,-0.21586059905074878,6.2813431918541545,7.617632102191416,-0.2551469469273108,6.268091076764993,8.040877040609839,-0.2284812716839468,6.270790567964429,7.811009657651551,-0.3057741504817367,6.2695453331442605,7.7311945529459685,-0.3061891592665759,6.273162443812369,7.670406339808078,-0.27172436709930414,6.280341815519602,7.617482377528514,-0.2508945024444257,6.125560609795069,7.65171818175992,-0.1681941289003591,6.111820036523471,7.678557439401764,-0.18974233144326724,6.099251318162997,7.71436164653762,-0.21145768869375994,6.089654856724473,7.759103378352994,-0.1987854787191394,5.9650932023307,7.437259838490014,-0.15166548969062904,5.284332220679035,7.229500562068135,1.1370329014816463,6.336380347271993,7.032841664614614,-0.38287118738212095,6.071169049334592,7.675126372745479,-0.11658035007258066,6.05739141550287,7.6929754797124295,-0.13033767008478364,6.227201419568914,7.093438645262265,-0.28630190679560286,6.097629548051969,7.095987670587598,-0.16708609922262493,6.216603211190236,7.066457075069543,-0.2820368617222755,5.948604588525904,6.631817496835376,-0.0008417516342800895,5.7905146159934935,6.758074671854825,0.026448005255116615,6.032657938887274,6.935365720587511,-0.1890074784431323,5.500683617360077,5.225359233776022,0.43001631968439047,5.560985966554741,5.409502038864445,0.2463815685495685,5.614122656449417,5.645764962683341,0.0949602095080442,6.037743759553099,7.93266316989239,-0.13907161647497074,6.056773245360001,5.666025600297563,-0.07807314835621433,6.016377234824774,5.2535934509009365,0.024835674005494295,5.973229477700336,4.9267474766324115,0.13214268150277594,5.639383134229977,6.3452229969175935,0.21026507986896764,5.4235268666321925,6.546954743840896,0.3578152838934457,6.054144539830402,6.229516963365465,0.1432800283798585,5.484032307696336,6.125013966533238,0.2838810183568989,6.112961501775293,6.407707842497963,-0.062151966471192775,6.092902844213746,6.833802737989926,-0.37492762692512965,5.332584699354961,6.700513692292539,0.46332621214679615,5.489745563645061,6.629765083015705,0.24891945254401415,5.614985796894707,6.654110164961201,0.14229730972104382,5.80200264842075,6.598083492588051,0.08773769120182913,5.94015552202882,6.513043590116178,0.06436088008741217,6.0426238941102355,6.42805631363968,0.03847719424409088,6.222591085889481,6.188499076631357,-0.1559457180121822,5.353787045801937,7.014960685565957,0.40145990731489717,5.413612425587804,6.1365490658718524,0.34163457385473034,6.288402487346586,6.972124607752162,-0.5001379569353244,6.062970512223947,6.650859953838321,-0.0876463311304108,5.240104889438183,6.526487678906782,1.144729545956811,6.11788388537097,6.3345636386147115,0.028710422159658862,6.029063805766443,6.960031746983682,-0.08635684947588174,5.548536583197866,6.213315939507232,0.3047240395106214,6.0917754619747715,6.753163406427185,-0.3280016615102938,5.335038849646377,7.598110822751668,1.0423159308529788,6.0588686494294155,6.178063564111623,0.17701532974678827,6.156557691677232,6.642641404025209,-0.42276287318260936,5.608393093854237,8.19580055888525,0.29814101854148456,5.630919243508844,8.421974486421572,0.4616854484987037,5.286508787375121,7.131045478042554,0.7696098758416885,5.4848961893528285,8.037285131122614,0.4543155855124329,5.295578247648682,6.144024922060078,0.7132506312671245,6.022814654118323,8.56659442777129,-0.09749687166214824,6.304000535891601,7.031725400543678,-0.37317396754575927,5.984232016789967,6.786426741560935,-0.058186996120619935,5.335360535308253,6.402208796586756,0.5307049973429484,5.7200813920833165,6.263691247067064,0.17697298805684653,5.800699599126788,6.26137496205931,0.14743901076268082,6.0300407221313135,7.738802344728236,-0.11715498563872927,5.384131120614715,7.333221210476143,0.39505913165017037,6.2155599564227435,8.760655379960115,-0.0994151725798698,5.910875826502806,8.65189301295283,0.14262316469593464,5.779013982975795,8.564520518826749,0.2838118077608672,6.281365428190229,5.225994081170946,-0.00863544854174957,6.424895047861098,8.757865460993976,-0.14025158996504572,5.884792604287491,6.237943793526474,0.14054275857194543,5.96696624303937,6.2100887059316285,0.15327631535499633,6.028204000771565,6.1954382959089855,0.1748080027857992,5.352181582337363,6.135330885260575,0.4548965097923775,5.9505762103245035,6.079174871532591,0.1490909736487858,5.859623666090438,6.036557821629129,0.134598534263672,5.773312586406309,6.0315086909178275,0.14263063471508464,5.6908417219622365,6.063897026227048,0.16915390475617195,5.6428838747392955,6.110592961377764,0.2036768472585634,5.249967816303999,6.136758087430953,1.013094049800758,5.6678111780843405,6.248102093056479,0.21389337819366347,6.34901280979588,7.216725045782169,-0.30258233290390196,6.057514085956881,7.324466023752435,-0.1981830361514727,6.119776568176507,6.9596070329646595,-0.28298426861614695,6.227133228138285,7.232884932418664,-0.2924515508397889,6.3078874474374125,5.99291975329425,-0.10745028420179253,5.743722693992057,8.353906838064114,0.16460246262306089,5.877044352982354,8.464833541782644,0.03609693633977915,6.201622962182489,8.619604370550343,-0.21612085683422003,5.518062425819053,8.24869931998393,0.6810431978170093,6.0242715047368005,6.138042606444852,0.16547916491707068,6.169968055358123,6.4105933777092226,-0.20693685626702635,6.415279314931309,8.617857335746095,-0.25198841436503755,6.052074707547472,8.716762334971582,0.0007023566977146333,5.3296320845298775,7.475177238764144,0.7127096397407134,6.197902081946033,7.630868651845325,-0.21236062291548252,6.184710746175475,7.6681960480022795,-0.2357467860306183,6.176520362388057,7.720509993462202,-0.2621334184190982,6.171770681002558,7.791761143934317,-0.2577189961256208,6.142380174401772,7.998616142689169,-0.19742644481654,6.051114097829057,7.666028746446225,-0.12604763229622262,6.032096842006996,7.659176990090488,-0.12366444139601983,6.014682455410301,7.64951974933336,-0.12055566263571312,5.897150448060859,7.576367392126881,-0.08827948763728032,5.506753766502797,7.350828682591084,0.17215773264277734,6.168589031915907,6.2866554525423375,-0.10111943718144986,6.117072259104254,6.058866425795808,0.10556312573600023,6.063537168188243,6.081016410765156,0.14799589200424498,6.071112717283203,7.672071100168852,-0.11733264469882398,5.513235658468496,7.756234149788189,0.2840261336126346,6.196940731016415,6.046207650274233,-0.032328441969632776,6.086152633792749,8.197071736097504,-0.16243753525913873,6.312832808580367,6.404132980868397,-0.407026959353933,6.227371898145484,6.318002015506471,-0.271393624763047,6.3103134317031335,6.276463057297018,-0.2972806344753544,6.115749567713426,6.646043563444598,-0.22465872969850076,6.405650981411078,8.439229142004132,-0.28989928271544513,6.399069767144248,8.227555529221949,-0.26342261632871383,6.238224712572214,8.235086235039159,-0.23756166482274366,5.853875202609594,7.970481989076589,-0.022136452074189832,5.952837275097672,7.103922336510159,-0.07215227220081905,5.963614856587351,8.111045281515128,-0.09171442828024136,5.713217405742739,7.134175612950632,-0.02024309754600178,5.860021696506171,7.2768113319113095,-0.06908757234420988,5.639372757273143,7.415672803428952,0.03960389317898753,6.20880159267852,8.446166878859357,-0.2511774366581228,6.067852870414691,6.751722491849561,-0.15871401445777417,5.76889459703392,8.13456168933625,0.06461341306038253,5.904958366867797,8.273775977386274,-0.029794400112943754,5.764151215943642,7.799404513854303,0.016817154222617724,5.419764849173999,7.605528123254897,0.39843340299806584,5.641368097830222,7.873047552876825,0.123728718304985,5.3863165818452305,7.786903245713255,0.626253097358098,5.785027429461525,7.500765331896201,-0.037482008181221965,6.119438946473776,6.527196276816354,-0.1420923995678329,6.123049386241062,6.888974052635414,-0.4014661612844181,6.077961138188528,6.95706171369534,-0.29657099423752886,6.155936186083951,6.771976087957361,-0.471379564513155,6.030288286672942,5.938579707012345,0.08726354187002941,5.8544444528131,5.858280591391542,0.07671945928127032,5.703480855386946,5.850285146150377,0.08673707924132956,5.585573424563448,5.900072673226642,0.13178876473501622,5.509671173795763,5.990418536091477,0.19876829188438186,5.4872295222182395,6.276025742687554,0.3470955632032611,5.259716596644634,6.800923350259063,0.7856688651032463,5.572667084500243,6.465348131658915,0.24298142429813643,5.673582989718062,6.488935695755476,0.17190906786576993,5.80272866479358,6.465614226480606,0.12203637098976983,5.926938243866175,6.411907545171222,0.1029055129695038,6.024907093342929,6.347587460653509,0.09699471265389224,6.091225853868132,6.290050199849701,0.0925287472282798,5.256938166452133,6.880129920567408,1.1785248854311416,6.089789015952122,7.01134061005304,-0.24906461412545008,6.170495056523087,6.5253262009524935,-0.29989460843230475,6.186775019374386,6.872628863198298,-0.4861204949539006,6.248419331451141,6.9576065039291635,-0.45667161797091976,6.1929808101671595,6.907980190289438,-0.4387379666011864,6.122640978868495,7.062697651850558,-0.22137761933361716,6.261052535186231,6.966732296254112,-0.48496207449582274,6.277522989316567,7.017914412207845,-0.37071794106348765,6.091411527274354,6.177661457034278,0.15667047200968334,6.139012110697697,6.200492615098705,0.08619318656794636,6.16835999765434,6.215711904719252,0.006777285621219947,5.617942488381404,6.149900503262147,0.23874806600371518,5.53510991287052,6.1108275547233495,0.2472876992446018,6.396012270934012,6.422890812769589,-0.3766656977063979,7.026835630240909,6.104580256103236,0.19058331662245745,6.414342423971373,6.988875239717036,-0.37489723726582797,7.401468231944602,5.577581685378295,0.7321845934803064,6.757067365830653,6.247674414192647,0.08325871983589817,6.858836405142528,6.25865026967899,0.08514881419293781,6.956412412681966,6.246014842310292,0.11088840394592672,7.075873422185865,6.1650386302560225,0.1979530753759029,6.662924648581108,6.218716033722909,0.09896026578577198,6.892444403485431,5.7937789101292205,0.06391075063114285,6.770795338511808,5.8246581394301895,0.07174283408142344,7.0029093326248155,5.8175688248840585,0.09204359554269326,7.0754005294386815,5.878575324721079,0.13065693522882738,7.169185982888631,6.260495885573167,0.23964845231192924,6.784466979141574,8.320152079903119,-0.16332262250487659,7.057760444030831,6.061272767964663,0.2252550341108969,7.472305786565732,6.242568210218755,0.6999766967731896,7.286985196876566,6.168146899433627,0.350704752176643,6.839556760554789,6.83169473333007,-0.08140524594483112,6.478621000661747,7.415408932240868,-0.3403616362658691,6.47565244979581,7.563013731102979,-0.3047634626814534,6.601355198835803,7.473889013694232,-0.2900227870320586,6.691402724191639,7.5372195812566325,-0.22497402241375622,6.572298237276134,7.5763244018771365,-0.2693421374573796,6.65497293480089,7.591373954132315,-0.206512559179306,6.835801043391816,7.7853504082440566,-0.10798942270019732,6.401349732803079,6.86889834721621,-0.5468304176585286,6.40970837153346,6.718600728055486,-0.5666515633553804,7.211543979476825,5.773707281371631,0.17616265890973393,6.620365783757041,6.466226466933856,-0.05386245147615591,6.634526623780445,6.866352286735688,-0.3003082042832893,6.639129545347854,6.798655985190672,-0.2637919711360503,7.1589439264927455,6.823267903169061,0.04053082411339046,6.399627157968514,6.551249321548072,-0.48985045502758673,6.959067431209253,5.621659291956246,0.012496416971635196,7.105389193479869,5.664737745833253,0.08526425204701173,7.281034012131845,5.279202668552264,0.5566901017253342,6.511770189270314,5.804808503427743,-0.06974604005550163,6.666200060884873,5.902089508908594,0.10367193693429443,6.912273285574209,7.638827036526366,-0.07093584038472202,7.468808752112426,7.781754051489618,0.8056680404657941,6.560000802215768,6.959779735174838,-0.26537193230268924,6.481852681504565,7.009825574355168,-0.2826237851803902,6.798707128763644,7.6433691787751705,-0.0781938268051183,6.7766479421665995,7.6358532971820114,-0.10325553837845051,7.1595724735924495,5.56942465609499,0.14893229654432963,6.640588248994336,6.95071991064691,-0.25062477105527275,6.764905674296892,5.665799530880807,-0.04023319017596287,6.780198343826485,5.529139086028932,-0.04795156719521283,6.847015568885357,4.9105219928044965,0.2015042877355407,7.209375936709567,5.409258180378828,0.32596993211574254,6.795353889283619,5.18713052479685,0.072279963202584,7.271018025152716,5.716390901506163,0.274576570969302,7.332338427933988,5.647858513724748,0.49126135055150977,6.479868459115523,7.49627507443157,-0.33450868516832627,6.586392368291315,7.528523691429123,-0.2860137841034883,6.673456518557164,7.565178067814224,-0.2255594402866159,6.537704428033931,6.994061494500797,-0.2471808721800442,6.790367020313325,7.638773669319788,-0.09153920131940478,6.7365039434402165,7.654890565706539,-0.15879851253485702,6.765199193933075,7.633877969327399,-0.10584724125505131,6.515032259772434,6.880292245820752,-0.40004878016247336,6.640496338805229,7.609438012347986,-0.19008113445135139,6.561532144560094,7.601746463699838,-0.2301757731442192,6.470881273285438,7.606548029869511,-0.2628952908838486,6.51630936667431,8.01634591465252,-0.23565297648780428,6.494814241802354,7.795341935253504,-0.3144575323702045,6.488499122357214,7.717464356631206,-0.31470417039783016,6.481673308393565,7.652391201531772,-0.2807124794433921,6.470847918781327,7.607879245189167,-0.2591818227594177,6.6423790152595314,7.609553641295572,-0.18740299939968627,6.657943709300434,7.633396182045786,-0.2094774039892309,6.673658128004239,7.671900621592281,-0.23199790190841882,6.68850829444595,7.714662578285828,-0.22027228812791702,6.774492499989784,7.3649413438863265,-0.1805209460360484,7.548969261238365,7.00133055276353,1.0415568379302378,6.704471760113788,7.622300991555845,-0.1411344419957511,6.717631223802639,7.639136121597801,-0.15570275129629388,6.4622305973412795,7.071899788929363,-0.29413324324396845,6.606326502370845,7.0554775135271885,-0.1836815748362537,6.471209629848137,7.044987892589674,-0.2900227407063584,6.734668704502873,6.553529287206905,-0.03197631453204152,6.907927564294061,6.648386532055642,-0.016011075458494353,6.660602433883734,6.8791789465946245,-0.21215222675333492,7.102780871258338,5.0502091736017025,0.36419910435191566,7.037800367559214,5.248937903338152,0.19015646003980355,6.992943006796253,5.496330483967904,0.046875180866040846,6.748710209522677,7.8732773283495945,-0.16482189588327045,6.541497946968229,5.603544831378808,-0.09316465432359602,6.5526049968374105,5.194384388229933,0.005663480431586768,6.578553318613873,4.85920460580631,0.1096251947540981,7.033895666944543,6.216436068064076,0.15448202277150747,7.282821072341027,6.368774241665232,0.2853678648662261,6.600393847906185,6.187294608427325,0.11774864948621658,7.176817493429377,5.9666212092246145,0.21889995874937312,6.541626917717461,6.367042772296236,-0.08127846987564423,6.571310202743226,6.792151115677697,-0.3927535478791524,7.400711455306868,6.489519770183031,0.3835960456124474,7.214364288102266,6.461060966063765,0.18165101516563134,7.08217223498455,6.509854899523103,0.08572077444990245,6.885711240922092,6.492737368013002,0.04500613864436543,6.736493566483382,6.439072194530956,0.03180316064628688,6.62088833765479,6.37331712512524,0.013802646814448458,6.404200431087823,6.16937545700174,-0.1641449036826292,7.402173123798161,6.811120192771597,0.32061224907855757,7.255821713079446,5.958919654225234,0.2698837080550425,6.372247557360059,6.963892716137407,-0.5040637820692662,6.613725272594012,6.599801620155402,-0.11040476363630773,7.52380291728052,6.284005622493467,1.0467817283479282,6.536618553622295,6.295704900113431,0.009473473943003317,6.671590889960519,6.903790864573014,-0.10893853206354948,7.114639509286835,6.073010959172757,0.24358590519660994,6.573090592051586,6.7101323900671375,-0.3462364762567353,7.528523691429123,7.384327722887223,0.9518536978293543,6.591946263831506,6.13950872220336,0.15078201226297158,6.487244993002616,6.611935988751222,-0.43588527631133694,7.241087175585322,8.051414099064312,0.23791793261978628,7.251577537734039,8.28105170654983,0.3991720199613384,7.509168443298731,6.9055460527004895,0.6810341179797789,7.363019383238293,7.860995458724481,0.38342176832846403,7.405688688531529,5.924860258260019,0.6282156393194677,6.8221449681973025,8.501138066480173,-0.12570512323212607,6.369071467357427,7.0242732631139315,-0.3756016890252361,6.708632919804518,6.7184584155046085,-0.08603640302648402,7.372617327099222,6.202037299244676,0.4524547284629036,6.939818176280816,6.1550752692722694,0.12783076640231672,6.860557497554689,6.169068224958312,0.10407759950912739,6.752322872923571,7.679351276599622,-0.1458019531706007,7.402517045796112,7.132784359523575,0.31720907049376534,6.639353391131003,8.728031710094106,-0.11463458959609217,6.959830878747809,8.571348556424006,0.10306438695818564,7.098249105966368,8.456792882658128,0.2331974364253843,6.7707760670205435,6.163910506805846,0.10346680673400774,6.687182267604711,6.152316110571033,0.12137464310732968,6.626520801582445,6.148098248223314,0.14659284868649824,7.330540249556768,5.940294128523684,0.3767402357579474,6.692083156075517,6.020473909140888,0.11642632870099007,6.779185849323896,5.961925636256896,0.09693370749750053,6.866206268128798,5.94165795713625,0.09802786841875076,6.948096764201329,5.958115440070541,0.11943973442610252,7.003404461708073,5.9953386960535475,0.15050668704552492,7.473522855360206,5.89673833463228,0.9186016661664422,6.991969796487395,6.131900559815492,0.16111470489121055,6.665498133876123,7.271937127043793,-0.22014137169927878,6.559855524820081,6.922170678760941,-0.29876935717553793,6.476371424662217,7.211595123049796,-0.3015091285712594,7.104696902216752,8.234063363579734,0.11660384878398432,6.971286297882156,8.376347748430435,-0.0012319117478595978,6.633801719224419,8.587016278822054,-0.23087693577891635,7.369230733115086,8.08021386033672,0.6048066607970055,6.623900619981674,6.090574699826752,0.13631164707398166,6.472081294222256,6.382621549349986,-0.21971408660389843,6.810428642719682,8.659690554802932,-0.02805601663319947,7.495748073266606,7.263990601741992,0.6268849799082132,6.564083393519034,7.601080114828807,-0.22705499602757231,6.57770389057583,7.640418416978093,-0.25056616904457657,6.591365895459964,7.69420959636456,-0.27790924183845817,6.6004872405176975,7.759316105968106,-0.27405385493160217,6.645761903187656,7.955909776835808,-0.21562533398251124,6.722758922901405,7.6160533223301305,-0.1521188214109216,6.738643078970577,7.603689919472743,-0.15231349358439825,6.755818424954472,7.59328405540111,-0.1511512165117825,6.863889241909842,7.491572089351826,-0.12398253681613466,7.2616802464238575,7.179515502206409,0.10833028720193837,6.47030535218111,6.256644552165075,-0.11421026934552175,6.51955068326276,6.021582019888598,0.08835058600559331,6.579107003382126,6.036313963143513,0.12394243034122542,6.701621061829045,7.621238835902689,-0.14194247802070603,7.296493454181996,7.587679757499149,0.2186151715076698,6.427931048946461,6.022922500348285,-0.042207744970453986,6.721104539497467,8.141555758242863,-0.1836247332021634,6.400357251002958,6.301264725343242,-0.27804652805086777,6.547244557421066,6.604040607022393,-0.24058816913957495,6.56407598140701,8.210203774971864,-0.24825514200379034,6.949465781292312,7.87336256763788,-0.05877096631534979,6.7635581523307815,7.029556616565218,-0.1002111639227844,6.844657776050265,8.031708258035145,-0.1209637225655291,7.017030888454488,7.009151813372112,-0.06509485289924416,6.8773748385277855,7.180217429215158,-0.10392010371002516,7.121434933591183,7.271616923804321,-0.011248541586557902,6.609998462667936,8.412861294687065,-0.26520261186862243,6.612186518137661,6.70222589017027,-0.17981560250691225,7.052108708611912,8.01968284748609,0.020913081536816442,6.922166231493726,8.185622246652777,-0.06360040897509148,7.0245519585260645,7.6791037120579935,-0.02791991172614386,7.389004024363677,7.411217382890837,0.3245183857899335,7.167126898168138,7.732095865768185,0.06966697366676194,7.458325060864531,7.587226877454433,0.5454988317332711,6.974231129989614,7.388058980080514,-0.07899498925431271,6.539265418826356,6.486648317984619,-0.16021415644304593,6.540257900626478,6.85114485649438,-0.4176530558041041,6.603228239544473,6.912824746708855,-0.3151565871855446,6.492193318990381,6.741001613016873,-0.48585972758772766,6.599077456810578,5.880270474741153,0.06347989845685056,6.768911179635101,5.763499320691059,0.04321125518256951,6.918562462627262,5.730052535784695,0.04301363843177674,7.042903606688297,5.7580477122968095,0.07793637172650647,7.131476121751196,5.833526360862276,0.13845582052423436,7.188889600284189,6.1193826144223875,0.2810171867361621,7.503774649378275,6.571368758428222,0.6949945530243118,7.114935252556625,6.320969083950003,0.18280495361221918,7.009979746285284,6.361310986067449,0.11951099493436607,6.875081531067309,6.367262170812171,0.07925999542204983,6.742750130243526,6.3389968228167515,0.06938930321074493,6.637202396221403,6.294152062644232,0.0721396484475268,6.5615121318576275,6.251037289418305,0.07213819497868443,7.544195119883184,6.641782340241534,1.0820508736469925,6.601191391160055,6.966956883248463,-0.26781697959402406,6.472736524925248,6.49397074345393,-0.3126519882066604,6.466996585373234,6.847390621753813,-0.4971341522115691,6.417175333187256,6.944095706130335,-0.46241813577235635,6.467940888445195,6.886259737211928,-0.4496846368964307,6.576039130215056,7.0256385741489025,-0.23641589128080814,6.400347615257325,6.953113281619722,-0.49031324877213595,6.396342851130319,7.012025489204132,-0.3751637721816702,6.555934517558956,6.141792393918204,0.13514362561454668,6.506150325933102,6.170272693162343,0.07048034293794722,6.474668862530117,6.18915727217916,-0.006715048490739731,7.033449457800649,6.028540510657491,0.1833490605419656,7.120787856211416,5.965650222549365,0.1873456481828943,5.7854958749414935,6.127706416226252,0.1795653047489744,5.892325163132707,6.113114191283004,0.17949410214783604,5.778483275754819,5.995699295303554,0.17957308746660045,5.680323193787825,6.1424413243259774,0.17951119633119325,5.7933716145734575,6.2667843214150185,0.1794829260726736,6.867453726582575,6.040619288413125,0.14562380769065436,6.973690787023005,6.03174254305221,0.14522426010824188,6.864472575126195,5.906894781134279,0.1452335020854228,6.7593021176061345,6.047157141824611,0.14511869541901348,6.867075708869309,6.177679987314339,0.14513744574615126
6.37705871145202,7.477221218893214,-0.35121166256304964,6.338195885558541,6.887592377579179,-0.5569065435525089,6.355637256233001,7.094157948480989,-0.3173177455168279,6.246411823556254,6.449133222485187,-0.37072558391011945,6.331052677282824,6.72942133718829,-0.5780669890752916,6.326751749946093,6.551736816423497,-0.5202806120679958,6.322441910309579,6.147206786601692,-0.1993295957973658,5.6429325256884795,6.240454693843264,0.24362857642149213,6.313319428790486,5.840452855002645,-0.10014224418768505,6.3074009190432205,5.643722749602533,-0.1015939162466677,6.280869002590555,4.889674603058389,0.09413503500892546,6.379894308166169,7.5339576620006055,-0.3446054899765731,6.383957574175366,7.589593436084852,-0.31533327343191236,6.386292596718395,7.632058316473779,-0.2710400254589483,6.387298201210526,7.6328648796041,-0.26429650133571864,6.38806762975842,7.683897450850657,-0.28497510244239305,6.391165396624507,7.749948732614115,-0.31555092850316446,6.393420208469493,7.827626109443917,-0.3134583947833855,6.405064870827049,8.049310654235182,-0.2331838252586184,6.3444374661729235,6.986554554364666,-0.509891423524079,6.272726874047543,7.0120415036678265,-0.37085307157341524,5.288898843742981,5.825312714401206,0.8194760315051034,5.9189769003117885,6.333032693217848,0.11769241918865658,5.819792658723387,6.362331878752997,0.1265515933092262,5.725926089338575,6.373174434130123,0.15857059689325004,5.602700919086731,6.313185001602099,0.2549272605163959,6.006304441076975,6.287797572979843,0.1251628411583438,5.747674328882954,5.918619665628838,0.10683896713249925,5.870052830655455,5.924107042874121,0.1046474813551085,5.641914295438323,5.962639742329821,0.1417970684746317,5.57835845761398,6.036003194719042,0.1846349193258134,5.529018109288636,6.434288301814046,0.30160445584473733,6.053240696535975,8.402418199694944,-0.13612850928077366,5.609322757825169,6.205413759173204,0.2817493373125026,5.269565837439674,6.492441800586864,0.7865471262105974,5.417182486813073,6.367222503258674,0.4218125573199321,5.87904942594012,6.937684701198676,-0.04798045960888117,6.262517091954979,7.448501332843931,-0.3316338929433189,6.2829373988317565,7.594842780656776,-0.2967283138262071,6.154257158421341,7.521491582679757,-0.2717136699932937,6.080075631181247,7.599588580290987,-0.19970316969658458,6.1955240771811635,7.617340396074539,-0.2531646675614836,6.122636690138661,7.650719186835151,-0.18516537523123053,5.9605873139590635,7.878388340930402,-0.07372373907066418,6.261303533801254,6.8954715932786055,-0.5436096243680775,6.242266861465717,6.744020426923763,-0.5621776118551536,5.44523803518273,5.9638013120681475,0.2411743982870992,6.061521337071441,6.5331153087194975,-0.03179730432465429,6.062157081122597,6.931214371556541,-0.2802467560619235,6.055389674821043,6.863271454164236,-0.2426295633177414,5.580888436714753,6.997896941221264,0.09762779198418976,6.242650833048016,6.580762691431981,-0.48387934480716804,5.667321776735089,5.776305463280235,0.05479722879480941,5.531833653328275,5.840105275311125,0.13991101463770556,5.368113220939448,5.505689050570326,0.6345089549440347,6.112527542764474,5.866603770639606,-0.05760015868097987,5.979570141150081,5.981748455755267,0.13046825894973377,5.876840660977343,7.75171411066271,-0.03073481429406686,5.425528855559436,7.999565910307203,0.8870411973576672,6.139019353868118,7.009136836630362,-0.24962618282932716,6.2176128408464,7.047954358333279,-0.27551172545661706,5.993102725678241,7.725641920340494,-0.04329205321249576,6.014054799775379,7.715102383155975,-0.07204561568621698,5.476258779959209,5.755519009420723,0.20872682680819316,6.068259407052877,7.014533976840348,-0.23077892007328368,5.8567916999248375,5.782290443930044,-0.011335757028121982,5.83210797163958,5.652290440460162,-0.018487736173083573,5.731900672305305,5.048771408589191,0.24539423297945473,5.42604725433012,5.61592045908503,0.39365980918077076,5.791330858021974,5.313089796119428,0.10723834956650499,5.389885969308229,5.918797168932841,0.3442745976380317,5.34067559202138,5.8745617116537785,0.5688671283700655,6.270545588675763,7.527520010791007,-0.32590880795227234,6.176443586038363,7.573361167414226,-0.2687569681222032,6.101355974987042,7.622715255535067,-0.2023060486244849,6.166447699140579,7.040751734725678,-0.2354551852018989,6.0040953047683745,7.720048709535293,-0.05897767762067798,6.053997499325844,7.723872828833658,-0.1297735173307468,6.027083096674177,7.711138637827684,-0.0756086904746745,6.167247578046063,6.925530552370217,-0.38692744864138334,6.1392406759793845,7.666577881606559,-0.1699413568917338,6.212305937671713,7.6424849645277195,-0.2151277379903028,6.295780022818418,7.633494682122067,-0.25455531125515835,6.281518857783033,8.059723933839448,-0.22568075967006615,6.285442497762303,7.826309317151043,-0.302230846622944,6.2843158345314585,7.746699456651726,-0.3025288284378092,6.287802771821383,7.686436713597036,-0.2680023934072802,6.29466524265395,7.634063583924854,-0.24773081053312318,6.1385566569710734,7.66826824779865,-0.1654638894292318,6.125014046105657,7.694682818970845,-0.1866443760219683,6.112551680243052,7.730229526653565,-0.20840979031072,6.103004750446814,7.774854154356464,-0.19595533875599416,5.9776406282471575,7.452920348152781,-0.1517143577077965,5.293676207772254,7.251733350169744,1.1350532327253353,6.350037361202962,7.0450199836298735,-0.38435279199612776,6.083344959818148,7.69172764890128,-0.11423485303252066,6.069767071099426,7.709298990614235,-0.1277482436233893,6.240548272990981,7.106889911412017,-0.2875075417092516,6.110716860525319,7.109348220768704,-0.16841542727245354,6.229860197476753,7.079886385762524,-0.28330817745545905,5.961228628197583,6.645701421105917,-0.00264803207789933,5.803402939423268,6.773170331437553,0.024263200897813093,6.045649645196184,6.948115062710859,-0.19056672789541004,5.508848089497418,5.242656633629547,0.4277024270204999,5.570139831831168,5.425211354879682,0.24383279341572833,5.625991729185141,5.6584016786902245,0.09235259826152854,6.049147722860837,7.951415725348655,-0.13668484334831985,6.067563504978189,5.675293086198936,-0.07971278711770542,6.026189638620976,5.26639268737126,0.022948976113178778,5.982289877967057,4.940790727115408,0.13044979609953317,5.6499312804385555,6.3604877753896565,0.2079158539462087,5.433997768427808,6.564517797003329,0.3553231571111735,6.065583860388989,6.241306561164147,0.14161940270683102,5.49511497822415,6.141070296855578,0.2813010532752629,6.125271760107704,6.419736001652431,-0.06368160801320155,6.106602348792372,6.846184347406132,-0.3766931577244164,5.343407954596382,6.719007314892375,0.4608042402144331,5.500920227495011,6.646862990844243,0.24647872525013031,5.626736648908633,6.67021618704113,0.1399949387939913,5.813588584037255,6.61314181923365,0.08572531698585342,5.95166461649343,6.526907891920948,0.06265885778808986,6.054149751113796,6.440688818441218,0.03690309182296566,6.2348288046055265,6.19814912081295,-0.1575621144709803,5.365516028244482,7.033598128766881,0.39911576128567544,5.424362458325393,6.153153147285777,0.3390591615816859,6.302049825715446,6.984910977746433,-0.5017595534094623,6.07572123004582,6.663431698831661,-0.08928382538112807,5.24804486153975,6.5480255862557115,1.1424895256928604,6.129342081687561,6.345820358022517,0.027227499402035355,6.042081011824919,6.973460157909147,-0.08781356862409626,5.55915467965752,6.22946805628632,0.3023116143397234,6.105177866210461,6.7652272442563515,-0.3297312097761996,5.344360085289819,7.620412911424574,1.0404699658996766,6.070204516480419,6.189631190295773,0.17535484792254424,6.17002821557822,6.653876970773114,-0.42462754434083444,5.620457191020174,8.213927515443803,0.29880030748008096,5.6427828733212975,8.440565813530872,0.46146621056442794,5.295907253484487,7.152032937885601,0.7676581102584372,5.496413945917457,8.056472429802113,0.45390087492296793,5.304047525298378,6.1632225606567665,0.7110167781002875,6.0370036003696335,8.584429642004165,-0.09484453762442728,6.317580250778195,7.043997297229825,-0.3744945583535794,5.996965093596506,6.79982924816212,-0.05989450144941577,5.3448250102618085,6.421115180043781,0.5282111199094005,5.730730932958845,6.277786832249088,0.1747513761444294,5.811561407182548,6.275177756487746,0.14533001783309504,6.0424998899146996,7.754838614428143,-0.11471920403294289,5.395901028969805,7.3522796882415795,0.39307354696069957,6.230688298664881,8.778827695627843,-0.0969413418211854,5.924034630438388,8.670005544516256,0.14409349426105064,5.791492764801356,8.582428088011334,0.284533177702394,6.291756862158243,5.237400604832786,-0.00992014540475854,6.4407096138073765,8.775351898712646,-0.13727231244231988,5.895872505817164,6.251364091468759,0.13858316320200398,5.978248521361492,6.222913059796251,0.15147739265368224,6.039490132008966,6.20754676958783,0.17306957411541052,5.362170573713605,6.152692678463678,0.45242398616160573,5.961611857088233,6.092172592752768,0.14732980793326184,5.870477278932599,6.050979200466152,0.13274737073709597,5.7840524798662205,6.046850948937707,0.14057071049452674,5.701247559894856,6.079838341199537,0.16695834748990493,5.653038330950248,6.12675751475062,0.2013978063656549,5.257035886637051,6.157646060413657,1.0108181875043807,5.678146878858475,6.262554969229054,0.21157205530465972,6.362453680183358,7.230709234982697,-0.30340511174663765,6.070425095900037,7.339261046334213,-0.19893548183224197,6.133007264973136,6.972867489973607,-0.2845151674299168,6.240281646689153,7.247645575336145,-0.293328967732583,6.319592202454107,6.002169876669518,-0.10863501602526718,5.756129873301653,8.371758403059658,0.16617335723106258,5.890285607890975,8.482424657534585,0.038296520610322474,6.216771742554422,8.63728255048131,-0.21302875213682707,5.529164790889224,8.268753012939486,0.6800539168541674,6.035552752234198,6.149820318512925,0.16377275733637803,6.182608669412945,6.421239952240737,-0.2085037640133751,6.431024172018685,8.634452895300349,-0.24833816983783588,6.066146820658587,8.735249520457744,0.002752104102327512,5.339359542420157,7.496287598894693,0.7109352212736315,6.211696559174081,7.647460255881331,-0.20943224461962795,6.198817914642466,7.684349750064621,-0.23228157095120483,6.190756739489145,7.736335194696263,-0.25880102410964295,6.185941498185795,7.807297896331558,-0.2545742731013103,6.154649670957598,8.017558358184884,-0.19478731688397113,6.063692224760142,7.682466284043908,-0.12479674059383855,6.044990135012275,7.6756364916438775,-0.12238645089405188,6.027834700622506,7.666047599769497,-0.1193739543128643,5.909016662613135,7.593263075520318,-0.08752140649457088,5.51976937018929,7.368508243453963,0.17039083619834539,6.180854060393254,6.297465190168969,-0.10260022861677681,6.128170856957803,6.0697225096005125,0.1042353687220644,6.074529952641552,6.092605581983871,0.1464325087716909,6.0834496793405926,7.688385536482822,-0.1159606131234879,5.525261574930289,7.7749180258382395,0.2832783073257191,6.207569793028934,6.055667812843424,-0.033744415538280816,6.09943351765478,8.215309664601747,-0.1598647138817278,6.325994947156224,6.413422379948139,-0.4087080881089302,6.2400269034537015,6.327622184558189,-0.2729538954190239,6.323103648568433,6.285353374764478,-0.2987294036367588,6.128896466698433,6.657759762711713,-0.22612621219539578,6.420964413639126,8.455865261490924,-0.28611032983630996,6.413959346010039,8.244983166727764,-0.25977422867860667,6.252407573234967,8.253214418268602,-0.2342979555678938,5.865268782401344,7.988697360722378,-0.020156825409899628,5.965955117848932,7.117967900041732,-0.07346115115467507,5.975641302329271,8.129227989076998,-0.08945506802662452,5.726676950595255,7.149874675954926,-0.02201495433095434,5.873456586480742,7.292082302051963,-0.07002913823307194,5.652784330406446,7.432459193235333,0.03854860059994037,6.2236364414619345,8.463710313374518,-0.24788872534489534,6.080841717616723,6.764090926034076,-0.16025536968886311,5.7810909969176425,8.15265545443874,0.0663001472907849,5.917953471220092,8.291488289684782,-0.02737675721427913,5.775876930199024,7.817318292053743,0.017916120354526794,5.431285087181493,7.624763599101758,0.3969622804324876,5.6534995424639956,7.8911849180348534,0.1241778811731304,5.3965720508742665,7.807373650879709,0.6248727628952877,5.798006541904932,7.517446141270126,-0.03763232798766049,6.132114549611583,6.538899391278376,-0.143677900260904,6.137002203350667,6.901554980571848,-0.40326049128507174,6.091116113882711,6.970264355745453,-0.29818231840114845,6.169640530537679,6.7839571849410385,-0.4732113219674501,6.0415002269557565,5.950430634319369,0.08568235691580782,5.86607311745672,5.871229996918401,0.07467353724814173,5.715579651982678,5.863963501829025,0.08432353871972896,5.597551466541535,5.914489186025448,0.12912674895043313,5.521313426126618,6.005648273005485,0.19601359363217702,5.497896729793779,6.292803314691045,0.34471190376434135,5.268669037274054,6.821342797145559,0.7835682828447346,5.583498626513569,6.481522005278289,0.24066317113264518,5.684729726285364,6.504273621239854,0.16967257214230214,5.813875634359419,6.48025942947576,0.1200063562516014,5.93814688579824,6.425787453204785,0.10108996514945807,6.036444724904102,6.360372658184131,0.09533260208309223,6.1027875131396145,6.301804737471425,0.09098715966567632,5.2659184787536635,6.9022189469056485,1.176420136348343,6.102840244246662,7.024371670416991,-0.2505727201262853,6.183582338164189,6.536025174598501,-0.3015669034982577,6.200566953474792,6.885171202804918,-0.48794618501992304,6.262175453796647,6.970514642831013,-0.4583002089031315,6.20678551064807,6.920718653179286,-0.44046145177847174,6.135639364175584,7.075890704693346,-0.22276639122294276,6.274695006916191,6.979643808574943,-0.4865988959512322,6.291079527374769,7.030391186228458,-0.3720978459854927,6.102813878693138,6.188819428323912,0.1551199238439772,6.150438237964516,6.211329298153875,0.08483419725088953,6.1794949346764145,6.225801387617447,0.005372574088083149,5.627850315035627,6.166056300641795,0.23637661023749057,5.546225903439628,6.126631257170367,0.2447634324695848,6.409177154485049,6.432179057532174,-0.3780338089864984,7.037890143803829,6.115801327551266,0.19067805041079292,6.427635270026369,7.00051492928239,-0.3760650030535444,7.413526497730593,5.592471827011304,0.7335137900810853,6.76806878250369,6.2589358328256885,0.08285301505788595,6.870188141487147,6.270228459341833,0.08489455835416942,6.9676040342603605,6.257636122440733,0.1107364272311577,7.0863953353703835,6.177243836289671,0.19816090086103627,6.673365199630966,6.229416067870922,0.09843679207148276,6.902051841284726,5.805471707010294,0.06376586870164053,6.780910663798703,5.836072831005343,0.07145562840334607,7.012362346459999,5.829350728894352,0.09198682842689804,7.084794092176118,5.8904248625750775,0.13067529585132304,7.179776184417046,6.273547548319187,0.24009178595465896,6.800050570273387,8.33619535616067,-0.15931357865572146,7.068573706571868,6.073012633603573,0.2254734326545517,7.482938459203723,6.257160799785663,0.7013149506771001,7.2974527053626,6.181704442330839,0.35148016880311317,6.851383931637605,6.84444347818194,-0.0816384763190942,6.492500473227099,7.43194450792289,-0.3402035333665256,6.48960323310612,7.578469400572926,-0.3042865242696639,6.614064242261144,7.489698438588791,-0.28938051721042907,6.703766539572557,7.552878474438969,-0.22341671059770105,6.5855894444558825,7.591444966364677,-0.2683633415484737,6.668037129744296,7.606453279198499,-0.204885532765456,6.8511581533764465,7.801587340245885,-0.10442206283521771,6.415497460414178,6.880798977069927,-0.5483612726990201,6.423652957406864,6.729448816779286,-0.5682614633306761,7.222644346371133,5.784762493082231,0.1764702779422046,6.631909637192413,6.477769184378184,-0.054507184496938095,6.646960283450203,6.877747999777698,-0.30107556655451634,6.651347363018165,6.809877123475302,-0.2645115337770868,7.169879818200167,6.836707601970683,0.040894934684913765,6.41310525061421,6.561097701961773,-0.4913986335664182,6.969620442086163,5.629807678875371,0.012739962822515664,7.116306498823934,5.6744285931200285,0.08562763562723408,7.293104988452011,5.2928945248121595,0.55763141060149,6.522855023594832,5.81355070676318,-0.07019431749753142,6.676937546460474,5.912667363411564,0.10326489122399765,6.927064953316114,7.654715610595979,-0.06764469768402176,7.48008429519836,7.798070695290019,0.8075549950178319,6.572530697199494,6.971638335295264,-0.2661829613321401,6.494738203164169,7.022214893869613,-0.28358276448339503,6.81046533526095,7.658863543453109,-0.07493049115170321,6.788370258716701,7.651521293815581,-0.10011049411970971,7.17114536476929,5.579213295701456,0.14924696198297083,6.652587658071237,6.962382169279432,-0.25129712299298607,6.774948335244173,5.673343520621502,-0.040357083775542944,6.7904542514825215,5.537439489891502,-0.048221732854784864,6.858011711909231,4.922509000840618,0.20144835581598408,7.221688502219455,5.420738123080488,0.32636164097585935,6.806974684512784,5.196945819390648,0.07184690505428135,7.282705077297418,5.727884567215791,0.27546071182400755,7.344058091692173,5.66109876341192,0.4920518308713146,6.493763049029628,7.512461194925083,-0.3341590909666041,6.599387169902574,7.5440137069219215,-0.2850854617795442,6.6861922270930085,7.58048580839873,-0.22392459563973657,6.550237321985082,7.006083631263189,-0.24797977469918428,6.802098913840077,7.654365802829513,-0.08836299798022233,6.7490625605257435,7.66976031532058,-0.15520404527773204,6.776940234245574,7.649502657914833,-0.10269524672956269,6.527673607010599,6.891743281202904,-0.4011088671610053,6.653933415338403,7.624239258797885,-0.188170932287327,6.57517393677667,7.6164291134217725,-0.22875255553756735,6.484915363420496,7.621473475098698,-0.26188354258782004,6.531372954112008,8.03436844095808,-0.23236034268417877,6.509133052696291,7.810014662381939,-0.31047725371523494,6.502780068334627,7.732416010866885,-0.31064366306273733,6.495933936718328,7.667902100815917,-0.27660369106200616,6.485049790608883,7.62389910602285,-0.25571404948157456,6.655842132875167,7.625151284142299,-0.18394869545167072,6.671374786012863,7.648435410015872,-0.2056257410388024,6.686842082285486,7.686469392029572,-0.22811240175474853,6.7015770845926435,7.72888302669475,-0.2164874207258788,6.7880293632500175,7.379179237060275,-0.17937475930675675,7.558832633385364,7.018881693750937,1.0434661696828242,6.71757911885222,7.637715398760756,-0.13786361104013278,6.730484128937359,7.654336095163572,-0.15217874887016405,6.4750501902528566,7.084787407951281,-0.29499043857772295,6.618246338934108,7.067781997274518,-0.1842411534973998,6.484064981482911,7.057663566254724,-0.2909738460968149,6.746068027798804,6.565683822891547,-0.032421191419686385,6.9193832935951995,6.661376671040133,-0.01623753713950813,6.672461343894685,6.890738419402421,-0.21276126709778034,7.114576027282821,5.062951620234885,0.36471112768550806,7.05022773746948,5.2591150519071554,0.19020123076786924,7.0035042631677875,5.505019514049161,0.04697785199359704,6.764373148860524,7.890013693305096,-0.16127516655421614,6.552530753795793,5.611201767695991,-0.09362640147296289,6.56366444429915,5.204836546810628,0.004821222001917712,6.5888736269257535,4.871362797771834,0.10902072829111686,7.044797176135309,6.228386697246036,0.15447790172748,7.293169602625435,6.382669746856786,0.28601152863793927,6.610456246232507,6.197209244531715,0.11715568521789783,7.186923848842654,5.978655145039072,0.21919016847139455,6.553404159174483,6.377799917717269,-0.08200264472485752,6.583920616321599,6.803166904430687,-0.39376021180800863,7.411103094881386,6.503213800257378,0.3848638334776696,7.224518157400416,6.474898681156553,0.18195830504268085,7.0923710323745865,6.523371194290571,0.08581689434748627,6.896525472727893,6.505857039834554,0.04493568495237434,6.747441264656967,6.451327133614993,0.031574467818697896,6.631894783359442,6.384591832843224,0.01329108499339537,6.416554310630059,6.178459251172517,-0.1653119973825471,7.412347103392701,6.825406063154755,0.32160402790261433,7.26637180256259,5.971315123476489,0.2702482001160279,6.386263631744101,6.976219257383497,-0.5055066184492901,6.625610126629444,6.611010294202322,-0.11113977842366035,7.533875223227617,6.300716694206304,1.0485283559593153,6.5477894103114735,6.305711295542778,0.008823137619349228,6.683264536614439,6.91622091255569,-0.10933925017188713,7.124613504912923,6.085314949415916,0.24397518133022306,6.585516660674325,6.720884096688251,-0.34722540439416194,7.539317667628164,7.4015936710134005,0.9536880249868036,6.6017964616104585,6.149045691123492,0.1502661438068024,6.50038785853466,6.62207714245731,-0.4371912411952386,7.2546105376162116,8.065942491012725,0.24094936271758968,7.264712629419737,8.29560205872608,0.40143978270866065,7.519853947594712,6.921084057470371,0.6825469006271969,7.375063239944033,7.875612159548136,0.3857731201466304,7.416806966742222,5.939034402318252,0.6292694510364533,6.83826205559109,8.517042257964974,-0.12177648056401226,6.382610331524902,7.036312666742317,-0.37681827805808243,6.720396890966804,6.730302912175114,-0.08658023630522918,7.383324941842461,6.21629270644111,0.453698398612283,6.9512276834099165,6.165911475770328,0.12776681091460293,6.871940151086068,6.179988453276874,0.10387944535405563,6.764662798603457,7.6939898876627515,-0.14226757523854272,7.413001414735071,7.147392600465484,0.3185005283853658,6.655637149980168,8.745216442381235,-0.11137958659424171,6.975637729822685,8.586939939776252,0.10609512663280919,7.112980725621744,8.471476639943365,0.2359242878144119,6.781674150813408,6.174661126081851,0.10312882779307259,6.697476684001019,6.162799226417095,0.12092908099757803,6.636508383880211,6.158086105215421,0.14608952448474663,7.341509173954362,5.953207558393284,0.37740614170702075,6.70239107463945,6.031264079309668,0.11609234805464878,6.789814793973123,5.97352166036432,0.09678555064334582,6.876886477465385,5.953392488613772,0.09792272180056168,6.958874436623348,5.969902523960955,0.11947491395883854,7.014210163281581,6.007246545433156,0.1506452298706002,7.484956352412823,5.912311242766086,0.9201810270803603,7.0032458064740934,6.142741724410632,0.1611515199992902,6.678638310335645,7.285460463313525,-0.21998308464267372,6.572494305308715,6.933960845272865,-0.2996465581953714,6.490018397737657,7.225419785061751,-0.30199648098959964,7.119615932809856,8.248998900471452,0.12013407600603733,6.986916245197508,8.391490977469882,0.0025611641718787073,6.649890202003717,8.60362599304414,-0.226964084420526,7.381203071802564,8.095374618352963,0.6066966845075038,6.633785676296641,6.100418326780752,0.13586087338248584,6.484726719741766,6.392257896039518,-0.22073935362291994,6.826862481477554,8.676241183597451,-0.024775056148915172,7.506652603541804,7.2795709185405535,0.628453186496473,6.577902585893429,7.616841307286715,-0.22361285082025928,6.59153246302755,7.655672197439306,-0.24650416243909304,6.605158626703427,7.708906106732154,-0.27388704105719414,6.614343494320998,7.77354330359678,-0.2701279536963055,6.661496244395549,7.973203327550407,-0.21208158819379044,6.735376238826333,7.6313230517417185,-0.14981342682878543,6.750989845353721,7.61897951654288,-0.1498934286448023,6.767872711908473,7.608724430259754,-0.14874379999563778,6.8781178602186746,7.506700135807311,-0.12168974810493048,7.272717360007769,7.193683085536073,0.10941201074433064,6.482413235256544,6.266430334251169,-0.1150947739159671,6.530306448904696,6.031044613927523,0.08762240675649466,6.589415791829192,6.046127567272023,0.12341449859943797,6.714586071508579,7.6363258226863255,-0.13949316935349926,7.308597536240685,7.602333568624013,0.22069207665766716,6.44004861824017,6.031326465408146,-0.04312702190613814,6.736545235481145,8.158222671036242,-0.17996598827722757,6.413271613543484,6.310239486523964,-0.27929599470621425,6.5596130613563295,6.614544021066106,-0.2414848433961915,6.579322612325449,8.2275187726122,-0.2444058728590378,6.964774379079399,7.888509000025142,-0.05506025768396486,6.775372412175493,7.042289849129817,-0.10023822547870265,6.860195968047606,8.047613603818252,-0.11733202806619952,7.02878622957595,7.022472607871658,-0.06468405026354831,6.889693452252916,7.193795974666653,-0.10328532684888968,7.133440395155895,7.285505767504086,-0.009821089631418499,6.625590073954934,8.429578433282279,-0.261115251286513,6.624168562139616,6.713324981089348,-0.18053704852761757,7.067112089407529,8.034561540786703,0.024552370502199893,6.937544332477101,8.200989826926127,-0.05963881824484673,7.039092561582826,7.6939817180546175,-0.0246907287342734,7.400213749930401,7.425937617869448,0.32618418409008487,7.1808553153823835,7.746462538015839,0.07252172164888464,7.469645021386394,7.602303860958072,0.5472763858734063,6.987345520970368,7.402455193325714,-0.07724775292023098,6.551509552779042,6.4971051614480855,-0.1610663889690756,6.5528634796543415,6.862423300301596,-0.41874189869901773,6.615808082251931,6.924524205186437,-0.3159891862031488,6.505702559971657,6.751760016593263,-0.487215979874718,6.60954570627139,5.890177546256112,0.06286135150561029,6.779011601253369,5.773608749904364,0.04289077053227988,6.928351295251396,5.740426772430616,0.042994083002187614,7.052830129005986,5.768917538106321,0.07800524618124158,7.141461464960194,5.844914203735462,0.13859383939445183,7.199092851504084,6.132335500377026,0.2815315197774524,7.514336491337663,6.58638263913653,0.6964867122699012,7.125489138366559,6.333953630862045,0.18305090889870543,7.020736194797357,6.373960944585933,0.11954471536924488,6.886108479665383,6.379619512256207,0.07912977417359664,6.753763055969392,6.350841696258338,0.06908119678471576,6.647898303002316,6.305325095885534,0.07162962713113204,6.572169006366652,6.261414937548536,0.07153027471630347,7.553647902986863,6.659349865531251,1.0838956107724547,6.613550299640351,6.978673853281942,-0.26855432934772017,6.485685534660039,6.503627479505618,-0.3137979209123412,6.480641172983113,6.858810848123067,-0.4984699864251389,6.430771656858179,6.956083401408112,-0.4637590389381743,6.481289542792293,6.897838551562523,-0.4509158115145485,6.588332204713963,7.037672535150805,-0.23714708319551522,6.4142690484274825,6.965295748616679,-0.4917214259241676,6.4097898750951,7.0239423946441315,-0.37636477197018886,6.565999466842179,6.151213236699774,0.13448593065444361,6.516956566522078,6.179897844895751,0.06980992815118071,6.486223243413586,6.198117556417887,-0.007446253303862517,7.044231245099117,6.040456373843725,0.1835394143305367,7.130530529276891,5.977534051995591,0.1874841281853339,5.796276441709643,6.1407899307582525,0.15782479522342552,5.903010515251342,6.1256070853870215,0.15772465950099887,5.788852495990775,6.0088912360888616,0.15780317593371862,5.69091337695116,6.156089378718304,0.1577416717815734,5.804470187322229,6.279783187400381,0.15771441267716033,6.880252356016596,6.050748966055102,0.1255866395802955,6.986448349458924,6.041769452678354,0.1251610424520075,6.877015705812232,5.916896621004211,0.12517208999027962,6.772093428547161,6.057383059205741,0.12505670587994375,6.8801766014684445,6.1879701604237995,0.1250753776121705
6.357071597764059,7.459656453927105,-0.3504567212389445,6.319059323272035,6.87081769153977,-0.5558555769977856,6.336562821936598,7.076955852332746,-0.3161213416871726,6.228034315192916,6.433596902814689,-0.3701450321409329,6.312070961242263,6.71329879653671,-0.5771934059765294,6.308146396684945,6.536135596608112,-0.5196647008429809,6.304838888049909,6.132243605702039,-0.19944865050227362,5.627536307080799,6.221219291801576,0.24533223071358268,6.2964408532469065,5.826814257914297,-0.10068140315400116,6.290746604898077,5.6307104783016575,-0.10243896851906846,6.265495461706337,4.873463228371654,0.09281623766893708,6.35989094331052,7.5157566894158405,-0.34381056875670696,6.363921437035768,7.570704297035346,-0.31433221285609275,6.366215581323049,7.612822623120652,-0.2702593593590976,6.366942270230321,7.61096849230016,-0.2655671787159893,6.367496361262574,7.659838136123367,-0.2865839099044432,6.370347559635755,7.722985253951431,-0.3171309790690112,6.372393548179981,7.79779050635916,-0.3150307990514184,6.384618366769904,8.023441856953731,-0.2341891813427522,6.325275069062984,6.9693925603150335,-0.5087766361279099,6.2537713991829955,6.995082235446739,-0.3695158693666353,5.276340373403147,5.805841393809153,0.8211381868192446,5.9027539894876595,6.313986575425959,0.11884842907052626,5.803901704814564,6.343016352782832,0.12787611277381575,5.710222171048177,6.354182620456861,0.16007641540662781,5.587382855946093,6.294237082095902,0.25669311082528445,5.98980850567791,6.269574105053372,0.1260434409434183,5.7308020601632,5.900536514213532,0.10812764956787899,5.853461740137849,5.905970384223007,0.10558536111197254,5.625272904475121,5.944824536332885,0.14319854931572684,5.562092081911806,6.018186411232133,0.186166461588145,5.513887273250962,6.415590425793309,0.3035769762803544,6.034088379399731,8.379064592782107,-0.13573210552444093,5.593930834127371,6.186024881329189,0.2834634208821061,5.256531989381828,6.4724884634768785,0.7887515474650039,5.402228670709443,6.348657266165991,0.4238751950926478,5.861280868334294,6.919782893843138,-0.04599999291768517,6.24278587778152,7.431560779232893,-0.3305517370389162,6.263262800782261,7.575962235734447,-0.29545251466498373,6.135218141183335,7.503554093728281,-0.2704985796434934,6.061737744138152,7.580688306303659,-0.19887992939263216,6.176164949932403,7.597970316708003,-0.251969123653169,6.10372643662634,7.630975030534217,-0.18430914779986685,5.944868241374199,7.856044881850289,-0.073651796966873,6.242271047210109,6.878412738804054,-0.5424285456877345,6.223195648585065,6.7276473838291295,-0.561151618714897,5.429848034529673,5.948051301756003,0.24288859111019728,6.043970163317175,6.51566534047808,-0.03083724008240245,6.0437031181071115,6.9139301221241185,-0.27859368850865945,6.037070322515149,6.846202864119026,-0.24105955365029044,5.563974361741958,6.979255825147175,0.10032329034196301,6.223960116426355,6.564932774253585,-0.4829691333159682,5.650901466625327,5.7620633872990314,0.05600272671740374,5.515879186066105,5.8252034678746805,0.1413750212836975,5.354762403170464,5.48719941942145,0.6356688530484575,6.096018793323418,5.851906877735846,-0.05737419808998355,5.963100651236271,5.963821784417953,0.1312024414292908,5.861146419774997,7.730682526566585,-0.02992672031743155,5.410277065181933,7.976350786082983,0.8909198595523755,6.120383613092577,6.991711761921673,-0.24814687704214813,6.198993056003156,7.030578877391264,-0.27416730303735604,5.975659183743346,7.705374344592113,-0.04306462819541077,5.996196849343879,7.694924395137588,-0.07210726474214081,5.460612309415984,5.740561618117646,0.2100753414771556,6.049761451672989,6.997388972712025,-0.22906495043953526,5.840059848486096,5.768382099204263,-0.010677015142388138,5.8153820561753236,5.638064777457008,-0.0179705499958933,5.71730238774105,5.031453989668223,0.24555003830559735,5.411725628034299,5.5987728341705765,0.39474314608719135,5.776150114725272,5.296735071665144,0.10746386767849384,5.375006726459805,5.902776953153435,0.3458469505254325,5.326859326963398,5.856494055165289,0.5703844012879123,6.250860939736846,7.509514276142055,-0.3247901718150118,6.157252519258021,7.554643805497558,-0.2676478905451578,6.082735423817601,7.603382334196822,-0.20151679250229307,6.14783667552679,7.023380879315867,-0.23401199999412,5.986455069711323,7.69979491457216,-0.05893489979107053,6.036304743528741,7.70275130134986,-0.13051884411863193,6.0090327977487865,7.69105612859959,-0.07578743524560612,6.147940382404484,6.908072165061214,-0.38545772301420356,6.120094715361857,7.646545877456605,-0.16919756261855365,6.192859164569244,7.622796261701197,-0.2140802557158295,6.276083933918926,7.614212295281757,-0.25346972513523497,6.262470924694724,8.03389625098873,-0.22627891609776224,6.2659110299805265,7.796965295918078,-0.303441462873653,6.264652472943364,7.72026813375584,-0.303787816066524,6.268027391048903,7.663094532082968,-0.2693299327654756,6.2748142654305825,7.612594467989725,-0.24877863248838816,6.119413213022723,7.648311116667645,-0.16638130744445256,6.106420963537862,7.673566704439857,-0.18774934568109597,6.094596157190475,7.70749811329461,-0.2093960845771145,6.085613289673618,7.750507577764676,-0.1967817401767093,5.960344640961545,7.434231972096933,-0.1506779911900095,5.279617881119993,7.229616080115828,1.1383988226342303,6.330914500919318,7.028325475091648,-0.3831049195242272,6.064604498542987,7.672102955937543,-0.11491188497990372,6.051504838363372,7.6889753241749945,-0.12853292685735582,6.221797828026428,7.089523644382472,-0.28607947316965826,6.0921253408294085,7.092031128532438,-0.16676635395117761,6.21115676161158,7.062478372206621,-0.2819297859816316,5.943698946328197,6.6279250725285195,-0.001235196766366268,5.786199311173851,6.7551000758816375,0.02625963470517534,6.027305208835111,6.931018793277904,-0.1889000984929401,5.4948585427208805,5.224712497014978,0.42828412632605356,5.555439285707716,5.40842774932362,0.24455153552379685,5.609580572353148,5.64395014276616,0.09344187602981312,6.032483515467412,7.927850783202415,-0.13694747836956267,6.051172605973044,5.661438455780774,-0.07972469116356998,6.0106491435139935,5.250469211235477,0.022627632631942698,5.96732337306696,4.923976996588021,0.12996530865893857,5.634436147882825,6.341541492829337,0.20955893678349385,5.419062889631171,6.545653665690213,0.3576224961059151,6.0489132775661325,6.223829001302413,0.14237690379856574,5.47954399993908,6.123544820953723,0.2830008835778181,6.107769152947888,6.40278188563465,-0.06300011101404673,6.087674463867792,6.829109748384768,-0.3752190994718366,5.328676789994991,6.699243551555483,0.46356020596462544,5.485551961592934,6.6281154487254295,0.24874740468079673,5.610879500996269,6.651805062644458,0.1420922191597522,5.7975229910729515,6.594809984953903,0.0873860599020936,5.935255724957056,6.50879772288448,0.06389762112159258,6.037551448351309,6.4231106559529705,0.03773323238701395,6.217293986480847,6.182698483227144,-0.15730697879505726,5.350233375668871,7.013515392193489,0.4019966551207828,5.409127770748056,6.13580112198866,0.34084973739853447,6.283013034875729,6.967625098813758,-0.5005391154967672,6.057775771028523,6.646256744687813,-0.08806042081895782,5.2352350412838895,6.527244213372649,1.1451608814416052,6.112663376811647,6.328952959404072,0.02784090127176939,6.02374954445702,6.955906221634302,-0.08606161543175396,5.543766706241516,6.210767120056815,0.30407483873985697,6.086513317219322,6.748453946548256,-0.3283736148210562,5.329933865505328,7.5977910519622744,1.0440758432490065,6.053512677591875,6.1721937172801224,0.17612153610361447,6.151320856235613,6.637560182229733,-0.423505044875163,5.604091145087764,8.190521044553382,0.3009140938558434,5.6267296157250195,8.416022020175298,0.46458074645793596,5.282077215648172,7.1304804534376025,0.7706109459683198,5.480554401233187,8.033271787432328,0.4567620812386238,5.290547845265561,6.144158785185703,0.7128391778401754,6.017615282641402,8.56048940462053,-0.09404559242346225,6.298532769122683,7.027210626156434,-0.3732114454341866,5.979045954063477,6.782326094330041,-0.05832583601154028,5.330644257617535,6.401797411059966,0.5305722568953327,5.714925277951614,6.2583670953916775,0.176261216304509,5.795448112755653,6.255661086647268,0.1466675212257448,6.025357741824695,7.732987041541635,-0.11521586419071685,5.380456152500935,7.331406602863027,0.396186616191099,6.210030801225185,8.753896064649703,-0.09594712631511444,5.906037052930096,8.645258665684445,0.14598403965936907,5.774514509111351,8.55774487617869,0.28693336504410244,6.27567651404227,5.2223998336423945,-0.010824372806263752,6.418980159167089,8.750288546832767,-0.13694527922818298,5.879521056212192,6.23215814510809,0.13972230866472762,5.96173320197753,6.2043924805139685,0.1524564136748988,6.022896925769691,6.189735365260408,0.17389781063819695,5.347581442653546,6.135015542390126,0.4543689524404011,5.945142323836677,6.072303623066671,0.1482320598498179,5.854108426596614,6.0295845378541495,0.13382488280127236,5.767474664024438,6.025026620579485,0.14182346093429887,5.684752502649867,6.058412086799519,0.16836416905665375,5.636859555385517,6.106112065195016,0.20297447600417043,5.244722739066095,6.137480432643896,1.0129978550576708,5.662577009145176,6.243322931255294,0.21322430359314543,6.343260063945414,7.213603738199827,-0.30234351260377773,6.052414866215139,7.321281848546414,-0.19756220387792886,6.114387874035022,6.955181755017265,-0.2830351901833411,6.221484485103109,7.230121280762881,-0.2920770872846003,6.302472148948243,5.987581400479424,-0.10887715167335832,5.739067498315436,8.348070310856338,0.16759040694942806,5.872232314618812,8.45848406048382,0.03938518688092926,6.196068892433883,8.613136201082044,-0.212704704357269,5.513490964825487,8.244630107990387,0.6836381915396802,6.018877173113919,6.131680255127136,0.16455191117726797,6.164682746663113,6.405154550843613,-0.20794580870935817,6.409379865346244,8.610042773073106,-0.24871661670148124,6.046856547952431,8.71046066121768,0.004227752728295486,5.325042975076924,7.474136897106879,0.7141366249564723,6.192200255514179,7.626746012214525,-0.21037525806363047,6.179695428354481,7.662069315520619,-0.23352397579868445,6.172107418342613,7.711678241229103,-0.25990316277391606,6.167673578939475,7.780098853787923,-0.255582474981977,6.1370767165843,7.992776473982937,-0.19527840712956115,6.045410207390301,7.662375250809817,-0.12444489664895837,6.027003718126386,7.655735047583733,-0.12202538972860788,6.010137275996231,7.6464317998911415,-0.11891359310193463,5.8925199725677615,7.573502901206268,-0.08668172121589586,5.50316398209737,7.34850490394117,0.17324773287193568,6.16334270565062,6.2812300173428,-0.10217252517927795,6.111715940407569,6.053173037567426,0.10454323430985621,6.057920590275589,6.075292233052798,0.14702546042135825,6.064955620400323,7.668120611834082,-0.11557862992293727,5.5093012069666365,7.752933577939311,0.28589877319481855,6.191170964753063,6.040277457707845,-0.03352362438360523,6.08104907590995,8.191752934107708,-0.15981329392776347,6.307678974971909,6.398108409267697,-0.40832420988924656,6.222029686974416,6.312170223539485,-0.2726751740368159,6.3051240819635685,6.270251903575446,-0.2986746734656319,6.1105477565066835,6.6411114020273505,-0.2252802281251087,6.399678827701353,8.431863986506515,-0.2868393112396221,6.393124553031074,8.220430108080421,-0.260580313128004,6.23271149537693,8.228924442126997,-0.23465470484954518,5.848739743767403,7.966418630253516,-0.01956526460138479,5.9478742593005105,7.100166933087556,-0.07167536494960029,5.958458286932626,8.1062495765024,-0.08924398713507242,5.7091443602835685,7.131265662654431,-0.019626944729870616,5.855636621515781,7.273541128163251,-0.06832075996575392,5.635576553155756,7.412638718634154,0.04096077619043525,6.203237259972796,8.440101275649091,-0.24796036670429478,6.062627771377793,6.747081311945631,-0.15892816267129953,5.764117894622497,8.129722146741683,0.06736117619915956,5.900073166699261,8.268199718236655,-0.026713473826585236,5.759440714438483,7.796000821955521,0.01921959574658783,5.415896866807846,7.6031156593684655,0.4000026589085435,5.637023264099592,7.868943054381812,0.12595032466763137,5.381635077471295,7.784676030911302,0.6281582528131534,5.780892482089551,7.49782058491861,-0.036011915237819325,6.114191571730815,6.522172947053398,-0.14279557401954324,6.117862795201193,6.884168470516088,-0.40177775953250666,6.072549186137783,6.952718716672026,-0.29657525736030776,6.150637872369654,6.7671574819404245,-0.4720493546673166,6.02495772958216,5.933970500437058,0.08602514440813624,5.849332354497085,5.854736964351783,0.07537860907590974,5.698649965024316,5.84753007711544,0.08547218766985858,5.580959326018049,5.898131625796141,0.13046806710161798,5.505278491257216,5.988974406075883,0.19748921553298016,5.482679651462508,6.27434462142731,0.34653396229244404,5.255264543183721,6.800553318848228,0.7862230441532195,5.568127081430203,6.462761499112565,0.24260381387595725,5.669119061219156,6.485665903814764,0.17134686450991157,5.7979911535493995,6.461524424214354,0.1213676496908027,5.921962725526882,6.40719387251713,0.10225878939350291,6.019889426316556,6.342424482816562,0.09614826673035681,6.086124786809674,6.284525673763243,0.09169012681497365,5.252274822052477,6.880700956984038,1.1794800799425942,6.084226580566162,7.007075195088673,-0.24895000347400667,6.165238319222189,6.519972879719454,-0.30073047712506856,6.1814710382532905,6.867818340484169,-0.48663128243454845,6.243047367265992,6.953152063268106,-0.45702514484534656,6.187587151365312,6.903272758914204,-0.43912890267922977,6.117059807662474,7.058611587195447,-0.2211947558653687,6.255656642066795,6.962261971710138,-0.48534494676943296,6.2720778853862775,7.013452427303461,-0.3707997512529481,6.0860344136733975,6.171802223816827,0.1557573480346527,6.13372920672501,6.194604032786451,0.08534688290893017,6.162844171874275,6.209570046382857,0.0057631454950701514,5.6120580555849235,6.146104029905883,0.23805633673563173,5.530520374906304,6.108595844915794,0.24640379128690176,6.390802259734133,6.4168808356571905,-0.37788603294625756,7.021324520083871,6.098109968435781,0.18925683394800888,6.408593174602592,6.98419449481566,-0.37506323822015897,7.392606994444087,5.57564027433745,0.7306716217574248,6.750809574198741,6.241303610193904,0.08192474692308518,6.8524630557147015,6.252449136492393,0.08373715771671883,6.949857888374487,6.240228762482943,0.10945911392899112,7.06934228598316,6.159627406757221,0.1966181935046311,6.65689781110266,6.21250272873137,0.09760575346695283,6.885668516425595,5.789970537704863,0.06249278645939739,6.764559624654182,5.820745183278943,0.0702952937767831,6.995710402820201,5.813776081097886,0.09054303730969093,7.067909649544154,5.874494606079373,0.12913539899996118,7.161318434283417,6.256319625320627,0.238438848442556,6.77786447629895,8.312424775465981,-0.16084905479430706,7.05213583344685,6.055013093883088,0.2238968987507211,7.461664663537314,6.239900604291382,0.6991517681907703,7.278264235678815,6.165047943025279,0.34944534769285873,6.8326854133749855,6.826784492034179,-0.08215456298447574,6.472665505932371,7.41505805193808,-0.33982232169480536,6.469710600681496,7.5596476623463085,-0.30378818644823,6.59434034095063,7.471471630350135,-0.28959488168607234,6.683915675032265,7.533399451601879,-0.22466152863400699,6.566165404571323,7.571767292531712,-0.2685529876904636,6.648762747310954,7.585950689583234,-0.20592843215192436,6.828977892497414,7.779272161820017,-0.1072042185281237,6.396180202105995,6.864152302357675,-0.547468190668832,6.404627127294196,6.713434356241125,-0.5675641297871863,7.203473057775917,5.772222957496012,0.17434482663411568,6.614100204968456,6.460908109055485,-0.05494603928446827,6.628536202343504,6.860853682883583,-0.30063873820625103,6.633057822210976,6.79305531159093,-0.2641719045315815,7.150402544642679,6.818740542142161,0.03947129773397907,6.394485335419105,6.54551514293215,-0.4909726190065999,6.9515127538371235,5.620352383510232,0.010540667653446306,7.097677227259481,5.663566669063744,0.08323046975562677,7.27313518981342,5.277102989335906,0.5547589693615949,6.505874670460325,5.8022035046923195,-0.07133189378937947,6.660712742674987,5.897370491390207,0.10236396622359312,6.905560236330776,7.633852896390234,-0.07037495477965489,7.461535029940197,7.7766750452971865,0.8067194121935283,6.554079108739463,6.95452099405367,-0.2654174982090314,6.475871529979949,7.00515735861474,-0.2826486968730768,6.790738203637874,7.63746337726082,-0.07776928988254397,6.769206433538299,7.630045372452028,-0.10289972336139602,7.151876663832763,5.568754137658547,0.14687566417011721,6.634445272081843,6.945315527131476,-0.2508121900966051,6.7577964547016895,5.664055202534025,-0.041986261858242994,6.773173221610107,5.52788325715922,-0.0498838299553724,6.8404197241607445,4.907181297363722,0.19918225346019636,7.201665595050388,5.406990668304141,0.3238943805100706,6.7886670291376365,5.183977176220066,0.06996038190630056,7.262780798839056,5.715164174152017,0.2731477116471672,7.323622660928657,5.645865756949856,0.48962095726807964,6.4738988770135215,7.4944656674251995,-0.33377854875974666,6.5797598947102225,7.525049566420663,-0.28538521581052206,6.666586996532957,7.560530652333534,-0.22510103282594987,6.5317362027036365,6.988969455770071,-0.2472622434861017,6.782656474811839,7.632906200749567,-0.09116731567524006,6.728567411986961,7.647614058296856,-0.15822832643771598,6.758008313037551,7.628017902993105,-0.10550521977032574,6.509182919858773,6.8749615220670695,-0.4004692009650281,6.6348660256999175,7.603315665489733,-0.1892593224500964,6.555726566567978,7.596391009113401,-0.22909622454483994,6.464974159424514,7.602254892283603,-0.26161478923300474,6.510016278697388,8.008570290692369,-0.23379051173390145,6.486743714579373,7.780615165886158,-0.31248419333375077,6.480964278438152,7.70588398981964,-0.3127086446476177,6.474838905783479,7.644379885239618,-0.2787014464362637,6.464599333137991,7.6021808159423925,-0.25745341187238086,6.636291254504802,7.604085318674907,-0.18655604527076922,6.650906516625578,7.626447484559448,-0.20841549901034423,6.665321031861675,7.663066383073309,-0.23092241469538152,6.679125898809612,7.704047637321039,-0.21930742958447205,6.768290109197529,7.360427491058955,-0.180628699510122,7.538861841002721,6.998794941668194,1.0419434631718438,6.698544270894458,7.616747928441382,-0.14074922666803924,6.7107372366576605,7.632795086237752,-0.15515882277210244,6.456189446120394,7.067426671799463,-0.2940597868548051,6.600144222284451,7.050380224160167,-0.1836699962939341,6.465203796082266,7.040452512911174,-0.29000952400599656,6.727896280335596,6.548467825892789,-0.033055473481584954,6.9003889669508895,6.643836670620475,-0.017210694564286998,6.65437106710398,6.873686668234842,-0.2124206215887278,7.09565420238103,5.047638559077538,0.3619934169167374,7.0307581421369925,5.246368344986079,0.1879253232891835,6.9852997138265165,5.495562638344084,0.0448235361941625,6.742129308535728,7.866332604117564,-0.1638251296745692,6.5355911355002165,5.600940307914388,-0.09499986352746044,6.54645961628258,5.190700344948305,0.0033544487290641392,6.572455226703482,4.8555663843352646,0.10730444150289548,7.027459522662901,6.21094008831354,0.15308686121073933,7.273942621932611,6.365423705235512,0.28419434603014126,6.5945484954694304,6.181125472121545,0.11647762734452148,7.1690120030815105,5.963103243908214,0.21732806344962172,6.535722991387571,6.36149395533431,-0.08244554411229213,6.565450567878644,6.7867114137296864,-0.39327143437819734,7.391029168376309,6.485877762150626,0.38277021020624014,7.2056212716710135,6.457376149106582,0.1804799912551425,7.073660936675715,6.5058546698481985,0.08448040963090857,6.87808013603202,6.48835635652752,0.04378045450171025,6.729577072517656,6.434078399032556,0.03065971439452791,6.614546144542541,6.367915633353824,0.012616326521253997,6.3988247274872,6.163375669622458,-0.16560095948751613,7.392924781947879,6.807274265286232,0.31988731342773025,7.247412180328171,5.956342666627663,0.2683900197398011,6.366933381069376,6.959252249966767,-0.5044920605523109,6.607565930910303,6.594291450565431,-0.11118500008376273,7.512649186902072,6.28224115940032,1.0461761853085958,6.530697652399869,6.2898265767402455,0.008240740492419364,6.665293623615427,6.898528910023101,-0.10914514598654293,7.107634569044959,6.067918674048732,0.2422541503965884,6.567224696250629,6.7045600105641405,-0.3468512868191033,7.520193862254333,7.380777002752814,0.952602210328434,6.586206017922335,6.133169930348873,0.14959680069233308,6.481859861403383,6.606263668831827,-0.4368130910621453,7.233520644061018,8.04351580465829,0.23937112234554325,7.243596507992432,8.272524295036508,0.40090546431704305,7.499657678180624,6.902271987544454,0.6808991725257191,7.355618454987588,7.854187047212736,0.38450239285001464,7.396079693320021,5.922530150300552,0.6269756240257323,6.815306362963655,8.492574733472175,-0.12291129647176885,6.363486608912864,7.01972447111373,-0.3756716364700612,6.702221420472133,6.713162496068883,-0.08672572719234606,7.363054238118269,6.199388994046925,0.45149446631745177,6.934025551967626,6.148225205936438,0.1265116265687235,6.854592009761084,6.162084518995164,0.10275508930518307,6.743489350160347,7.67133700656943,-0.14524454943438142,7.394198154253282,7.128224088084339,0.3169711825117068,6.6329926350307105,8.719875764185499,-0.11154313604465751,6.952271295571116,8.56197315373497,0.10551484969468307,7.090274778482343,8.447266680134357,0.23529354384591344,6.764712221917075,6.1569202868676935,0.10215355469127115,6.681195591783025,6.145648830789146,0.12004986630395782,6.620646331241203,6.1417138955440596,0.14534141582494212,7.321567042460074,5.938023957828081,0.3753502145957787,6.686198707868363,6.013322929049976,0.11528534548388637,6.773134701912677,5.9542096383825145,0.09576418668839598,6.860430706975273,5.933497522998431,0.09679605275981187,6.942709521447701,5.950147662212252,0.11813561790280261,6.998068993524334,5.988049933337579,0.14919201978533247,7.463612871311143,5.89468114982257,0.9175480819272133,6.9864286372665605,6.1251896861102955,0.15980427744810677,6.6595208543449145,7.267532055364279,-0.22026431072205507,6.55391243697174,6.916798358055778,-0.2990087346156334,6.470798041370461,7.208119125896622,-0.30141230354819537,7.097260177458467,8.225654712425978,0.11852773638522758,6.963956838397028,8.367294602927215,0.0011814368021552514,6.6275791360150675,8.579201829173643,-0.22780773603605806,7.361774198942157,8.073325605888106,0.6061751726047555,6.618092919759687,6.083910644970901,0.1350864028920824,6.4666030981677265,6.376701087421355,-0.22089238550009122,6.803451926079784,8.650956617850335,-0.02524531257347654,7.4876017536486605,7.259822189771119,0.6271296565177362,6.557797000304804,7.595442831945911,-0.225768020831978,6.5705018335857694,7.632829161354708,-0.24902648729630622,6.5830607364745495,7.683852945180308,-0.27642549715029296,6.591317285465841,7.746103739279729,-0.2726520020313311,6.639263197314156,7.948305483300794,-0.21423076958162604,6.716260368658294,7.610079576205638,-0.15175731820472735,6.7314252772308505,7.598158470614678,-0.15203313683145225,6.747989487888868,7.588231500129096,-0.15092435289667505,6.857573582494795,7.486947659555774,-0.12392769331974296,7.253547182907202,7.1745706917259255,0.10789419334878365,6.464691187801091,6.250796493319993,-0.11548459926731354,6.513887508289034,6.016365614765186,0.08718587437718714,6.573616743733659,6.030739388013617,0.12264448275027229,6.695723443821174,7.614844907235692,-0.14145164399913682,7.289117901192936,7.58172833813425,0.2191363595339897,6.422983244646089,6.017337496361864,-0.043499453424707686,6.714652912054033,8.134331917455194,-0.18175636133747952,6.395142392565639,6.295127479717249,-0.2794290150000878,6.5414327957680545,6.598336018795509,-0.24136877607712987,6.557897003365438,8.203045131561794,-0.24566842155839394,6.943096199948818,7.866828915603673,-0.05771879196975084,6.757103840911373,7.024457949317063,-0.10048841113629191,6.838096690100392,8.024622633832623,-0.11956370559148082,7.009598976033705,7.0042247374789035,-0.06577909652897644,6.870753245122917,7.175249231011411,-0.10431820427457354,7.114035505688934,7.266323129475728,-0.011469048931511168,6.603811001174357,8.405654295459515,-0.2623498348775198,6.606074033398329,6.696606433808399,-0.1803454501004194,7.0452304369192325,8.012274848516292,0.022379840036576816,6.915176086183274,8.177592500721962,-0.06149461933601799,7.018025159846368,7.673355586867408,-0.027258322677828874,7.3813422052362485,7.405882956315782,0.32478206971519197,7.160102100760745,7.725420143287011,0.07039222961391367,7.450956187651965,7.581838711882654,0.5461113898841403,6.967662136984363,7.3830563317718525,-0.07911391436864924,6.533462181453835,6.480925758740723,-0.16117582405447065,6.534380728084842,6.845700626525621,-0.4181608998339782,6.597308579942924,6.907406218753734,-0.31540944489928574,6.486846680693656,6.735675777689493,-0.4866179023954173,6.593071413225699,5.876699117993788,0.06209393165969361,6.762188440972043,5.760668529794042,0.041544465929493915,6.911330783311051,5.727201209216972,0.04116942262243932,7.03551088018904,5.755185028635956,0.07600777185020742,7.123849880135875,5.830508074668744,0.13652932899785927,7.180991628982027,6.1154638328911,0.27973626977411387,7.493274519858539,6.568537329016874,0.6944777825489716,7.107273076499853,6.316525912402645,0.1815354865219616,7.002323197800037,6.356678252392233,0.11814662518412931,6.867967974693413,6.362093973698112,0.0778906593378456,6.736143940165942,6.333435318810702,0.06814590507721285,6.630989610764386,6.288468757405862,0.07084627128781906,6.555591747626976,6.245207433375682,0.07091538219928253,7.533023143788531,6.639911365299745,1.08190413062855,6.595212219486674,6.9615886177685375,-0.2679638029915628,6.467349046923713,6.4880444951310245,-0.3136738593735869,6.461597759792152,6.8422405206276915,-0.49773560376823994,6.411728085362608,6.939370900749356,-0.4628142572086385,6.462430377867355,6.8812372696944,-0.4501670182829646,6.570007003626485,7.0204533823112385,-0.23646589454099168,6.395003129044165,6.948406732850179,-0.4907347876536018,6.390694849039378,7.0074381691606025,-0.37529632405754826,6.550344179615644,6.135737416335219,0.13395306959485098,6.5005300624420075,6.164336069386248,0.06930583641071007,6.469283180192712,6.18296997301768,-0.00794050488576408,7.027998057663499,6.021883191040229,0.18202061711031867,7.1133903007569925,5.9612676321730245,0.1858736632750833,5.780101346765425,6.121091042151134,0.16785341268400927,5.886637199930552,6.1061976233691135,0.16772994825718282,5.772872977390133,5.989168115708147,0.1678094298564157,5.675067761800043,6.136131872852164,0.1677472520275124,5.78815122276474,6.260139742236838,0.16771997109997605,6.86255447567777,6.032589815017048,0.1333112443959777,6.968460679942609,6.0236710235353375,0.1329025397577786,6.859485492861431,5.8988412771449354,0.13291227385199075,6.754668951575794,6.039227795952896,0.1327981036911005,6.862301134590831,6.169729567789765,0.13281668064854463
6.401038060339573,7.50433571597141,-0.35372394237942795,6.36201403544102,6.907764498138947,-0.5600639958118435,6.379052431734091,7.115887413118029,-0.31907162965644664,6.269939758369145,6.469390667815216,-0.37293423012183985,6.35502440196302,6.7495790370603785,-0.5812916438752609,6.350835243367909,6.571890135654214,-0.5231938562483421,6.346493277386322,6.167081752223342,-0.2002496541537356,5.664631685039653,6.262039243787368,0.24387024636530696,6.3375014944445365,5.862588809107681,-0.10048869966591492,6.331686614337693,5.666197774400565,-0.10194679892870179,6.305293424384721,4.908503093958816,0.09573255811492998,6.4038057375395105,7.560864013341315,-0.3470337275212099,6.4077146250257675,7.616204885508014,-0.3174643801351828,6.409886726119389,7.658455755167819,-0.27290872784618175,6.410568023442508,7.658832928521757,-0.2666577876364658,6.411179252988414,7.708788272067516,-0.28751341027771604,6.414013270956139,7.7736382360843646,-0.31829310397491967,6.4159200089786115,7.850364688338919,-0.3162913505058867,6.426742498950572,8.07415446014221,-0.23554184780758716,6.368079370581309,7.0069797252715285,-0.5127299511708046,6.29573289980449,7.032882440784005,-0.37297441194221664,5.308460774621417,5.8441837184580026,0.8221682165065458,5.942954313366031,6.353964440482193,0.11790926583493441,5.84260346646127,6.384330622483554,0.12648722261445539,5.74786549575245,6.3953573525720735,0.1584110499709972,5.624015854415147,6.334861280966978,0.25504787374797244,6.031499112511243,6.307068971675389,0.12551846804243144,5.769946163098302,5.937574375259231,0.10671811639619427,5.893688839265071,5.942685595986399,0.10484443228857099,5.663322013927266,5.9819816925730676,0.14151441979897805,5.599390012332106,6.055690385295183,0.18444103120847616,5.5497387927555275,6.456079280948401,0.30180283429940696,6.073055640314936,8.429257955060766,-0.13825318172886425,5.630885105488678,6.226328157567814,0.2820586058690661,5.289060945155871,6.512771566733061,0.7888173521814041,5.437176772166582,6.388532452910715,0.4223877551421637,5.900654619882743,6.960392852845217,-0.04901291097780922,6.285995714977454,7.475837511094489,-0.33426333936642516,6.306232630760137,7.62190497372453,-0.29897387108821655,6.177067901280051,7.5495599937514815,-0.27433398283839977,6.10198729638813,7.628635207346463,-0.20232706591412158,6.218200668111979,7.645166730357562,-0.25550955704064987,6.1444580596040845,7.679440309041409,-0.1874792776458553,5.982017099162617,7.906336915902427,-0.07616207238182715,6.284581687601133,6.915659794907527,-0.5467791172995732,6.265572448723459,6.764419988595728,-0.5655027274923428,5.464333626350994,5.982720758542294,0.24074554495614314,6.084117776993005,6.5539080605744156,-0.03235328075286046,6.083737622031527,6.95232611364303,-0.2822538079877663,6.076966391305906,6.884495287487062,-0.24438993124218047,5.60194152298532,7.021424123003924,0.09662749460650516,6.2660927392393635,6.601079328078763,-0.4868156353414886,5.688150605323097,5.795582770137743,0.054120748279231454,5.551435327446359,5.858913232411508,0.1391485840966177,5.388098766639763,5.524395501357931,0.6364591169284041,6.136790110410506,5.88902560507094,-0.057923084060063065,6.004445496487938,6.0001068848148345,0.13105223846330016,5.898357663973342,7.779612632194652,-0.032683324907912085,5.443331182832158,8.02059509848126,0.8896370568719884,6.160738382179854,7.030200484800871,-0.2512203981238703,6.24010952032328,7.069508507817704,-0.2772110244711889,6.013430943513698,7.756371746814407,-0.04550298820372851,6.034476247640936,7.745578327515972,-0.07448180841652208,5.495612180259902,5.7735144019229985,0.20824811920199612,6.089920357968743,7.036379866429603,-0.23250952964457666,5.879595525820628,5.8033942091942325,-0.011866244785236285,5.854634252889223,5.672715195784259,-0.019079594915773244,5.7543817990333155,5.067246115647553,0.24644130052420052,5.446147311154637,5.634772376320263,0.3942045291493789,5.814137313865415,5.332387429736093,0.10743926942636584,5.4088671539666295,5.937462564976444,0.3441500471528803,5.3600612201279265,5.893566966056833,0.5702458594510492,6.293962570327018,7.5547524632841405,-0.3284801854273221,6.199255161095493,7.601337844906681,-0.27132220981485144,6.1232237960989355,7.651596567019738,-0.20485302325895746,6.188501248096975,7.062228913006342,-0.2370091248310862,6.024461027910702,7.750632152297974,-0.06132422474651495,6.075196061828435,7.753233604877501,-0.1327570541032007,6.04760575644775,7.741466690716926,-0.07812274721884013,6.18920453477571,6.945599607030524,-0.3893761884376647,6.160897152781413,7.6950907670241415,-0.1720612569353719,6.234846237611522,7.67012427627954,-0.21716340527530661,6.318917880043341,7.660393054667587,-0.2565475757534799,6.303156357179706,8.084788363437204,-0.22831452430342786,6.308038739528101,7.849703516866701,-0.3053577723592142,6.3071062417696515,7.770994295597379,-0.3056312416758657,6.3107393305583654,7.712006172006146,-0.27086038675932056,6.317639515810135,7.6605085919598,-0.2503995242977375,6.160248653141244,7.696903584409072,-0.1683717621883724,6.146827692197298,7.7228689136799105,-0.18968889341873324,6.134468556238891,7.75793932697909,-0.21157836518101794,6.124958718986857,7.80213271395186,-0.19910620766176038,5.999896681483193,7.478250376997047,-0.15415998807869663,5.311431946536028,7.272686426690031,1.1393172450566496,6.373549875017167,7.066061024098418,-0.3864517439037354,6.104368855411508,7.721328913384982,-0.11709578779313183,6.090921059999692,7.738786970939448,-0.13068503485957833,6.2633809671808205,7.129024375943696,-0.2893584197065661,6.132864078680888,7.1320425081770775,-0.1697193206809574,6.252546178077752,7.101736703728422,-0.28508174627136446,5.9832895001807405,6.667187530477915,-0.0032775430084221483,5.825123792252131,6.795699287906522,0.02339799338619224,6.067273185190101,6.9699444326028255,-0.1920596907023923,5.529987506301086,5.2611840327503065,0.42894468282577525,5.591378060168483,5.443870481096138,0.24407562787850257,5.646676444427724,5.676838759013468,0.09189835640350387,6.070764647620616,7.978276397249899,-0.13950167165213762,6.091489056236254,5.697595592611114,-0.08014379960855846,6.049856870141208,5.286131888447777,0.023326143632596705,6.005758149207866,4.959441622591223,0.13169409936792814,5.671479319458513,6.382631851587067,0.20785727238222648,5.45422336788039,6.586747486031039,0.35555269272965595,6.09156806883609,6.259374432047595,0.1421908370691301,5.515237493795737,6.161215439386415,0.28128091876466005,6.1483591203705465,6.440094137519191,-0.0643245197457208,6.128568700317128,6.8667442869916915,-0.37914787694348434,5.363142338820612,6.740610361577037,0.4611705493556017,5.521341962535001,6.6696965532236705,0.24620936406884283,5.647691309094493,6.693161804571376,0.13947593199328753,5.835449471867572,6.6355757819263,0.08528299620023129,5.974306289360637,6.548343635501016,0.062467927470388235,6.077620108759271,6.461138323543601,0.036721143626508544,6.258574615824721,6.218086621623535,-0.1584508008559091,5.385290092336136,7.056249299082857,0.39923431472058224,5.443977073565728,6.173316293591582,0.3391901895960371,6.325383495996009,7.005386056040861,-0.5046563635887961,6.097834662485397,6.684542722572217,-0.09007930210123638,5.266973569193052,6.568002864822629,1.1467699594558618,6.153346977085704,6.365656814454242,0.027216538746301953,6.06381228423688,6.99551469887448,-0.08860630644764894,5.580161625300167,6.250507131220648,0.30261704609619033,6.127128583874823,6.786003100183175,-0.3318779601583859,5.36188447313925,7.6415232059424545,1.0440959744004796,6.096714696152807,6.2071351771254255,0.17619742211520367,6.1927213408703246,6.67444327242895,-0.4272848591777923,5.640300649402228,8.237063532967616,0.2986170332294615,5.662187884958858,8.4622889488019,0.4619358441536655,5.314724013962239,7.173536794923352,0.7697577520888575,5.515912827903774,8.07846139223519,0.4544570406884696,5.323479131805457,6.182855201517141,0.7130108190284851,6.056349320561745,8.611432685012373,-0.09677496771074032,6.340840149488577,7.065042805123165,-0.3765693687657383,6.0187669029092685,6.8216675987849005,-0.06070213446220282,5.364605190020417,6.44227443803355,0.5290896590473537,5.752949882011748,6.299942184250503,0.17487739690475512,5.8346422016258455,6.297012754841466,0.14546960373045176,6.063722090608764,7.7841610744984555,-0.11758135888685066,5.415698016843071,7.375135207200832,0.3931931585539466,6.249756138821257,8.806716052518006,-0.09858890319849893,5.943401927198125,8.695120445473288,0.14326301615273265,5.811039050929368,8.605848134088072,0.2842483403760359,6.316055536803977,5.257514419269215,-0.009099034917340177,6.4602401142718735,8.803120233823554,-0.1387738100049988,5.920126753331158,6.272083534191127,0.13888142740218193,6.003785443118549,6.2420542738419,0.15197951286077022,6.065769709587549,6.225573065458055,0.17379966224772656,5.381617124546561,6.172765814299324,0.45312221226245614,5.986840594762077,6.1100234741130235,0.14795855885982756,5.894568040788725,6.069345775132041,0.13306291346114726,5.807132399648768,6.065610938985991,0.140713415591849,5.723543777638591,6.09915104221475,0.1669956454860587,5.674968918384316,6.1465928906034435,0.2015349599419977,5.276470734613037,6.176932238136935,1.0144269295123003,5.699993177775024,6.284526527861624,0.21173697272591405,6.386021939361188,7.254088649653015,-0.30531952392497724,6.092682444654541,7.363561352128538,-0.2011941016361577,6.1546708108339105,6.993452917259876,-0.2863160386181047,6.263137220764343,7.271304451594776,-0.29555410700153784,6.343630188745071,6.022304207555727,-0.10891907851906064,5.7758053946173185,8.396324608966601,0.16518834873384058,5.909873004997644,8.507960467713122,0.036870404530577855,6.236278154633089,8.664986828860126,-0.21535876401730472,5.547829445826457,8.28964269114946,0.6814771047367321,6.061687143462028,6.167265121087113,0.16449413499367818,6.205717422739678,6.441662463085759,-0.2097961325671914,6.451105959570006,8.662152065490515,-0.25057175872084836,6.085256751073669,8.762123130134741,0.0013564283382605873,5.357967386232256,7.518074963520359,0.7126926255987185,6.234120588876229,7.674838943203754,-0.21226672052823845,6.221263524458475,7.71106994723827,-0.23532092932384585,6.213237036958091,7.7622194246042024,-0.2620067826920146,6.208360990525721,7.832414665540187,-0.2578336269436272,6.176329953413652,8.043473718545274,-0.19770902170928387,6.084705899080468,7.712052386923031,-0.1272503627351946,6.065969477292796,7.7054145831348695,-0.1249285523316819,6.048852068399889,7.695988230893984,-0.1219059127462752,5.931186653803572,7.619998981103943,-0.0898006324417448,5.540496927481241,7.392229508635296,0.16957689068635218,6.204308240475611,6.317552303789561,-0.10328718292814126,6.153525873538165,6.088663610390209,0.10497097590549682,6.100458104420538,6.110490841095076,0.14713197805051081,6.104436314282124,7.717631720034136,-0.11822968382345228,5.545722567397794,7.798237989101422,0.282914979459984,6.231611193429532,6.075572862481429,-0.033684565608192864,6.1201318690789135,8.241758074040927,-0.16232990720746937,6.350101022510937,6.433480186591358,-0.4109624679831235,6.263591915914346,6.347761205993134,-0.27450027734023746,6.347184264933949,6.305325476665787,-0.30023574330471103,6.15116183145909,6.678668210314553,-0.22759453596370202,6.441616993570759,8.483055099923112,-0.2886917043078268,6.435133487972845,8.271038205495477,-0.2621894760353279,6.273218781262365,8.279426212910208,-0.2368397788402807,5.885836775805836,8.015504749006881,-0.022179085144376727,5.987451078906098,7.141090196260255,-0.07456861861889269,5.996290054461405,8.155942936599505,-0.09183388496388188,5.748202417404584,7.173536049521467,-0.023259756277191526,5.8950383893783185,7.316296909388534,-0.0716259292091314,5.674021139887219,7.456947536518455,0.037418295298320234,6.243697884998879,8.490953378299233,-0.2505056275973412,6.102575418475594,6.7853136034393176,-0.16141662684137434,5.801131169070611,8.17842723906622,0.06473925436653186,5.937927323051898,8.317695145699,-0.02910110688614035,5.796692673544882,7.843862547693874,0.016260447133313982,5.4512145531705745,7.647621338765694,0.3971062855134259,5.673999150531604,7.91602117719561,0.12299990648192581,5.415371903518273,7.829060357056557,0.6260558689292788,5.819660741835126,7.543289673092749,-0.0393050006451265,6.154703235815918,6.559614857407898,-0.1446998598148854,6.158941963636399,6.921669224906421,-0.40583727097060807,6.112689776656566,6.9911362082005155,-0.3002048091264731,6.1921958325412225,6.804283336017074,-0.4762525452255948,6.066376466722144,5.969961714472451,0.0861175085514833,5.889155677699916,5.890502991607508,0.07462342312781534,5.7370914569030305,5.883040400633316,0.08389147646677314,5.618129415727319,5.93374300956904,0.12848613423880087,5.5414383700623135,6.025196366870502,0.19548436978275188,5.518273515674364,6.31395946670265,0.3450699662545158,5.287833640951805,6.842257835061193,0.7857416376523867,5.604518750003575,6.503799909642178,0.2406511118548054,5.706181131525437,6.526679275108077,0.16942758901811725,5.836188165135856,6.502373210433809,0.11975411220712204,5.9615312191502605,6.446891457310796,0.1012074068461505,6.0608724192014485,6.38010419379418,0.09548651725827483,6.127761057374459,6.320944627769339,0.09133332430412683,5.284189743835755,6.922805217379544,1.1809123474079044,6.124473089658617,7.045880013457129,-0.2523140657461961,6.206483695877716,6.556566163697221,-0.30343724440186465,6.223189642929965,6.905158573148109,-0.49090751899057467,6.285169809688596,6.990890970980268,-0.4609720861036536,6.229189382704351,6.940785056253687,-0.44312357772416877,6.157730685572866,7.097964224787166,-0.22429790295094323,6.2978408963359795,7.000053450953774,-0.4894262656817272,6.314190541287078,7.05133262824774,-0.3741896033656473,6.129154213497993,6.206469905942839,0.1558994532593569,6.175698598016845,6.23019567524944,0.08542979960746017,6.2038024852964675,6.245249811723972,0.005361419528713325,5.649609600846187,6.186391388060772,0.23656903489927214,5.567002673118886,6.146935030068774,0.24480174248997283,6.433673245679637,6.4523865600088675,-0.3797786732888781,7.064016386727174,6.136709607006899,0.1940404331557848,6.4519042849891095,7.021297404683431,-0.3778112781879934,7.437748965561926,5.612931728381462,0.7411765746645843,6.792091542781906,6.2797417931601975,0.08496768537931784,6.89506881322935,6.291516161339624,0.08717117488045138,6.993110032392661,6.279007572303225,0.11333446658634572,7.112673985590712,6.198573863772374,0.20154877317068376,6.696454990100415,6.24945984157187,0.10023721970487832,6.927121094295148,5.82633171600718,0.06611379873674386,6.805172600466178,5.8565655891739095,0.07353278370064836,7.037832654703958,5.850411923910219,0.09461904999086158,7.1105324459743855,5.9114592202094585,0.13365773251867322,7.205917052818661,6.295315474748749,0.24372354195676596,6.822100677280231,8.361572482272424,-0.16025183157352932,7.094855898925669,6.09379234806168,0.22904124455392988,7.508301999402832,6.278414232402565,0.7085530828165941,7.323610047284733,6.203844600502984,0.35611099874170904,6.87665067804668,6.866640676129642,-0.08079329505905802,6.517005449441288,7.458213228919611,-0.34230210270410705,6.513654122565199,7.6047212240638355,-0.3060836074449775,6.638862258838372,7.515595756850014,-0.29086608819472215,6.728629517075396,7.579101761267754,-0.22448413695321146,6.609935447877431,7.617522010639253,-0.269772891996357,6.692565483063175,7.632630561451409,-0.20593017557076315,6.874498702803959,7.827784229029007,-0.10497318881734367,6.4397206911746805,6.900845677840046,-0.5512285609154907,6.448125097430887,6.749690847343166,-0.5712317000319117,7.247896596192234,5.807654926370328,0.1797343540607203,6.656759358103252,6.49846134134001,-0.053805798512356166,6.673143291541072,6.897627032499532,-0.301743435086676,6.677638810311021,6.829916216047089,-0.26488797062279046,7.195315201804735,6.85995740282648,0.04298846229561725,6.4376797808128625,6.581288908025345,-0.4938499929326035,6.994395105242833,5.653521469939985,0.014319248832279299,7.141436062735012,5.697759953726812,0.08786534203299595,7.318130598026252,5.313180659358827,0.5640641484414259,6.546705242157234,5.837346146964594,-0.06997752535096857,6.70032660749241,5.932825792549239,0.10537208364809314,6.95100451610048,7.681013107019289,-0.06741839179878682,7.507476839515858,7.819439454923621,0.8146514907204377,6.598324322710875,6.991494001105436,-0.26676116556042656,6.519509999775732,7.043087737994978,-0.28478202483206677,6.835351686594341,7.68583809342252,-0.07518026745335907,6.813188652340169,7.678390783186975,-0.10078354105224512,7.196085947354084,5.602508028418111,0.15206986954554802,6.678795674036931,6.982824977179965,-0.2517122468990915,6.799216094001136,5.697598574218655,-0.039433911495383236,6.814875496806492,5.561334637183436,-0.047193486886325214,6.883494958157056,4.941971638606592,0.20500822990775208,7.246670410090997,5.442207116789199,0.33074904900317303,6.831805809826201,5.218140428185538,0.07412673506379225,7.307779947447655,5.750815051012388,0.27938296250814826,7.368876067570378,5.6823096361502685,0.4979118275681904,6.518108644231459,7.538775519275668,-0.33621440550726106,6.623983291806875,7.570060036399658,-0.2866058136009961,6.7109336763195335,7.606698029863522,-0.2250850007541506,6.575673050221863,7.026435459878468,-0.24872320863304337,6.8269808234229705,7.681244927005602,-0.08887522182465775,6.773094975736281,7.696263284189642,-0.15653849561310626,6.8016990276809075,7.676339437198764,-0.10348198905208987,6.553102281136459,6.911154585913069,-0.4026069787256366,6.67830445419455,7.65031074876768,-0.1890804358360881,6.599251602656127,7.642434832448116,-0.22990858952884632,6.508693473018853,7.647665317476924,-0.2633916928071934,6.553111971360967,8.05903249209612,-0.23453543879345357,6.5314684822208156,7.832800783716747,-0.31298567949526923,6.525536574017987,7.75611085615457,-0.3130871939145169,6.519085120701138,7.6928694694060935,-0.27878913343750117,6.508415438115653,7.649791949055546,-0.2577466711549509,6.679835509666856,7.651754592219412,-0.18550530204395238,6.695097613267373,7.67456165370244,-0.2072902544856395,6.710123424470265,7.712074003577704,-0.22986298025099253,6.724464211340612,7.753999878015539,-0.21813352253515203,6.812198758636555,7.40343140816685,-0.18000029947709253,7.585213311324928,7.040212722923564,1.052736300353368,6.742005753906227,7.664558360402371,-0.13913753118428798,6.754746162928939,7.680990744962731,-0.15351853481572467,6.499345387975918,7.10631719831329,-0.29635795305335444,6.643765512439554,7.089164010129892,-0.18450334214732136,6.508600297783196,7.078902062375639,-0.29227277802123564,6.771159167040284,6.586891348594893,-0.031456239083304666,6.9444315622763355,6.683683274198523,-0.015029740577283481,6.698715048616497,6.911303666290119,-0.21283001141539917,7.140042906611478,5.082952106070737,0.3695761480411657,7.075244375324711,5.280539138102737,0.1935257564478278,7.028172246271103,5.528499684138124,0.049061880387598886,6.786763410106131,7.915584371690852,-0.16244372075782365,6.576724066880067,5.635007177914117,-0.09338575927790468,6.588405259823838,5.225333929079153,0.006245766072410935,6.614005342170903,4.8904300798490175,0.11150563470778652,7.070788362854681,6.249804217242856,0.1574964302108896,7.319575186879868,6.404899987507059,0.29021635398268125,6.63294973108456,6.2166848933783205,0.11900981677779433,7.212954392017317,6.000265655416393,0.22277912331593513,6.57791969150401,6.398281564167914,-0.08165830482963081,6.609596290019642,6.823006340570811,-0.39510273842110655,7.437330049702416,6.524974540996507,0.38963083635671364,7.250924418650125,6.497317894848035,0.1853275469881289,7.118306242235669,6.54577498060444,0.0882826273258831,6.9218451397513405,6.527833157226445,0.046665838438529186,6.772382371533981,6.472499739078598,0.03304625118597207,6.656250248615625,6.40514000691411,0.014391807591183655,6.440755308991409,6.198532121266799,-0.1658262613378576,7.439028820598903,6.848109239860413,0.32610472938188023,7.292163032549758,5.993632324039543,0.2744013718275882,6.410152089190539,6.996649945945718,-0.5081563515533749,6.651016781979277,6.631578191615698,-0.11065090333039707,7.558361699212527,6.321574492362376,1.057993153973866,6.571727638043229,6.325820301500767,0.009746466681956254,6.70929230136821,6.937006614097348,-0.10874215039345361,7.1509421729776195,6.106603570263491,0.2476562124219242,6.611323386187769,6.7408898872840055,-0.3482515977326657,7.566748961225373,7.423083928871496,0.9620653355057136,6.6239132240296605,6.168352289736752,0.15243823783971555,6.525473960259626,6.642320923585937,-0.4390238207676697,7.27898879962983,8.088435614861737,0.24367860819937068,7.288380117982109,8.316729104855716,0.4052446764718334,7.546874310758922,6.943146489426162,0.6895831173007491,7.401426277095524,7.897691744837284,0.38988008011209446,7.4417704087328564,5.960063895539143,0.6360706693709526,6.8595205973217235,8.542250445238444,-0.12230074280736916,6.406404208511495,7.057315223778766,-0.378738232019921,6.745958620103713,6.751552115850638,-0.08583560105255267,7.409408785884679,6.2385124967841294,0.45901433463965935,6.9766962828794306,6.186887453015407,0.13057522784435727,6.896652792235508,6.2009095805798085,0.10634780306898241,6.788500941900652,7.720408342056697,-0.14337221752892193,7.440170776287108,7.17033827543374,0.32282531049390895,6.6756985292037125,8.771952744795549,-0.1122627650258259,6.996481485119651,8.61000151339269,0.10738190842191486,7.134740863001687,8.493346118350889,0.2383228956538413,6.805480451444787,6.195241917345301,0.10535420564975156,6.720328721681239,6.182765380589968,0.12301615391364339,6.658825612129168,6.177590055300669,0.14821922822848077,7.367002127230856,5.975621550987162,0.3823547356166882,6.7253914912858646,6.050482635023876,0.11844586201707957,6.813620240031729,5.992855242574168,0.09913168388691079,6.901444235553902,5.972937358798373,0.10047952190520278,6.984145083918745,5.989802821854065,0.12228607935465774,7.039927234001513,6.027404247254616,0.15375381393266152,7.50901162199759,5.93293946633674,0.9289439617859936,7.029139032516274,6.163679738019055,0.16426831316316046,6.703336540305054,7.30868784694389,-0.22087976943088852,6.598327304318416,6.953415891199267,-0.3004843581272512,6.514106581509546,7.24846235622314,-0.3036582793546505,7.1425124230573145,8.272217431277944,0.12166751225894387,7.008694149607606,8.415065503165586,0.003103583387588609,6.670876524408023,8.630367383701522,-0.228617926164534,7.4070443711046625,8.11646272574718,0.6121430825039199,6.6561689998101325,6.119563127440467,0.13807676606705332,6.509448565128612,6.412638749879736,-0.22132069793982348,6.847231901841473,8.70117907199661,-0.024667593323794,7.5347585485160495,7.301715357709251,0.6349153430364312,6.601545204257045,7.642988666048859,-0.22535348519569448,6.61485659112386,7.681092119619126,-0.24839777082870448,6.628057658511657,7.733395479103427,-0.27593494303125676,6.636731900250324,7.797270457454367,-0.27218384780658395,6.683328462901143,7.99816819195971,-0.21379714706770359,6.760176415662993,7.6577625314145354,-0.1507171048866707,6.77585296271171,7.645534213486991,-0.1507289847292169,6.792815328012485,7.6353058088175745,-0.14942178276057555,6.902048756482841,7.532228654517508,-0.12182577039670625,7.29880381794546,7.217219581604724,0.1120005466188799,6.50674275628515,6.286692665740164,-0.11511639638065636,6.553136569623181,6.051262698096791,0.08930948830424328,6.611971140426053,6.065688460782057,0.12540180100048517,6.739166518125305,7.6626024258554715,-0.1402849143299697,7.334604725092187,7.625751247452426,0.22381213385984863,6.464032719064031,6.051551541327326,-0.042557925737184095,6.7587057377433934,8.183396088033305,-0.18130157317136525,6.437698415859994,6.3303896150573555,-0.2804691761116216,6.585039024910044,6.63493846331441,-0.24190329384679163,6.601102435537205,8.253009170096908,-0.2464578158347206,6.988622713043449,7.914133819622154,-0.05498157098765194,6.8009931320955745,7.064339145743488,-0.09966746478574395,6.883030572782544,8.072952872303185,-0.11799237814513991,7.053972096323415,7.045838270951554,-0.063595435173614,6.914658720175635,7.217201691959478,-0.1028417820078948,7.158665281910706,7.309635252740044,-0.008258701297654226,6.647205542139988,8.455945578758413,-0.2631341564558391,6.650090992837795,6.733626691314119,-0.18045495968638237,7.090690593190886,8.059183808678826,0.025377792440323697,6.9600246243139035,8.225579871523436,-0.05964647651257259,7.0636041794846305,7.719659958563904,-0.023883819255946064,7.427279796083575,7.448975463355694,0.3303340697973684,7.205735920160545,7.770887703127788,0.07421615999621348,7.497632316817347,7.624425177498564,0.5529134021142473,7.01192993919148,7.427536214332101,-0.07662067506827568,6.576589894540722,6.517568973266537,-0.16107319456964933,6.578384076878522,6.881867745841552,-0.4203065930785425,6.641818522715278,6.944143091746743,-0.3168597194433907,6.530747678597778,6.771737598903239,-0.4894559885819016,6.632795432894313,5.911595256053516,0.06455641543691287,6.8032658624437055,5.795374430310816,0.04455865427862487,6.953398001554021,5.762138451051238,0.0447934005496828,7.078377299448422,5.79057702377734,0.08024859845486298,7.1673119437796196,5.866620315204062,0.14141648097939874,7.225380241444453,6.154064053699316,0.2855035738569899,7.5402693046537115,6.607955660470204,0.7037164495089065,7.151624215702625,6.355819745774584,0.18626957191442392,7.046447264291805,6.395871679872897,0.12205848719466254,6.911263414588316,6.401222920007115,0.08113026329880936,6.778177871191808,6.371825015054696,0.0709869392664521,6.671510116010486,6.325616061384207,0.073125048869416,6.595333770347247,6.281373477887012,0.07298603141781665,7.57891093838513,6.680378907641204,1.0935788263262263,6.6395331205350985,6.998849626909094,-0.2691795986833149,6.510597974835669,6.523993592115517,-0.31487888381476253,6.505468119061371,6.878559652274808,-0.5007868892272218,6.455098332067411,6.976506950800577,-0.4660447788708767,6.506227683582441,6.917622438071393,-0.45290646500429377,6.61388011465418,7.058485504738611,-0.23773323617498984,6.438383440192539,6.985678375596707,-0.49424063010809294,6.43384096110382,7.044857322070564,-0.3782043612134188,6.588168222024328,6.170524018129431,0.13641554479053553,6.539891523524154,6.199655069206931,0.07121884660454862,6.5099584200181235,6.21788014530132,-0.006771942642656205,7.070234529253939,6.060938759969236,0.18683686933671786,7.156645988203562,5.9987364634488,0.1908745832331742,5.8191341154031955,6.16345462664971,0.15570727933581557,5.926702316061901,6.147630117326771,0.15562020707809468,5.811652889381873,6.030739920691115,0.1556988702707976,5.713080944076263,6.179146827138016,0.15563751437811785,5.827396522600262,6.303177973834378,0.15561010921193041,6.904159734621873,6.072878234666247,0.12439710408130676,7.011143540202541,6.063839864106634,0.12403801836999148,6.9011870719034905,5.938558678448706,0.12404896646018111,6.795365347861929,6.079413545695186,0.12393355728391622,6.90387126409228,6.210505884450531,0.12395201762748063
6.384665376599079,7.474732408551621,-0.3519585335460428,6.344581584344362,6.891051389138631,-0.5561948550645895,6.36209724725445,7.098289470673601,-0.31689106824655056,6.251753847842291,6.453151640874378,-0.3699310031908079,6.3372697036760774,6.733045497819946,-0.577379882871188,6.33262972898487,6.555633170627143,-0.5194600033769337,6.3272896331725486,6.150953129040057,-0.1981616373696204,5.649597657698236,6.242624773818249,0.24420145271939656,6.317759215830669,5.8423439009316676,-0.09901820169494406,6.3117517009453525,5.645055045923023,-0.1002892731696876,6.284549542736448,4.884765129181268,0.09612915109898523,6.387723761326664,7.533146442005962,-0.34559798518670387,6.3918271251373575,7.591209671671378,-0.31633720053240455,6.393955731178623,7.635783306487298,-0.2724036479211297,6.394284238116556,7.637237804400271,-0.2675069342811166,6.395367865074713,7.69148678608951,-0.28862026377624744,6.398855835798058,7.761779095295072,-0.3191109287956732,6.401285449327699,7.8435238103979295,-0.3167216121790197,6.411485515427672,8.057900600391822,-0.23546928586887808,6.35092801136474,6.990186161557661,-0.5093466627369608,6.278929993058373,7.016297260524745,-0.3704144964690138,5.294208149754195,5.8207731840546995,0.8203399816375524,5.923663861023148,6.335818178676569,0.11841487108381002,5.82484347420309,6.364989148827971,0.1271530766648052,5.731172173505197,6.375735487777221,0.1591282590554395,5.60867773353136,6.315400208995831,0.255473068316574,6.010542054452479,6.290845430227913,0.12595629318786836,5.752224116982443,5.917967758823338,0.1075343445756017,5.87474085380727,5.923926220636475,0.10537609069028461,5.646535185214636,5.962153428432016,0.14245868034985287,5.583193919305488,6.036079752734913,0.18525887938008273,5.533786327194741,6.436379206330652,0.30195194582377943,6.059804345417602,8.4098445016294,-0.13906842093079924,5.616129712746704,6.207044945463695,0.28233914794856363,5.273712884323355,6.491707355607851,0.7867143793688054,5.42143732603595,6.368698601604491,0.4221906412539294,5.883605710147071,6.941571594113824,-0.04783174765078602,6.269272483665846,7.446544729528918,-0.3324160172032212,6.290099972176451,7.597099013246443,-0.2979243680805691,6.159513261749648,7.522672124638801,-0.272946460113326,6.084973402430319,7.603319834672906,-0.20168479531093436,6.2021284898202,7.621082992628994,-0.2547838401362041,6.129080289832162,7.656000604509118,-0.18728609281405534,5.9689502518424105,7.88393387990548,-0.0771252779017424,6.267612854723756,6.89884042241812,-0.5431192384151563,6.24827553908771,6.747716082543595,-0.5615869768625569,5.450074658220303,5.9632541496426,0.24199150962378754,6.065871690186411,6.536479432397589,-0.031211245243265826,6.067162677858784,6.935384217963848,-0.2800085695987392,6.060135825269,6.86781138135081,-0.24237197286970633,5.584644329462447,7.001078916495085,0.09752086363441574,6.248292633340137,6.584675562271164,-0.4831185517539485,5.671786368961836,5.776519880664683,0.05585676464630348,5.536473097739145,5.839574260424414,0.14092606216780873,5.3726655657926266,5.500621991030869,0.6355500445178154,6.117037760611974,5.869025427669935,-0.056577115514514865,5.984515683519161,5.982994666667398,0.1312314958734521,5.885098484320912,7.756549740509338,-0.03384786529235523,5.429894150002617,8.000364319638157,0.8864866559190846,6.144280053152662,7.0130463796502704,-0.24914910072839203,6.223442421296589,7.05179904990083,-0.2750650790234181,5.998696480749377,7.733471756505385,-0.04665348391505633,6.019857307182296,7.722573798969397,-0.07542436494648981,5.480933128377533,5.753971818485947,0.2097720257465409,6.0732504614076674,7.019329632259508,-0.23054330761193942,5.861054303440686,5.783836963931532,-0.010304917186919383,5.836572361052672,5.652543443328319,-0.01734027262857036,5.735865289024599,5.043362258665395,0.2466961916346415,5.43081240864926,5.612425462568749,0.3946931426729411,5.795875033781522,5.310015502264197,0.10855588873928189,5.394798163314566,5.91771803409224,0.344776810745418,5.3456440120767486,5.871391495174253,0.5695636753045533,6.277468062861736,7.5274644611451125,-0.3269590022785158,6.182371993385525,7.575753494564482,-0.270287119340818,6.107052859124063,7.627231720903919,-0.2044008072463776,6.171891730191433,7.044801554831518,-0.23508543164353776,6.009821866165472,7.727726601233395,-0.06232125465397269,6.059806203488518,7.732145837099792,-0.1334365963717365,6.032999442770518,7.718390909723503,-0.07897807073495568,6.172382632527416,6.929189409530208,-0.38653488747657394,6.1461005910360695,7.672562705425162,-0.17220946153056374,6.219249870081933,7.647411114279055,-0.21695137950674795,6.30287383810914,7.637457056768348,-0.2560567348430339,6.288036027003059,8.06797060152768,-0.22807987719162753,6.2919379759264675,7.841900599645792,-0.30553904463048714,6.290760702194148,7.75844794575703,-0.3060823910180718,6.294247929689125,7.693678566541916,-0.27171235263686583,6.301163669638138,7.638189136709216,-0.25109598743408124,6.145170440735566,7.673218232844295,-0.16889803077011756,6.131167646699094,7.701732189119831,-0.19026237403304447,6.118220236942858,7.739616025410112,-0.21205520006212317,6.108208207619575,7.7862446866590265,-0.19950311811913363,5.98428082335539,7.457213029499701,-0.15317944759812271,5.296162468743548,7.250749391922481,1.1352981451620558,6.356344659698797,7.049460853460251,-0.3837600443707558,6.090029213392507,7.697460112469973,-0.11764510714217868,6.076028649041135,7.7163254780933785,-0.13131784971926894,6.246527465970023,7.111011310620645,-0.28716890135794465,6.115957106567281,7.114289690944674,-0.16818792251783013,6.2357491682010195,7.08387678619308,-0.2828830053056501,5.96535414139176,6.649077043444929,-0.0022476379835065577,5.807441153618871,6.776350441814482,0.024615366395955417,6.0504366950879565,6.95311170095835,-0.19035163111466744,5.512980020692578,5.237242296771714,0.4288085788868946,5.574788749710283,5.421521682455532,0.24502188393231608,5.630325002930064,5.657262943454727,0.09345195542626968,6.056955179475147,7.957586324555371,-0.13994697492455704,6.07223818437268,5.677445681357511,-0.07860074298370749,6.030584693808204,5.263835007720201,0.024426107356991078,5.986165278878305,4.935632793417737,0.13204002381956656,5.655593652543874,6.362815949084724,0.20848628712450493,5.43803510191358,6.566792744548091,0.3555772892359803,6.0697015459582815,6.2445705456813885,0.14248563399107678,5.500000652116588,6.141847466709554,0.2819253091038178,6.129761830244117,6.4230315680991295,-0.06296734075026385,6.111641179443808,6.850155248279478,-0.3763283645801683,5.346586054031114,6.720195822593887,0.4606939119358015,5.5050259907157555,6.649227918803301,0.24659056030307205,5.6309233017649865,6.672708732581823,0.1401807318587216,5.818084183825197,6.6159565577546715,0.086052217036021,5.956175642681354,6.530179828764292,0.06310235282819106,6.058679469285111,6.4441890500043995,0.037556505162849814,6.239604293737347,6.2017747131178105,-0.15638364444083452,5.368573350407429,7.035497078913013,0.3987818277233984,5.428982952025455,6.153665912577283,0.33965115954267844,6.308511225268008,6.988512411276611,-0.5012966633973318,6.080206707302647,6.667476404882624,-0.08885205700212977,5.2517545738533284,6.545397429565585,1.1431895581490121,6.133883774763969,6.349450473372409,0.028026218466581754,6.046764032115571,6.978311601948271,-0.08769628463418999,5.56472878215737,6.231346283358683,0.30284435405880394,6.109993442155581,6.769461458086659,-0.3293141536162031,5.347749578038656,7.620253549772132,1.0404673153090904,6.074338547736024,6.192702124449611,0.1762361450771458,6.175266358588907,6.657897677696931,-0.42403212888691366,5.627723703647792,8.217635240890667,0.29661078162068094,5.649900894871712,8.443451801899627,0.4598824923668241,5.298952176416694,7.152305078655802,0.7673267100109383,5.502517223365095,8.059034766878892,0.4523614393651815,5.308749412742097,6.161088162657973,0.7115176919807021,6.043744295263036,8.591760792722367,-0.09778628906475331,6.323882674341138,7.048459724850759,-0.3740403825060911,6.001462033500616,6.804068400509643,-0.05959472719843975,5.348985566811919,6.422390162018958,0.5283890560668791,5.736471020143186,6.280208345848519,0.1753039625115776,5.816788736782625,6.2776248840470394,0.14593823168935913,6.047835767419867,7.764181209375159,-0.1183195520458239,5.399849143292372,7.354557584309205,0.3923361797161108,6.236555570978524,8.786832225899966,-0.099318884020911,5.931418334183602,8.675371754253163,0.14183153496396075,5.799176825799091,8.586628800852626,0.28249490074308964,6.295812425400321,5.235093623564557,-0.008251561566130683,6.445608616184154,8.783970796689466,-0.13957159814777056,5.900608173870186,6.253869819001329,0.13932154825426216,5.982560621301442,6.225587378361914,0.15225322247242865,6.043677776324246,6.210483119886492,0.17396499015780081,5.366795919769271,6.152926771966935,0.4529006050932053,5.966049431528493,6.09386390014876,0.1481360857110715,5.875331348744346,6.051311103260983,0.13340204786564383,5.789396312111931,6.046542550062394,0.14119982569138145,5.707213463887102,6.079559727009728,0.16755414614135686,5.659416076032081,6.126942393436317,0.2019356581104685,5.262067239050805,6.153950940655784,1.0116069217112829,5.68436216453489,6.264940205518313,0.2121280364420268,6.3693095353216425,7.233794866428997,-0.3031552557748084,6.0764270194455055,7.343490913934053,-0.19945141729589846,6.138224971651899,6.976429004496273,-0.28414096576749326,6.246847797395926,7.250626759242031,-0.2932679959135288,6.324084832456789,6.00473521122608,-0.10744297393831188,5.763867532569894,8.376635571763547,0.16343424549951233,5.897734109777458,8.488288539557239,0.035411115515389606,6.222731523364163,8.645771198106003,-0.21588296550421396,5.53495876994268,8.270511479787233,0.679081533808774,6.039667687673532,6.152610156682864,0.16463095929878982,6.18751513368076,6.425077675791728,-0.20775025878294057,6.436310829320947,8.643866303803014,-0.2511251126956881,6.072882563366317,8.741883260759034,0.00028208322208723584,5.343049773463957,7.497276754588526,0.7103844080773164,6.218107899697015,7.651773864789608,-0.21281062201887233,6.204899245170003,7.691434016875498,-0.23597433276970853,6.196524547937819,7.746861015525424,-0.2623798198475308,6.191521506189643,7.821248513029649,-0.2580090331802657,6.161874498269586,8.024828424545378,-0.19766636856698488,6.070097315063371,7.688895892004367,-0.1274250285692349,6.050653346156751,7.682017313473673,-0.1251470220133875,6.032792082056303,7.672182172501584,-0.12209937925828425,5.916454545869422,7.597775351059834,-0.08996253889149426,5.524268173120907,7.371743253824629,0.16962540746897972,6.1854753434292755,6.3008269871881755,-0.10167001728024264,6.1323872844482965,6.072722769267549,0.1051381182577296,6.078965887545003,6.095331032943961,0.14720961671356972,6.090324646668137,7.69496732452919,-0.1186796810281567,5.531312119963117,7.77786850297011,0.2817268903558852,6.212103357725164,6.058889802912792,-0.03271202944469599,6.106249429260024,8.222348795190145,-0.16257304124293182,6.331502994781463,6.417442490784076,-0.40766758736100317,6.245182965855272,6.331544615569979,-0.2720100852752538,6.32826400556085,6.289410256252466,-0.2976705323675695,6.1335954021578205,6.66196908268787,-0.2256854741058417,6.426709062055896,8.465326499178438,-0.2889682107811378,6.41999027762397,8.253903298712475,-0.26243465616543654,6.258648777397046,8.261441120804133,-0.23704569645982154,5.873207573687462,7.9939145838748535,-0.02339817171968373,5.970920550241639,7.12281749322033,-0.07354225523810647,5.983266316635304,8.13530783474858,-0.09253661743484849,5.731553449657141,7.153819034838084,-0.022276518178937332,5.8788375285626655,7.296640027403596,-0.07073445459941735,5.658191607298498,7.436500741385882,0.03741330595994937,6.229678478904562,8.472377506690128,-0.25081511678925517,6.0853580231099125,6.768534652313804,-0.15990677915626206,5.7887240620545555,8.157846978186921,0.06327730762433871,5.925243592915854,8.297747826500991,-0.030393363071384065,5.783385452698966,7.82196349871809,0.01512824791288837,5.436329021198593,7.627085304915745,0.3958842125818115,5.6605468979915035,7.895271085405989,0.12179554982470349,5.401484617312555,7.809014230890939,0.6238983140630159,5.8043470939296995,7.521895450995951,-0.039206559233251,6.136804662243778,6.5427760631174205,-0.14310550967451038,6.1420622597074335,6.9052143488880535,-0.4028694908348519,6.0962496632047865,6.97405884923594,-0.2978814001906387,6.175290513510813,6.787654202038505,-0.4726265362613135,6.04589148201346,5.952197512850393,0.08659353696501297,5.870460601645383,5.871436832104601,0.07564742635994466,5.7199200676526365,5.863570874689193,0.08523351034517031,5.602045163589932,5.914126011397605,0.12995690567691154,5.526100602658176,6.005703266173269,0.19677481968975896,5.502640970888095,6.294453060718242,0.3451575294760877,5.271920217503686,6.821104681123427,0.7834176970462542,5.588406179838795,6.483786770907515,0.24101579013407096,5.689366321125616,6.506753270656514,0.17011276785727938,5.818539411199594,6.4830888794715,0.12048283433555715,5.942705000155199,6.4288436139240925,0.10166304951430798,6.040695572504212,6.363643162256487,0.09601109391816567,6.106981509200892,6.305238790770909,0.09175149537580285,5.268596871863492,6.900320933323917,1.1769175401252259,6.107998245606078,7.028757484086829,-0.25029237176295066,6.188658962136594,6.540102670683611,-0.3009175809707795,6.206495699700952,6.888684950020129,-0.48748116290918364,6.268408109075765,6.974123510103813,-0.45783819629336836,6.2125886858484,6.92426552160305,-0.44000680068289366,6.141017280624326,7.080485435157363,-0.22244732101714165,6.281069004296768,6.983216165937904,-0.48614237636249846,6.297344219063396,7.034680270938379,-0.37165208782844134,6.106965529791015,6.192164770340731,0.15600133473694305,6.154636197209571,6.214767088190211,0.0856980745259204,6.18408364831326,6.229453280709555,0.006301365171622496,5.634524243200018,6.16684706765474,0.2369363954381932,5.551518269559442,6.127685993416864,0.24540710848495687,6.4147586931531375,6.436232047114112,-0.37700145076945624,7.043234829435224,6.12095457410271,0.19274516322971147,6.434408907931422,7.004792085413437,-0.3754679151648974,7.415344745937345,5.588586041103456,0.7366725812026855,6.774394264754213,6.263314765081076,0.08454359119467854,6.876388979927011,6.274466163489994,0.08668417018040803,6.973855204663556,6.261577840388885,0.1126286176057488,7.092500464927995,6.181560388009456,0.20021559541183884,6.679819941591189,6.233727958658694,0.10004144134833504,6.9078676741559715,5.806348607920317,0.06559098333529995,6.786430104919104,5.837052858191526,0.07310917955290941,7.018356746327938,5.83062616250758,0.09392918932807762,7.091003602998139,5.892490633652764,0.132717999057952,7.1864787189411965,6.275919918174601,0.24215789987430716,6.804380556423515,8.343832444585727,-0.1616978550027091,7.073812730884151,6.077947293068902,0.22759752198185762,7.488074844184579,6.255976871419969,0.7040388636406234,7.30395190807188,6.1829230972191835,0.3537991618212285,6.858155358415015,6.847988737591528,-0.08049612628619637,6.5008921717593715,7.42961770348499,-0.3407738988936163,6.497720816320098,7.580829001078379,-0.30529375604370074,6.623816197728965,7.489318265241505,-0.29009710499198466,6.713272650361211,7.555270120787505,-0.22464892601951553,6.5937689613336214,7.594884935943046,-0.2695929904984074,6.675661578881385,7.6114596717413185,-0.2064413407262286,6.855539194565416,7.8083141097698245,-0.1068441292950577,6.421801525152798,6.884290240689822,-0.5477311097837606,6.429809810800365,6.733278871526983,-0.5674983830297478,7.227583706971297,5.784595056865223,0.17891780592653114,6.638321042526916,6.480917166184986,-0.05330996490658343,6.65431903311289,6.881451108330313,-0.3001972997802274,6.658647595118592,6.813727396358903,-0.2635975995258174,7.177238903890565,6.839711403275338,0.042407847033685074,6.4190597557092826,6.565064738596296,-0.4903704631834218,6.974477286806202,5.629890957564108,0.014762791492851368,7.121205430893687,5.67409706595286,0.08783936190118657,7.295792747065942,5.288503872042355,0.5606671853074091,6.527391235933696,5.8153059961917295,-0.06884105711021986,6.681950034089187,5.9149498800417195,0.10484475208599406,6.9313990274634065,7.660799630070727,-0.06952233042448103,7.484083707857207,7.7989442297550795,0.809294493270841,6.579889914820149,6.975198218321575,-0.2655524062587857,6.501513510673651,7.025815042984395,-0.2830443787646968,6.818047782852575,7.667369025601014,-0.0772156904712162,6.795604515873495,7.659600802715783,-0.10251379050904326,7.175101379108903,5.577925173416338,0.15165005781429497,6.6601637809859735,6.966318125800264,-0.2504718614134275,6.7800866508121915,5.674263920721109,-0.038753866383712074,6.795032230031396,5.536828360898267,-0.04644824836945098,6.861858122136238,4.917590924824262,0.20396488058361895,7.224891733828328,5.418194249059323,0.32901212418882214,6.811011639908211,5.19467686500171,0.07407812289025456,7.286641376190908,5.726894151028408,0.2777506418217269,7.34720928545097,5.658569910536976,0.4948644399524117,6.502221064078429,7.512248346800552,-0.33499478737563815,6.6084618429082616,7.545615584308442,-0.28615571851338606,6.694838357190297,7.584296161407465,-0.22538307306427754,6.557511308708944,7.009753134758913,-0.247293189819923,6.809571263334198,7.662686686892924,-0.0907107724363875,6.756706172863128,7.67871514984192,-0.15800410292542824,6.783925425324459,7.657405306121545,-0.10513822277421862,6.535161688504027,6.895461706264632,-0.4003067000723118,6.660631271628416,7.63014814901353,-0.18991972253026443,6.582535807804403,7.621318596021131,-0.23027774282628313,6.492579905709961,7.625583983615691,-0.2632520215613448,6.537084420287809,8.042949075345687,-0.23461053194331793,6.517941830483751,7.825726463936989,-0.3135894155842993,6.511120480537266,7.7442255277382985,-0.3140350506675936,6.503566307421547,7.675410756525067,-0.2800972692590874,6.491942958999989,7.628582910073968,-0.2588284656800679,6.662043405524506,7.630974618956926,-0.18672345732777493,6.678451658168714,7.656187898057441,-0.2086094307744568,6.69498477317847,7.696366823543053,-0.23101019438133438,6.710664662023641,7.740747218983717,-0.21919476787884332,6.793794011573034,7.383385182955347,-0.17991231515838488,7.563500631716614,7.017088798734921,1.0462055957186915,6.723447446696727,7.64442184978954,-0.14041977268205327,6.737194198560987,7.662145616642211,-0.15493211944132657,6.481800121484225,7.088515274427555,-0.29446085421565577,6.625695079039133,7.0718201356339305,-0.18350640495691367,6.490831832592275,7.061336156298007,-0.29045285589472186,6.752855506696998,6.568778650743015,-0.031159660549462908,6.926356966225996,6.664219578181219,-0.014812255372897924,6.679953722697134,6.894808408530598,-0.2118651658591986,7.117915902144162,5.0581692257942725,0.36746657405737876,7.0536370536508475,5.25670224508821,0.19267903913099155,7.007851213369389,5.5036573356790965,0.04917835261149704,6.768836403030547,7.8971016568723424,-0.16365206947557295,6.556610515928911,5.612089151732969,-0.09219573109943859,6.567891979301943,5.202739777934204,0.00675664044941095,6.592802764457349,4.866394382035678,0.11122890955890827,7.050909405546293,6.232461125908228,0.15643229106000164,7.300629677274236,6.383989782014054,0.2882015939471203,6.616897484866487,6.201617891932508,0.11873938316927349,7.192903184940042,5.9804583998671825,0.22154840953391144,6.5593716093099514,6.381103083039099,-0.08084492684241373,6.59110820378204,6.807041313975097,-0.39288872355472915,7.418020368056253,6.504008528299534,0.3868449066088933,7.232583404191824,6.476588604179284,0.1839910363035556,7.100698273808985,6.525258913750599,0.08760781142623467,6.904265989492574,6.508416615740435,0.04646187325508905,6.754784927536078,6.454552626344973,0.032936707960494846,6.638772925373665,6.388136996298362,0.014540214919776138,6.421545111366402,6.182168720427325,-0.16398344481048205,7.419894046767856,6.827066115850029,0.3235426369630937,7.271942548789337,5.971837322431549,0.27265913267206715,6.392630555001396,6.979907313250854,-0.5049354165755018,6.6321879220476845,6.614632868034178,-0.11002140733537527,7.537426694167849,6.297525566784788,1.0519379303013616,6.554156375863179,6.309617892305523,0.010041763538600092,6.690697088732919,6.9199733777873,-0.10834666995415056,7.130993748478694,6.089519730347365,0.24615084782082225,6.592535945473824,6.72477113641722,-0.3462778533348349,7.543650488507777,7.400919426574595,0.955979437209531,6.608002527777849,6.153615373048371,0.15191362517371662,6.506652191598689,6.626086760388206,-0.43621234116197055,7.258445521656175,8.070659601757184,0.2403397078054311,7.26801161395964,8.299378469536792,0.40169858099541905,7.525972058585455,6.921113490101302,0.6847040564003141,7.37980802482804,7.879247081827192,0.38605092968063903,7.420609775684664,5.936864340038131,0.6320497176228806,6.84160960852303,8.524421329816366,-0.12395770565894397,6.389144813963152,7.040695961335726,-0.37630253739443714,6.727255748845974,6.733999803042356,-0.08545539885135948,7.389627558004435,6.21664968564221,0.4558869431210268,6.956774330347789,6.1707055377187165,0.12967388663758897,6.877679224371018,6.184633637304369,0.10565691488333778,6.773078007317384,7.703805796261985,-0.1449716283600737,7.420057557008456,7.149830871424178,0.3199246941791819,6.659367783405598,8.75309411743726,-0.11333324454883431,6.977946676820387,8.59228328226392,0.10501713461521749,7.115568786963186,8.476216281202396,0.2353833036372444,6.7877166332212795,6.179294284720413,0.10480574420970319,6.703734057507301,6.167293376288741,0.12261794362502794,6.642807912174653,6.162567930335403,0.14773264045051157,7.346440044091783,5.952933308933093,0.3800163798634963,6.708331668181626,6.0347883934483555,0.11762279867824456,6.7954395191761625,5.976465777083078,0.0983158276628441,6.882201025751974,5.95638300339557,0.09960433016536749,6.9638952013259185,5.973291077116156,0.1212937661609191,7.019292470841189,6.011066402064948,0.1526131075829537,7.487150268096823,5.908915980549398,0.9235239551000776,7.008646467721398,6.147830083444597,0.16313191413560751,6.685102065590934,7.289295444687192,-0.21984602173486936,6.579890658048516,6.937354516363078,-0.29885828097467776,6.496411247938566,7.228331394707858,-0.3017049849731687,7.122816006763597,8.254497881405564,0.11875060127242829,6.989739481309477,8.397599071065196,0.0007158001368114321,6.654396328862992,8.612148290040084,-0.2294930098008355,7.3849987317387225,8.097927907290694,0.6076852982202977,6.640039386509948,6.10459388807395,0.1374610153943898,6.490360625808,6.3961705517103855,-0.2196510404181312,6.829492756466206,8.682711877599369,-0.02634940527175568,7.512544151690365,7.280620483194997,0.6302396313883751,6.58459455037923,7.621967434384966,-0.22650497628330327,6.599071152499259,7.663335525256759,-0.24972909756479295,6.61371869714355,7.719797097792663,-0.2769328119080896,6.62369059213505,7.787879045836659,-0.2729527775544401,6.666347440994118,7.981221729834098,-0.21452116210405797,6.742441390827513,7.63803305875228,-0.1518411720209394,6.758970789695438,7.625279259985482,-0.15188763540678035,6.776626922766769,7.614350830086472,-0.15059323352909895,6.883008914986211,7.511766734819148,-0.12295469575264996,7.279737527895757,7.197176748046632,0.11031586512377392,6.48785297329989,6.26992355171478,-0.11394862602324007,6.535707961353304,6.03440117146948,0.08898234841863625,6.595025017272776,6.0497774515269915,0.1249815956371555,6.720748784498461,7.643353830627076,-0.1415141067738642,7.3141750142512105,7.606386394912521,0.2209422138975962,6.44460377143283,6.03459032308872,-0.04173428761696073,6.741242563472569,8.165585471937497,-0.1822028869188011,6.4185105099465405,6.3142868529030185,-0.27818489622066117,6.566068096890887,6.61847684514501,-0.24037136468866088,6.584761033533296,8.235865146260831,-0.2469553693015243,6.9690249635105594,7.895143993355341,-0.057116763179682506,6.782400320716681,7.046296930304641,-0.09947972328456936,6.864460907875243,8.05437918439199,-0.11944469527600925,7.0355045111966765,7.0264304360717444,-0.06370664394181749,6.896055545729356,7.198058960117506,-0.10291253252759729,7.139731141153664,7.290023808486228,-0.009458267577243855,6.6308188953968425,8.438157043017654,-0.26378078209223954,6.63112584871215,6.717112168101845,-0.17955027004042004,7.071047921361279,8.040864319778036,0.022825900393762855,6.941459366630503,8.20770570991605,-0.06181686969090602,7.043628740469396,7.700062898208978,-0.026164907539513355,7.406335331680286,7.428997851027442,0.3271096686039096,7.185684207817554,7.752245705039727,0.07163957320080103,7.474947944777867,7.604602646833249,0.548527060912363,6.99281273060439,7.407465038797159,-0.0777064592583522,6.557659954382216,6.500849064514123,-0.1599647393558952,6.560265713034687,6.866133914927928,-0.4179042574580194,6.6231643864516645,6.928006189970957,-0.31516937973586945,6.5121647163920064,6.75562477559007,-0.48651631313432514,6.614771851738688,5.892253172189711,0.0643331622287755,6.784385483683238,5.774495698208892,0.04461035784563045,6.933929720050874,5.741007686091468,0.04498293590309984,7.058457632835081,5.7696201201255475,0.08016977354923183,7.1472474096226986,5.846122102332076,0.14093752414277125,7.205568539531243,6.134861120065737,0.28373762502342237,7.5199950160631595,6.585753243402391,0.6989410138239632,7.132492096865283,6.336705593346007,0.1850857420095497,7.0279681755617505,6.376674185203938,0.12139822458522284,6.893121280138953,6.382886831118371,0.08078963181325062,6.760528596351335,6.354578749100317,0.07063614522855094,6.654537542252601,6.309159320403476,0.0730643535920631,6.578493388719752,6.265361616002041,0.07296018549133998,7.558033443853644,6.656564326007675,1.0870115272348764,6.621003821590646,6.982480369855204,-0.2677837403958141,6.491526751114825,6.5077120352491225,-0.3127535391568913,6.487316362419375,6.86255675680062,-0.49772684465014205,6.437482157226335,6.959860214524931,-0.46312245707466715,6.488223101026339,6.901594826743863,-0.4501804821758606,6.595676828550077,7.041636145219176,-0.23642795755794122,6.420753573156225,6.9690331390225895,-0.4911157818795657,6.416446564773149,7.028244656514038,-0.3757979085595628,6.572085273744966,6.1556064818418585,0.1360894338960388,6.522833759591155,6.183906759962065,0.07116162510298478,6.4918768116753816,6.202131462733665,-0.006206827104068219,7.049419975900101,6.044751741313641,0.18557525079234588,7.136759714144943,5.980547587271146,0.18964329964269333,5.8019223113844385,6.144509339103685,0.17174056572199095,5.908543623137849,6.129445214960047,0.17170257978470382,5.794499689689566,6.011740138579056,0.1717830923200788,5.696799348017617,6.15965707643854,0.1717198250053921,5.810175862392906,6.284221035798515,0.17169164039218643,6.885597579386255,6.056981564082153,0.14094963644255432,6.991813831679997,6.048049073961013,0.14053224403718187,6.882220349689499,5.922460202683823,0.14054262600842451,6.7774251500322436,6.063568797093233,0.14042532366891453,6.885574539306898,6.19482181175048,0.14044468244526967
6.329292542982031,7.411709639750024,-0.35303489089611917,6.295325377522319,6.824894652035131,-0.5509532806090526,6.311238182429278,7.034131123725411,-0.31570599985361936,6.202900228028686,6.389034281295021,-0.3639295532018424,6.288268413701219,6.6669840323966705,-0.5712322410442933,6.283424488973138,6.490166409438018,-0.5128206844039307,6.27683843157243,6.0875325766889254,-0.19025701768549358,5.592721944154608,6.190376622851598,0.24341461004304685,6.2653922367030335,5.765772315750116,-0.08891045071554571,6.258669844892665,5.566029509100076,-0.0892144914182371,6.229383002869443,4.8317548554256025,0.10775560841797832,6.332138615901526,7.468776275862659,-0.3470305116236529,6.336251493416727,7.525039644372434,-0.3183130269669885,6.338858059940875,7.568276812746267,-0.27482368599420726,6.339335598846062,7.571435349393848,-0.26897963782985795,6.340132970906883,7.622798785526168,-0.28974580954394424,6.343320985264662,7.689156795892819,-0.32005633414213186,6.345730051130491,7.766913836792551,-0.3180452403934199,6.358764357636737,7.983384875507867,-0.23913760155864877,6.301227552046463,6.924318546872226,-0.5048653413056616,6.23032481571023,6.951210324941963,-0.36796560443484316,5.245429933000264,5.775894961431679,0.8199655281558157,5.872037987123877,6.2850317611216155,0.11736224447960084,5.772701051531861,6.315423280334461,0.12638116869417573,5.679045207637515,6.325554032386328,0.15858088058878894,5.554659219334436,6.2615313936100145,0.25470512575546683,5.959425764416263,6.237297768057269,0.12615932589548412,5.7003959131330175,5.8522337559995705,0.10968594936137392,5.823067772588154,5.859081428078275,0.1071921120492681,5.59428794750881,5.897218215645315,0.1447936719110878,5.5306208836117445,5.973555536327696,0.18673171384057363,5.4857020118711874,6.383586800450662,0.3008714112854901,6.012977920530692,8.33432880648421,-0.14621450905730152,5.559191785748563,6.15127222944735,0.281970718037636,5.230454887748939,6.441714634130381,0.7821152270847498,5.375244978578827,6.3142080617316,0.421244539022886,5.837455842935187,6.883138922670127,-0.050467843419944536,6.215563115386454,7.3836188558180345,-0.3335648402817072,6.23665957563151,7.531350085182803,-0.3002720695605914,6.1079027798490095,7.45852982379827,-0.27507915180609205,6.034216242256071,7.538501377676533,-0.20528072418810386,6.150186344297977,7.555389894791004,-0.25776484298550584,6.077908841252443,7.590367408767708,-0.19159355548938292,5.919449567732946,7.8196804119302366,-0.08336079966705585,6.219185925969634,6.833410025568216,-0.5381124676348946,6.200180172320281,6.682602797144417,-0.5556700827119094,5.40104239665751,5.898363793157836,0.24645233413774373,6.017001627972548,6.477412878121395,-0.02998014107069051,6.020362455406355,6.873524030546703,-0.2786489715993013,6.0134042419144125,6.806544777437656,-0.2413016339584674,5.541795515075954,6.946670757571664,0.09403018202701961,6.199889816874844,6.520058281463029,-0.47709199546535347,5.619685942614327,5.702172313643749,0.06363208790303268,5.486051691208397,5.7696342642572676,0.14833849322428255,5.322583417783718,5.455516468158343,0.6385015271863228,6.063568303713104,5.791892883226831,-0.0483169781145048,5.932378859896616,5.920228147753518,0.13223979450739576,5.837090687800124,7.69435592702877,-0.04026485082731728,5.387152499612803,7.940039376549062,0.8723334172630903,6.096387680832028,6.9497497044017145,-0.24866818282501757,6.17495830653319,6.988750188877519,-0.27357730853049,5.9484663202364905,7.668769274577994,-0.05327064973941528,5.969520774744517,7.657877260660297,-0.08193664052107973,5.431394857904345,5.686157442165234,0.21634868318853842,6.026871133817797,6.95771826641065,-0.23020244700879317,5.8080374566302115,5.706394995629433,-0.0023583805408146463,5.783751508141867,5.576305807346039,-0.008581178778811885,5.683268258094576,4.996021606325236,0.25458696159060784,5.379509666301542,5.559393339592034,0.3991124899714802,5.741129686968391,5.253560253943904,0.11656010532033297,5.346513054450059,5.85493428272497,0.3487479106550686,5.296866326465321,5.819591982084581,0.5707185458851928,6.223834560867661,7.463182143410072,-0.32862126707548517,6.130587720202293,7.510867498252593,-0.2728360362368862,6.056015008946565,7.562104917173823,-0.20824880719246092,6.123884488903553,6.981762497675381,-0.23409926212003646,5.959490983850074,7.66300785612004,-0.068775591375718,6.009232408978819,7.666303464120037,-0.1388846576370002,5.982700258973482,7.653636892048494,-0.08524596256515578,6.124779137408025,6.864089689398234,-0.3836198345526696,6.094736192118256,7.606269159533343,-0.17663288062177926,6.16721672289277,7.580940437046789,-0.2204737202591956,6.249721885962443,7.570608499622829,-0.2588934017262805,6.237397992271938,7.9947853799264585,-0.2322892385961119,6.239098119207536,7.7663817641235,-0.30725858626021446,6.237772359191437,7.686723410916078,-0.3073210651881549,6.241300841101988,7.626053861674644,-0.2731466576080844,6.248245789624341,7.573384562980608,-0.25289915541669433,6.093911921646879,7.609025325436739,-0.17298723632792723,6.080224683859774,7.63596721561381,-0.19406300460219314,6.067621120393778,7.672080358375844,-0.2163280487914007,6.057938429536902,7.716829733282769,-0.20438602962471042,5.93773569678212,7.394497604766143,-0.15666932017091323,5.25554336689739,7.196964520966727,1.1233854947529642,6.306309509284382,6.9840588112997075,-0.38143208180792704,6.038869298810627,7.633134407663903,-0.12317309567578717,6.025163268983272,7.651197611529714,-0.13668480291045418,6.197659091155705,7.047978278090332,-0.28655143905490493,6.069229129485011,7.052674077324673,-0.16919570039806237,6.187171658810457,7.0207976184606675,-0.28152320954971166,5.917155833408262,6.591452558616793,-0.0024310688966427546,5.760996926698243,6.720225935611279,0.023790033512547572,6.004214565760577,6.8920795121728,-0.19039399692006406,5.461411273254937,5.191389920782079,0.4347058117377633,5.521193911890825,5.366979797111037,0.2511953437673224,5.578890265587539,5.585129591422058,0.10061355073814525,6.007567655295457,7.891282506940889,-0.14592682502935014,6.01899984825251,5.598021299505228,-0.06875394368229226,5.976175367821432,5.206238948822312,0.03362138098010887,5.932603995908244,4.886354575666148,0.14177749187724176,5.6023235713084425,6.311697297765592,0.20793102365886335,5.393653808596696,6.515302052922784,0.35313004862934805,6.018744497587931,6.188943269193282,0.14286969861368393,5.4496898302665775,6.082150683749755,0.28292098269064253,6.080494036436697,6.3628639701823495,-0.060234160007408215,6.0646014974555,6.78653899246988,-0.3732819555277485,5.30474019133025,6.669312771502214,0.4570951459284801,5.4603721839705015,6.5978904905237625,0.24394990683665088,5.585334093036548,6.620248596765239,0.13772664421548989,5.769880771608788,6.561997693645449,0.08536290616857693,5.906399785428847,6.474796731341434,0.06297846573834201,6.008530839476136,6.386779973407725,0.038755396314824594,6.190002992874855,6.139218425276523,-0.14995177606210494,5.328309094518058,6.983461150725469,0.3932846084888169,5.381083776026048,6.094062257968882,0.34094744068263794,6.259379520765652,6.922958150546647,-0.49709197700893526,6.032260027713139,6.606981416348439,-0.08861563331202134,5.20850615320782,6.496521803756436,1.1354050310856876,6.083611672761381,6.29006655402322,0.03024580605515605,6.0007431969135325,6.918425952603897,-0.0898754311941895,5.511275399352375,6.174475977500096,0.3025404714780754,6.062775353308811,6.706742094024532,-0.32644726291901405,5.306115326510928,7.563676816070064,1.0275050049172063,6.023725493668426,6.1367942520842185,0.1763443675332286,6.127475610948272,6.594048807942372,-0.41923282347872465,5.584436496761057,8.152351110355617,0.2846611808885386,5.6057437226340205,8.375170173961802,0.446520938573841,5.258611628057494,7.100072024492777,0.7587495819205323,5.460756868088569,7.997167178910356,0.44008277637226073,5.262553166382176,6.110741483340957,0.7098322890863977,5.996986999691712,8.513923229743396,-0.1057536803947807,6.274402098824669,6.983122157058205,-0.3716889155862253,5.9541444641631385,6.744596632516439,-0.06089652185258299,5.3042375963713955,6.369470661980196,0.5263932815337229,5.682020982481876,6.232080950295201,0.17447633279681526,5.763855527644573,6.229796427754953,0.14540663556222194,5.997604926191712,7.6974989878784985,-0.12415610822246538,5.3596210552317975,7.299892578603461,0.38453055762098254,6.187729524475931,8.703122964870193,-0.10818151527139912,5.88514082930633,8.599134446609131,0.13122546189363352,5.753861846945121,8.513899647575238,0.2705061456582887,6.241781327778194,5.173964909342027,0.0022825189771329,6.39447291882632,8.69686116228165,-0.14779423797031402,5.848806603717821,6.204838387474123,0.1392075997698822,5.93135008781075,6.174095346567181,0.1524142817923962,5.992651933935903,6.156409457391888,0.17425800199094008,5.320059757319499,6.095491558442047,0.4535887723005771,5.9142371716274065,6.035250172941222,0.1486315200872071,5.822876535943253,5.991192418809787,0.1350344080960833,5.735630988602566,5.985550753549507,0.14278626287615048,5.651563875363842,6.018872357155909,0.16886651728122465,5.6026065573263315,6.067830780607553,0.20236335205706962,5.2155620116147885,6.107778973466183,1.0076636503016208,5.628430136872813,6.215086313424021,0.21139258195548283,6.317284060790631,7.169956305941713,-0.3031651916690966,6.029254406687203,7.280726171433536,-0.20150852149082507,6.090216522202339,6.912937202965263,-0.282620632459091,6.197107857975026,7.187445431401443,-0.2935411568496197,6.272641542583168,5.937934302854571,-0.09954356743165609,5.7192166941508855,8.30687179332145,0.15292145961400785,5.851832490669517,8.414895810108447,0.026191886839031158,6.1744785567997384,8.564411914825628,-0.22269357607269932,5.491474115999088,8.2061361403806,0.6654954178865379,5.988715185739128,6.095610943168344,0.16511383205222066,6.1386196592881515,6.3625691930803825,-0.20342401994654738,6.384997308883577,8.558872316136904,-0.25728758043385164,6.02552326551905,8.662140104383656,-0.009166967665858398,5.302374973558338,7.442452680656965,0.6999785814514582,6.166319495088657,7.587468275969858,-0.21563709587028118,6.153306928393681,7.624846012499333,-0.2383802777306644,6.145167395665604,7.677376765955444,-0.2654169801990481,6.140427748337345,7.748473318236222,-0.26166612581220083,6.112131357376732,7.955193867361209,-0.20295292929046563,6.019216509422456,7.623622687526168,-0.13258826479789737,5.999954299694393,7.616874502719377,-0.13024049184276254,5.982248513064717,7.6071166437015,-0.12718323876506032,5.869865848353754,7.535566134683692,-0.0949733420912795,5.483192353319312,7.315636623619543,0.1633118458102169,6.136008671107475,6.239450377844387,-0.09706484896075665,6.080894196352618,6.010237598896527,0.10725004265864303,6.0273656224063465,6.035503681248914,0.1485354757197262,6.039130545017246,7.6291482843025475,-0.12425613668671505,5.489637286182454,7.718422266576148,0.2721829207203395,6.161165685932133,5.9928918088026295,-0.027716169445783943,6.058167987205059,8.150131438777802,-0.16917034496140096,6.28204493213593,6.352470866509732,-0.40094254912655414,6.195925064853381,6.2683613790626005,-0.26547561320698626,6.278405908812142,6.225276020896281,-0.2903704606465822,6.085735173309679,6.59958766968834,-0.22304442991242387,6.375045633921155,8.383208745532455,-0.293413228193258,6.367822121037443,8.175784416076521,-0.26641307347962606,6.209157608960701,8.185683031160588,-0.2418742154495781,5.826020333735737,7.928837846674298,-0.030479586750740813,5.9251111304476085,7.062642701970458,-0.07638684553845806,5.93531373441808,8.066624770504195,-0.09963421139051108,5.687582689453246,7.096254661022298,-0.026617580669936865,5.833803554641809,7.2364255946643565,-0.0749862973474657,5.615455154258338,7.378284127215178,0.03056888348612197,6.181252166131573,8.393251801396486,-0.25616173916948576,6.038084823248016,6.707324278800918,-0.15922559035203732,5.743369992943344,8.091149488445133,0.05453502472697533,5.87881896588326,8.226637150879682,-0.0386782908004086,5.737461554405784,7.75976696595535,0.008109464168268694,5.3956140763247795,7.5699459880861575,0.38634198594203367,5.616535880808426,7.833603471398915,0.11313813466732928,5.3599349928453925,7.750953130606523,0.6121820772836247,5.759962627541715,7.461594768715977,-0.04436903184227373,6.088241515619157,6.481292881726042,-0.1408718122609078,6.09485004977389,6.840632801509174,-0.3996190459976424,6.048999313919738,6.911394781779218,-0.2963919738381003,6.127773335821259,6.72316560026065,-0.46726380447330296,5.993604800918013,5.884764620029944,0.08918525551738182,5.818127676830557,5.80179849926707,0.07954625730556089,5.667988487014092,5.794346534129332,0.089786928975216,5.550716207124244,5.84702872932158,0.134372794708394,5.475186944172631,5.941857786081758,0.19994240298931748,5.453144986373014,6.238710487318449,0.3450167464574544,5.230819305941247,6.770406578621955,0.7766485857287632,5.539463828199391,6.431558826024847,0.23935343366799558,5.640690285015018,6.454787998602638,0.16913622681479432,5.768551326878915,6.43089557754542,0.12012741490228328,5.891966761573764,6.375487062631351,0.10055793458960999,5.990088110091541,6.3080884890947555,0.09671877373420852,6.056335947516332,6.247745405493752,0.09248911957917925,5.227230763196171,6.849019947002903,1.1666283744331474,6.060893569984126,6.966331653330139,-0.2495589854094866,6.14030946902518,6.4767348907868705,-0.29664776206244037,6.158650500309595,6.823487828315991,-0.4830991843320729,6.220169007604695,6.908913495523406,-0.4541146270151338,6.164582521015313,6.85891708820146,-0.4363433445981147,6.093775587237219,7.01814904619949,-0.22226087552825663,6.23235509300003,6.917967574210337,-0.48211785293605436,6.2483850718050205,6.969595572791674,-0.36924597338313103,6.056302416620983,6.134634641340929,0.1565954301450021,6.103948713497494,6.155329836255932,0.08758347589537449,6.13354101829263,6.1679087121396385,0.010100849735981157,5.577443278488256,6.109281231272085,0.23710928177304064,5.49877316551518,6.067718396837428,0.24579997859341307,6.364430710479307,6.370295300922949,-0.37055823813503025,6.9924267962818085,6.049162915211331,0.19585591723652698,6.382186609216316,6.939257850399938,-0.37274483940671826,7.350349575147232,5.515726902063461,0.7407928662828069,6.720103603113962,6.205593753797914,0.08603069720920396,6.823316120654095,6.214669940767492,0.08888273475912244,6.920359690392804,6.19743211278719,0.11533545615315526,7.037361880762973,6.107675801480495,0.20346291670633043,6.6244712787509235,6.175426633653942,0.10244904484603672,6.850566789845477,5.721801520863762,0.07130120358676441,6.729388344883183,5.757733007236709,0.0779057075858065,6.961502467457157,5.743423789764453,0.10006432112058103,7.034417794457074,5.805974753859194,0.13819316352354505,7.12586649480044,6.202565656017954,0.24547344386460082,6.749954206344698,8.259030943557642,-0.16705256723418402,7.021250101312187,6.000320928714965,0.2313877964006187,7.418429083789372,6.179109505071647,0.7043753661629917,7.2394831701545135,6.10300800607084,0.3575475828853247,6.801382493439451,6.779952935069171,-0.08068975640921845,6.443981470044511,7.365996343719664,-0.3416500234816085,6.440840620023048,7.514281017093377,-0.3073192688901898,6.565064849391421,7.424863330982567,-0.29168857488159855,6.653898876840335,7.489423201027216,-0.2271992210468109,6.535787587624013,7.528377258109461,-0.2720359927585776,6.617248502809966,7.544613580885828,-0.2098262101299032,6.799412645455553,7.735888546810475,-0.11103821628718857,6.371778029745846,6.817413209187197,-0.5424609365370587,6.379891032534745,6.666294990920822,-0.561246804891912,7.170671140413984,5.686117647256468,0.1883385023703683,6.584049968643635,6.41613314027889,-0.05069941616594718,6.599642203452204,6.815861944688093,-0.29792186699731144,6.603910575888693,6.748657187096041,-0.2615713365503494,7.115677524270934,6.767802959868828,0.043347945839046484,6.36897543644889,6.498703154310996,-0.48394722120729555,6.922694325040386,5.52658538508581,0.027692451979542634,7.067066569328235,5.5717640291474755,0.10075825635691187,7.233087243984575,5.216934199024447,0.5678711833158758,6.477661227829803,5.726827838923685,-0.05820271972982221,6.625935584004947,5.842020466359153,0.10815336175521512,6.873889554153143,7.5890401748661,-0.07315342284077336,7.418366443655204,7.7101294497550485,0.7986580259293194,6.525929504391465,6.909752136378504,-0.26470792612151084,6.448610207488155,6.96179208595984,-0.2812721193354342,6.759109246189052,7.5996219358839765,-0.08161828125095487,6.736814517024498,7.592319570125488,-0.10726373367326175,7.1201632948201246,5.474476162885512,0.16332892215561604,6.60465636195667,6.901945701775651,-0.24916734639416951,6.7293544455164565,5.575255663920281,-0.027164066902948595,6.744371128033434,5.437410521612746,-0.03434906013430358,6.803016295527105,4.85452343878157,0.21488106169211793,7.166648906857638,5.336049941215724,0.33810836871931377,6.757049491189054,5.119902420369817,0.08501073964957018,7.228370810353096,5.629039220059754,0.2866166124297931,7.2851257196804005,5.576776345295055,0.500703088625881,6.445153945967586,7.447113106639071,-0.3363967961415541,6.549972261770686,7.48000286179109,-0.2881844351114214,6.635885048139103,7.517872139138095,-0.2282977263408615,6.5035028624737805,6.945016321086872,-0.24575410390691937,6.750632193679223,7.595152378075395,-0.0952281227766968,6.697993109638138,7.6104498357819965,-0.16224438422971724,6.725255569913599,7.590127165429605,-0.10975208997362787,6.482014348683108,6.8283568090977385,-0.3967112080634999,6.602987923559534,7.562824910245379,-0.1934588497199264,6.525286153366421,7.554137829050397,-0.23322858728456117,6.436167666014108,7.558132795724811,-0.2657503316483433,6.483666574339636,7.96746617505887,-0.23820467808984394,6.460410871822667,7.749363545084163,-0.31499671548147123,6.453680373641995,7.671626401638814,-0.31510463153614465,6.446586562683148,7.606702481873235,-0.2814413858744546,6.435508839191211,7.562557400025343,-0.2605690483447379,6.60448244346651,7.564872137218543,-0.19012969930985082,6.620407039457547,7.588432934036047,-0.2117546281132977,6.636327213792055,7.626753220349062,-0.23444316106251148,6.6513652676489246,7.668996989889264,-0.22294137307404072,6.736737138035232,7.314880520352997,-0.1820171916543648,7.491345884674798,6.936512738637865,1.0386993496001093,6.6658248214431834,7.577913076209583,-0.14475752717190515,6.6791509572803776,7.594821490778436,-0.15915197667965927,6.429404005409465,7.024824273673542,-0.2934153699331395,6.570435688189268,7.008304227936531,-0.18366530655208765,6.4382089974452335,6.9974623261261675,-0.2887866094600343,6.697478723595205,6.503280305761796,-0.029247524975774365,6.869026468913434,6.596356912650776,-0.012454155519143157,6.624355578738402,6.830217589553908,-0.21089470803615198,7.057292497569748,4.989788912975512,0.3771783561086922,6.998510995666417,5.175851851265996,0.20300218930773972,6.955606188475053,5.400069632221017,0.06096240914076494,6.7138241138993004,7.823577365218247,-0.16801700652049217,6.506606865357498,5.51979372065648,-0.08009035135330177,6.513862066779672,5.136067628170335,0.017621464257890185,6.535299731520256,4.809125185778938,0.12251846021480849,6.997057744553717,6.163857737815851,0.1594577848934894,7.235414509204608,6.310382591890818,0.29034052234716357,6.560978501815397,6.1423386409008485,0.12101341584411478,7.134400291902398,5.894115686647107,0.22708027388027482,6.505946564649091,6.316389412286159,-0.07690495083935751,6.537768489749234,6.739844825632724,-0.3890529910722296,7.350505070068519,6.428374496380844,0.38841401564479294,7.169788282993592,6.405693609212712,0.18550812402860611,7.040799718714669,6.4572176988656045,0.08895841532563342,6.8476558659635485,6.443525302479216,0.0489154907788042,6.699853890094308,6.391601789853158,0.035193397902338455,6.584355799886926,6.325643939402428,0.017382737985536086,6.369861241640303,6.117578838221092,-0.1567834887242729,7.352486709136495,6.75096897651822,0.32293626036943174,7.2110010696196625,5.883255729739249,0.27830120370736294,6.342305478148384,6.913858381408911,-0.5005259460111674,6.577735843119492,6.549390813937056,-0.10871220617278492,7.465454137923486,6.222211075978575,1.049193875019373,6.500262525180403,6.24671589646513,0.013574481227577699,6.634771527636421,6.8565551866719465,-0.10923716273835901,7.07413458729066,6.009669416032485,0.2502588967909706,6.539115621105225,6.658446550580939,-0.3426312857892438,7.474322507036177,7.316310189297538,0.9468222091626026,6.5509332351231,6.094058941726485,0.15408464314953313,6.455130676983675,6.5590742417366865,-0.43073884888803615,7.198657278474775,7.9827289964559895,0.23205753918807323,7.208233112632188,8.206756646180242,0.39104701999027297,7.4561362337302945,6.841631358942088,0.6808245641316009,7.317334539726875,7.791576363028659,0.3777449269104581,7.354566361590876,5.858620101913695,0.6348858557360809,6.78739605689385,8.435547893872288,-0.13024834488899464,6.338301668160911,6.975281823088626,-0.373829987613336,6.6717896361014954,6.668172721060355,-0.08525663672037155,7.322431235819893,6.136723505579746,0.4589014386797079,6.906352619450065,6.108969504486755,0.1322637681763917,6.825642648931373,6.127162041806054,0.1081739616081612,6.713865382693577,7.634577341578034,-0.14930258706867433,7.353675397800179,7.070862561458821,0.31678423922190974,6.606849503595309,8.663714214108163,-0.12126397638078712,6.922865295759527,8.5000348065842,0.0961970412931872,7.058370644820195,8.383226432158573,0.2256571913616047,6.733574916673875,6.123527071667417,0.10737472416099084,6.647976804861809,6.110917612659382,0.12508586514037018,6.586403763802846,6.104599802421464,0.15022328189363973,7.28323325068577,5.865271378748214,0.38507147360309285,6.651700576602413,5.96785381023289,0.12053306734467435,6.739365075899271,5.904509158791103,0.10285862381154384,6.827330247840137,5.880002864419038,0.10444468582635644,6.910667419280113,5.893982668479844,0.12620592601000216,6.9667568692997275,5.931415675715938,0.1569800566894169,7.418880829698137,5.835355187612291,0.9242754455758664,6.958635023197768,6.080995894452797,0.1661061715306408,6.629640195233923,7.223098721884408,-0.22089879805201712,6.526254496146384,6.871388370442949,-0.29671480082367685,6.443467084001577,7.164028338421147,-0.3015671543345166,7.065266218177968,8.16608330165077,0.11103177955281357,6.934010081042162,8.308487171840232,-0.0063749815947472255,6.601603945065798,8.525376794040342,-0.2351900755740826,7.322839502106118,8.006216098998001,0.5969036419118846,6.582982138591758,6.042438312572698,0.14015286702983193,6.438517039516789,6.3302763615598465,-0.21452240086508345,6.776092828918908,8.59170606363955,-0.03439379198379062,7.444468956034423,7.197851063100894,0.6241158058443222,6.527390861874469,7.555932284658624,-0.2290469207690807,6.5413242385417165,7.594908450023517,-0.25185799348076077,6.555352680824348,7.648407546259592,-0.2794929322599108,6.56488650924473,7.713169338619088,-0.2758741288029605,6.612465007387788,7.906455421321908,-0.21829184002703128,6.684111318963735,7.5707072499519885,-0.15579506425423825,6.700245943639924,7.5580848944457415,-0.15556474661386507,6.7174587155665595,7.547209830211407,-0.15407176968078315,6.825110576262322,7.441595616232995,-0.12581954922654442,7.216296740256508,7.120693893603666,0.10839715163032665,6.435441040457759,6.205098528266609,-0.10835678098503376,6.481181603370049,5.96690831267833,0.09211568535285476,6.539153942128481,5.984493977638954,0.1282328064542921,6.663083394394887,7.57571772374268,-0.14571922595234346,7.251708313515859,7.5244530379395185,0.21547699505677512,6.392278303302173,5.965015475212321,-0.03579255539154841,6.687149733942265,8.086080059234046,-0.18710329419528027,6.3677005254828805,6.249044635570673,-0.2711549316361502,6.512954153305612,6.552328267758162,-0.23731564877387895,6.531626808829742,8.156612113364556,-0.2510323412417188,6.9124788245717035,7.8175992855903464,-0.06154458240242013,6.72565572982952,6.980072687938352,-0.10069976152574019,6.809337053536043,7.975549700137572,-0.12451260428015729,6.976310595174493,6.954826503040349,-0.06443746270158386,6.838431553500231,7.1285659161117065,-0.10489357608194626,7.079144324138597,7.215155952871894,-0.012185537006292671,6.577687941840423,8.354644844351808,-0.2680607393028577,6.576585475479064,6.651976930135508,-0.1780224322451006,7.013801083945469,7.957871917332583,0.01705042574067259,6.885622419754203,8.12337673206048,-0.06774141312386038,6.985885692389151,7.6239027257730365,-0.029843697271090375,7.341672074208064,7.34705912574652,0.32191257779446647,7.126177484643016,7.671147388848117,0.06670268655343727,7.40970884017042,7.518592869152406,0.5408291149830579,6.934043980408888,7.335608509220593,-0.07994458637932497,6.504592800808306,6.4352324856581165,-0.15680877507255103,6.507025448842292,6.798771505258774,-0.4139039904179078,6.568940431339538,6.862167742693407,-0.31290278476121425,6.4606422718477114,6.688166714944053,-0.48075156106843514,6.560893753398581,5.8142859942491665,0.06856993253080823,6.730130446237386,5.687255486870063,0.05167031521609142,6.8790459426093085,5.64963824394524,0.053950036113701735,7.002806634984838,5.677344343759162,0.08923699695908849,7.090560304355042,5.75502511108376,0.14890131022389058,7.145139021727072,6.055230533383954,0.28808388848429717,7.4496165011775295,6.5080100043628635,0.6972644212850928,7.074022571991912,6.265929467971369,0.18750168084269708,6.970791630882907,6.3100664434489575,0.12406621272109586,6.837882531147817,6.320031383380967,0.08348556752988275,6.705789227042422,6.293864756982071,0.07199153471243447,6.599475654389592,6.248643001769242,0.07566971963480838,6.523645718793973,6.204211249189687,0.07532339108418826,7.48516293496103,6.579283422904822,1.081569152010615,6.566227745058683,6.9175946811763485,-0.26625149878061016,6.4401103097529235,6.441184772289595,-0.3078514567065465,6.435831620117866,6.795163433530693,-0.4927767626485869,6.385569913404148,6.893792167135231,-0.45909051055526673,6.436027646890674,6.834579553720272,-0.4459774432920885,6.5410257767259745,6.97746980612798,-0.235540376706741,6.369707957547279,6.902935415895507,-0.48685049930814195,6.364928146838877,6.962759691797048,-0.37322062807286266,6.515595356139241,6.094963538958148,0.13828229905269857,6.468074339531067,6.121550222727349,0.07424212909912968,6.4385000898334255,6.137778807604789,-0.001209047696835577,6.996833713956223,5.965780790263304,0.18985889587687932,7.07975451273967,5.8959709400326155,0.19419063387556063,5.746219382105237,6.0952457880332815,0.15117351200245463,5.8521537977106615,6.0792058605011,0.15104736812932754,5.738653559311865,5.962435070155974,0.15112769488961367,5.641820755201063,6.111058737196949,0.15106449053364884,5.7546393215515605,6.234825325114517,0.1510378684766274,6.829023005348185,5.994967408071858,0.12310967253994198,6.934912835916937,5.983324817958276,0.12272844284103812,6.824360368537815,5.859708934834088,0.12274155811912957,6.721534009001259,6.004038804913529,0.12262388908768404,6.830503523342816,6.133470271788157,0.12264239325967083
6.215650278167712,7.276881185506837,-0.3511283999206106,6.17992207440821,6.7016022187187625,-0.5386121120388274,6.197735489768096,6.911826008043985,-0.31056214521210945,6.088251882767152,6.270168698934209,-0.35202539292684165,6.172402367139708,6.54535160802492,-0.5578174606946776,6.167537185325835,6.37033901995658,-0.4993294708179897,6.162079695322686,5.97088290146154,-0.17818832481697147,5.490866352386649,6.0743862232115875,0.24572804465298356,6.149501473371685,5.6285591799717345,-0.07521361934468757,6.142129481103931,5.426568691705395,-0.07403184276892195,6.113831197063456,4.730259004598052,0.12053497673870774,6.218390246612971,7.333288765278006,-0.3455001144478462,6.222267765382623,7.388553726072796,-0.31744743374960843,6.224728957968625,7.4313179428826635,-0.2754684733231633,6.225146759710939,7.433912368606596,-0.2696478732377514,6.225857095082186,7.48503768891472,-0.29046718024890134,6.2289055272054785,7.550513087089688,-0.32017760430955405,6.231116907657863,7.626487111714922,-0.31849469871049196,6.244430084146902,7.84135161398033,-0.2423541779186666,6.186391122529231,6.801048446600209,-0.4939285958472968,6.118295955370397,6.829587129563471,-0.360108784077643,5.149915511492036,5.6621882377156965,0.8191170604595132,5.760194606386414,6.175002585608768,0.11904755365978463,5.664555298193379,6.202296552462781,0.129251010329526,5.57398753835938,6.210063899585479,0.1621461657332951,5.454086041293383,6.143254721844928,0.2574465417666011,5.843133320887632,6.129751108859825,0.12886690154617614,5.593744057662938,5.725466013207958,0.11565305027095132,5.7125174176153735,5.73554611382277,0.1121267958723357,5.490332333695218,5.769906867685636,0.15133964130276148,5.428303618871051,5.848133908118857,0.19227114443108248,5.386451397372178,6.263459975983542,0.30311790202563804,5.904280090266153,8.184486319787972,-0.15102696883334596,5.458977290460329,6.033084674546387,0.28457894533854494,5.137175454724038,6.317873403244605,0.7769827141706078,5.277882320008222,6.189545996344239,0.4231070369895972,5.730148723550317,6.7603833758058824,-0.04856840600307738,6.104138486279039,7.251398175598277,-0.33116058118736674,6.124424679715183,7.395814932089988,-0.2994992691817779,5.998082736207232,7.326817544877563,-0.2735342395204684,5.926026779567541,7.405567018511961,-0.2056904458210893,6.0395037602406845,7.420927206310395,-0.2576208898181893,5.9689213331427755,7.45610147881709,-0.1933282299051898,5.812993667989786,7.680797717749973,-0.08774749059080753,6.104808272434394,6.710462222391116,-0.525795889723568,6.085285997261925,6.5612599343310345,-0.5420683443679245,5.299089559919622,5.761171045986951,0.2563396070053232,5.905608077086608,6.359616648725768,-0.02510557070187557,5.911282795032035,6.754342266731148,-0.27163444539778875,5.904039691343366,6.688118880341605,-0.2350213545642549,5.439666812531581,6.8209429056471125,0.09624267011666612,6.084916709760054,6.400233205279653,-0.46379794885789066,5.5084408170100305,5.5587363265786545,0.07809488212104691,5.380324845306815,5.628415809529831,0.16279651451339866,5.223883074023768,5.345210310484245,0.6427665745458511,5.944146486326039,5.649515521609804,-0.03559886545069383,5.8179602228433875,5.802215541587122,0.13515817348714437,5.732383999076352,7.558601207473816,-0.04449062173867257,5.298106965527388,7.793174076848911,0.8553543922087284,5.987085571629439,6.829574095886934,-0.24367121283036586,6.064438631641565,6.867949584169658,-0.26739820636054124,5.84230930289326,7.535165208874649,-0.05834461943478489,5.862942336943907,7.523984486685633,-0.08718440069116302,5.326224588329202,5.544717159277213,0.2291496154007652,5.918244950582024,6.838486234265434,-0.22485999712228513,5.69114291218842,5.561751088370895,0.01134129337862815,5.667662019814516,5.43105191438743,0.006176462872165839,5.575694225892539,4.891983759437284,0.2657551711400513,5.276293297610463,5.438854017980892,0.40785817851158035,5.628594660535639,5.136790599219637,0.12963748372953918,5.245194583347462,5.718738463835628,0.35681866324065614,5.197989141257733,5.6973038586779765,0.5738696552567291,6.112061513427036,7.32922732685056,-0.3268266348319157,6.020305154702209,7.377624264203679,-0.27200735336536497,5.947428076440709,7.428620695932719,-0.2091717272472803,6.014304956889937,6.861499362470301,-0.22853334425410637,5.853184457776806,7.529279055732073,-0.07378916408413659,5.901752281111184,7.531393407703574,-0.1429182231086569,5.875805851592433,7.51944876725088,-0.09011913887737519,6.013658703761662,6.743389633881522,-0.3744001877721616,5.985618920972497,7.471770854386699,-0.17918891971213136,6.056152833829964,7.446022102295419,-0.22187032968296064,6.137044174975218,7.434469920325108,-0.2594563980467013,6.124974990502285,7.852057331068901,-0.23514884021287896,6.126425349063558,7.626123616958178,-0.3073452935498199,6.124956164080622,7.548633341295847,-0.30707860099485307,6.128496979539743,7.488830488786883,-0.2737539112770964,6.1355981609727905,7.436388043055417,-0.2536259321922443,5.984856450895103,7.472952574392688,-0.17579400902090628,5.971154798435957,7.500324743305921,-0.19675251162444365,5.958592144487485,7.5363643071160205,-0.2193661214388048,5.948857436300895,7.580190044470483,-0.2078194833066036,5.830441416313505,7.265622985351741,-0.1566600287952584,5.16835273309283,7.059509872787547,1.10665616644189,6.192232381897069,6.861549324897025,-0.37390570004064205,5.9311946323143205,7.497566672532138,-0.1272723126823962,5.917578060799233,7.516058563165071,-0.1407492021050172,6.085965920721254,6.9265316156430226,-0.28161102332135884,5.95977024402777,6.932553898296093,-0.1666207445534601,6.076072636136801,6.899672104673565,-0.2754913048850131,5.807699098943345,6.4726381748132695,0.0016157305803333078,5.654294536339907,6.598582591186853,0.028400779990270766,5.895455567157704,6.773176653419738,-0.1858417290955722,5.35822878106493,5.084168578389222,0.44336503604906663,5.412893106599323,5.2477455634829395,0.2624460654860258,5.467643961264056,5.441662413227969,0.11392198116406242,5.89896090205292,7.751508309333826,-0.1500061559000168,5.900905454182873,5.454298200583674,-0.05392654816450032,5.861843887649124,5.092830904634103,0.04716938451410138,5.821258467100299,4.784877350217996,0.1540496956501358,5.4997556818312106,6.194597270095329,0.21139105009630363,5.296459653631784,6.3930958191895595,0.3540950774027108,5.899228092421922,6.082873318916365,0.14530337460090728,5.349726117357622,5.955788093799255,0.2877095846612432,5.967880087206126,6.245758070967359,-0.053772876366272065,5.953511182917618,6.666493838687892,-0.3638038766316027,5.208800937991449,6.544571035619003,0.4563692057902171,5.36116642693766,6.475623610833302,0.24549119831216923,5.482671428264235,6.498529573253311,0.13967078982511857,5.663301530919868,6.442368185150057,0.08878445985234355,5.7963083897434595,6.358123568669182,0.06598091701293127,5.8959302102115805,6.271679157226178,0.04308401424264986,6.076182698294221,6.022484313009822,-0.13876513032910712,5.232653652193218,6.85455241287627,0.3912692499088186,5.281743184635632,5.964009447321313,0.3459774728510007,6.145478411880707,6.799813143701791,-0.48615337421169086,5.921839348933575,6.488259760235578,-0.08472857657696288,5.117873665912981,6.371763311164779,1.1231320912588463,5.969357237213612,6.175532621787925,0.03514441497858751,5.891885787972946,6.79966325642162,-0.08914237682911152,5.411327979275214,6.054145647643321,0.3051834908496788,5.951627816658072,6.587473554218787,-0.31768224357846386,5.219129764600169,7.420926482217254,1.0105690066411928,5.903170417527686,6.031999983021283,0.17800092046093594,6.014203945896778,6.474209456929076,-0.4076827216923701,5.485203581978048,8.006714936852708,0.2738984131145322,5.507378210325724,8.224587322025519,0.4331046362421647,5.167323072646435,6.9664515945953385,0.7496219044685235,5.365929873665233,7.85315288399112,0.4288667906232608,5.166304997690295,5.989038088783943,0.7085772731008884,5.8880089932964355,8.361301899777214,-0.11145586700749241,6.161145615170893,6.860768752491108,-0.364211948372335,5.845086200088706,6.624783177398069,-0.05844349209038708,5.208257868135756,6.244360571205374,0.5263959366582881,5.576436059315416,6.119123593830474,0.17696590851367147,5.655208703930324,6.119266240179236,0.14814217044594694,5.890211684631128,7.562131885628964,-0.12841040607664447,5.2647660968535135,7.166258579995219,0.37998810505231956,6.075477431574961,8.549040424797305,-0.11500601647975854,5.778674549482522,8.444705844121476,0.12165333859486581,5.650906504533521,8.361085395928077,0.25910919538562793,6.12597279085048,5.060252143991052,0.015438904642621223,6.279886028885417,8.543731373888045,-0.1549580591814704,5.736663751585787,6.097334907126911,0.14196101723217586,5.814769868464474,6.069067034998355,0.15486385918941822,5.87284358655291,6.051857513318,0.17652283139515756,5.221467137259073,5.966289254575514,0.4569520555128401,5.7999860588062155,5.923634737876497,0.15099912518928635,5.713278439506485,5.874972420387229,0.13917122212765723,5.629168866396393,5.86666526182797,0.14748028143140987,5.547871671045652,5.898591976597619,0.17354555273691608,5.5004888261363964,5.947696714995993,0.20586830119882893,5.122187088753469,5.990050370994956,1.0008807309272638,5.525002637375829,6.100591153981649,0.2139070701098208,6.204001067716517,7.044082344327008,-0.2999097847368608,5.919866195124555,7.155070616874792,-0.199648499513661,5.980806960004482,6.792658379376316,-0.27597029249773475,6.085546670792659,7.061974685839255,-0.2898532171491292,6.157856784124814,5.8154979441176735,-0.0884103073496814,5.616316213144981,8.15797654580558,0.14367814754610198,5.745920920345938,8.263828825704786,0.018589811502043287,6.062802181143075,8.412175235672295,-0.22689413315051696,5.39809843554395,8.056880109655966,0.6507909294777564,5.869975091575137,5.988836790890766,0.16745431152612825,6.025492557963793,6.244471357455935,-0.19450408928231944,6.270225178199201,8.40795811721955,-0.26210547017486335,5.915822859025631,8.507192185810707,-0.01685681760850439,5.211729170653348,7.303941994369472,0.6893075706671384,6.055443222551858,7.451184886390212,-0.21728014486726488,6.0423349644217,7.488511887804877,-0.23979876271270098,6.034280152322054,7.540501775323264,-0.26718425946530866,6.029642335754432,7.6099205847437075,-0.2638632515302792,6.001671341813655,7.813954101807165,-0.20614264198759674,5.911759248318763,7.489615405751645,-0.13543509385772673,5.89267179107742,7.483270177557723,-0.13284084915707906,5.875114342642849,7.473728078146618,-0.12962971104222956,5.76437298585612,7.403212267617674,-0.09704298537462838,5.384312064187316,7.183599162534082,0.16211457717002226,6.022701178905528,6.122740439069393,-0.08843820756351765,5.962951185195852,5.894517866540206,0.11088447832161559,5.908727470337712,5.9247006029799385,0.15162258069757775,5.9315233706003,7.494915043450073,-0.128144347103176,5.3924186489465376,7.579961955131092,0.26553948189569837,6.046204880213371,5.870507300033717,-0.01984040238259623,5.948893640957941,8.004340635443617,-0.17355464915699895,6.166424978261375,6.233756227156532,-0.3882965760303952,6.08172635538114,6.150693330681647,-0.2538269585504935,6.163199867411697,6.107879875538196,-0.2782790861054836,5.974244865914853,6.48035193904354,-0.21588658236173414,6.2604586099144095,8.234391543153638,-0.29628042626335077,6.253326292476302,8.030411608982607,-0.2693931734754312,6.097592684285081,8.03941136263116,-0.24482924141390022,5.7208872102313215,7.78753483946739,-0.03564394590569405,5.817192322067437,6.940312556301101,-0.07565722821910184,5.827914331251678,7.922368947332104,-0.10471807850559087,5.5832660678671875,6.969395033213197,-0.02568994497997889,5.727315347089879,7.109419440712059,-0.07523360544677261,5.5132430027206425,7.246622781333879,0.02802756937438959,6.0700503534837305,8.24323416859061,-0.25882014645493506,5.928102392556002,6.588524213366269,-0.15450005895588023,5.63931558358017,7.946735405617359,0.047747997160454456,5.77219681224381,8.079017085160315,-0.04507876356389976,5.633762513282418,7.621957185025297,0.0038788414417412873,5.300986683948845,7.432413495804882,0.3794279963799037,5.515132885818456,7.694302054828217,0.10735369834086919,5.268527760720617,7.60920228434791,0.6007471327872461,5.6557191895946755,7.329612544401532,-0.04563826976819445,5.976287894711972,6.362974992713377,-0.13462007045783944,5.983813032679031,6.720065145626059,-0.38975485436039603,5.939990191697132,6.791501278537118,-0.28932879269181455,6.014823045532268,6.602293568534091,-0.45421588855657125,5.876064352843743,5.7588119505338184,0.09422288018378885,5.705084239477212,5.6699957720077165,0.08780572917585298,5.559433628273365,5.661175231411542,0.09978307827339575,5.446222389782942,5.714591220370981,0.14457880627385894,5.373534299831223,5.81151724207544,0.20853952605152115,5.354265457258078,6.116124400040764,0.3477744231197584,5.138679758224309,6.641913772926064,0.7693769303299782,5.438495953922706,6.311815640027629,0.2412766141854175,5.536757565425599,6.336050313361236,0.17220877497317127,5.661073134278673,6.314480302786232,0.12356155030030873,5.780830174763055,6.261990066907465,0.10192698229620963,5.8752606094573165,6.196818787851686,0.10001563662514114,5.939660729318011,6.136863151689986,0.09531346627961927,5.138451668884918,6.7177371861779855,1.1512968706264632,5.951982622297126,6.84665834945391,-0.24387952537584562,6.027083390594404,6.357540673690737,-0.28699741642923315,6.045888089464217,6.701794827494249,-0.4715718580746787,6.107737953282575,6.7866650604488825,-0.44395725372670036,6.052643878469044,6.737564304562784,-0.4260935591493408,5.984397375843757,6.898150060891341,-0.2177380885230784,6.11921482956623,6.795344764929146,-0.47143052414473446,6.13580090705225,6.847619945145058,-0.3615571966385988,5.936009127608329,6.0282024765437034,0.15876508069547954,5.986516796467243,6.043754186977912,0.09101853044213554,6.018618741776995,6.052685513824647,0.016920454364485218,5.476217224052603,5.989872244082288,0.24032809742662753,5.398188585139995,5.944324975285277,0.24979821745394215,6.248275018725212,6.25090492501305,-0.35959791373881006,6.873160158411751,5.930453885031155,0.19149855967762655,6.266049333055489,6.817439743031319,-0.3656894604263917,7.226049122920788,5.396010875018665,0.728918361848279,6.610067432495058,6.0924103496754825,0.08340478157695576,6.709511488097082,6.09938553890201,0.0865721912544666,6.803700075682275,6.079882090151205,0.11277140847708853,6.916903349148148,5.986144612592808,0.19897893963741228,6.518890348282971,6.062945189538408,0.10195836720828658,6.731824418234674,5.586791315323779,0.07202399471589227,6.6145807050424414,5.6262757522518285,0.07878357389575352,6.8408178141792115,5.607833461999049,0.1003795047424111,6.913298813492625,5.673104665908276,0.13690916646936405,7.003783664661989,6.078786537228986,0.24011351694989666,6.631062513116167,8.108560085310039,-0.175208070588479,6.900210829970413,5.878172187976975,0.22694488755411366,7.2947756992985076,6.050421636619546,0.688303706038889,7.115386692286419,5.973367627074623,0.3506623781006937,6.683420964043286,6.654079261786738,-0.08300987362324633,6.328171455894835,7.2328440129552245,-0.3404458538125497,6.324924622250929,7.377630056948807,-0.3075563440724888,6.447347773680195,7.290565097684031,-0.2925551028207575,6.53427008659621,7.352837107803548,-0.23077545340915817,6.418513660715436,7.391263282606136,-0.2739631289390023,6.498149424354326,7.406779150429869,-0.21421134762438374,6.678340726566559,7.594572706528669,-0.1194425351542037,6.255491330967667,6.694048479072637,-0.5308351706820117,6.2634302881647645,6.544448663878187,-0.5483983666058876,7.046144561592361,5.538046451216445,0.19024547124143518,6.469703425313102,6.295845041711396,-0.04866635091434276,6.481742197874115,6.695179512558761,-0.29377169243706414,6.4863394652258455,6.628486913813899,-0.25824340626818865,6.994776670082028,6.637846541753491,0.03866624844915912,6.252602199335378,6.37842858852699,-0.47183144546570016,6.803503846441084,5.369384884087155,0.037358471181406123,6.944202384654147,5.417747427016081,0.10868075741698814,7.108817719311951,5.100884630594037,0.5621851452649136,6.365814161918943,5.5760631513478405,-0.04662066333772211,6.515918670032616,5.716961539267799,0.1077881655393793,6.751473409706804,7.449657773956002,-0.08210545866232083,7.291851811195453,7.559243478089816,0.771726522060636,6.408701474562767,6.788843132616783,-0.262333469002612,6.332442157240008,6.840510798687459,-0.2763547633276551,6.637344745206829,7.459724840894277,-0.09076137555150936,6.615448168625269,7.4525534224265595,-0.11598261447566996,6.996130724255557,5.319802244215771,0.1688322947151738,6.48696942625845,6.781193088582915,-0.24658896876963227,6.614683526268452,5.417855316894078,-0.016796610395232038,6.628158899621059,5.279307335309562,-0.023198129759639304,6.682285585998316,4.746654645588008,0.2207125273785328,7.044146064523409,5.207295548351468,0.33833014416641055,6.639946411862172,4.996471485812418,0.09362736448817732,7.1033544365636745,5.482232265774264,0.2858519463361117,7.1610074565372335,5.446798043829976,0.4942020767754598,6.329202564527511,7.312014908797641,-0.33577807789122177,6.432447385026249,7.344072684425797,-0.2895918421531661,6.516442189373505,7.380744381547924,-0.2321202301393191,6.386767245137878,6.824078953040457,-0.2419510843182781,6.628953229796654,7.455315837759187,-0.10397336002410522,6.577136400538947,7.471216199040751,-0.16947638687798156,6.604224724940938,7.450378246631222,-0.1180521858119858,6.364940905590987,6.707022779971724,-0.38950965832055046,6.484128808866602,7.424780830006395,-0.19851579156214835,6.408244571790843,7.416556580111774,-0.23656622990832823,6.320514170929557,7.420867830672839,-0.2674059224780742,6.367460025628264,7.824404214016989,-0.24215817495658257,6.3438046268073975,7.608548428241655,-0.31622188348068286,6.337379748367973,7.532777873789021,-0.3160817262020926,6.330490002132075,7.468935305646839,-0.2831908587873925,6.3196003653857105,7.425155910253395,-0.2623526800987572,6.485244636396767,7.4263999022695035,-0.19534915123359978,6.500866221819075,7.450213877488232,-0.2169017383173998,6.5167687553800615,7.488207768685688,-0.23983397174167845,6.531801653078798,7.529595484434657,-0.22885540730644327,6.617313432556291,7.183644056308819,-0.18562650372338768,7.365153932130676,6.7954388970374655,1.0105267377040912,6.545447912412663,7.438750758974255,-0.15187420306404906,6.558442487919696,7.455737984060346,-0.16626120968108035,6.314107394818656,6.902798738856077,-0.28955176812339806,6.454115872268418,6.886652185906599,-0.18316679326553273,6.322477187434604,6.875769065998503,-0.2839503872364011,6.581777837572274,6.381580565969435,-0.02886396483588949,6.7511895651955625,6.471175506668602,-0.01277950287324565,6.506689378858391,6.7094318378515805,-0.20930201875682544,6.934554567644468,4.8771344193497725,0.3778281804687627,6.878645163954255,5.048262247717052,0.207559511241101,6.835814330575423,5.242569021618469,0.0688094793853777,6.594700727858356,7.682450098297563,-0.17525250049104793,6.392095122468802,5.367035201844855,-0.0667885014871911,6.397625745879184,5.019184839456941,0.02893515224280664,6.416854039236437,4.705725280797243,0.13215492930142755,6.878396075913777,6.044417456294999,0.15597840824263112,7.111799534866279,6.18437017857291,0.2826095025068726,6.458317060672062,6.030187577889548,0.12054081473965644,7.011305544209914,5.761097188486577,0.2241683524052382,6.392279766219737,6.197120734691452,-0.07268200304375219,6.420722868888397,6.618408261385369,-0.38196374793151106,7.226903552827079,6.299050602046269,0.3774003771899402,7.047463859295126,6.2798563410666395,0.17901914249849518,6.920860518163301,6.331948325717898,0.08427462674737977,6.730678902885732,6.32075963850433,0.047488913240445026,6.58614411921205,6.27176749658937,0.03455050020765474,6.4728163017259375,6.207433993297641,0.018846157444863593,6.255025739078053,5.999932794182294,-0.1464868369560166,7.228626170409338,6.617602345719519,0.31120921294516823,7.086655400547671,5.745901369831133,0.2745054747015549,6.226505882536454,6.790647572723968,-0.4901169242976483,6.461762295836582,6.428701651208246,-0.10762729240858543,7.341898956816741,6.092495068572971,1.025404317424099,6.3897121319420185,6.129403544152181,0.016554149504086728,6.517711524649545,6.7355897025674825,-0.11099516274657911,6.952590279598618,5.884816828684669,0.24558404062958217,6.422139919165186,6.537739940927521,-0.3362419048038053,7.347315173510857,7.169910905798043,0.9187708315374773,6.449730040113837,5.982461512831495,0.1527003593959781,6.3384086847212275,6.438261128854732,-0.42089963904948846,7.075570982746397,7.833649435240315,0.21404584708586114,7.086253528854458,8.053013452283428,0.3699764086114146,7.331139656835742,6.703697744268598,0.6607222742079293,7.19206308725835,7.643539505183696,0.3578247680320602,7.230897650592419,5.730507149655075,0.6230000989616055,6.668748664728731,8.282495222784682,-0.13970571600521287,6.223352456907728,6.852884826372721,-0.3666811286107986,6.555045766995619,6.54588454057664,-0.086201206659296,7.198099851774239,6.006601692010211,0.4487308377582459,6.79043830980624,5.994654517231525,0.1289426258491794,6.7125019927691,6.014735430262217,0.10572008764516662,6.593005625815452,7.49472533104715,-0.15701285449212923,7.22886222477328,6.932862361974127,0.3028624555422662,6.490555135492309,8.50948900925372,-0.13005984499584944,6.804309038013792,8.34461879381031,0.08168090248867713,6.9385124607527615,8.22857562704573,0.2079873824036555,6.62418073190482,6.012848081490397,0.10570267546791845,6.543114884312604,6.000651818671233,0.12394092985033192,6.484477097667387,5.99363318385625,0.1491133603712121,7.158675152530315,5.728538340404901,0.3788916243857638,6.544398701451463,5.849950657809437,0.11896109241317611,6.627064070791982,5.782026376631862,0.10259125855532067,6.711580222200704,5.75461510668902,0.10386239275025852,6.792346295232576,5.767278047537509,0.1248512959517594,6.846968985411366,5.805491338956665,0.15418047365975995,7.295447657733286,5.7116912273415785,0.9059790926215455,6.840842433346003,5.964710007435158,0.16224771979630978,6.512373510014649,7.095655154196223,-0.221898614571278,6.408840500445824,6.750505297177389,-0.29215875233774385,6.3279049896189745,7.038073819443615,-0.2991416803097144,6.943919264236046,8.01504055978706,0.09561557151475941,6.814105294117361,8.156241618639925,-0.018965716253536692,6.4846436390898,8.372820773463042,-0.2415221948997442,7.198482172952646,7.85301168582864,0.5728894594230236,6.480093437792229,5.9290277835901035,0.13903758168733532,6.322935538392809,6.210937155913434,-0.20710894428416066,6.658652634064818,8.43633822378495,-0.04572160553464391,7.318425305374246,7.055202966785328,0.6028961054620464,6.409902745083561,7.418332780586462,-0.23250504038789924,6.423577244049922,7.457021077106065,-0.25521800935794164,6.437308222281276,7.509754608280182,-0.2831712403888555,6.446574442205688,7.573164168724092,-0.27995495442433227,6.4946209184786,7.764793970283511,-0.22385502372641372,6.563531414514115,7.431981936292891,-0.16216872576021701,6.579478117756698,7.419675973362877,-0.1618973152858789,6.596556578578546,7.408907260171046,-0.16045367721407108,6.703419692502483,7.306167856684675,-0.13231968311889855,7.093356882566928,6.984223012553051,0.0992382547546266,6.321349050321043,6.086867416681705,-0.10131416190592553,6.374232468775332,5.845805948670785,0.093668671739076,6.434637766777546,5.867397682040016,0.12866013901257617,6.54283755663963,7.437065070142182,-0.15271424161916425,7.1274319816857,7.3816132933170335,0.2006102988560048,6.279076492753863,5.839823129093895,-0.028854630822744757,6.568752850153322,7.939595847247842,-0.19421479144460937,6.2519787551410415,6.130722841854945,-0.2602957803924075,6.396367996093398,6.431715326860774,-0.2322956417027081,6.414650623808603,8.00999001012911,-0.25544191253386195,6.791200055790493,7.674372839310549,-0.07130308645339219,6.608026938023933,6.8552294399630345,-0.10345920863822743,6.689815430570792,7.830078207869275,-0.13328265911259635,6.856091834893876,6.824219427109797,-0.06892531731699265,6.719083275326964,6.998567297674768,-0.10945794695026213,6.9573135391568695,7.079662108992621,-0.020879132378430004,6.46046906548689,8.204227271089,-0.2727505670907921,6.459643599306236,6.53142729692494,-0.17592565820509062,6.892490548901875,7.811197479219666,0.004668128068187506,6.765750354166415,7.974528272645468,-0.07851631564302038,6.863645574540001,7.482855272187973,-0.03972636606329407,7.216516436720515,7.205298785781311,0.30580123281053007,7.003738770887251,7.528249395285679,0.054112074403951604,7.283513878677707,7.372501305231638,0.519389113612667,6.8124630508737445,7.200479221835317,-0.08651222729123377,6.389030760296408,6.3152724606824036,-0.1527354665993576,6.3899481863059595,6.67723720861979,-0.40620548117324123,6.451133332620949,6.741206493061634,-0.3083235207552984,6.343726424748177,6.566427787077813,-0.46984593681746356,6.451526515196472,5.681068966365306,0.07073976461766349,6.615146945878644,5.54615557030166,0.05601381452694751,6.7599713668086965,5.5065683121476,0.059069968424750804,6.880885508132276,5.53535572110477,0.09323091217956576,6.967472565924042,5.616073641942771,0.15042513429368431,7.022455854487012,5.927851494282671,0.28298541998656573,7.325369358595713,6.375050694024576,0.6787597058832895,6.953443985411768,6.142965808681699,0.18232373388434525,6.852462680071562,6.18844320249061,0.12097830276423883,6.722705189217869,6.200833884318113,0.08192571951101928,6.594183725355736,6.177193691453206,0.06953443238690717,6.491400876280909,6.133182586254667,0.07618024408897829,6.416970618232126,6.089007111913137,0.07599577004737242,7.360456015832357,6.4436896551322445,1.0546224712884762,6.448750342094167,6.796785710279585,-0.26296012636026095,6.323623426876687,6.321071722648069,-0.29985504782098904,6.31898995486791,6.672796345386499,-0.4826314304300548,6.268859538535417,6.771312837674999,-0.4497301315485432,6.318894374573309,6.712680843774909,-0.4371489227133353,6.424386780181476,6.856391609454219,-0.23301862607601068,6.253392184952126,6.780121430734346,-0.4768181844156054,6.2493054032647475,6.8405788634427065,-0.36612778568366827,6.413398666767945,5.982265645636875,0.13797094723493206,6.36145801758314,6.005758485547604,0.07621598487385611,6.327797099740977,6.020059325080865,0.004219086373849675,6.87630706720221,5.8413875323248625,0.18643026973772467,6.957866022223395,5.766484079408485,0.19089106816030146,5.646391783799856,5.987028006224736,0.17240802504043415,5.748816568816495,5.972655843517094,0.17233896465711845,5.639192849792782,5.85509751185513,0.17241835468164765,5.545134236926386,6.001282141750408,0.1723555622295831,5.654372376352556,6.124972094129722,0.1723289518066541,6.714696719079243,5.884509813192917,0.13849471548283773,6.8167974724153195,5.872267570459305,0.1380669461458812,6.709138580129506,5.7501268153549985,0.13807977617122197,6.6107886292634195,5.89412830443039,0.13796154533805535,6.716958786051491,6.021516924573547,0.13798006628292558
6.207216015808869,7.27214235463623,-0.3568636063328705,6.173412720645852,6.69044401382919,-0.5343242411799064,6.190250386542865,6.905092805391528,-0.3124143643462991,6.08146128010874,6.251951142059422,-0.34280882741774615,6.166042898140306,6.532054281295351,-0.5514028324594952,6.161152817756991,6.354499684645415,-0.49078569894686197,6.155358318308106,5.9493705502514,-0.16257525754221808,5.482044711916383,6.055742811812459,0.25060193458311136,6.140354071076391,5.57541712421479,-0.052189421749858626,6.1325931288950075,5.367989948996173,-0.04717000833313947,6.108041513014261,4.722459575769852,0.15399994961249258,6.209693589060438,7.327003215045375,-0.3515284782084313,6.213322832632916,7.380329960940416,-0.32426098441225504,6.215725941325131,7.4214033105585795,-0.2841560355441582,6.215819925720434,7.424671798644471,-0.27868352301879623,6.216200201042969,7.472528652732865,-0.30075953118700877,6.218504987598558,7.533296070908372,-0.33148836181866914,6.219871376114889,7.604774818320897,-0.332315853752989,6.233939394178006,7.821641641612392,-0.26241468863739437,6.179497848763291,6.7919572821530725,-0.4907416437615636,6.110942016044696,6.820796032373419,-0.35937043674595914,5.139201928117353,5.646204724843394,0.8308075049730218,5.751399289635615,6.162524989928419,0.12297892014029034,5.655655940226462,6.189398020373154,0.1337777497530318,5.565338020775409,6.194661869467021,0.16714913465710396,5.446366066588623,6.123068171909471,0.262233904230852,5.83368732694334,6.1145705366602865,0.13511268964478088,5.587170957282788,5.6852443967385735,0.12588951067853796,5.704345279170177,5.697910239919454,0.12265195159196685,5.483688715877301,5.730083990259291,0.16162137241089727,5.4210784805969645,5.812293225266339,0.20119207873194245,5.379788243912716,6.243578578351681,0.30714658417435964,5.891088657853219,8.161331610427442,-0.17389561017928148,5.451084083232844,6.011774381340514,0.2903275570095878,5.127488942113469,6.298584030138214,0.7774241877015771,5.271326636948378,6.162959487017474,0.42816118526800745,5.7222634041347336,6.745916495764692,-0.05228610593728653,6.094816462681326,7.245687193272151,-0.33717647364316056,6.114625481383694,7.3864837699621155,-0.3067500649142715,5.988043683004897,7.318017583897501,-0.2806409965674155,5.915165291059241,7.394440633459863,-0.21401080470201056,6.028314550478548,7.409905404228562,-0.2653494643427507,5.956517340557323,7.443934261940306,-0.20239605046514036,5.797210898690834,7.666210971616832,-0.1018402029836029,6.097444410965381,6.699456394381881,-0.5214201385199703,6.078238338306726,6.547776424715805,-0.535812719040521,5.2903584769972785,5.707875839127587,0.27164255552720107,5.897470921251194,6.34442961816712,-0.020294746888635775,5.903213729282664,6.743343492204044,-0.2713405402876787,5.8961056171701935,6.675846791324827,-0.23464200612406066,5.432468666350826,6.803970656743484,0.09288443899212115,6.078040248119703,6.38426960333615,-0.45603533026194376,5.494105801661332,5.487357722078562,0.10042809874037353,5.369417788847894,5.565095830218281,0.18427374666102753,5.213757941519171,5.328310460256045,0.6610491850223192,5.927811252925731,5.581508397465769,-0.014096127248172165,5.807978980043478,5.769465259283553,0.1441629350644256,5.717337537385515,7.545194495353758,-0.05678603811807931,5.283504122752126,7.775595071568915,0.8307403603521465,5.979021904012676,6.820313097172938,-0.24551030737515728,6.056274908081253,6.860160311910838,-0.2678626206286001,5.828953405247606,7.522240614193167,-0.0705015412735,5.849101490729954,7.5112516695115605,-0.09937913348221776,5.315299766640089,5.481512254169146,0.24994643861067692,5.910078204924233,6.827901252658342,-0.22631401722687947,5.674364618546896,5.486324978165556,0.033445524697638715,5.6516742551715975,5.355631723970688,0.030226426428137828,5.567875960927038,4.87735814949662,0.2937138644756484,5.263947777481746,5.40649246392435,0.4271507174640817,5.61532253698209,5.104371672696426,0.1559087478294578,5.236107792200718,5.667209875715218,0.37093898951927284,5.187744506813017,5.667933194080609,0.5867678952375407,6.1025282437943975,7.32180298615756,-0.333318640139991,6.00982601253019,7.3676189329541,-0.27935187406837675,5.935771731207913,7.4169968883326325,-0.21772553792636992,6.006048924274332,6.852909777291639,-0.22926036024242694,5.83957581078753,7.516425871951446,-0.0857492385887929,5.888971840088236,7.517698999029361,-0.15535835171446336,5.861954941222998,7.506784518907111,-0.1020179826005839,6.0068261029278,6.733575621704493,-0.37240374535703447,5.972360217777895,7.459247211762747,-0.18910617123260814,6.044236229999799,7.434317489430128,-0.2312060179644251,6.126998888503805,7.423937274447331,-0.2684082271542185,6.11370515726661,7.832110057335396,-0.2550882435450657,6.116004160167104,7.604297666775512,-0.32112204116354415,6.11495587268103,7.5309681497324,-0.31870779441679026,6.11858222442596,7.476273569407254,-0.2843894602490315,6.125616594935961,7.426751745608219,-0.2631817910792514,5.972140438884264,7.462101445552417,-0.18682038488770375,5.958890808017172,7.487506150559761,-0.2085356714579334,5.94699491392089,7.521186543051996,-0.23258029122930465,5.937750464207489,7.562516542365026,-0.22204631235361594,5.81949712916633,7.252794582427734,-0.164306456881424,5.157913136786891,7.043150098436848,1.0914188228407304,6.18516872258451,6.853004484643829,-0.3736597473936899,5.917268372643372,7.486318332394506,-0.13911502415572913,5.904255871635199,7.503526152217637,-0.1530257877997332,6.078040248119703,6.919123952653411,-0.2843001072962853,5.951052870927327,6.923466031716419,-0.17074803663273266,6.068090915441528,6.892180795390642,-0.27648286484733,5.7999064434438194,6.458199897552316,0.004119728165529329,5.6467028421385015,6.583363977475808,0.029772881119541354,5.887584847300627,6.761115218398994,-0.18726368171761767,5.348328052020298,5.06726880230138,0.46734061376639485,5.398691759114183,5.21382445355277,0.2853871407530194,5.453620215992257,5.371580875853642,0.136107037769368,5.884449383281934,7.735453613378028,-0.16643002977481947,5.885653829455589,5.38022454839399,-0.028568652397762528,5.85188559770159,5.067112282135356,0.07537197191455147,5.815025640820558,4.774606817503838,0.18483485157490986,5.491360734361591,6.177043410132104,0.21642091703906724,5.290171954120446,6.373781667777199,0.35544141458182793,5.889061486742218,6.064897614871879,0.1520119876164066,5.342734534585983,5.9212395748233755,0.29621918119775503,5.9596249707358675,6.229084015725265,-0.04647303835741706,5.94610314660084,6.654342438722566,-0.36116278242311894,5.200707846752877,6.5259163773251645,0.45464517453795406,5.354578737264848,6.457826128841764,0.24570252353747452,5.475362421410324,6.48179504147163,0.1396910852402102,5.654945996563479,6.427331807350307,0.09160527974268066,5.787338922399563,6.343481098731444,0.06971266540352437,5.886778388893236,6.255242041808809,0.049176764384235745,6.069246923503757,6.000787967008012,-0.12461969338762101,5.22443709917472,6.836442265320743,0.3856752230775536,5.274436074519141,5.92537524969516,0.35526460643816377,6.137971205177012,6.790621257825993,-0.48311652710531466,5.914223278235548,6.473520799900513,-0.08317027063382848,5.108238407606267,6.355313011143231,1.1190973176271364,5.960048984950062,6.156179597331678,0.04337341718563532,5.883744138838717,6.788740846963043,-0.09341018114765051,5.40413670890823,6.02974130589494,0.31107594522453164,5.944239002267845,6.5739373426268966,-0.3146450478209764,5.206093152603751,7.405011709060813,0.990649567523127,5.893075343378552,6.0132347542521485,0.18473181892231846,6.0070560032178495,6.458969123680028,-0.40188757645216266,5.47005302603258,7.986063726410922,0.25002831347812376,5.491196623148254,8.20322117837097,0.4050824133051957,5.156038871057479,6.949564775335234,0.7396306223706631,5.351954042286784,7.833630435668647,0.4062019120446343,5.1566165136101505,5.965838785179184,0.7154379093994812,5.8736697346191,8.336738302166257,-0.13680774113963942,6.153880594431184,6.851912819744538,-0.36388783285405224,5.837242828913349,6.610643309691008,-0.0596903423202709,5.200959797227978,6.21943543311206,0.5292225151679377,5.5676753403909105,6.1048814684614126,0.18170082217378994,5.646579216510833,6.1071472153451065,0.1533655662403973,5.877950362346717,7.547382885850549,-0.14128165816870342,5.255327601040224,7.148206578463662,0.369044978029886,6.0612184872742025,8.524608047679164,-0.14350329338609255,5.762713564916348,8.419866053898172,0.09390571161264642,5.634584277321039,8.33732028246025,0.2313263451012965,6.119272648252995,5.03779601889118,0.044970592743822625,6.267181674796751,8.519767851321049,-0.18306487237644,5.728237558370027,6.085563337485281,0.14784372320370248,5.80552345697696,6.055189749793945,0.16130200620608812,5.86257632266733,6.035120828090718,0.18351934114949753,5.213476349811705,5.929419470520746,0.4657157229781743,5.792118751857618,5.904405523710797,0.15843037626632614,5.70647257981002,5.855969942634401,0.1482409767168789,5.623043355056248,5.846618133823289,0.1564466051609442,5.54192144720717,5.877086067388372,0.18193900257943516,5.493814811514335,5.925726245263774,0.21274370979562102,5.111388330762698,5.974391365151775,1.0049762234125492,5.516140443140169,6.083989460342396,0.2187271721008333,6.196425161314286,7.036579143291379,-0.30412658992595437,5.910072782747581,7.14430116536037,-0.20606333964379378,5.973088958319939,6.783510976842862,-0.27570351732320025,6.076774350610657,7.053880224552927,-0.29455240409489697,6.150296174185697,5.78444384154578,-0.07063407960403997,5.600813876696379,8.135536508701147,0.1194592158323865,5.730778751827648,8.239611936232373,-0.006291448999177906,6.049842760658079,8.388235967137321,-0.25244624278652056,5.382411492977007,8.037457285590266,0.6244696450438123,5.8606283153354495,5.969527311216391,0.1750046712286648,6.017990364654491,6.22637292739921,-0.1860626695891757,6.2583428038969275,8.38366687961181,-0.2874943567468477,5.9003219017348725,8.482422067411989,-0.04475512335100879,5.198908768539708,7.2869101949659125,0.6738742594575509,6.0441082666308095,7.44096796983316,-0.22758601468465864,6.031247586568895,7.475719784431852,-0.2508957939652529,6.023666660652362,7.5241015052201705,-0.2802029298787306,6.0191113093077036,7.589486449032613,-0.2784883924365285,5.988548306911986,7.795740988180602,-0.22428106246078236,5.898237617029802,7.477020383871471,-0.1453594174161228,5.879874512101329,7.470707524334643,-0.1425266125204302,5.862986600700673,7.461292456795922,-0.13926496993256263,5.751817881673158,7.389851303141518,-0.1063192484880837,5.375731009863165,7.166035418252681,0.15291655353259592,6.015033470986874,6.103619908693688,-0.07773881415230419,5.952462636856876,5.864004523997495,0.12126236067804509,5.898410765204226,5.899101189031262,0.16107028722761998,5.917326209194328,7.482025414399811,-0.13912219724359182,5.380652538871063,7.561808767572705,0.2486730178315266,6.036546860550223,5.834225568345674,-0.005904881339480372,5.936051515523162,7.983938233163296,-0.19496983732241294,6.159995363780988,6.2156999148772005,-0.37787494752303885,6.074705970957099,6.131177579310363,-0.24190261695487164,6.156715308384906,6.088408172835421,-0.2654248551906177,5.967004914637831,6.465058589538789,-0.21187080713183973,6.249170649872221,8.210777523753348,-0.3186516522960382,6.242424016203224,8.008786984324578,-0.29046817212409914,6.086334009526768,8.01790563953965,-0.2663875400627968,5.705505624973728,7.7705690752908545,-0.05160597294968906,5.808229846083249,6.928082834396467,-0.08109619769478622,5.813184992586389,7.903342999406359,-0.12401610346042913,5.575242168648149,6.953383433612092,-0.03251094477443971,5.717847221990813,7.0954762720003535,-0.08280276566692982,5.5036314816037555,7.229903598516308,0.01676099151826706,6.05809242169504,8.219987994493064,-0.2815674432256363,5.920531438552611,6.574678373436018,-0.15357540447683388,5.624284672031138,7.92694609585143,0.02803580775562897,5.7576994974269216,8.056852049996413,-0.06702040219703428,5.619374348854989,7.60600818277003,-0.009724141492067103,5.289815536375181,7.414170126904667,0.3638751359237252,5.5011553542659595,7.676492864463003,0.09085278328918027,5.254474150435183,7.591293841249983,0.5807651390204079,5.644798935176724,7.314859708215313,-0.0547356081284805,5.968500712436925,6.346949845875019,-0.12971217910687835,5.976787967232007,6.709368856258821,-0.3871607187410095,5.932208999669034,6.78153368975706,-0.28925726452326705,6.007366874679237,6.5894809156962735,-0.4483506148473271,5.86370015914809,5.713998561003147,0.10643466177736409,5.693586957735507,5.618284129869472,0.10288385902712015,5.550271237772973,5.609059922948905,0.1156679508438229,5.438426554056163,5.665646842925637,0.1596562852225624,5.366384623228705,5.767864632735851,0.2214850718853173,5.347488337596108,6.09053294312616,0.3539295761768039,5.128554942043273,6.624311532595643,0.764495730431512,5.431064684076373,6.293646234600361,0.2439591130046,5.528721700365278,6.319571468566307,0.17576987590869358,5.652288045568616,6.300025606170788,0.12794040381239247,5.771791373067308,6.248120916472373,0.10494169932481016,5.865888549644881,6.180906168779066,0.10638263147390657,5.930058925887252,6.118511374651039,0.10184960142313322,5.129298864679942,6.701205227091407,1.1413422491904648,5.943774140989538,6.836818925858843,-0.24495028689660536,6.01997668870138,6.340415038573899,-0.2803481538433962,6.038409920447887,6.691154680449059,-0.4677397763376009,6.100513362950474,6.777891432960617,-0.44138578375288856,6.045349583605699,6.728033434209151,-0.4232457562088442,5.9758441470160975,6.889209442585286,-0.2199041459127843,6.111640392397487,6.786402081433766,-0.46858784995079605,6.12840937739024,6.838915500830991,-0.36101703883319086,5.926014343583223,6.007330003878002,0.1661442471766493,5.977087271383204,6.021619969705412,0.1000235930659249,6.00956177178801,6.028420102184043,0.028143740135559658,5.468748811808526,5.968091157360469,0.24673050045350609,5.390779357464983,5.912933523149233,0.2569277621590989,6.242066875501073,6.233517910312915,-0.3499470777954412,6.863483744720137,5.917046786357522,0.19982112655026232,6.258733200615879,6.809908301655986,-0.3645759296636075,7.2185857084511404,5.394753812950979,0.7451586218370984,6.603170827307516,6.081741064423988,0.08950418064188805,6.702340992360802,6.089061002904335,0.09370808456987843,6.795509169338647,6.068449502057454,0.12071690100304436,6.9061237419123165,5.972923039714384,0.2073152298631547,6.512529384649553,6.048813631529509,0.11000074828804617,6.720727231909658,5.552904246755237,0.08467001080719755,6.6053707851144985,5.592395043747872,0.09124923477206025,6.829555378015678,5.575772819003169,0.11343714311093063,6.9024785932883255,5.645451765245638,0.1489121405205977,6.992574203496643,6.0676238852925595,0.24795803606273797,6.620616499946452,8.088289830225337,-0.19645083709772815,6.8892933055841725,5.863358923497451,0.23627844163006964,7.283745089714856,6.044436850535927,0.6940051295290277,7.103082501407931,5.957178484630436,0.3603583347395706,6.675248905979322,6.645458021538865,-0.08453686248178421,6.320163570256718,7.228355024864466,-0.3459054325037652,6.316299365695982,7.369442230222982,-0.31415070345712315,6.4387726000862555,7.285057256464666,-0.2984905987745313,6.5261448317014406,7.345727075460435,-0.23751424605869598,6.410629334391152,7.3827540353823515,-0.2805987261819317,6.491389402318314,7.397542841461755,-0.2218501199284205,6.6716008655277825,7.581965528537696,-0.1317839928056489,6.249874086923222,6.683386508698805,-0.5261182738498004,6.257624184751301,6.531626290818278,-0.5417800503701933,7.036448288094842,5.493412847485192,0.20950332665871027,6.4630494923499615,6.283936923608652,-0.04255810538043031,6.47481923046947,6.688678553111263,-0.2920752600989786,6.479450492287258,6.62109798923316,-0.25643267224595595,6.984340447511195,6.6292782464089735,0.039072252963947736,6.2465925856133655,6.363303130657778,-0.46360916216402487,6.798471123704473,5.302356669493063,0.06281052257852522,6.936425756871845,5.361443935863304,0.13388758271884107,7.102851878160994,5.096577474498242,0.5844343711456951,6.362111697708088,5.506971180943011,-0.024008022903019875,6.5088654391465015,5.685719379413298,0.11835118273732682,6.74488411333013,7.438555462701415,-0.09233792877039408,7.276991949433876,7.548035715919463,0.7517630137385879,6.401575022339019,6.783346865629525,-0.2631955724449088,6.325462844238045,6.835506036152146,-0.27632487617512913,6.631272884460063,7.449583447054916,-0.10109618997732278,6.609562489145021,7.442697282706739,-0.12655682247759348,6.988947851751713,5.26382957403073,0.1932970506404321,6.479668102310229,6.776008130270118,-0.24658048689946443,6.611025030927316,5.343908255091942,0.00742749384955647,6.625108954041946,5.205881687714319,0.002999815702715958,6.677396810890443,4.738967934804861,0.2509895976213344,7.039588812811743,5.184137313425591,0.361586141457635,6.638448231563019,4.967422672558798,0.12216097349611844,7.0941843480433775,5.440141407792003,0.3047653449279754,7.15265999288726,5.429641181965974,0.5117084327335738,6.320731814369859,7.305735269345146,-0.3416910908857195,6.424060427436868,7.336814462958143,-0.2957710157050556,6.508931228223214,7.372492385329015,-0.23917451654957153,6.379675212319597,6.818987194242276,-0.24173342245092314,6.62291477989006,7.445275346965595,-0.11425612900562751,6.570119407306925,7.461007611782465,-0.18047391915183417,6.598311111113453,7.440533472744104,-0.12838924707717345,6.357713228007897,6.699800521860068,-0.3865165189699336,6.478429677162888,7.414832355413111,-0.20708435809978848,6.401074736173251,7.407058400007762,-0.24482736163342153,6.31202452162346,7.4114937405091865,-0.2757454262302405,6.357198482704391,7.805794426650498,-0.2614947034063506,6.33152049999378,7.5888191598259604,-0.32922810488883514,6.3262414688052875,7.516931218815422,-0.3269202231740734,6.320583608208034,7.457753582834313,-0.29303577610049686,6.310439800127271,7.416624565535854,-0.27114477711813484,6.4787701898566405,7.418339419271694,-0.20511493317013188,6.493505497126409,7.440551546666278,-0.2274050269464918,6.508130191992476,7.476822293684447,-0.25164285694589983,6.521899628861283,7.516396230719081,-0.2416001724596976,6.609550198877943,7.175055028374241,-0.19146083051719565,7.348965199357074,6.790415215113214,1.0005951046776458,6.540168749394453,7.430211817269151,-0.16232440279864854,6.552388889654531,7.446309898270817,-0.1771204158545188,6.306834414132062,6.897857452866956,-0.29171748680955034,6.44711841438918,6.882416539675525,-0.18601551924470508,6.315320482071055,6.870917910388621,-0.28445452636885676,6.5745395657137236,6.37175377370931,-0.02453620503804269,6.742933575649145,6.462082176035225,-0.008838184655590843,6.49927541604114,6.703044429411802,-0.2091928166757662,6.929994332405557,4.870073635903734,0.4050011258402195,6.8772510127182835,5.020020316433352,0.23375213656583882,6.831484949946942,5.176990884598112,0.09409715398517059,6.586897790739209,7.6689885719764845,-0.1901340690752302,6.387756424401899,5.292954976656751,-0.040225849287187164,6.393867578967269,4.995362787368669,0.058331245501916575,6.411263367581006,4.699469908243357,0.16408315357296802,6.868929055992628,6.032266232822605,0.16426693147287041,7.099749670159102,6.175308313603429,0.288461017881905,6.452290447958404,6.012662172397686,0.12879212609862645,7.000002585510031,5.735453391058652,0.23652178439973573,6.386063982329555,6.182566077791497,-0.06430170587936518,6.414066271431702,6.60921691575306,-0.3782083436099353,7.215706171170427,6.291561226938404,0.3806877694385281,7.036136693676568,6.2714102496285085,0.18308851532588347,6.910794766358886,6.32289634728938,0.08759337170108103,6.722270744863291,6.310718138528745,0.05291122642426782,6.578913454879758,6.26032948942226,0.04022083942188464,6.465867578295284,6.193034493514501,0.02636881884899542,6.248319729616283,5.979239514035648,-0.13181128442813117,7.21642334440228,6.6100078305873815,0.3104592855923679,7.075338307914423,5.716926174916842,0.28784634638118034,6.220223456118832,6.781621167540381,-0.4868218618901437,6.454642226711646,6.417964454966125,-0.10479621554751328,7.329180761188861,6.090731033313184,1.0265525102250617,6.382937193793506,6.1109947918974425,0.025816203030434047,6.510364851730031,6.730527635469121,-0.11357831173930855,6.941277520540151,5.8683426267976255,0.25521168843351205,6.415439166560016,6.5275415844070235,-0.33210536033687366,7.331894741342463,7.1627907877440595,0.9038157580494962,6.443539054841902,5.9638260732059205,0.1610276553636928,6.332276712897528,6.4248896589861975,-0.4143030958109384,7.064454191981424,7.817706587276736,0.19332746001448933,7.072820972034071,8.034993448519547,0.34501479480385094,7.318433284107496,6.696752535624696,0.6560939933343738,7.179784612328653,7.629745749196073,0.3390679773758458,7.221042315952989,5.720624822350467,0.6347355424688598,6.657778652806228,8.260509728006486,-0.16344425172032928,6.216242855499298,6.844644211203165,-0.3661954434599814,6.5477532900954225,6.536973279954144,-0.08580690569672834,7.186003487470178,5.99319366638907,0.4565512955551973,6.782514742252648,5.983678469321506,0.13666900119455358,6.705345601182957,6.005034977240387,0.11354665978310187,6.585185828830917,7.48387762994417,-0.16834021742455177,7.216311286084802,6.924198387042897,0.29672034846722883,6.478748501150032,8.486496652426826,-0.15761715143432214,6.7925161278266835,8.322936332237537,0.05593894162630166,6.926039758233953,8.208080894565034,0.18268168263395496,6.617268486602997,6.002789111671084,0.1138461107849159,6.536861944593554,5.987637019755989,0.1322404045253401,6.478814290226744,5.977137516886847,0.1578298363135011,7.147698339772138,5.7024554698676955,0.39203570739930915,6.536302375963056,5.832343350090505,0.1281464691175753,6.618135311910448,5.7663211197822175,0.11366175677874422,6.701687439335001,5.739311811964292,0.1151114999649003,6.781423800310244,5.751854390995949,0.13592537225911966,6.835710632951152,5.7900623009926955,0.16406969979714997,7.286102652123192,5.711300485901058,0.9149524570448722,6.832005478905544,5.952310815910617,0.17033627879701183,6.505314274917814,7.0890730428526565,-0.22690462781871035,6.401663223079226,6.744845073658235,-0.29088787118937504,6.3210253348659595,7.031612429478049,-0.30325097617384705,6.933280894413622,7.99704761039432,0.07378115611772904,6.803097324824051,8.135282027876942,-0.04187368266036693,6.473525860598722,8.350533042526108,-0.2661057224313035,7.184379003345207,7.837568381831852,0.5502984254450716,6.473337168851228,5.910360519588586,0.14822726312842963,6.316809050301281,6.194353166876294,-0.19793143020979445,6.647324696220964,8.414023839294748,-0.07212267607476883,7.3054836803484875,7.046675236217605,0.5925898218633256,6.402026870393361,7.4103145978265745,-0.2416715870446864,6.414795011973745,7.446789218686863,-0.26516712106042084,6.426981173260137,7.4965228688537735,-0.2949303975847571,6.434857065586546,7.556605646857341,-0.2932417058512634,6.4856549082910435,7.748981582646594,-0.2404845370211236,6.5578088974359785,7.422225312539039,-0.17061123963428051,6.57307196323322,7.410403521523669,-0.17000511935798432,6.589571285307142,7.400146209211655,-0.16838105319246296,6.69587052822262,7.296582635156387,-0.1395722379057168,7.08196637665396,6.974875495947275,0.09387962303560883,6.314936591964085,6.06910883873835,-0.08985049958313875,6.367771727176002,5.8152938578256155,0.10489506860560203,6.428201524485305,5.842261595622541,0.13946681045843737,6.537772870271108,7.426875371235887,-0.16218272584120952,7.116175250630555,7.370149282058417,0.1874608908009354,6.272352262452201,5.8032887972394045,-0.014377493031611148,6.55883405030167,7.921852864582883,-0.2141219819157815,6.245823359485653,6.11200910040983,-0.24794827614476417,6.389436576207165,6.419500015394002,-0.22759663311393566,6.403830647826296,7.990027699022058,-0.27634125566709905,6.783740154176025,7.660504672908153,-0.08526098287747191,6.600227669820752,6.84909617971299,-0.1069831262419262,6.68143597101782,7.814215428469665,-0.15094469991964726,6.846855736320339,6.814979121261038,-0.07296616907831309,6.710704157629014,6.990382198215418,-0.11492168989347244,6.947783409565794,7.069591523620075,-0.02907120910000345,6.449569238235933,8.183014533380781,-0.29460594808933654,6.452351176336908,6.522072415557264,-0.17376198741341112,6.883595682358137,7.795600734544534,-0.012779515443127379,6.7559048681147615,7.955708935598647,-0.0985236721533341,6.856661200578011,7.470624384292644,-0.05084040114311614,7.204415030510077,7.195132264081668,0.2947206949027368,6.995234684840611,7.515097077193236,0.0404895647560034,7.270893808092472,7.361492596294105,0.5041425533572491,6.804058134526804,7.190980322679927,-0.09325002360478887,6.382565593953614,6.301823599948627,-0.14681973384675048,6.383020333835504,6.66921872258529,-0.4025600619114404,6.444034280309461,6.735387351663184,-0.3070414617245169,6.337925898012138,6.555106484592568,-0.46328934411116135,6.445712263244067,5.636730374839944,0.08413740056124218,6.608131034508864,5.497113663789478,0.0731450896116313,6.751069732454855,5.460189725223952,0.07777896650003319,6.8708145275537875,5.494342570041807,0.1116109201258965,6.956398163830664,5.581411159764475,0.1670578161653214,7.010842601072926,5.911324221118887,0.2930518844836342,7.313486813087,6.368829413101607,0.6792661171052128,6.9432605912810486,6.132345877639671,0.18850773237323576,6.843732562568724,6.177767812932825,0.12761445192219126,6.715124316035812,6.190306777180047,0.08885257056272093,6.5872455330018305,6.165739979204675,0.07460253115901323,6.48473675304462,6.118769470259679,0.08415767159458011,6.410392927489121,6.071514839258112,0.08388912135158241,7.345064123995104,6.440488899735869,1.0499294115341287,6.441605145169317,6.791540136029304,-0.26280040872898375,6.317328133346109,6.3056993718195535,-0.2924818781630813,6.313200772478524,6.663453864368768,-0.4781124454578894,6.262040728373665,6.763498807255261,-0.4467598837720148,6.312440221833455,6.704770127500947,-0.4335762679056625,6.41739476493921,6.8517487085312005,-0.23413232151876248,6.247149985373202,6.771706536792779,-0.47365943769754004,6.24222375714554,6.8327804886883525,-0.36534203803974497,6.407035515706135,5.961558157451566,0.14667535709718674,6.354538001360424,5.983859208543244,0.08610016638019789,6.320950870306604,5.996017897467931,0.016323246771320868,6.8651675113098385,5.826162068707101,0.1961179380436914,6.946918753129005,5.743319161988644,0.2014641590378647,5.639950424814409,5.976142366731963,0.15706905974440488,5.741317294368685,5.962803089210889,0.1569132964238717,5.633413448642627,5.843735704715027,0.15699235853718024,5.53958123576412,5.989103176322719,0.1569301729487014,5.647214334136017,6.114138208441892,0.1569044627944093,6.701477058880899,5.876897737119322,0.12515919996450578,6.802826215991446,5.865070885405743,0.12464895054913967,6.6960100589018,5.7420543489149285,0.12466273191479711,6.598575713334076,5.885963255003203,0.12454463012959338,6.703716779316664,6.014025307608026,0.12456273794037115
6.167604263345246,7.213953416906464,-0.35705477201153984,6.135948066626021,6.636128330950603,-0.5281154696571566,6.151988805893111,6.854775625682592,-0.310466702683158,6.0433120610176,6.197668526784168,-0.3366014196224168,6.128448882730229,6.476678540744802,-0.5447781476595445,6.1232815650022445,6.2993927760429065,-0.48377557505833524,6.116619295488921,5.896321878579652,-0.15539829845598874,5.446348215816625,6.010732384951884,0.2519335887457368,6.099913335004522,5.503075206556279,-0.043662559113172905,6.091814302602839,5.291831191797285,-0.03759795209345491,6.0681041230376875,4.672916842378676,0.16181276004519976,6.169913859688283,7.2702156148517325,-0.35206954153023445,6.173307493630588,7.325774517363149,-0.32520292859587735,6.17545258062291,7.368489478034076,-0.2862751851009853,6.175840506602766,7.37436296472169,-0.280100943531882,6.176299552345597,7.425074229247781,-0.30263246119191634,6.178816760926003,7.489321236945107,-0.33285768697317475,6.18033039062889,7.563866961026195,-0.3333361514644186,6.192930801159802,7.775757878275672,-0.26409113956573266,6.141840231231184,6.739203855705845,-0.48563977490598165,6.073587528601111,6.769342112433517,-0.3560233109542185,5.104322140763267,5.599727323628386,0.8317995963845117,5.712279018013802,6.1172004660772625,0.12367139728806316,5.617134065211584,6.143761901594364,0.13533961809747197,5.527485808029506,6.1479773639088116,0.16925488873973005,5.410135684787692,6.077101132244595,0.264076076004825,5.793543763742302,6.068164467078998,0.13661269103894905,5.549619858706127,5.626446443872485,0.1286330895523616,5.665792554760931,5.640232542977016,0.12505812041895148,5.446255903801049,5.672177529036801,0.16509700918791842,5.383503488698338,5.757164209027596,0.20440976023805046,5.3429910855352665,6.19566496093635,0.30881024976940036,5.850318886038715,8.110007833386508,-0.1771876046123747,5.416007375521694,5.967173326084045,0.2920705478065443,5.093558990775844,6.252314366480031,0.7759000912708736,5.235513319290092,6.111982143266741,0.43005519025793576,5.68351933527751,6.694952995507261,-0.05155130499031423,6.055365064888048,7.187456635719339,-0.33715331616690786,6.074401454777367,7.33220618643289,-0.3078687210891223,5.9480654572410305,7.262106525109831,-0.2810309332102129,5.8750750289865925,7.34067949556699,-0.21533481544345537,5.988380305506953,7.3568208082362645,-0.2667750350906083,5.917037485094742,7.392225519331219,-0.2046084825050467,5.7578333813428495,7.615182384346841,-0.10525625020201893,6.059717019676889,6.645013991033663,-0.5155186061346246,6.040496005756416,6.492332072413479,-0.5290965991145451,5.251736168253281,5.6395705544762045,0.2785363087464585,5.858687670672687,6.295165101243908,-0.017488718446981525,5.867306811239955,6.691254767832624,-0.268438200380985,5.860057264896016,6.6244424199981315,-0.23210915686157294,5.39357375978285,6.752278397989915,0.09424809846800056,6.040241698725176,6.32913592297628,-0.44929887809274066,5.451210221430834,5.408256758120439,0.11009273082553886,5.328994141476868,5.490603386303874,0.1941413954703064,5.176470625965126,5.279551179390476,0.6646465570539308,5.8843126959773,5.503436552422701,-0.006027668603526208,5.768264998293783,5.714782936537491,0.1453416541694965,5.678231329466904,7.493285984135535,-0.060353470067552574,5.250529287427059,7.725993440493009,0.8225086793692548,5.942864734775891,6.76859499573157,-0.24392363564313274,6.019516394060591,6.809180673801948,-0.26526425646407814,5.789191449762739,7.47261743160504,-0.07448177690784483,5.809858924721068,7.46136829657063,-0.10330439659347251,5.275224367952181,5.40613430014361,0.25878842938494007,5.874705780924284,6.776286705854402,-0.22428241347665487,5.6297556679950995,5.404886112384348,0.04232072640401327,5.607512782529684,5.272727992433657,0.03972147080538511,5.527618349405957,4.826443218386493,0.3005958722470869,5.224294715467059,5.347502880195437,0.43367614702848345,5.5722930546566065,5.042712670538246,0.1645593904746304,5.198033563393625,5.599610227452985,0.3770357661516946,5.150988199377182,5.612183698679741,0.5899576505712508,6.0625891086907195,7.265443406918046,-0.33376365577196593,5.969764887143923,7.313095803254821,-0.2802604017630697,5.895936107744128,7.36425174589486,-0.21941185463337665,5.969862946211054,6.801582353266859,-0.22696502938458304,5.8001219826266555,7.46671018098955,-0.08956759641554815,5.848978745454597,7.468486019919562,-0.15837847020303816,5.822703584943001,7.456835309657856,-0.10563298514594087,5.9693543321485745,6.680874155964227,-0.36827510443992273,5.93316407094441,7.408381918010821,-0.19214573181837508,6.0042306736913345,7.382436853772825,-0.2338493236629977,6.0864537402663705,7.3710303932021395,-0.2706605807268154,6.072539410074053,7.785352580844137,-0.25681943564412396,6.0752584838402734,7.56247401940593,-0.32214816865044393,6.074264243921529,7.486350729673424,-0.31992619239417586,6.07801132153437,7.427950628550277,-0.28627549939286717,6.0853574901825525,7.3757365100429615,-0.2647271765368733,5.932947838129712,7.410201578208928,-0.18895156097393054,5.918960233030089,7.437518032623863,-0.2109296779783251,5.90637778203528,7.473337249812109,-0.23522338532093237,5.896541703301572,7.5163445917308165,-0.2247828783996267,5.78089019298452,7.200602297766384,-0.16491156575292945,5.125676747572953,6.9972134249087725,1.0838036763094587,6.147128955423235,6.801612525287514,-0.3702246120840655,5.87857210985686,7.434790338280312,-0.14182468311299382,5.86487904114935,7.453129898168776,-0.15598870698071388,6.040688531983456,6.868288380647613,-0.2823865638942203,5.914810143427062,6.872386028405214,-0.17003968679336623,6.031014807456132,6.841278675109343,-0.27396006180109267,5.760757553011383,6.409144219558909,0.006343392337432548,5.607082831235343,6.532927807824075,0.03259600521268475,5.851798751813725,6.7101517917217715,-0.18562167216008638,5.308940523462591,5.016764732774474,0.47307487935771575,5.356390336232107,5.152577977513152,0.2931947698678453,5.4107764810359,5.291694340132168,0.14500801088751525,5.8439195441339615,7.685848848629357,-0.16936924608587542,5.8425445620498015,5.298519323042598,-0.019161295656748026,5.8102569080411435,5.008432944784878,0.08419443434203067,5.7749294229514385,4.724711785313312,0.19219785937191838,5.454351703486232,6.130369834711966,0.2185913283276026,5.253647781276244,6.324920460661834,0.35631998004124465,5.848194632108275,6.017183450320617,0.15321246576613096,5.305449548834599,5.866268390862393,0.2998395737323066,5.920821200161236,6.179090464256236,-0.04277196255481618,5.908867692120808,6.601136689186053,-0.3568793746920593,5.16478399663121,6.47697379551836,0.4549361519817398,5.316775550683538,6.40801348716577,0.24679159396365927,5.436062071108138,6.4314707964625715,0.14086411732444498,5.615123315549324,6.378294765201499,0.09376192821329689,5.747704202979915,6.295757765935357,0.07150642056141342,5.847241339931848,6.2072582006825225,0.05181250399353396,6.030682915228921,5.947955544880071,-0.11807428541167767,5.188006395195764,6.786078244938572,0.3850572133574055,5.237553881782285,5.866951571615808,0.35917177477927714,6.1003910586649015,6.737649996642084,-0.4780143803702151,5.876165891209579,6.423534836648718,-0.0813698875876817,5.075369572609213,6.311746781738465,1.114153855563164,5.9204911038876356,6.1070087885286855,0.04622356931843105,5.8472355928802955,6.739228999056391,-0.09369964790949953,5.367802543854346,5.98295724398484,0.3130716435974343,5.907321735252933,6.521266321840706,-0.3106718454843116,5.1739160615496225,7.357278417216207,0.9826624833903522,5.85200241295315,5.965703876839975,0.18527961034555615,5.969571642535439,6.404668703161669,-0.3962536820521895,5.432650118439007,7.934493597325959,0.24390480057964314,5.454117151944708,8.151844931932647,0.3982264921944279,5.121492175660607,6.901354041760317,0.7355301521279505,5.316118231662113,7.782303769995038,0.40016037504215973,5.121734270207296,5.916086348062647,0.7161171507665205,5.832782835795565,8.284707424889357,-0.1404810853181764,6.116220593787402,6.800534234739801,-0.3607714980083647,5.799171563976006,6.560912356982097,-0.05875384224850052,5.166069899416292,6.169363579502042,0.5302728140328686,5.530566227662149,6.059271623181497,0.182847934055848,5.608517798170092,6.06206325347358,0.15455836462651176,5.83741388177547,7.499017949678645,-0.14453137602401206,5.218965761914134,7.09717907639216,0.3667754158269371,6.0188138170081835,8.47373872620359,-0.14726079897291258,5.722552591047016,8.36741827246499,0.08869483030913017,5.595702950778091,8.285289313859142,0.22527716973206263,6.079300097845229,4.980130871028529,0.05336474669904532,6.22418039398162,8.470542647158435,-0.18688794292726388,5.689283627985609,6.0408228693135175,0.14898070517266945,5.765493482682138,6.009769035435238,0.1623076911861094,5.821620624915901,5.988355162156407,0.18447790787856164,5.177326577455866,5.871989580683841,0.4686347881454421,5.7534681364972915,5.860276730427212,0.15897452475692617,5.669300052162139,5.8134867510141754,0.14963361288303825,5.587568358494922,5.804207417899706,0.158267412921652,5.507694040051632,5.833966369224852,0.1840715397000673,5.459650844209224,5.8818411046186,0.21437889668487356,5.0778681032720705,5.930273304013031,1.0028491815671638,5.4798718450999955,6.038510399444704,0.21999771715052535,6.157596491446378,6.984051240088512,-0.3031203095407748,5.871727371456715,7.092401839788365,-0.2055539173844275,5.936547647546496,6.731476226510803,-0.27300625328800315,6.0383667231558675,7.000985645872161,-0.2932649692045938,6.110931151213906,5.726024887757459,-0.06381400328184689,5.562195125886494,8.083564930807695,0.11399976055681099,5.690924411204115,8.187214442336836,-0.010942461222994282,6.008141542273449,8.337516363232453,-0.25521966751619607,5.347455467020121,7.986598521853759,0.6171950381284853,5.820215830001807,5.923304285623043,0.17586139389344846,5.979723090723143,6.173960502363348,-0.18120313239113814,6.2157343833424,8.334823151198222,-0.290395080233936,5.858939463368872,8.43023929299562,-0.049026721775395535,5.164434504058617,7.237654257512842,0.668693154830155,6.00423498398,7.389327568585397,-0.22936260500511277,5.9907595848500765,7.426421912837062,-0.25291018342025884,5.982717663773206,7.477720813384493,-0.28233057504041453,5.977766219669197,7.545923947694917,-0.28061238622129764,5.947495062374352,7.747695743921679,-0.2264686053572347,5.859127679307247,7.426431251795837,-0.14797749671058252,5.8401379842117995,7.41972013234431,-0.14501856211497666,5.822914789087591,7.409765520672311,-0.14169214173654265,5.713013563040476,7.337492755480609,-0.10837582162336942,5.337824845379448,7.114090493969595,0.15208419158449638,5.976261569734363,6.052260220286303,-0.07278925900064731,5.911740499516082,5.809359649617363,0.12325673404883053,5.857852193053105,5.848022220561672,0.16261002875171848,5.878590428583686,7.431913220596372,-0.142515642590484,5.343738202237214,7.510153580444875,0.24466722778611916,5.997556910074905,5.775880919174255,-0.001188655404797789,5.895073331629668,7.933877944428297,-0.19782920661400305,6.121821095526227,6.161480779915058,-0.37131109667012696,6.036448644699908,6.07789278859608,-0.23542751789818006,6.118290969109528,6.035215183760251,-0.2586984970078968,5.92935880443459,6.413199482811304,-0.20845635801427465,6.207249580105192,8.162473385399286,-0.32045748037098704,6.20098601229339,7.961775569431572,-0.2924111953076063,6.045174105720914,7.969360240719222,-0.2684529496500108,5.666075597049939,7.718642961556163,-0.055394342649504054,5.770860151260883,6.877615126937398,-0.08116087226155559,5.7728629987272555,7.85235601814278,-0.12744947755010502,5.5362777193341,6.901219704430256,-0.032262300194798164,5.679270109035188,7.043681210244095,-0.08327250961788166,5.464855517772306,7.177318836779074,0.014696089155703264,6.016892865026446,8.169838950346461,-0.2835383538434417,5.88333138692455,6.524098899875106,-0.15164813404787927,5.585143821120815,7.875036757098423,0.023574991963303087,5.717384914128309,8.005162935134251,-0.07120127120593298,5.580297979089101,7.553566089498101,-0.01315930427904059,5.253608270296813,7.362847310171488,0.36007617211865917,5.462665891130446,7.624881252224712,0.08688256158260091,5.219684143358314,7.540975736307407,0.574925024964547,5.605789385445097,7.261916154027124,-0.056187503112138874,5.930365616028608,6.295907189275746,-0.12646592355534245,5.939306232292147,6.6563428664083775,-0.38267003181839626,5.89606541640408,6.729393638704126,-0.2863587193932914,5.969779254772807,6.534946459682221,-0.441934884604975,5.8219130061636815,5.650702234144492,0.10946885021539896,5.65227620788869,5.550968260676853,0.10818332907045945,5.510291348163064,5.542274049248668,0.1220791272664589,5.3997407052904105,5.601247059573549,0.16639448464907747,5.3283774110070405,5.706961558563983,0.22768572311903623,5.3109045783309785,6.041341540716216,0.3561677056244987,5.094325144586062,6.577424354476568,0.7615641609685033,5.393451634937339,6.24559390806973,0.24530791178722683,5.490045203921746,6.271135241936096,0.17779844210941873,5.613057609706585,6.252815796728069,0.13016744007002887,5.73227947580121,6.201589452706501,0.10568751478743814,5.8258421934726226,6.133757721602717,0.10845456296447756,5.889820167319104,6.070229813731015,0.10349245538590669,5.096817209815921,6.65685722752241,1.134691393277777,5.908065260047659,6.7851271079064785,-0.24275992505182195,5.982039870880622,6.286973397635927,-0.27548334475463554,6.000762328078835,6.637373285993367,-0.46226193655644315,6.06314944621718,6.725336938688843,-0.4367076269252414,6.007813241953459,6.674959721534295,-0.41849077556721087,5.9398213117876235,6.837925988909356,-0.2182523420836303,6.074075309601709,6.733588986338136,-0.46359650968436805,6.090867475859411,6.787548053373364,-0.3577583368384334,5.885161104462876,5.9581709290163065,0.16710185465268312,5.936976521268672,5.97144015267175,0.10182867273647636,5.970278529876512,5.977074777529174,0.03220492228312182,5.434154409183119,5.923774825468981,0.2484519755259398,5.353443535548082,5.861311558897553,0.25956589770290356,6.203786981544247,6.179600515081603,-0.34424621045717624,6.823084946654047,5.873736325165364,0.19763284153612057,6.219987201491944,6.75900101154455,-0.36160358576550605,7.179696679359309,5.35362887796068,0.7404824942087646,6.565615600297142,6.037746041588096,0.0879987018526549,6.663888026716597,6.045546227309,0.09259427213639816,6.7565060727889135,6.0243783996747995,0.11970051018122947,6.86639400877931,5.928915203892809,0.20543893145451847,6.4759127461253065,6.0026800473440725,0.10979068510239147,6.680388530107961,5.493054503791416,0.08449260192785048,6.565736288379764,5.5331225880312624,0.09131353833030151,6.7897319329636705,5.517515751156457,0.11348461371307374,6.863484563930383,5.590835198112329,0.148416371649426,6.953090436607254,6.023166130987746,0.2457246852719517,6.578269171054924,8.0400374807234,-0.20098581957856906,6.8486406481492965,5.819391487294611,0.23430293664615695,7.244813646985537,6.004343459578071,0.6868874669703744,7.063560979948881,5.9103777299164735,0.35756951476571475,6.635509804527165,6.59733429620201,-0.08568090024655932,6.28023641645241,7.171489171359556,-0.3462127572111981,6.276149544416471,7.316232975021554,-0.3154788275697799,6.398966909639215,7.231657927598274,-0.2996245980851358,6.485339347435833,7.294940867397511,-0.2397212613406222,6.370031941830544,7.331673147401308,-0.2825204522358793,6.449780902711825,7.348452382793015,-0.224653165650112,6.628760610859096,7.533878846020356,-0.13615577799103062,6.212411869163068,6.629452412189841,-0.5204846423617184,6.219821255378338,6.476717333342788,-0.5354200619792566,6.997232102826322,5.426833024694761,0.21191125642411618,6.424899043011215,6.235743461707138,-0.04109133442175534,6.434849344394549,6.638741802644529,-0.29053291967353795,6.439561208286924,6.571708911706674,-0.2552943567369706,6.94462502966904,6.582576586194225,0.03719565287235922,6.2085613446222645,6.308666362105822,-0.4576402744341531,6.760193524741888,5.221003450880549,0.06930312783504908,6.897155102219087,5.286655612682692,0.1398044036718893,7.064241287176519,5.051670168765724,0.5827759912737861,6.323906824444095,5.426572611421246,-0.016982733772835074,6.470774163655089,5.6292255024892945,0.11764779132803621,6.701270441927377,7.390400830463002,-0.09730187063894823,7.229002071399141,7.5092318970519925,0.7387879221796251,6.361375445428178,6.733548038595817,-0.2626640523774495,6.285444681922713,6.785457563370801,-0.2742417571248916,6.589328653388071,7.402609723106837,-0.1060501065966778,6.567297331257967,7.395659382634398,-0.1311697393306005,6.949869214211552,5.189006741356785,0.19797306249820004,6.438673288821917,6.726693961236899,-0.24584710195992399,6.573353286832401,5.259552517556679,0.014020099232173925,6.586981701209935,5.1205295445254055,0.010108879877869908,6.638063650561223,4.689376757218444,0.254737207028169,7.001951868914582,5.127767596766239,0.36339397191976297,6.601178355309815,4.905759354447656,0.12806125792279455,7.055007212093033,5.375498564265843,0.30519434411838203,7.1139288581446545,5.378383584145669,0.5096602952550194,6.280706237916903,7.250623916106063,-0.3424485955896372,6.383945553641417,7.284464710797037,-0.29731628135904536,6.467818024012289,7.322510192080796,-0.2416038023645153,6.33916811984425,6.769231481691113,-0.24025676980841792,6.58078135096522,7.398259923462328,-0.11887080206262202,6.52891708422122,7.414042763790957,-0.1840543546689573,6.555984260275024,7.39355955367306,-0.13266634114831813,6.319258896500253,6.64848880207916,-0.38336955574966625,6.436235102200372,7.366445682825384,-0.2106456928136728,6.360040692704892,7.356784170782611,-0.24789522990670051,6.2716179942665855,7.359464451950846,-0.2782312435763035,6.316846571610697,7.759452774637125,-0.26337493571530557,6.29318021331364,7.547457692078241,-0.3302641054654846,6.287433880141647,7.472853779100175,-0.32817022560048187,6.281168875566955,7.410142670930505,-0.2949645699038425,6.270563410306529,7.36650674524814,-0.2727125475244343,6.437067706294176,7.368957862735681,-0.20761437006285574,6.4525279933543676,7.392699651084377,-0.23016157986756142,6.4681269280332865,7.43066682879072,-0.2546111759835557,6.482721565453242,7.471659110758504,-0.2447263595587432,6.567315290794071,7.126169359572033,-0.19325650667701788,7.30394865232608,6.7532474945581145,0.987599649663158,6.49766030758496,7.381565457081035,-0.16557099501984618,6.510479106074903,7.398478311421359,-0.1806180780531141,6.267039030941383,6.847791521282277,-0.29027778201375354,6.405956761091084,6.83315018906845,-0.1862850861990763,6.275398835807303,6.820846470073983,-0.2824271748952366,6.536263971250846,6.324497333991212,-0.02401345439405168,6.704339367456914,6.414584522235683,-0.008270614722829391,6.458711820825867,6.654384558591543,-0.2089339469781334,6.891432475634751,4.8218613815355145,0.4063713663120169,6.840538023840394,4.959455853065037,0.23761139748848645,6.793407172432094,5.095595242979371,0.09957870205330543,6.545419024375473,7.621559456426825,-0.1936862783759984,6.348421591226729,5.2090901722009955,-0.03204517501564987,6.355083860740052,4.936708304635085,0.0656125834744515,6.371325028430068,4.650319435670558,0.16980740264327474,6.829440467290705,5.988203942862407,0.16294534451549944,7.060285160563421,6.1312958283935135,0.2848500285628334,6.416166398175767,5.964572785256115,0.12843415401587416,6.960749101183654,5.682606272461958,0.23585654876629628,6.348022171143765,6.133144223849388,-0.06166030132455107,6.375585748775498,6.5575474582975595,-0.37507972572629383,7.176394998241859,6.249017714032691,0.3754929073037978,6.996713431423624,6.226339848602825,0.18013940029237904,6.871888190064397,6.276364340468281,0.08547489314273071,6.6839631961742,6.263854445999335,0.05268524203817678,6.5409815821947745,6.21364964039139,0.04022949837676344,6.4280900933862615,6.145123234431085,0.02762197979820204,6.209444235417162,5.926698637946792,-0.12577760188471762,7.17551857287996,6.566605529927221,0.304990840124898,7.035682751244598,5.661733699601316,0.28697953565758344,6.182415133579899,6.7288455136622165,-0.48197086617403495,6.415675025267947,6.369235975190393,-0.10431532765608438,7.28924841283383,6.05394913506157,1.0158627512261602,6.345033704335978,6.061392285204716,0.027781968396940398,6.469871876561199,6.683029300296766,-0.11512576734701241,6.901790817678378,5.822857318572056,0.2533045972825337,6.376671941519097,6.476338027940261,-0.32929920693885056,7.284517152642462,7.1248798648797305,0.8906635025275577,6.407793662443852,5.915349647891641,0.15992070046717127,6.294081782026086,6.371586519275749,-0.40951742804912156,7.019844595544767,7.774451860810153,0.18389514338139096,7.027453691801519,7.992852750706788,0.334545344580914,7.275863529765873,6.656045456490487,0.6465447365246496,7.134220260416956,7.588034031189845,0.3289565165405567,7.181939466228038,5.676282719799566,0.6299529986898744,6.614559646470552,8.211867856738197,-0.1686437706249344,6.1778354518732534,6.793447401792968,-0.36323202180294073,6.5082715198969385,6.489175504347753,-0.08641140437760958,7.146682741710586,5.9481372953854486,0.4520487973622204,6.74290352014337,5.940697018768079,0.1347843541399613,6.666607100482818,5.962268217583186,0.11205924390543055,6.544704953219958,7.437463435634105,-0.17226820705560236,7.173456818135164,6.880772413384568,0.28995042456940884,6.4356467477975885,8.437218368725826,-0.16215987297925938,6.748443677840884,8.275397919754232,0.04849503532137704,6.881555449158724,8.16305168246185,0.1737298888003068,6.579616136262761,5.959526155610752,0.11274739720540441,6.500251509454116,5.942599292832266,0.13141469617835574,6.442974238528222,5.92995865294048,0.15702774471732928,7.108224909477867,5.649093778090974,0.3900329926328359,6.49918830491673,5.785797815820434,0.1266383687760758,6.580032797500385,5.720627328776615,0.1127557820638232,6.662255145693976,5.694016324939865,0.11416816488192082,6.741044348965833,5.706764722048279,0.13487115482289633,6.795043645361935,5.745227223760383,0.16232838955146983,7.246934309008756,5.673324425012434,0.9070779797409815,6.791845411172447,5.909162228512921,0.1682846248016848,6.4640810037396665,7.0396640212082415,-0.22740211959452614,6.362064373233147,6.694656303970815,-0.28917039701755043,6.280775920916988,6.979901868866929,-0.30239050134174855,6.889288107023875,7.951734751986272,0.06558711460731331,6.759393247813072,8.087954959813079,-0.04860213028011015,6.430989480894971,8.30149815438417,-0.2696983312317568,7.137672083256239,7.797486043436332,0.5387644867926354,6.437360087541957,5.862598180064079,0.14725199880022138,6.2783219299036706,6.142573698685691,-0.1938908599416487,6.603708494756217,8.36489675359592,-0.07799511115828635,7.260853667871182,7.005887880847244,0.5822058658001489,6.361479610737584,7.360538432209895,-0.24366162846078832,6.374926274609741,7.399041522473596,-0.2674034392589045,6.388000098512367,7.451333226176883,-0.2972567679462791,6.396587630296092,7.513912152160824,-0.29553462802921926,6.445009413159583,7.702363001268161,-0.2429668189077457,6.515214676554936,7.374699167237566,-0.17391646593101237,6.531125388780628,7.3623494718306715,-0.17330267633522117,6.548004479193075,7.3515636928277575,-0.17179903662429258,6.652447083836591,7.247936451123386,-0.14304120596516187,7.039959994363244,6.92952608847527,0.08957394398909008,6.276551119643767,6.0181263259661035,-0.08564461637127321,6.33062440932862,5.759482785138686,0.10563331066253276,6.391442582392877,5.78998741640289,0.13940125698518369,6.494686208406056,7.379812606357237,-0.1661738068491935,7.072239027794572,7.326507266436212,0.17986134177464122,6.2327557132807945,5.744104393563131,-0.010340451258872252,6.517399274526686,7.874016655447688,-0.21774473824505694,6.207245988197972,6.0591221998411084,-0.24190525317802924,6.350847565363724,6.368661988416493,-0.2252371199665496,6.362491091810989,7.94247553355224,-0.27882552462600124,6.74092868955332,7.61342737847871,-0.09040357353472708,6.559191115041842,6.801389827039819,-0.10851497435404905,6.639665641181745,7.766644491274808,-0.15536778969403123,6.806300682592232,6.7672350996577375,-0.07502911060769436,6.669154481083878,6.942400202336415,-0.11705679911838766,6.905811598621453,7.022767689641134,-0.03369341144163975,6.4077067382891055,8.134250333601797,-0.2972879726402607,6.41301485878015,6.472978157925833,-0.17307082994882222,6.84057178776827,7.7496964362437195,-0.01936518549964056,6.7133112333132745,7.9084472413043345,-0.10434976506656475,6.813440675765934,7.423531864287127,-0.056149451345017476,7.1603614427892115,7.15226600229475,0.2866491924403614,6.952193896564918,7.470267605901128,0.033826828345476005,7.2252298504357535,7.320719267140456,0.4934954555934481,6.761149690444091,7.1429859507988365,-0.09652405435497267,6.343966189509926,6.2516929665308165,-0.14467660132283702,6.344740604706752,6.6177384843610465,-0.3991278813115124,6.404160807480634,6.685310879763481,-0.3053100708791554,6.299985440734354,6.501683962053811,-0.4577324517532094,6.408184461949485,5.571811020707562,0.08539905338917446,6.569383510971864,5.428226325505748,0.07597840678733762,6.711601485476127,5.392403875601003,0.08116097328394618,6.831028090282342,5.430076516915233,0.11468135862610672,6.916869644191712,5.5216054967181725,0.1690916141071201,6.97154206400101,5.864782418845108,0.29112080263849843,7.272995751040708,6.328520988460062,0.6706719365181482,6.9040623398048755,6.087473841917106,0.1862355515535581,6.804981734260718,6.132322395477247,0.12652951153786243,6.676910845536687,6.145106711657869,0.08854750037716796,6.549666095473463,6.120278730565573,0.07336272382552889,6.447688975946373,6.071658674423489,0.08474129099170243,6.373409771381077,6.022708881198525,0.0843112442873253,7.302792776582395,6.403757077109006,1.0376617667567527,6.400971193868477,6.741900659647295,-0.2617266094916352,6.278885140955907,6.253000420759223,-0.28847022205309664,6.275472829096054,6.6106839785792015,-0.4733255944817345,6.22383485250697,6.711537549527595,-0.44248089940139185,6.274326292311143,6.6526309894863,-0.42952893095123384,6.376537604189036,6.802207345123295,-0.23340069445110745,6.209259611386008,6.719324804382503,-0.469013060874643,6.203624627337862,6.7817672378920495,-0.36237277024744136,6.370796299687151,5.911677281948994,0.14619582093133626,6.3172194115802265,5.932904016861617,0.0871051868696812,6.282535955455229,5.943949849947325,0.019608875358247162,6.824499439717637,5.781608933619422,0.1943254358165372,6.908045046531408,5.6927358100156145,0.2001722974918758,5.60592049005866,5.936704254701328,0.17767256821074637,5.706314656073499,5.923858157716506,0.17763459501659543,5.599496723184805,5.8040791868119195,0.17771461597465102,5.506479616220246,5.949219177840383,0.1776516790253148,5.613025641732319,6.074361943797937,0.1776248631929688,6.660867951125265,5.837833057348149,0.1437912635411459,6.7617344529396535,5.826398220710418,0.1432594704523818,6.655477216768141,5.702325843104692,0.14327122272382017,6.558653047340152,5.846451120343251,0.14315374490827665,6.662968498468047,5.975154543928882,0.1431717156690912
6.153757843693369,7.189678184675953,-0.35884820717875665,6.125498845493544,6.612364085608623,-0.5240442124154376,6.139843681957703,6.8327491583198485,-0.30966097452934044,6.0322624246547125,6.174207369029452,-0.33130298426470284,6.11821392155036,6.4532953420457755,-0.5398248403153295,6.112740554535012,6.276097413863747,-0.4780027729146496,6.105097332148824,5.873436249137779,-0.14771518404377101,5.43199393583625,5.988531741387476,0.2513563229436433,6.087268401624881,5.467253727313955,-0.03390434846781672,6.079084148589755,5.254491812276109,-0.02668294971889576,6.057237259325952,4.661102653563348,0.1740713823778855,6.155888286235479,7.246118788611915,-0.3542272545529703,6.1591480854699405,7.302144482950878,-0.3278012216129489,6.161244131361522,7.345232737109805,-0.2896384065754038,6.161449078070921,7.352593620322906,-0.28379910488148347,6.161871870233667,7.404231591928825,-0.30655965517495026,6.164318332002507,7.469340868394857,-0.3367521213478431,6.165820319075585,7.544210194448352,-0.337587986828069,6.178113538655095,7.75245253292613,-0.269947981278133,6.131000159787447,6.7156457615955505,-0.4822564024553974,6.062644699427787,6.746445812353169,-0.35421036973884373,5.089744038391628,5.577320859214516,0.8304457684024118,5.698487001984051,6.099107298778661,0.12348275494326491,5.603191798291712,6.124759317507181,0.13510130975142315,5.513561651281728,6.127390661272611,0.16886134232449315,5.396510924428552,6.053704436677919,0.26321875582639837,5.779496846753771,6.049758137626659,0.13774317853361714,5.537543999265843,5.59538125053264,0.1311747171145284,5.652935087731019,5.611280385642556,0.12773482812515094,5.433949887036615,5.640664440953418,0.16726620885306004,5.370642493440457,5.727129737816336,0.20564830253772437,5.329756699810683,6.171725794013198,0.30739292299146437,5.834460902806109,8.081534604291864,-0.18579710201098135,5.401886834267403,5.943354249007385,0.2916803494020908,5.077565474313879,6.226460180763569,0.7706955617484099,5.222279707354606,6.084687936238358,0.42842936172463175,5.670942809178022,6.671281964979523,-0.05407899171715642,6.042038239373668,7.163565394149729,-0.33934976266597866,6.060982194652243,7.30896791849947,-0.3110423269953892,5.935522561640175,7.239493133803862,-0.28446117322319914,5.863371645873761,7.318394033938053,-0.22021859829714446,5.975749444433263,7.334168481189803,-0.2708484524463633,5.905092274875737,7.369839957578521,-0.2099530791812112,5.742828225798169,7.591129375559892,-0.1131725268997404,6.048970597648934,6.621322979877527,-0.5117302563135379,6.029984363154084,6.469102036157396,-0.5244631080826161,5.238841336285639,5.598754988671978,0.2820581327469208,5.846281168440853,6.273105621864652,-0.01623196357219532,5.8557402473361915,6.6697957430379375,-0.2677640402997524,5.848301255062516,6.603015362633729,-0.23160588265716914,5.3810191746483325,6.726797442335647,0.09052385529510201,6.029628931098624,6.305778856882303,-0.4442615846003164,5.435719881345062,5.360189494664221,0.11801636355072866,5.315170370195938,5.445456283235287,0.20098569771793873,5.161710430459895,5.258557783007333,0.6666144323605271,5.868390332164935,5.460763509317357,0.0027529152319142876,5.754342504562586,5.688969520442503,0.14740514392230802,5.664018691766945,7.469287123628406,-0.06793074794119527,5.233511288647493,7.691846351291788,0.8079968481797488,5.931316854516179,6.746803394199289,-0.24408747764309,6.008063664411022,6.787247405848838,-0.2643879508268826,5.777480343116538,7.4508218550696865,-0.08234165127919656,5.798058497593659,7.439378519396985,-0.1110918878412088,5.261339970417269,5.360346429382258,0.264582036614728,5.8630853654178,6.755098003154861,-0.22445348435059256,5.613141746053968,5.356724390421917,0.0505540460364574,5.591486904755615,5.224014946714081,0.04857084176077053,5.515079761784741,4.810098911296431,0.30858813941637186,5.208737101104337,5.31765409500285,0.4374290124414274,5.557217808472819,5.016330837210506,0.17282984468239318,5.184772668042372,5.559260826194835,0.3796195740912689,5.136667519084484,5.582790643245435,0.5904525894611957,6.049145447289121,7.241912364891034,-0.3364286226411147,5.957154471838176,7.290491184390574,-0.2840299162597369,5.884091328235869,7.341994435781924,-0.22444746045801953,5.958331123925005,6.780047040338204,-0.2264529016308254,5.788364374919708,7.4448303885057525,-0.09729640126796128,5.836656197366402,7.446603965798628,-0.16574373158777259,5.810845452427631,7.43471275707217,-0.113251106227022,5.958230800360963,6.65811091421465,-0.36627105362884416,5.921061994778926,7.385936873428976,-0.19781652559590443,5.991486986945383,7.35979398583354,-0.23863462321360354,6.072978026524059,7.34801599941507,-0.2746411982211429,6.057584808815666,7.761576244478816,-0.26333708388720084,6.060892620041491,7.543000578904766,-0.3269956099575042,6.060090748126045,7.4665619056709085,-0.3244711958836579,6.064107273672135,7.4073401892203385,-0.29088754691598356,6.071771993964903,7.354283355780119,-0.2691693315805245,5.920622362589358,7.388072332149288,-0.19508875476199994,5.906168603398525,7.41601387792861,-0.2171744499380663,5.893238329187351,7.452376870312329,-0.24182034424497414,5.883097766653416,7.49550597049376,-0.23174906767245512,5.767847847774783,7.177040998591157,-0.16947854498304876,5.109661848838291,6.967010034285898,1.071654340449607,6.135661622530945,6.778431830957136,-0.3682483907675268,5.866626787228464,7.412200149301262,-0.14893455202310235,5.852722657849201,7.430919093157629,-0.16322600201925358,6.029133046053504,6.846174600979256,-0.2822951695606215,5.902838577669234,6.8513935761000715,-0.17126457314681928,6.019551429090657,6.819254922359384,-0.2732323239559408,5.7482958600384295,6.386867527309485,0.0062961776958590735,5.59455501432307,6.509451457017992,0.03166485723473741,5.8399478851622915,6.688786993710989,-0.18606070889359613,5.294566776529363,4.99754883282817,0.4782637485430736,5.339953156901727,5.123292238207098,0.2992331910060312,5.395365444306264,5.2434780764365705,0.15217863091337747,5.828397059956687,7.662187839373583,-0.17719218421011407,5.827426787773029,5.25321017874548,-0.008999592633258972,5.797037705329537,4.9868210191461495,0.09403326537924885,5.763532143028785,4.711498762765811,0.20238554734110764,5.440378477701016,6.108350682011311,0.21789507768156063,5.2399384461181215,6.300721116060841,0.35325592986763577,5.833719583327531,5.99833120380367,0.15456937727433012,5.292631964937135,5.8358313943506035,0.30037302792784165,5.908349924319541,6.156811979621546,-0.04006016484803342,5.897716343128031,6.578734910345035,-0.35476179104262884,5.149954300246448,6.451743193190676,0.4504150020604889,5.303261246547329,6.384054167935007,0.2436538021651375,5.422611532807713,6.408053714244386,0.13832860459900873,5.601440793800745,6.3561584843563885,0.09316308162627883,5.733953531663371,6.274798940306296,0.07171794568852147,5.833722808013517,6.186254079280175,0.053292912925268714,6.019010398441719,5.924767158978043,-0.11154126126969548,5.173456170018493,6.759646960187256,0.3788051617303179,5.22463838600491,5.83347629868473,0.35947865568287707,6.089440406786379,6.71412084342212,-0.4748400277709367,5.8640699695391785,6.401367148701022,-0.08115483247404698,5.060218096897335,6.2852254249977495,1.1060950616866028,5.90706936568424,6.085481208991171,0.048922819595304666,5.835176783095233,6.718231959757162,-0.09561355185894993,5.354354246221438,5.95775712981931,0.31261816833503175,5.89602445788016,6.499047186830004,-0.30856605927482167,5.156846170797655,7.325319226244458,0.9692066936633854,5.837307942234228,5.947056188520515,0.18653698829578721,5.9586485763455075,6.3816550015606435,-0.3924553023007951,5.4157594333836805,7.903261064183933,0.23154479277263673,5.436288142675668,8.118107559563184,0.3842849333303352,5.1046023165246135,6.8732813113863775,0.7263494113307013,5.299807249556758,7.750132192209227,0.38745126145847814,5.106974968814194,5.889077767667174,0.7136095727419844,5.815883845133171,8.256192196512986,-0.1499459389530955,6.104976227275087,6.777272377195571,-0.35898962309548027,5.7867061697254805,6.538498711792428,-0.05997916495749544,5.15180956958433,6.142440629072604,0.5274572290215896,5.516446312046364,6.039892748296952,0.1825360263383162,5.594698333700272,6.044175131287751,0.1546529503861611,5.824857787936681,7.477228450319175,-0.15217210316361895,5.204336837925789,7.068645687225659,0.3584631259271367,6.001478139028586,8.446849964004949,-0.15718053316186276,5.70431687595019,8.33690107059058,0.07705335100807344,5.577383203143599,8.253162424878933,0.21251663735995585,6.067862957951716,4.960288661143166,0.06442202086345541,6.207853742618305,8.444442198467954,-0.1960370811660241,5.675611079591937,6.023690492704254,0.1496080635213415,5.751456052305736,5.992410680331451,0.16335974810993165,5.807017750161005,5.970345587315857,0.18577449561859297,5.1637831869526805,5.838910969468234,0.46823569172024204,5.739421524202075,5.839721798844755,0.16033926984174451,5.655935837191189,5.791576162162808,0.15176119083362363,5.574450530387601,5.781061894352818,0.16010832410157494,5.4945173724391125,5.809866939379784,0.18542755075750045,5.446109102998442,5.857519915702599,0.21495647060760023,5.063002075799487,5.906128473972909,0.9981328435640868,5.465518129656037,6.017657463520932,0.21956297932740287,6.144767419161481,6.960691799541943,-0.30349922663036805,5.858770018970244,7.069866768319421,-0.208513077738773,5.925129757002364,6.7095274573827925,-0.2720541491007287,6.025739959798244,6.977893707790626,-0.29426168814106957,6.098914534216324,5.699765410828694,-0.05582933559536888,5.544860453472011,8.053035546135225,0.102643356113887,5.673617507055056,8.15747810907749,-0.02140215831943953,5.991785091249963,8.31035115596389,-0.2635643122810242,5.330183791554745,7.95192157572848,0.6028129004241592,5.805647616914953,5.904020962531152,0.17733535802857373,5.967911665992522,6.150839144576648,-0.1771167399942088,6.199802060007091,8.308842719518838,-0.29809575020505824,5.840933205880556,8.401719408720892,-0.059681894816477676,5.147271719803668,7.207718511281269,0.6578307460302529,5.99132682754136,7.367703782261324,-0.23464447739038072,5.977391167899113,7.405628955856546,-0.2582798357260976,5.968979037054235,7.45761089396775,-0.2881197138374206,5.963618534048433,7.526173450827467,-0.286782678410041,5.93203703438662,7.724282392740169,-0.23375368028011154,5.847589674354707,7.404224425959965,-0.15446803479909135,5.828609889231832,7.397653949112135,-0.15150036076394213,5.811454201482297,7.3877011349623345,-0.14812258057029434,5.6998395786063965,7.313698891140912,-0.11452156532496063,5.324391538925122,7.086258205490026,0.14532741603862584,5.9641448744612084,6.0294848951245354,-0.06817091986627224,5.897815950095186,5.7849411915952365,0.12624226877985442,5.84354591812695,5.826288115321158,0.16497653624351388,5.86679805388422,7.409530825900873,-0.1492857068909002,5.328818674486895,7.480431638399642,0.23464759010810432,5.984532055868208,5.7480765813913095,0.004516123388843853,5.8796147474889615,7.907114922236898,-0.20595063924266277,6.110918248653887,6.138108084299785,-0.3651720403358835,6.0250276624935495,6.054544288228324,-0.22927774894913164,6.107051491856974,6.012021429012458,-0.25180860754697937,5.91791147656958,6.390626077976609,-0.20631189364782282,6.19173174587684,8.136124955068148,-0.3269175456842344,6.1858621007835275,7.9364352004249055,-0.2984826677361986,6.030324030078053,7.9430816365426535,-0.2752961677749566,5.650203062103104,7.692077095489084,-0.06381039982283225,5.758283070838758,6.85509766540386,-0.08413435834988123,5.756764602037301,7.825614925197147,-0.1360431979802996,5.523672475044894,6.875818064362854,-0.03653399591405632,5.666388477668981,7.019386100684408,-0.08782488269855405,5.451525858859796,7.150397209772399,0.00792858050357956,6.001570580026881,8.142121437810284,-0.29075309542524586,5.871628633492818,6.502137869199368,-0.15123742569090798,5.568597367022667,7.846492258874179,0.013765127778219288,5.700860012572075,7.976659216830449,-0.08068043973709482,5.565252292758769,7.527032650493793,-0.021163285226218454,5.238508118733645,7.332781149618486,0.350105008572542,5.446935697506455,7.596543981630588,0.07750004839506391,5.202801529097511,7.509307626518323,0.5627137062386975,5.592543885162481,7.236575151284027,-0.062043585413067884,5.918418827164875,6.273408742347435,-0.12440218233849547,5.9282577024098,6.63361763265081,-0.380412891631388,5.8846434661365405,6.70770658469544,-0.2855541178362813,5.958971761541098,6.51195739632837,-0.43814614677510244,5.807200124068496,5.619286206053065,0.11286688713103057,5.638148469286635,5.515086569455159,0.11280116176039179,5.497309233907009,5.505349450968048,0.12710781704671806,5.387272915672547,5.564954546752632,0.17063598331587193,5.316023837087177,5.6725053486879675,0.23050610798001714,5.2977137117542785,6.015178038295335,0.35552494433257736,5.077863936916902,6.550769000271587,0.7541172719397775,5.379989424923135,6.222413558148268,0.24353574282816726,5.4764372747066234,6.2490759784860614,0.17682338314399823,5.5992490822248815,6.232208720983145,0.1299819304009375,5.718506210890085,6.18193156686376,0.10533737971319093,5.812110245931439,6.114022546364085,0.10981048944393218,5.876001307691253,6.050049792559266,0.10517080452767252,5.081501741008735,6.628449535908902,1.124243146548652,5.896470897740144,6.763723679871769,-0.24254307699182115,5.9708027761291325,6.263677356635412,-0.27179577113601655,5.989824840468282,6.61415916080808,-0.4590279143953657,6.052454691708717,6.702095631077977,-0.43391638886811984,5.996924882414874,6.651938865235441,-0.41580525353300557,5.928114741331041,6.816725335351768,-0.21844569281384899,6.063169964945232,6.710237604896829,-0.460572718132383,6.079731952174709,6.764459624873703,-0.35594021222802047,5.870792364926843,5.938639758094321,0.16880739601516817,5.923414224057255,5.950222113562909,0.10473897652606676,5.957158771419492,5.954237922512112,0.036570923047338555,5.4202929835830265,5.899520734087005,0.2486842451239734,5.340311813643175,5.833053506521984,0.2597564507906803,6.192547949730006,6.1564522479847685,-0.33821648708440566,6.80849808650348,5.853676806602924,0.20219291714068693,6.207837260889927,6.736450718987094,-0.3592367146592378,7.163587608653195,5.338674031460198,0.7476491788720356,6.552241606872339,6.02087283374846,0.09118642749400316,6.650364501876876,6.028265247224545,0.09640042002709488,6.742544658905728,6.005989116426021,0.12401510805178634,6.850730007383626,5.908219861984731,0.21012085242714842,6.462809598901337,5.984799704805133,0.11346452893396336,6.6644556630433875,5.4668449087904865,0.0912029876001658,6.551084302901431,5.507683765324227,0.0971995151296074,6.773360474794839,5.491260797890638,0.12053629889403741,6.84709901096221,5.565717722436234,0.15492891856505955,6.936950228111527,6.0028755029563055,0.2501980560456707,6.562155724790294,8.012362940079038,-0.20712229754494269,6.83311175634417,5.797943842091898,0.23928717425292687,7.228715516638263,5.984442122959014,0.6898942914598247,7.046439782921964,5.887733431909018,0.362843548329403,6.6206278808980965,6.576456848844407,-0.0848000208728533,6.26518292669292,7.1472212523736,-0.3473971904831824,6.2604777515393755,7.292769962488087,-0.31773787239348134,6.382479087979555,7.20853901471575,-0.3009637948793993,6.4672367344631105,7.27210402489243,-0.24167247895627642,6.353168125551067,7.308633984350589,-0.2847541717749667,6.431670597816635,7.3255822173016245,-0.22746733409758407,6.612700886145048,7.510206955610266,-0.14017290104707297,6.201956866843324,6.605820839442461,-0.5162037019490694,6.209208110732865,6.453661523054527,-0.5302322504626655,6.980176785469456,5.393504800491737,0.22145266770946534,6.411497678878552,6.215072023051089,-0.03754313228195432,6.421939212104612,6.618164937400879,-0.2878330079020583,6.426601391444997,6.551327945842675,-0.2526826094177327,6.928030030074469,6.561836122579134,0.039074622992448634,6.197799171710691,6.285639617997863,-0.4519478475869708,6.7461168943824905,5.180908061036117,0.0807092323760382,6.88123983640241,5.2495103890230075,0.151477272908021,7.049779841007659,5.037328200865944,0.5922931237756084,6.312656753794233,5.387525157776422,-0.007334417414631493,6.457341248064191,5.605252372637435,0.12236891705222497,6.684616399834408,7.367252326223137,-0.10054580984757608,7.211288596967373,7.480218809124497,0.7319295512820654,6.34838770772449,6.712535014513379,-0.2610339638892156,6.272591821897383,6.764345685968827,-0.27248150956862327,6.5701414804879965,7.379357797418513,-0.10982224611159329,6.548130490537297,7.372470584747066,-0.13524829049083972,6.933922606268133,5.151544787034949,0.20923663905076947,6.4253788771574625,6.706466155485756,-0.24398912472048503,6.561103760561632,5.218115204551556,0.024635828360024665,6.574522753849065,5.079257717860193,0.021516596882690805,6.625962228117559,4.677128626322087,0.2667753605335848,6.988165407554701,5.104289163685427,0.3734961865193508,6.590534394670084,4.883205050711898,0.13955564240438564,7.037993972023444,5.3430090843221185,0.31424014059921124,7.097962382429236,5.356246062000505,0.5174394732789945,6.265249570203319,7.226852364734636,-0.3441339202325538,6.367227756454593,7.261357221392929,-0.299131411854565,6.449670078399448,7.2996392602373845,-0.2439596098862425,6.326097244988246,6.748336911535351,-0.23849526751292716,6.561564532359336,7.3750446007616155,-0.12272868227948129,6.510380166582261,7.3911092697522,-0.18802393803108544,6.53680825973833,7.370435449590796,-0.13664686367580542,6.307105277718309,6.626133494773316,-0.3799695868827797,6.41826808625758,7.343603912387904,-0.21387013212206094,6.343168732603675,7.333803016777937,-0.25090415030857066,6.255912312778602,7.336230847027741,-0.28122237923495835,6.301805327149375,7.73565048573984,-0.2688409062702048,6.277906104404037,7.527332904589032,-0.33385977956033575,6.271938285537342,7.452429181885008,-0.3313913944055144,6.265462399478464,7.388880653436708,-0.2983136628393635,6.254655401840539,7.344440897550764,-0.27596356580601195,6.418839213975731,7.346032459234593,-0.2111547897653982,6.434669555784589,7.37016170958034,-0.2337397738217924,6.450529994662661,7.408476711881551,-0.25851481232375095,6.465417294969529,7.449547029209474,-0.24884650953134943,6.551483447366939,7.104083553029538,-0.1944794458660168,7.285236379425458,6.729327029343263,0.9841150440037809,6.478808340978409,7.35847186457885,-0.16944021824647354,6.49183607236608,7.375420814126771,-0.1845845640957198,6.253994699511638,6.826523364574189,-0.2893919644275742,6.3924498170515065,6.812875060283233,-0.1858820523324526,6.262461291719852,6.799655997526997,-0.2808648197824918,6.522199715620119,6.304339930335194,-0.02114549626836456,6.689266397027731,6.3942929042423255,-0.005241951358373305,6.445306003363644,6.634255403879359,-0.20717053347283226,6.878551881482984,4.808151559258698,0.4176168104608402,6.82904506901606,4.935285879193372,0.24855183145563028,6.779458714294789,5.055645492167702,0.11073001761059982,6.5300335527779865,7.598159907608542,-0.19820413733027806,6.336363928574119,5.169330005148844,-0.020900859608782955,6.344233595576287,4.917060670591466,0.0769910910551881,6.359990844502772,4.6393148835426405,0.1819904497778826,6.8147561271090105,5.968714971101741,0.16757714472063057,7.043662969988674,6.111267231337374,0.28871590005292863,6.403382219144483,5.945662407577224,0.13211420922256725,6.9436747732898505,5.657215679229603,0.24227392768016612,6.335135681511497,6.11181041177697,-0.05714715726874227,6.36335741667325,6.535829388392039,-0.3713071397881574,7.160180907057101,6.228969703058378,0.3779793286064962,6.980511436215222,6.2067258191197245,0.18331287334688334,6.856407604511487,6.2568173746456335,0.08826442531351077,6.669691119892581,6.244254714636982,0.056048211156739726,6.527657317503976,6.194098665391333,0.04343829774171103,6.415160205562953,6.124976446363642,0.031428766552862794,6.197470970336898,5.904139201017344,-0.11858295655420978,7.158895332243598,6.5454088555642285,0.30625033165037324,7.018315504936709,5.634155233139341,0.293976796091575,6.171534462644633,6.705321750258797,-0.4784175033624282,6.402243546692612,6.348343995314443,-0.10190195825752468,7.271140918677632,6.034487457985775,1.0168220486496848,6.332465641514222,6.04040869805488,0.03222178457787714,6.456269219122719,6.6631450073388745,-0.11497314452823705,6.885422612426054,5.8009420834629655,0.2584277458021007,6.364344170585287,6.454892636504693,-0.32551711382609566,7.266677953271558,7.098701193818713,0.8855188367560336,6.395020966678512,5.896375948652748,0.16360219299075643,6.282591931441661,6.349168798330242,-0.4044553441793169,7.003051274667798,7.745685708531532,0.17711995348336948,7.010126952320266,7.961518957822818,0.3263702672061966,7.25961660755681,6.63336610714382,0.6455439758227162,7.117089069913743,7.559824123997636,0.32283079364331635,7.16561486124372,5.655955185307111,0.6354168046930884,6.598578911312439,8.183788680344252,-0.1755626652849788,6.166139921286746,6.7704288769341705,-0.3612165374933688,6.494369242358127,6.468588952787012,-0.08496032023720596,7.129664628666342,5.9262544558149575,0.45610482612271797,6.729354976621818,5.9233862767787,0.13897229894869403,6.653219423870742,5.946209887598136,0.11617378021709503,6.52633089666797,7.414477494205004,-0.17626207504255142,7.156495449272349,6.857630118799021,0.2888620858176748,6.419772223121316,8.410432510257895,-0.170687555898012,6.732267226366565,8.245397381022123,0.040520684717145455,6.8649594717491365,8.13190491600643,0.16565841177103197,6.566280456466171,5.943791014809408,0.11683881571779184,6.487050638361302,5.925887916507763,0.13535445879823274,6.430161444774697,5.911919651707203,0.16096570988203387,7.090892437551856,5.622391936957035,0.39676330363026896,6.4857922942294675,5.765639654470542,0.1311239730975378,6.566175833320814,5.699942768557982,0.11840959609192694,6.647910874139176,5.672652967646485,0.12017185339336933,6.726239213361445,5.684775278868683,0.14092986249205333,6.7798313446755145,5.723151191905205,0.1678368103203723,7.230004674436197,5.656575758210396,0.9112939309997252,6.777887933920654,5.890351518632058,0.17276494787690386,6.4496758111745365,7.018125606761916,-0.22783158925220431,6.3493092513199,6.6734260228624676,-0.28677470626968415,6.267202296717698,6.957208422079046,-0.3023191483146775,6.872936628284206,7.922513156123493,0.058700952057313655,6.743158782437039,8.0589532032199,-0.055543805326772715,6.415177403888217,8.274568607057839,-0.27671829908254986,7.120080861912838,7.76659600566532,0.5314307587545182,6.4243957062298565,5.84313459151438,0.15147689221592528,6.266222708774522,6.120072773872672,-0.18862341611353864,6.587869370851011,8.336645245502275,-0.08605835380786146,7.244641882429848,6.981155656815746,0.5790932299860727,6.344308838249318,7.338000124739301,-0.24695473853958697,6.358114793855197,7.377161427962891,-0.2706937346999431,6.371532353948859,7.430041978569153,-0.3009082138334281,6.380503430364825,7.493017229508645,-0.2995123054931323,6.4299736963905625,7.6789218098557015,-0.24765030778572364,6.4962187789209205,7.351738003641009,-0.17701319174418026,6.512139411937417,7.339378857147985,-0.1761764753051522,6.529003803052789,7.328617005113879,-0.17447899164410935,6.635581824715365,7.225692194376185,-0.14510241581324487,7.022857296000243,6.906476228937043,0.08911015519774568,6.264144577805091,5.996111903247695,-0.07978743125362274,6.318191748141778,5.735941013126721,0.11030728143198533,6.378640278461197,5.7687822901141415,0.14396279163113487,6.475899674218092,7.356849489228923,-0.16977593269074315,7.0550948401112,7.300828094471276,0.1761273996152868,6.220822713061324,5.717305194509131,-0.0038027039522092214,6.5015846564033675,7.847807214160008,-0.22341379184360202,6.195758303779333,6.036132764436055,-0.23513270380628076,6.338153987595374,6.347007542122034,-0.22147385210490805,6.346710871011226,7.916579733907326,-0.2846231017257848,6.7250632778715005,7.5880071629275445,-0.09469264648264199,6.544709457003482,6.780822398168867,-0.10856408112898028,6.624138489042663,7.740613635772349,-0.1605932586505299,6.790050732866911,6.7456102603840815,-0.07488702263753186,6.653233039211576,6.920866211005021,-0.11785593542287305,6.888907423082723,6.999779293286274,-0.03540411577007213,6.391737519746812,8.107150076579197,-0.30326039832445234,6.3998042508926325,6.4521595359814485,-0.17069868554339784,6.824499694968096,7.722657151002697,-0.024714368498414054,6.697342443933069,7.880795751807503,-0.11042088443207068,6.797238916230483,7.398917309422171,-0.05930629167835789,7.143300034213351,7.127399465909663,0.2836315779657258,6.935965623990149,7.444527984619856,0.029859872843966642,7.208650803829968,7.2939344324278546,0.4887068045375159,6.744202147503071,7.120649123243444,-0.09783676010731861,6.331275374086559,6.230068962681518,-0.140911163792059,6.332613977069626,6.595576370360054,-0.3953622223562022,6.391224436376429,6.664459962624703,-0.302766595889033,6.28881772518732,6.479047684338336,-0.45245931861436084,6.395660171100833,5.542982253033777,0.09100341536741187,6.555617494802334,5.397040847825756,0.08351028083995045,6.6961729578151,5.361411650653312,0.0898202467276504,6.81459990898786,5.400089250978845,0.12355974432120567,6.899785363812363,5.493262252993264,0.1772384942838725,6.954821437851745,5.8424609904415306,0.2964879755166828,7.256738754462591,6.307320256784112,0.6716830564971958,6.888483914323091,6.067568436631565,0.19003092436592678,6.790345970783947,6.11314686496938,0.13042507839397696,6.66310631110703,6.126562275272383,0.09234204634254542,6.53630879170878,6.1018812453244085,0.07610328349755276,6.434662389815729,6.052578662969997,0.08836770483970705,6.3606938260479495,6.002828924158715,0.08779057002422314,7.283882727907785,6.382059162204354,1.03622149082393,6.387806269230158,6.721308310188806,-0.25979505744791415,6.267071159487558,6.2303455690795175,-0.2835268652457575,6.264465613210024,6.587612112568933,-0.4691101190703964,6.212209935088363,6.688498921762813,-0.43912125598774127,6.2628088412095675,6.629712179622052,-0.4258340269527231,6.363237744993286,6.781721010663924,-0.23212310885329993,6.198143854812862,6.69604898655382,-0.465539092850879,6.191751810589648,6.758920330944841,-0.36018551132996846,6.357999421756549,5.891948454792532,0.14988553207497007,6.304579990292008,5.911959781132819,0.09144170393781807,6.270131744787709,5.921585110505713,0.025116580894340157,6.8090849793531225,5.759707665448147,0.19968339484587802,6.891530884282408,5.668714909459414,0.2059203630242288,5.5942239465617325,5.919620560142715,0.17176554155109872,5.6938667435614985,5.907713586284764,0.1717654071891826,5.588106717244304,5.787533122531936,0.17184564364676308,5.4953647482568195,5.931110116314565,0.17178324373354845,5.600913736791084,6.0565822897721375,0.17175641613762843,6.645918734796067,5.823404529451852,0.14052163740038054,6.745896899138486,5.8118859511061185,0.14005428186878555,6.640180226932895,5.688624120743445,0.14006637444123698,6.544629198152249,5.8320778598616805,0.1399489981106737,6.648364479968021,5.959907995372671,0.1399667898677342
6.140660337052323,7.170766953464692,-0.36508874642095546,6.110908520147828,6.585350483893305,-0.5197536373753564,6.126746701417104,6.8109312532795245,-0.31016781626150325,6.018741943943302,6.150742039329986,-0.3229545256932368,6.103655728373123,6.4266090699918035,-0.5340601623530782,6.098780737036336,6.2511987459849285,-0.47061936893819695,6.092560279546764,5.85281565499638,-0.13592610681891856,5.418711581512119,5.96969498424892,0.26106603168104786,6.074673157791898,5.440793454941512,-0.018129058347171382,6.066348711520369,5.22768291196497,-0.008321989456455335,6.04671076797583,4.651611784343208,0.19967933952954042,6.142753602140183,7.225808815616124,-0.36107017610404063,6.145845600605003,7.280082146357225,-0.33497312819419744,6.147708663726233,7.3220546850553925,-0.29808426838816376,6.147868089311817,7.326893930745189,-0.29473344909809146,6.148032519287981,7.3749332206508615,-0.318724609238481,6.150104336987646,7.435707969666892,-0.34946839018803766,6.151108074755185,7.506833943138907,-0.35169382480565065,6.162865532963838,7.71653149174064,-0.2862885846782578,6.116780100122756,6.690353321932708,-0.47907089098478284,6.049462467881284,6.722647369251284,-0.3523498914741326,5.078379063782332,5.565633697235671,0.8462436979894974,5.688271292762175,6.081821572277386,0.13131425929656645,5.59209905935571,6.108078179818991,0.14348704841172474,5.501778030905387,6.110376624920585,0.17774048219966038,5.383920700751143,6.033956721129035,0.2724578342620014,5.769452516733078,6.030885455139471,0.14616899962348606,5.523005583371669,5.5670227730777855,0.14342784468389402,5.639812348960814,5.583564428679868,0.13959539748266142,5.418912829504685,5.6134131162877114,0.17963745900347433,5.355729896250794,5.701715230595918,0.21747276300722768,5.318472923303829,6.152962558921137,0.3158719502213029,5.819768804352149,8.05358148670714,-0.20500418983372412,5.388473266352062,5.922529675412205,0.3018435487182093,5.0677361548468935,6.211965753672239,0.7780114240056138,5.211096931760618,6.064533547566109,0.4380414118183856,5.658807943228906,6.650452600934204,-0.052220413552284364,6.028561988084982,7.144132156977911,-0.3450662467378679,6.047197623687862,7.2856363049868635,-0.3182041973003342,5.922246569888028,7.2183422648724065,-0.29070377528957975,5.8500089067945575,7.29642720090085,-0.2280628354082063,5.961540329800604,7.3102829285879425,-0.2784453418383312,5.890462255495559,7.345990685194268,-0.21881670997001454,5.73075284947351,7.567174740000454,-0.12628643297785805,6.034460734751624,6.594166790267446,-0.5072943580700708,6.015413309295393,6.442440817044621,-0.51849266499565,5.222520883082836,5.569892791074785,0.2974965876105836,5.8338944116740326,6.252685764899801,-0.010025017500893085,5.8439657477140665,6.645408890143614,-0.2648245077340361,5.836856653440271,6.579379531019739,-0.2283593902320648,5.369287505241972,6.707265302437627,0.0934388363893218,6.015624208612647,6.280761825873305,-0.43672963593789166,5.417289262218302,5.328299759118438,0.13616351376751976,5.297573873333406,5.41434596564497,0.21889624403457206,5.150288939292884,5.245863862938111,0.6864861247081266,5.853241385652057,5.432035413971969,0.018836333447598226,5.74270941093591,5.663573195429428,0.15808851965919038,5.652008048801592,7.448000897667488,-0.07860547642750937,5.223598971796118,7.679065049302301,0.7954325118878193,5.919179593376102,6.722453627844587,-0.24292583074547816,5.995963030397562,6.764008657385886,-0.26351923309308883,5.763663509202701,7.428863393180838,-0.09368937427793528,5.783555604297355,7.41703730332996,-0.12275897433907117,5.243418860683849,5.328932814526668,0.28289618873252775,5.852077864842463,6.731721759196708,-0.2227803436957083,5.5956346612997026,5.326220077376435,0.06795978044865655,5.5734148096729195,5.192753338093664,0.06767909892616548,5.504517934747335,4.797558758816814,0.3336342303040482,5.194387629074144,5.298018191725519,0.45625408705323184,5.5432351173739285,4.99601394398305,0.19503140007424097,5.1686704233456515,5.531292854170325,0.3952667408017147,5.123071488760131,5.564347568856895,0.6060118155885522,6.035623898104748,7.220474850171957,-0.3429349572180205,5.943504506154252,7.267937920248117,-0.2912085708481968,5.870170881524003,7.319074927922128,-0.232947790844093,5.946542886148583,6.756333352063734,-0.2251191366963451,5.774191674611295,7.422637931300687,-0.1087497079276331,5.8228257720829175,7.423121212448021,-0.17860415288356382,5.796029405271732,7.412207351508382,-0.12491003566991113,5.9438998530099845,6.632594075696933,-0.36261126030998914,5.905656657662507,7.3614449582148485,-0.2074680032347159,5.976735089424022,7.335105420772222,-0.2474639417003943,6.058859283562577,7.323811226148586,-0.28302199106891074,6.043747453840181,7.72621284277199,-0.27925122744976894,6.047484303776739,7.50627631104583,-0.3408594755895395,6.046647855637123,7.433528915026252,-0.33722362944676365,6.0504783591688005,7.378733697839065,-0.3030498972811058,6.058092896891066,7.328615441104329,-0.2801772407761296,5.905702054634187,7.3650995931633245,-0.2067386356488707,5.891901375243463,7.3917072229583916,-0.22984178455385812,5.879879399247067,7.426312583811479,-0.25523792734927364,5.870536916949202,7.468063499498295,-0.24554500366470952,5.7561465570967245,7.155464956900297,-0.1753051871226595,5.101541528120298,6.954973342224919,1.0679860998017008,6.122051153228217,6.755219517703459,-0.36696074595393363,5.851421574763687,7.390133699577797,-0.16081349969351846,5.838143496731988,7.408065145934933,-0.1758502188751721,6.0167430473635015,6.8234965631102,-0.28291584883837345,5.8917051316414755,6.828759037260383,-0.1717275617024221,6.007357670289246,6.796299845052703,-0.27279587637740016,5.7360950364164855,6.366898826343197,0.011587068064748251,5.582418423237299,6.489580031559032,0.03670072879033689,5.829053378701887,6.665766036105636,-0.18403147031895342,5.283478292354997,4.984261132708506,0.5011307361592167,5.325273532644084,5.102480566266781,0.31999583615066823,5.3763665731722945,5.211529096632754,0.17126576145482772,5.815951169253389,7.635308087906287,-0.1917275416279046,5.811540513871029,5.224769999191581,0.009665958760271579,5.7845836491048495,4.968959493600582,0.1162999593378857,5.753520324412212,4.700671612470506,0.2280452083360333,5.428000087883027,6.090316167828598,0.22696470679157849,5.229670727394203,6.2824518800630935,0.36045926065591566,5.823633623704939,5.978375814620961,0.1631636195960459,5.2787259085873925,5.812495995015129,0.31213159274313373,5.895845192476105,6.136193561004186,-0.03267788575155507,5.8842300019424805,6.553513265943288,-0.3504035856774695,5.139499473204778,6.435029314597271,0.45640734651471065,5.292562333625109,6.3655211891081205,0.2498650661729736,5.411567099047802,6.389292759270832,0.14388437244855704,5.590481926285785,6.337335746454821,0.09927682104133496,5.723218739456978,6.255711991374155,0.07788966984649182,5.822874386162827,6.166599523248637,0.06034344427352723,6.006486906328517,5.903714239204954,-0.1002257897753734,5.163595256385707,6.742323918094575,0.38096110946516776,5.211081561132412,5.809869762330617,0.37184838231334477,6.075318724176577,6.6885138509384925,-0.4715585411308566,5.851786180363007,6.379961715580004,-0.07663863363959779,5.05020541719254,6.274273276031293,1.1115727331897982,5.895987817607604,6.065651671404023,0.057152402440252444,5.824460063063397,6.695818831357806,-0.0949866843419121,5.341444148430386,5.936269587203043,0.3227553554164025,5.883298827838335,6.474854254824151,-0.3037342030107115,5.148460906905707,7.312919527510082,0.9611232370210624,5.827470918909546,5.926704766980887,0.19557267853381938,5.945106983508909,6.356996567213436,-0.3859887347146118,5.402958474882685,7.885312428056354,0.21568087840557057,5.423995145594027,8.101462065940167,0.3663032271185427,5.0965803897742585,6.858194862645468,0.72564664272154,5.287994397395984,7.734061157025584,0.37456020348137387,5.095240285468524,5.873334371282807,0.725235120960543,5.80090117950029,8.227777173629221,-0.17103186204783763,6.091541528607488,6.753828297122525,-0.35773673813481827,5.775022403447393,6.517458061648199,-0.05692323374623145,5.141582729511479,6.122929781231283,0.5367113723084262,5.50412866465159,6.023627658974187,0.19170776981691204,5.583311349499163,6.028398273021757,0.16366859388289792,5.811729965800088,7.453321279765798,-0.16504700188348817,5.194524534902124,7.051267110831158,0.35617132454788575,5.985936018959798,8.41440162201047,-0.18105143392282175,5.690714865190557,8.312311339287987,0.05558042059068511,5.564476968099006,8.232819454593933,0.19258208600131035,6.056235553073354,4.944165597933895,0.08632320736443483,6.191539261155051,8.410140740889007,-0.22062007786076784,5.665250381186299,6.0073819773292,0.15857912866415746,5.741605942813263,5.974572477780997,0.1723064401144304,5.797144669457886,5.9509853551567655,0.1948886408965661,5.150771148070809,5.8165302487346615,0.4807327954775648,5.728326434955684,5.815740984849075,0.17034961169293394,5.644001023875353,5.765426841968823,0.16283206754967913,5.561433583714096,5.75448474196806,0.17146803713474448,5.480712406219982,5.784246925110184,0.1966636580210488,5.4320464951225365,5.833339996689184,0.2256695526369359,5.052411281068425,5.895377996869918,1.0091385773432504,5.452645281658225,6.000328646264712,0.2290473152084285,6.132010605393166,6.939472599863249,-0.30626146493511436,5.847252202498524,7.047880568235122,-0.21232824949211931,5.912412227487551,6.684503904258914,-0.2695146270527863,6.013218526570077,6.955647505127191,-0.2971619189906198,6.086725160131767,5.678870187603243,-0.042522697716920375,5.531443700800632,8.03221488367406,0.08420338996316894,5.659311241938555,8.133574525372023,-0.04150057328220959,5.976006593138322,8.278491667755786,-0.28568971104496327,5.31869490377165,7.937634046471684,0.5874034807235617,5.795231204974397,5.882587489463192,0.18695404558754522,5.954915946500021,6.128886435846053,-0.16907911086420122,6.183504354624159,8.27483560298143,-0.32115558132629873,5.8264711131631755,8.372817281038637,-0.08233907015903669,5.138614768441722,7.192766254449532,0.6527895969298139,5.977118997672718,7.343222542291197,-0.24589636103361284,5.9635699676368175,7.379022522666761,-0.2706967355988163,5.95587607457823,7.428043388038838,-0.3014820038399132,5.951028964846096,7.493647373963507,-0.3009371954976943,5.919396211996874,7.692990838457498,-0.249212037884486,5.832711588215062,7.381165116747471,-0.1645038914595014,5.814411961693908,7.375091931323507,-0.1612925025337278,5.797829556054255,7.3658438175337,-0.15747974894988492,5.688208737879939,7.292295004108559,-0.1223822487313181,5.313289804489969,7.067153191267403,0.1433085770986018,5.951531548642806,6.008694557486752,-0.05894090237595997,5.886648552417968,5.762799536914901,0.13669636965902568,5.832778075118468,5.803982811727482,0.17538684358500714,5.85126715356868,7.3858270640281845,-0.15998720555175117,5.317509220660921,7.462398529362981,0.22600489148778086,5.973237020409371,5.726499832394386,0.01660759235763848,5.865997934694141,7.878625132417064,-0.22332222536307972,6.097506762177535,6.114790497411174,-0.356512114609897,6.011943836798337,6.032373903880223,-0.21933558037713477,6.094103776583884,5.990128983351975,-0.24157330482741315,5.905088659331802,6.367914717630715,-0.20100635199206476,6.175865509861939,8.102431487886594,-0.3479697986199511,6.170381412700405,7.902076421582726,-0.31742596988325666,6.015815090367585,7.910204266795798,-0.29386277450148046,5.637213997880956,7.670177966547116,-0.07769421935104763,5.746911311739836,6.8340972921821885,-0.0848663823507556,5.74361842273892,7.8007754027458285,-0.15209683431036836,5.511342493671074,6.854897684166913,-0.03674843247329936,5.654140634101143,6.99847436478847,-0.09078968180867578,5.439145938071645,7.130299306504893,0.003773682614260433,5.9861862384887425,8.110309828483661,-0.3110427579947239,5.859613762141345,6.479862934880689,-0.14747606154678292,5.55522813939626,7.825025249665295,-0.0019135236523090688,5.686846113816599,7.9524956566651355,-0.09890385989703075,5.552469647817877,7.5066008815205185,-0.0317511714753979,5.228256987055664,7.315882126732791,0.34382093541974995,5.434274521299557,7.577116319341907,0.06656799017147365,5.192535647103481,7.4945932037829195,0.5534549461339544,5.580174311519133,7.216336934076147,-0.06755732914558384,5.905683109441281,6.251792123724997,-0.11823456960567359,5.91414589136667,6.60787739062775,-0.3762123449443211,5.872404984461011,6.6828002667232695,-0.28305458663076166,5.944776336274232,6.485801716671963,-0.43245901412762355,5.794134528524678,5.592647040124099,0.12488922500105289,5.623198487151809,5.485851200431571,0.12679294879573663,5.4811631588285525,5.475839917078483,0.14188159970016104,5.371281039974723,5.536917431724538,0.18530597019194336,5.300655505560599,5.646170427191306,0.24431367783097724,5.2855862131581235,5.994351259174687,0.36560935942836653,5.06898189064457,6.536244543881387,0.7574843074921442,5.3685114672457726,6.203895816407293,0.2511566234218876,5.465266354698209,6.231148297674099,0.18431277739026686,5.5883579199415125,6.214442212095854,0.13732719096431942,5.708148732141563,6.163594029249539,0.11204662948435005,5.801615734983662,6.094637101637007,0.11762331904210804,5.8653402147894855,6.030018980656381,0.11312566769138113,5.072361999024146,6.616996105175444,1.1251020137557346,5.884914531082379,6.739731643774706,-0.2408900714672172,5.957498212038733,6.240527240531896,-0.26474959826255823,5.975367460970102,6.587558135051539,-0.45448820740976154,6.0385464622028255,6.676991599087047,-0.4307104711229444,5.982684952365863,6.626275675134603,-0.41192827836739593,5.916808942067584,6.79353742145315,-0.21780845931454257,6.049140042145415,6.684702650056191,-0.4573157774509571,6.06648525989188,6.740781850883335,-0.35434530285335114,5.860799087795604,5.917793734642217,0.17786174930708118,5.912692473359969,5.929656642509498,0.11399429808380475,5.946081767302385,5.9339900872943545,0.04637386670076511,5.406349664412829,5.87691322545966,0.25922213716301723,5.326383434983189,5.809780755669607,0.27071429564790117,6.179164118166374,6.133318896073078,-0.33035767259560206,6.797967736941356,5.83717872171967,0.20833952679044296,6.1938741668165775,6.71388968573821,-0.35772976773365484,7.153137200368169,5.3300956204233225,0.7584493505968144,6.539660397907955,6.007404854543275,0.09678105996834395,6.638053865818512,6.014798484167129,0.10202629801436734,6.730536433542449,5.991658897043239,0.1297911372782315,6.8394755822286255,5.890345367229894,0.2157167134166802,6.450557223650655,5.9698504778133366,0.12007238736371557,6.652402883434096,5.440097129738105,0.10078548841366747,6.538467208211358,5.482332398941665,0.10690264098343188,6.7617195061525095,5.465004696562227,0.12984189609696034,6.8357666138967215,5.541166516782494,0.16336389575383403,6.924016897016789,5.985715468317856,0.25475759521781677,6.546715873711263,7.981210849806859,-0.22821844067776895,6.822348412928813,5.778796428856822,0.24575527743314077,7.216152486537668,5.972070282491548,0.6918826003524708,7.032998940479356,5.869965701510268,0.3679410032996049,6.607206802290177,6.556424391434328,-0.08545683900123494,6.252052352035101,7.129957578119648,-0.3536453584031864,6.247295321333387,7.271365927794663,-0.32537997954680015,6.368824801803134,7.191077630085624,-0.3084489198027982,6.454102476919336,7.254321688395872,-0.2515529756239423,6.340587170505225,7.287683815646573,-0.29339296499485695,6.419943221740709,7.304975414922549,-0.2380226003475667,6.596578906526475,7.486807086955093,-0.1565834045105277,6.187331283591137,6.579273008991702,-0.5121143011104906,6.194814992245411,6.427560619114734,-0.5246771087458771,6.968009064770012,5.367376900410242,0.2327761000333839,6.3992128912240895,6.19581801510001,-0.032710668419527,6.4083802198516935,6.596446647632605,-0.28619354593931745,6.412932785452612,6.530257862923143,-0.2507505752130863,6.914181839703372,6.5425028917567705,0.0379577132963007,6.183974767338575,6.2611560534110575,-0.44522061224234516,6.734813042748588,5.15017383830957,0.09546334137403756,6.869079412154574,5.220598124731128,0.1655066350512336,7.0382621295424785,5.029132643377735,0.6076897609404219,6.301507169561662,5.357063923796541,0.00749102115244951,6.444514064570165,5.5827476406460965,0.13135872911552762,6.668639271210864,7.346684150745915,-0.11528512924926425,7.195976213549426,7.46254294177683,0.7141528980235707,6.335499850025305,6.690456984308985,-0.2605623531738993,6.259244376209918,6.7430631380743735,-0.2719919344355176,6.559330512534789,7.361900357757528,-0.12471583627211166,6.537921014725318,7.3542915393387815,-0.150003669757141,6.921682706268203,5.123814283304628,0.22370099517502015,6.411768192273608,6.686130331197057,-0.24362099421535774,6.5503211796668905,5.1872563724992125,0.03978336077859333,6.563744385025378,5.047679987232545,0.038364322823464934,6.613202777116639,4.668622065377357,0.28885458594758834,6.976180519672415,5.088903654626227,0.388358581746073,6.578431556461507,4.866040984237291,0.15923435754403803,7.025759017137569,5.318644144952922,0.3255176449697786,7.08648944155133,5.3410173454053,0.5285231616339962,6.252066650293897,7.207448421495083,-0.3511510941791632,6.3540060863860734,7.242107400818659,-0.3074343689770439,6.437093983167537,7.28051609851171,-0.25423115120174006,6.312940057295627,6.727059811915994,-0.23795991141915426,6.551027513651455,7.357150476185213,-0.13745904771966166,6.498740925970177,7.371452309546767,-0.20344118907796355,6.526875609804748,7.351805787046948,-0.15127898507770296,6.2941435662812815,6.601956481659972,-0.37722752131889775,6.407332872394823,7.321970325328492,-0.22517764785226532,6.3310530915394825,7.311634828957184,-0.260786053900982,6.242854282151083,7.313637300101684,-0.2901124529242123,6.285689720767642,7.70011852046773,-0.2855218628913058,6.262221273691424,7.491628459821392,-0.3483224294275285,6.25705531278812,7.420364508151987,-0.3446084343640161,6.251517597156098,7.361469980167743,-0.31097640513749475,6.241274324554031,7.320099398164923,-0.28740342438485444,6.407740372770534,7.325632824319306,-0.22450154128043842,6.42266704004151,7.3485958279470545,-0.24810278343523187,6.437449294898639,7.385473182122962,-0.273807679256542,6.45135435157858,7.425155854674814,-0.26490439925506354,6.536383236991717,7.083867140887986,-0.20287030875446976,7.270914817729622,6.7169116227349255,0.9745892477918228,6.468795367658983,7.339502135352255,-0.18374052309346678,6.48108758074664,7.3560123347849835,-0.19962199010714743,6.240730990719751,6.805417129774517,-0.29052040012051006,6.378825718918594,6.7932657545360104,-0.18750989039827295,6.249114774765286,6.778456332987168,-0.28081789213434616,6.509730567681439,6.285614654908958,-0.017899106320808097,6.67588491385617,6.375222557701787,-0.0029950195471101526,6.431552692970816,6.613994900653984,-0.20656035423449745,6.865908773266371,4.799790359558534,0.4366424165592308,6.816713469136972,4.919062144964258,0.2658840533929418,6.7683138631096185,5.025566657633799,0.12643234224067407,6.513804141612663,7.570588449288203,-0.21548039000800343,6.325288748505531,5.138979016584573,-0.003589777892978982,6.332274162840734,4.90077431450661,0.09789229159869732,6.347972221173801,4.630833197203149,0.20608281473171186,6.803378198070086,5.952903109117894,0.173361093087904,7.030194337016353,6.094620658639391,0.2914582318514075,6.391418195440984,5.929495072185093,0.1391819655636533,6.931742246244729,5.63555897442522,0.24997243716012624,6.322801566387818,6.092227845029737,-0.05081735781104159,6.349909635240775,6.5123585876483014,-0.36801973308710506,7.146555711843977,6.213255456615714,0.3780947553969858,6.967265555312576,6.189277276613389,0.18539442949773424,6.843286068197987,6.239064528656978,0.0903122484257797,6.656530075835808,6.226547832906211,0.05939283905908743,6.514805734641382,6.176664067615744,0.04752845109861114,6.402404262587548,6.107098034178466,0.03705650689042683,6.184794772480575,5.883530817087314,-0.10779563426838358,7.144791306708445,6.528241093519847,0.3033694186831568,7.005708568826739,5.612898021514555,0.302237488089092,6.157020404767684,6.680170816930527,-0.4753938256428192,6.389568000752671,6.328403624184426,-0.0987372069884446,7.260278343010642,6.025101094543203,1.0163012007234173,6.319959072539003,6.0221620874475095,0.03937281923025997,6.442693181312385,6.643272015366424,-0.11605235370937704,6.873864324460941,5.781202468355863,0.26462229907720747,6.350764671116827,6.432604329905325,-0.32171765928422075,7.251221825888714,7.0840079787371355,0.8720395441413731,6.382897863023938,5.880247221954616,0.17100950984795285,6.268808481519135,6.325678376057745,-0.39883804371064036,6.987750670690829,7.721233474145985,0.15742670017564564,6.993952540443965,7.936671058741716,0.304199298560138,7.2446853768797315,6.617998413117103,0.6396138408126296,7.1023969693757705,7.537983414840795,0.3057108032432005,7.154198131170896,5.642809978917575,0.642252271699178,6.58232640215777,8.151414462872859,-0.19885180546064307,6.15231484779764,6.7474276815721135,-0.3600916166766015,6.4813878441813735,6.44912382320627,-0.0836934001152233,7.115963872235167,5.909662672320915,0.45973361301350524,6.718172014247869,5.910635668832041,0.1449981397857439,6.641311009172435,5.934342181917227,0.12246140299837631,6.513929251377135,7.394620493188251,-0.19199194771049954,7.141931654949074,6.839210349527944,0.2817083385419497,6.403141337828526,8.375932871630472,-0.19569707338535203,6.714997085882027,8.214715714218295,0.01629645721948731,6.847929427742266,8.103931375234383,0.14222828779392602,6.553995117264742,5.931757771639695,0.12354204975952204,6.474830662697136,5.912564146487267,0.14226560848348874,6.418128057786449,5.896883246064757,0.16834062813837306,7.078162135628042,5.602867078055621,0.40452758897826135,6.472648033491796,5.745492567010718,0.13934747907974157,6.5527368704906195,5.676960297684453,0.12738236100309291,6.635090551682864,5.648175043074625,0.12904387452786087,6.714410857271356,5.660302111273177,0.14925751288772418,6.768592679156157,5.700003729017935,0.17526726322530378,7.219829283787279,5.64815323822996,0.9167283051903554,6.767224335789298,5.875964893444958,0.17886306307293373,6.435380336850734,6.998049706502204,-0.23340218504045118,6.336449254409415,6.650487631668257,-0.285135765221732,6.253485037566545,6.936328412753821,-0.3058348406382632,6.857037418595862,7.895681525335832,0.0366990560057628,6.7268117371258676,8.029007784225925,-0.07848243879351097,6.399222900005247,8.240838633040148,-0.3000305518437975,7.104878432189965,7.745193781324815,0.5115200297292463,6.412015552150794,5.825566033381334,0.1594090532231974,6.253349204107975,6.098734267695246,-0.1812622215349285,6.570789137134588,8.303676620800566,-0.1108158845173814,7.229408402268232,6.9640563111256215,0.5690079665043507,6.331942443236647,7.3156490651144015,-0.2592186966444942,6.344944564873567,7.352633656231286,-0.2842202298381459,6.357094510286195,7.402501693437077,-0.31552729516121053,6.365052206219584,7.462494327696921,-0.3152369511435169,6.413296676138992,7.646991195169197,-0.26469026048855127,6.485913243090578,7.332190005803543,-0.1893313098407573,6.501093704455199,7.320924407697501,-0.18859028023758093,6.517347965055463,7.310977109052529,-0.1867734742176615,6.619864335890093,7.205396621357734,-0.15649033178217192,7.008649005748312,6.8864603755480305,0.08266375233887213,6.251713483301615,5.976055207218232,-0.07120147498077067,6.305842401628868,5.7157057193721705,0.12000008062215929,6.3663597819865565,5.749719847224008,0.15288273587103454,6.466123738002791,7.336276448167684,-0.18284160943573202,7.040367548150315,7.279709676715568,0.16287530861202493,6.207963671034999,5.696010940248913,0.007623700336935442,6.485899659744721,7.816870952673448,-0.24255313769352638,6.182806599594873,6.014353093405607,-0.22557623415725703,6.32506641058124,6.32556398998737,-0.21681061957875708,6.331011626588972,7.882570022019117,-0.3040903413599001,6.70993693209382,7.564363702320993,-0.11233978847174432,6.531237293650729,6.761482155056481,-0.11140671538010269,6.608549408791202,7.713414471322926,-0.17959770314171028,6.776192203706686,6.724707033430971,-0.07862995102518429,6.63951872243225,6.900420480524339,-0.12384939530056631,6.875036781682283,6.97888289058502,-0.0438467583709392,6.3762341595116645,8.073895022979832,-0.32473917180137796,6.386696195473323,6.43176144754925,-0.16813874342647026,6.809374172896547,7.697404710948088,-0.04418526127006872,6.681771507002836,7.852148331689988,-0.13125936738740415,6.782349748857551,7.37739609572862,-0.07419783708411454,7.12867788395733,7.107904658664319,0.27248185086857424,6.92132953927592,7.4218665402385975,0.014568250136792308,7.193895101981544,7.275124225119416,0.47456224784760587,6.7299630733646945,7.1003423095866625,-0.10705610151417501,6.318586439694505,6.209477141728645,-0.13576124119268201,6.319550142337413,6.571255260371365,-0.39215490350281423,6.377944231263768,6.641905816738385,-0.30137300195761657,6.274796592303257,6.454206854208553,-0.44734546754573395,6.383556297841533,5.517671975383972,0.10178012221173838,6.5437461253591565,5.369084469967056,0.09528109442695108,6.68457110607526,5.332930250229799,0.10146781696217394,6.802789109807655,5.373026857373819,0.13457231863269417,6.888013166453368,5.468213940749181,0.1870416671047347,6.942243602418079,5.823427013865325,0.3024673102582221,7.2429359849159365,6.293704609736218,0.6695165490294906,6.875815321873771,6.0503968590936585,0.19397207782562897,6.777499779473658,6.096834029101144,0.13469506024805342,6.650304613955657,6.110987875484151,0.0969667586044681,6.523524812855705,6.086331243101914,0.08062108409727849,6.422221649279988,6.0359477536664965,0.09455022999213811,6.348486243577548,5.985330487699751,0.09442104298980558,7.271443853305105,6.3714706945934925,1.031099898578162,6.37443472364208,6.70002394926996,-0.2592292416103569,6.253858222121143,6.207965815773818,-0.2772190203951778,6.250318688155982,6.562168001993024,-0.46527128396346834,6.197786170423397,6.664406986606995,-0.4363343337642173,6.248943910572664,6.605229353098572,-0.4226388359397674,6.349687297316484,6.761341317207332,-0.23240606556392718,6.183608731913376,6.671349506165808,-0.4626403596627883,6.177811502884191,6.736184245767206,-0.35887999563077366,6.345778868274364,5.8749025328163516,0.15759785480164987,6.292310529503525,5.893755859409414,0.09975709732021838,6.2575071377661,5.9027044246774265,0.03413419692155879,6.798076403708212,5.738336645939362,0.20672255010772425,6.87996038709898,5.646921443234611,0.21320692217724477,5.583549415508131,5.904182149724082,0.19359076113634036,5.683645091128453,5.892381796739037,0.19361234257071186,5.577208137731725,5.771011384398404,0.19369478096908746,5.484388846013123,5.915615752370986,0.1936295675043562,5.590491935066943,6.04216106202667,0.1936031827486701,6.631021267229279,5.811819687374038,0.16113411580600856,6.731319263211576,5.800707795550062,0.16057050748757473,6.625417064693852,5.675963709046313,0.16058299612299262,6.529536515766843,5.820228850828938,0.1604662754150486,6.633354743064926,5.949413261602052,0.16048424877317682
6.138091177288747,7.158416024774332,-0.3634940536824463,6.1103288932439135,6.583901716901674,-0.5178895850618114,6.125995860959772,6.809283707958913,-0.3092300841956443,6.017720309634181,6.146480521274502,-0.321638384428534,6.102834069669517,6.424385578625792,-0.5320922846662068,6.097661283904157,6.24769207634842,-0.4688664995645769,6.090835207218763,5.846668644759594,-0.13505661810510164,5.421984005133278,5.964301651219015,0.2603063327966059,6.071711618296715,5.4267445398783885,-0.017330735715141554,6.062777131280716,5.210611404032832,-0.0072777772302004134,6.041452250515701,4.63572271221804,0.19945116967970866,6.140182440263224,7.214230668971837,-0.35957539160683183,6.143453298444691,7.270151769671973,-0.3337117307074702,6.145587429809488,7.313402403139663,-0.29688508182033746,6.145766762575663,7.31877309797367,-0.29532302019345497,6.146208306995966,7.366620651830081,-0.31920801462479176,6.148417458043824,7.426870031006259,-0.3499785209785191,6.149497741479904,7.497582869786539,-0.3522226365572326,6.16158591307716,7.712286344814901,-0.28728892566519676,6.116367620493751,6.688960710006871,-0.47742575420154987,6.050033073311554,6.722085115207649,-0.3512137557837798,5.074222405098363,5.559587608460166,0.8440987892809996,5.6836919556750765,6.0746423872483035,0.13088841511051894,5.58986305188755,6.098860884359963,0.1431418644470185,5.501354115338817,6.101783079633488,0.17735470254349522,5.385851667878334,6.030851612062572,0.2718509019463941,5.763392152486085,6.02709562659731,0.14590745613215367,5.522567895525584,5.564020557255909,0.14286192492730992,5.637141170625867,5.580642061129574,0.139175823869185,5.419501925333711,5.610618140297886,0.17913657630720425,5.3567601064969725,5.699586840332807,0.2169493991172919,5.317639485200092,6.149890701724511,0.3153603533206459,5.818924579780646,8.050695848264777,-0.20546877531639873,5.392080444991927,5.921229993280913,0.30109828546111356,5.065557631704799,6.207954507467507,0.7762511665387763,5.209720455987334,6.062347732904337,0.4373000477699426,5.657417562010956,6.648224307631487,-0.05196552045608571,6.0259138879708045,7.132987924582457,-0.3435541121795152,6.044550206189541,7.277042863416019,-0.31697354443390036,5.918896523901124,7.209242931758028,-0.2893285009711355,5.846761883508542,7.287792112288926,-0.2267020025698164,5.958390814666967,7.302275197958762,-0.277255467274212,5.887263224210334,7.337928123715288,-0.21764855577067801,5.728624101753096,7.561185986032138,-0.12570315955557845,6.034303946429731,6.592979813025247,-0.5054134545321539,6.014840982750976,6.440486946030234,-0.516531326907245,5.224024566127582,5.565128705145698,0.2975227044717841,5.832298803087522,6.250226312689543,-0.009614245443673468,5.843373851726866,6.646041592090993,-0.26394239840540346,5.835856165010965,6.579636312064768,-0.22762679878183825,5.3672764371158035,6.704172558312159,0.093719823828719,6.014765963067915,6.277611354899555,-0.4351169749928627,5.417373152517705,5.315220636276249,0.13715360802859747,5.298961727537378,5.405968017272892,0.2196389217368945,5.145024910261731,5.238081111313728,0.684823160536646,5.850104546243796,5.414293415909751,0.019662480312037933,5.738056933806572,5.6607655832949995,0.1575308517673726,5.64929221586226,7.441693205905972,-0.0778623820306592,5.2250576943343106,7.678128096934223,0.7937424521902191,5.919123011896652,6.723238989380446,-0.24244876800807436,5.995783125360753,6.7639746772826586,-0.2626828715122944,5.759584367715852,7.420030379330597,-0.09276642636253009,5.7792070161485505,7.408518787583154,-0.12172874624526044,5.244473145547126,5.320862116442448,0.2832200456051669,5.850987277847815,6.732245638186818,-0.22204169501436777,5.593644043913832,5.308097695987884,0.068827740388681,5.571777592484433,5.174052169057611,0.06852627178284391,5.498648405436411,4.784370641837876,0.33292806527420715,5.191199525185877,5.28954782902296,0.45558221056822834,5.538772861539967,4.981765647037683,0.19519357939312137,5.169667447200979,5.526859735869855,0.395384318115008,5.121100061623768,5.558509111207015,0.6046185456661981,6.032806410661195,7.2103546520136765,-0.3414834126360207,5.940123521841573,7.259273201154931,-0.28986419955913745,5.866886449344578,7.310703837968977,-0.23162588374387727,5.946084371515662,6.756947119162757,-0.22439340578732886,5.770002101036946,7.413976648144147,-0.10775566045651999,5.819851251484744,7.414225284808007,-0.17769511551902858,5.791544538882837,7.403924725087123,-0.12385882520753504,5.944852977003701,6.633042467199424,-0.3613825175317141,5.902736569696578,7.3537494176363,-0.20636191143598584,5.973983834409522,7.327737592862893,-0.24638203212914186,6.056578362040348,7.316148123539701,-0.2819581966742488,6.042681858844732,7.722280395544992,-0.2801387907417226,6.046072034045925,7.497084167512476,-0.34129711375641886,6.0448517138681295,7.4248302101001675,-0.33762677576265143,6.04832619690362,7.370652423939739,-0.3034323576776406,6.055611679838616,7.320837925440783,-0.28066151717619525,5.9027351407502335,7.357004557407984,-0.20637573202640694,5.889283754340782,7.383197858367081,-0.22941342825759845,5.87769785738345,7.417164627437661,-0.254805938754592,5.868804809811428,7.458305421628403,-0.24505813566869195,5.753796777785976,7.151007652453749,-0.1739444886025564,5.101797854408717,6.952183343673333,1.0654787481743653,6.12164329039588,6.753755567503384,-0.36573631609637,5.8479550537058005,7.381851790911012,-0.159958229714707,5.834810533523727,7.399581442674467,-0.17497061720492738,6.016212056768066,6.822623636553532,-0.28194792612240116,5.889991797254244,6.828775250564547,-0.1711342535078139,6.007034648873583,6.795854470217793,-0.27190645223551796,5.734453131126948,6.364618468840721,0.011899243679653445,5.5805716855221315,6.486426142044202,0.037033737261493664,5.827750109637913,6.665843930526452,-0.18345306597590919,5.277612554684516,4.973956812504188,0.5000625416740967,5.32125722010657,5.091275450767924,0.3197942621897135,5.376509931154289,5.198429279213458,0.1718952679087955,5.814338733726093,7.630010472218793,-0.1914151103502274,5.808876586326068,5.2032930553319225,0.010652918492489354,5.780075101052543,4.954437405444845,0.11669145361878613,5.7477066084677535,4.685963036727515,0.22751491674855864,5.429073007945972,6.083569729532583,0.22643568269494926,5.227388663057996,6.279470414093129,0.35986799069805697,5.816818312869557,5.976539504945807,0.16273334398758785,5.279404453399919,5.810341970801863,0.31177468039776174,5.894110377854302,6.132970548064945,-0.032138557814389686,5.884264580307404,6.553345128281104,-0.34919985685746013,5.13745363805793,6.431393131496876,0.45596704368050284,5.290438777068458,6.361284737020117,0.24964380310495207,5.40932639841793,6.384216467948985,0.14393745265133948,5.587966125615861,6.332301418324316,0.09947258319145923,5.720072215120709,6.251837449692428,0.07803017717147034,5.819413279430302,6.163441399904873,0.06056652153722644,6.0046968926547635,5.898189305193314,-0.09953323526557697,5.161665704911041,6.739304633126288,0.3805568563762621,5.211112964199584,5.806610277424449,0.3712883531523483,6.075293986781178,6.687369578252802,-0.46985582163494594,5.850628612315465,6.378317777440861,-0.07628505412154665,5.048194861915172,6.2696778447975445,1.108914787430193,5.892402786973196,6.06196834765,0.05739724134626173,5.822661274470264,6.696041853614672,-0.09467683831534122,5.343109382072529,5.935859545951011,0.322113710033501,5.882751326129084,6.474200077124748,-0.302707725590215,5.149716855582327,7.31111323109654,0.9589113235847596,5.820010579002103,5.925898360986833,0.19490120357476248,5.944482522664013,6.35473801934498,-0.3845766610602894,5.402738955771988,7.884372924079146,0.21504925771632843,5.424143500295681,8.10137271588235,0.3655010758044853,5.095785562666244,6.855330074948683,0.7240763166069347,5.287747356629493,7.733766266258242,0.3735853397457907,5.092984113358788,5.8686829921356,0.723447758833858,5.800258968161857,8.224595760439586,-0.17149742915206176,6.091520386990721,6.752583117028114,-0.3565923544772524,5.773638412245896,6.516026765560621,-0.05669106276123197,5.13949453067378,6.121214606492674,0.5359493680853087,5.504827883901135,6.0126911329763955,0.19110922652346016,5.58125686529409,6.017141586364852,0.16311370047889395,5.809064135533721,7.444124558110326,-0.16417886834192932,5.19307466002582,7.0490523308077675,0.3557052243977675,5.9848152476972105,8.409555002843955,-0.1816221391634843,5.690604483614284,8.309696659957826,0.054994914614520975,5.564462816149383,8.231524006788577,0.1919409849321142,6.051877128568515,4.929684482400521,0.08664295589630594,6.189987650610945,8.40533603876323,-0.22124965684862022,5.660437997345632,5.998573143097456,0.1580163139604675,5.734820727573948,5.969534095494238,0.1717517592740111,5.78963046525502,5.948762574200946,0.19425900382955763,5.150049800080485,5.813267381204662,0.479804280045748,5.723475608075584,5.818820266697532,0.16949097637583171,5.641553042463035,5.770137493703041,0.16203127362329717,5.5621522099111,5.7587602229119375,0.1706509235705917,5.483973126483304,5.787084082869972,0.19594328502342725,5.43616343970501,5.834589404076989,0.22493540067015913,5.048944701509197,5.8900532419470375,1.0065616828456947,5.455046965641263,5.991686693429028,0.2283448443197094,6.13049989983613,6.93482736137884,-0.3051790436376281,5.844962125588246,7.044814075951398,-0.21111766814175784,5.912849937446395,6.6854269256981045,-0.2687069297348192,6.011678010018484,6.951706790067601,-0.2959593255349907,6.084596427480762,5.670319518551131,-0.041975784474135074,5.531444152978064,8.030458395667564,0.08380528056630088,5.658867585313552,8.13114338401371,-0.04193082010978245,5.975045898779717,8.274872523080834,-0.28617488337173846,5.319482111510709,7.937734067403966,0.586131998886144,5.788627344921516,5.883278250093442,0.1862447247681794,5.95377496073919,6.124862706508963,-0.16820023593602046,6.18193911032824,8.271001507434878,-0.32168882176902064,5.825938205673693,8.368830032039323,-0.08282583273844184,5.138363876879072,7.190863109408043,0.6513479936629841,5.974316064434508,7.3354160360424965,-0.2459984493449184,5.961154754132892,7.370786744896077,-0.27068454682037263,5.953930001417516,7.419013684006825,-0.30142924283076106,5.949531347334029,7.483840692796078,-0.30081004019078034,5.917984141660466,7.688381501425754,-0.24934642597438908,5.829088675125676,7.372732969816635,-0.1633425328395171,5.810838172419825,7.366441319063906,-0.16004105278444372,5.794410290775774,7.3570217047641115,-0.15622337702623565,5.68523164536076,7.286665388096664,-0.121188816636443,5.311286032517984,7.065032237772967,0.14320204764811714,5.949790343858884,6.004161752248927,-0.058360513054960705,5.881351315948528,5.757365214043586,0.13624744393726448,5.826742702465378,5.801845098603721,0.1749161051346316,5.847869674161745,7.377748571484153,-0.15879917561141202,5.316309493390393,7.461237619526336,0.22555612156563037,5.97033430544689,5.717638719496839,0.016799617011808644,5.864653006208871,7.875479162033952,-0.22375694415478672,6.096222334935726,6.110304601156065,-0.3551752415951417,6.010712042289924,6.027448576344284,-0.21825742087695119,6.092641395397607,5.9847695214142025,-0.24048099725592273,5.904462022406984,6.365944531047973,-0.2001379346890177,6.174359264446374,8.099259304239542,-0.3484720319680471,6.1690821655979,7.8990081925346205,-0.3182638160006925,6.014589488194429,7.907520425905961,-0.2946336652188974,5.636077677309329,7.665742704497411,-0.0773040156649109,5.745350990419633,6.832592680722603,-0.08443517239475348,5.742389499121647,7.797127176098529,-0.15208222353939954,5.509528760136382,6.852253553470003,-0.036433666315240025,5.652407676128814,6.995513998136289,-0.09001533625005811,5.4373494651705485,7.127394314118782,0.003981632001175069,5.985199634263752,8.107537190410463,-0.31154388323591553,5.858735382161689,6.47895060924545,-0.14700454085141998,5.554944604551852,7.822155171314077,-0.0019293894487149646,5.686019709269489,7.949705779874183,-0.09918912712410714,5.550957129778858,7.502001886355428,-0.031319771559264985,5.227182537547871,7.314499833931872,0.3431616654625015,5.4333609186877965,7.574755974988144,0.06655547010153288,5.192622398507937,7.493703280462519,0.5522674441337361,5.577900627568568,7.21173072734297,-0.06688931885479837,5.904644570302433,6.249076725355777,-0.11760920557187768,5.914865466264638,6.608195233696394,-0.37491323279054656,5.872334307281163,6.683682182212053,-0.28212929067165887,5.944735803403491,6.484656391997131,-0.4309117645206985,5.789537940979244,5.584700625983183,0.12465046148212332,5.620998721014034,5.477877955852877,0.12693093704710626,5.481227048846679,5.46906492927612,0.1422259879860035,5.372418143298182,5.531541321329457,0.18560168774972613,5.302081474642964,5.642395763569422,0.24450307932318585,5.285386022795996,5.993043835219263,0.3649709367108531,5.067668899928091,6.532536811619453,0.7558395611058848,5.367819436726532,6.199393689920471,0.2507926759655459,5.4635792042614195,6.225073284668893,0.18419474494667326,5.58575804627776,6.207938789057723,0.13734333414669636,5.7041884047971445,6.15850581923262,0.11187309120131665,5.796821280494726,6.09155896854201,0.11762802747450285,5.860264711986379,6.027428571095467,0.11303596327062457,5.071694599015788,6.612897896114571,1.1224422652324648,5.884289586868424,6.740459221772258,-0.24012257732372605,5.956763602017712,6.237150739168568,-0.263711199352398,5.975985788237498,6.58702682255605,-0.4528372046413618,6.039273107341067,6.676496011047965,-0.42918814264779503,5.983651370900005,6.626149944509033,-0.4104715801609265,5.915595657846433,6.793943254482663,-0.2171151792204851,6.049478642130073,6.683864372870916,-0.4556625888000796,6.066777466570806,6.739924081366421,-0.35322374743493995,5.853797300833335,5.91637586255027,0.17732048597674188,5.907535685992976,5.926233448904506,0.11383464380414314,5.942463064243324,5.928954519980111,0.046603418836518355,5.410444548932127,5.876932656616225,0.25848134504242337,5.327634607639941,5.8083296571128935,0.27011937621402526,6.1777065712572465,6.128859469433193,-0.32914381346407723,6.7893241854256114,5.830782691016514,0.207315174938455,6.192710507869479,6.712792677132472,-0.3567066701847742,7.1500181071105136,5.3188798106267035,0.7562105513004516,6.539131398997116,5.99635041705933,0.09610396498550342,6.634745771241498,6.002757812465925,0.10142205673222139,6.725480291721046,5.980944232051255,0.12919914376808855,6.832691992493512,5.8855738523951135,0.21488729557914818,6.452276467841588,5.961365523718635,0.11944462016891427,6.646678187687256,5.436579977564293,0.0999682377908986,6.535387559575777,5.4780415702092675,0.1061934090477012,6.754880148276129,5.461679420097042,0.1291332224543272,6.828830264998792,5.538135194233948,0.16262684283038495,6.92036428095782,5.980126517505888,0.2538510453601992,6.545325166925279,7.9785097658038096,-0.2290431302089171,6.8139149230598886,5.776695642948932,0.24472092665878936,7.214096348015499,5.963584677390902,0.6897241785692025,7.029804423553789,5.864608351635621,0.3667661175373908,6.605958218194828,6.552461324967326,-0.08545101928163348,6.249682598605642,7.117923257750603,-0.3522183497182006,6.245147837382888,7.261834587476591,-0.32420722806392654,6.367234869596626,7.1802638999012585,-0.3072900439334813,6.452187158695087,7.243653388668426,-0.25052796365531577,6.338840276794561,7.278236033613278,-0.29225053995365446,6.418166804136607,7.295219060911981,-0.23699436817650865,6.595043926019186,7.479943241642758,-0.1564154586730735,6.18644743604363,6.577930864603177,-0.5102983076091937,6.193652183510189,6.425477293632625,-0.5227888615660111,6.960414789088072,5.360938702843479,0.23238275643318987,6.398154410588577,6.191690954653019,-0.03246760620103072,6.407471855224774,6.595905580664632,-0.285677833316885,6.412198095257627,6.52926023765261,-0.25037573621510417,6.913113807208251,6.536389965436109,0.037762287787722025,6.182729317656484,6.257728280995659,-0.44369096563900845,6.726972111704204,5.138312434810687,0.09571954492803152,6.8607643578949995,5.212057854969569,0.1656992672519689,7.034474934679225,5.0160825079625475,0.6059454563103425,6.297735920735592,5.341616847616198,0.007850080009169187,6.444317236705385,5.577423002253079,0.13048886831635836,6.66736361496332,7.3392398964591,-0.11516904525295027,7.195903003163409,7.458917725136816,0.7120733012808683,6.334391966825621,6.690374652414281,-0.26002708542278274,6.258377737109018,6.742258265219381,-0.2711644048645246,6.55709897032685,7.350590017269668,-0.12436200410256715,6.535864113181509,7.343486724993533,-0.14947703108138088,6.913526772701673,5.114671589258598,0.22364307499299746,6.4114236063391665,6.685184719292792,-0.24323194224103165,6.54405697704496,5.171505429435977,0.04015017155592701,6.556757452150629,5.031577287643952,0.0387317329911729,6.608612486028849,4.652393157503989,0.28795314011501416,6.971184043209796,5.076494429785358,0.3874880052725148,6.573521136185525,4.850339021519417,0.15912068853881703,7.018648639446008,5.311872257755619,0.32436677885415127,7.081793778388347,5.3310458597997075,0.5269008779438011,6.249776909064348,7.196374555456936,-0.34975243487415086,6.352389546028579,7.231770270871537,-0.30621616842866206,6.4352898681770245,7.270152484145144,-0.25313572375129634,6.312299027400694,6.7265498580595455,-0.2374300181931424,6.548887530160926,7.346118844159222,-0.13695142328456164,6.496023660163827,7.360587640365619,-0.20292426842342778,6.524888376313075,7.341286147623739,-0.15071286872338044,6.292706029604633,6.60196574210963,-0.3762582285368574,6.405503481635883,7.312700790484748,-0.22416109036999213,6.329337783606814,7.302968236935613,-0.2597093234795308,6.240868857555713,7.305203823490836,-0.28901000222742496,6.284360268482372,7.696126390610354,-0.28627113630438034,6.260341823858876,7.482046650661158,-0.3486128724920798,6.255154034156903,7.411168768578143,-0.34481433121850963,6.249650447312902,7.352727721000325,-0.31121812812405175,6.239340599440782,7.311528340009478,-0.287781755862878,6.405560639489644,7.316143122227498,-0.22434962197825656,6.420261639476944,7.3386876086971355,-0.2478325466320441,6.4346789936149555,7.374917828776645,-0.27360982325945227,6.4482689878197785,7.413893769256194,-0.2647645784080952,6.5356090462591006,7.078181402030659,-0.20201539156676981,7.270784792902374,6.710195567152212,0.9718111367054197,6.466581649691594,7.329572359968618,-0.1833376897222727,6.478646243674174,7.3456287155632225,-0.19912697747790864,6.239785001753773,6.80415950636925,-0.2896806692630771,6.379077262422709,6.7916912350444845,-0.18724889448415435,6.248128619456518,6.777516801784956,-0.2799498349150123,6.508561949859449,6.281337332491593,-0.017804551437350512,6.67453263877128,6.369816261167101,-0.0029072586676368154,6.43113877904764,6.6126514028702275,-0.2063247811583279,6.861937522843442,4.784950079580377,0.4354621101895173,6.811846523226917,4.904876544921953,0.26542218398107154,6.76030871543707,5.0134646782602985,0.12647824014713405,6.512297930075895,7.564689047994508,-0.21547841049255423,6.319587368228379,5.121171151704383,-0.003033375043867791,6.3276380519306,4.885565406792251,0.09805085972466036,6.343208565768237,4.61440640513109,0.20547176717280655,6.796896172102585,5.94440500232485,0.172705335358493,7.0279803735456445,6.088383849765593,0.2904348626779947,6.394509168464976,5.922672157378617,0.13844895905309687,6.925560644337856,5.631569708830525,0.24919060384103078,6.321832957408009,6.087507191183535,-0.05044962049430114,6.3486599960706815,6.5114105543962575,-0.36710288000156094,7.145145400077397,6.205971129942005,0.3770500434297387,6.964925258222979,6.1821470220212955,0.1846814797951058,6.8411020562012546,6.231125586908998,0.08992695926777335,6.654810321331086,6.218861654911429,0.059234598417234725,6.5139962328057655,6.170063137263072,0.04734101470474081,6.402289066835005,6.10121507346174,0.03707533299647668,6.183248025179364,5.877458866107412,-0.10720365178563825,7.144285888851468,6.521791135112406,0.30236015671931826,7.000298110496075,5.6073244189749145,0.3013982748842117,6.156329533950674,6.678825193588722,-0.4737396531434249,6.388544746425028,6.3254896311023625,-0.0985707171028016,7.258367249172822,6.015617615088953,1.0133005044949566,6.320143228356203,6.015969850362754,0.039400477089264446,6.442717531273252,6.641836917473708,-0.11622188845376848,6.867487550443624,5.778739750694055,0.26360829288834176,6.34977171632633,6.431064473837751,-0.32098185056531564,7.251168217491638,7.079043056676104,0.8695964612979985,6.386826438446342,5.873786831239861,0.17003674457010168,6.267563004208392,6.322906810585542,-0.3976029805869687,6.987360430297299,7.719242455617601,0.15621119749138151,6.994115774138663,7.935949313420282,0.3029824405248533,7.244796545743643,6.611663286473336,0.6375986719408029,7.102465630674144,7.535461379473879,0.30424681243916,7.150826176268057,5.633744565166126,0.6403124643209672,6.580800903335145,8.148913046274796,-0.1996177982197936,6.151609724176369,6.746029254621256,-0.3589850134938844,6.480421709506621,6.446133427508637,-0.083644189193299,7.113626416094129,5.904067990452621,0.4584563128663627,6.711257988758993,5.897828853478034,0.1440910867106085,6.637252143128913,5.920233660442543,0.12163923615317943,6.510969724449127,7.383267162264766,-0.19154670737759721,7.142096028579254,6.833620093143955,0.2806957449065919,6.40139526089682,8.372039445527998,-0.1963635961941494,6.7142602050277835,8.213094885789724,0.01543806558246509,6.847662348866661,8.103108171217166,0.14123975824483204,6.553090775831868,5.918751843083792,0.12275546652072698,6.4767593200268925,5.9023393226129395,0.14150917044889677,6.421645574011129,5.888985461791466,0.16748264810752514,7.073548757983339,5.596565524714186,0.4035077887716275,6.473749959026382,5.743822732304701,0.13837546878916954,6.551448916482586,5.678348410821606,0.1263599948371662,6.630806880644201,5.651021240938526,0.12805805196688366,6.70723193243471,5.662935795554983,0.14832237545355112,6.760161533963635,5.7012172681113364,0.1741982828696267,7.217376494348202,5.637753116897694,0.9140147225470484,6.758894058556487,5.866098742672436,0.17788930709445253,6.434798310634681,6.993834986182063,-0.23257184622361993,6.335060713714623,6.650629938801648,-0.28458430979983546,6.252236840195582,6.931890162168703,-0.30476603348963244,6.856103134920799,7.893899709354741,0.03585613755574551,6.725798946755762,8.027171819076312,-0.07928046614973813,6.397469230816618,8.237837091736468,-0.30061936516299986,7.1050405919860715,7.743448806685336,0.5101037476335404,6.4150624182042195,5.820796856727901,0.15850741379343533,6.251888891760813,6.094053194385501,-0.1805478840947924,6.569450782524577,8.300878632068866,-0.11159967124930267,7.229799039389959,6.958892961231689,0.5672030592488951,6.329955802900604,7.306684211903243,-0.25934545568939754,6.3428098897382545,7.343302390915155,-0.2841817934765537,6.354765169325516,7.39257317533021,-0.31550059100793965,6.362490767734472,7.451923747255999,-0.3152415498285124,6.411919450720543,7.642152229303949,-0.2650110269978658,6.483713287410076,7.321796748437621,-0.18830402623185166,6.498829396310314,7.310102966031316,-0.18762183831630083,6.514968630792873,7.299971021979027,-0.18591990740235387,6.619190975813645,7.198487252626573,-0.15595321685806895,7.008523125652267,6.881297602385426,0.08235709926485098,6.250404216509374,5.970507207954517,-0.07071100794277736,6.306813302385993,5.707913310679425,0.11939141424488607,6.368502345003773,5.743780935624139,0.15202790125104007,6.463989541023538,7.326351514909192,-0.18192932913651913,7.040240018704183,7.275996160219023,0.16209238340679072,6.206642734723695,5.68697567437364,0.007553201056189029,6.484808574782769,7.813620789274404,-0.24328628685667772,6.181336094971062,6.009071611886987,-0.22458713965337698,6.323832053343296,6.322736051497431,-0.2166351872126134,6.329755035939268,7.8799603377688054,-0.3048918924043395,6.708422244739281,7.559469106999795,-0.11247483390315637,6.53076277473335,6.758483236482581,-0.11127171689970627,6.607243555431276,7.709424165287825,-0.17998346145254693,6.775294790220002,6.719763077398612,-0.07867002696975786,6.638675373687559,6.895923582689664,-0.12351720655852393,6.874567265105082,6.973686128258178,-0.044110616357550037,6.374662532692852,8.071370558443261,-0.3253044355832693,6.385816173381118,6.429776993181788,-0.1679196265977131,6.807931924717468,7.694183023582484,-0.04468162275843913,6.680577796279665,7.84944090175318,-0.13206592271620976,6.781000572971682,7.371664832424479,-0.074228309132193,7.128662503999102,7.103360865558674,0.2714941565606943,6.920429298016472,7.418017708405041,0.014149101557395953,7.193974640072151,7.271019140102794,0.4729634673511814,6.729131964103194,7.094390654884075,-0.10675746328971732,6.317326060638964,6.205796798488034,-0.13534554435767693,6.318105550869627,6.570972610380961,-0.3911272190287265,6.376766656184425,6.641850492463976,-0.30076929289268906,6.2735460025508125,6.452696578066731,-0.44566693050535156,6.382564605975295,5.5086553166835985,0.10139310940511163,6.539255717329045,5.361010507397267,0.09516400854586296,6.677685608879364,5.326342125671773,0.10134918046867626,6.795054974738313,5.367544721791894,0.13442442098430496,6.880440234579012,5.463525618773518,0.1867616237808428,6.937650244881456,5.819537954998817,0.3014210710438562,7.241974376714199,6.286120015905036,0.6674033222024044,6.871815828919667,6.043514934563297,0.19319691713207654,6.774407414540364,6.088068052623564,0.13425617371593965,6.648145715582566,6.10163804157957,0.09668024341694692,6.523097192070843,6.0778396546930535,0.08009840396797108,6.423271000477454,6.029118300147274,0.09417552374874233,6.350048931917071,5.979100176794294,0.09391353536748051,7.2703489642674475,6.363046627862296,1.0281138553885554,6.373782301744935,6.699524195855055,-0.2587730510421835,6.252387594034876,6.204053483948327,-0.2763417007417831,6.249008850404436,6.561371519895476,-0.4637728863575901,6.196567234051995,6.663439013829463,-0.4349146451214638,6.247568472489662,6.604684312529132,-0.4213661796697642,6.3495959559260156,6.7603780193347545,-0.23196869690272284,6.182615716422134,6.6701772103147,-0.46105882604998627,6.176870637645993,6.734984213855137,-0.3578019798847538,6.349293019301083,5.868531166586547,0.1566828949122719,6.293901343221409,5.8870042276854795,0.099253496691448,6.2575746692636764,5.895673287918076,0.03412375222284158,6.789539956323559,5.737947619411254,0.2056578651068288,6.873382668585887,5.6439540295575785,0.2123705191761659,5.578811223626296,5.895115998843908,0.18906438197787784,5.67793223019891,5.88402523179478,0.18914076362542315,5.572689974725091,5.762986331724383,0.1892225708036184,5.481172034412434,5.906132460683146,0.18915822356356415,5.585552278004221,6.0320676454013356,0.18913194434720612,6.62593203019157,5.799953173644236,0.15495470710925355,6.725388124681856,5.788741303392452,0.1543715183825995,6.620154085649516,5.665039561809969,0.154384211445046,6.525299198386981,5.8086579575354325,0.15426761835428843,6.628474840210757,5.93637396663486,0.15428531272893903
6.1274482861279225,7.157286623024984,-0.36215334302063457,6.098987478882847,6.570084680473303,-0.5168281217694926,6.114266596263099,6.7952770545584205,-0.3082744698374638,6.007326329405004,6.134968348522527,-0.32157904469872695,6.091814134097936,6.411275887251512,-0.5311926466073029,6.0869408254728015,6.23562560717369,-0.4682655852682867,6.0809060841962665,5.8372281682519525,-0.13533439249498036,5.408795781332488,5.95025347184231,0.2579472673333214,6.062806140830978,5.419361750794141,-0.017885170510820794,6.054459235412434,5.2051551883791225,-0.008284757173196183,6.034938177893834,4.6363410504180615,0.1966973900077589,6.129476512803557,7.211448764851979,-0.35810119242776833,6.13265333073764,7.264746966297619,-0.33219898814013,6.134646600288018,7.306148330584317,-0.2951642771031886,6.135126725702263,7.311842061536915,-0.2933918750527622,6.135276541953366,7.358656072952714,-0.3169284762766819,6.137300488164683,7.417413293224225,-0.3475549978194971,6.138242903725186,7.486273836105773,-0.349724546699854,6.149845815667682,7.698246709557932,-0.284987384012701,6.1047354290501294,6.675017409566631,-0.4762793724689783,6.037192555767561,6.7073655918224455,-0.3502871825226312,5.067328161124176,5.549290964678489,0.8395057966822164,5.67611256146855,6.063423954514094,0.12886114886086675,5.581020263135109,6.088574536020533,0.14113052017991656,5.491428361449273,6.0908146456798695,0.17534559796536853,5.373971707174531,6.014986933711356,0.2695460325760096,5.756357355907055,6.0141693650267705,0.14411439395549358,5.512967301188073,5.548419533484579,0.14130607495213432,5.628408570180133,5.565877050496928,0.13742738348749722,5.409398970095854,5.5943628271171875,0.1774658323297376,5.3461750853093415,5.682775460883634,0.21495056061915227,5.308592608604308,6.134601655412687,0.31304511420124037,5.806944239913108,8.033093878288971,-0.2029249751194181,5.378728729852382,5.9038172114025045,0.2986343737252553,5.058500060175307,6.19329538213016,0.772468464070777,5.201538196031087,6.046377718781557,0.4345052956694949,5.647524767115397,6.633043176472149,-0.0528620120993792,6.015503443072299,7.130972468634985,-0.34237046376796615,6.03394939063656,7.270149625676648,-0.31555861622475234,5.910083097752169,7.202945622485857,-0.2882044204760981,5.838306488554528,7.278179063324999,-0.22573614911199702,5.948474225507794,7.293585167813329,-0.27597502245142713,5.877769515916252,7.3273673056154065,-0.2165750414157004,5.71784494832911,7.546066928742047,-0.12432400159618506,6.022676787857209,6.578755474358514,-0.5044345723970739,6.003849165557996,6.427003739974351,-0.5157255455024533,5.2151350909346785,5.5507448957248995,0.2950452712775364,5.822821908887049,6.236886917325825,-0.010545876917560178,5.8320352516244665,6.629310611587548,-0.2636270867768887,5.825086274510849,6.563588362461229,-0.2275294184259698,5.358374408613367,6.688077106198414,0.09234515429928132,6.004114554345663,6.265110872212016,-0.43464828993059146,5.408132309363322,5.305691880618684,0.13522883000257435,5.2899404853421,5.393725693293058,0.21752646378653848,5.138815482275047,5.230456299547384,0.6805364860485306,5.841081656253514,5.4080295782197085,0.01848843451672333,5.729896952319552,5.646577357679856,0.15569782086771178,5.6388735920249715,7.426345195432787,-0.07709695324138244,5.213479978065361,7.659390081307811,0.792150930764671,5.906603436967644,6.706230555367667,-0.2419652174534785,5.983551917176544,6.748238318765968,-0.2618521654948589,5.750687880918922,7.4061349831591174,-0.09197186771380658,5.770243182152059,7.394973672452013,-0.12095000362744805,5.236016622695429,5.309208638760626,0.28064795184071256,5.839669816439557,6.715288017862867,-0.22178461172467004,5.5845313139912935,5.301419620524757,0.0673000739765139,5.562742323795296,5.168662089842817,0.06683366499805503,5.49265685470831,4.782023443105793,0.3293903793136659,5.184181626635552,5.280596231737649,0.45220492644478516,5.531405044529061,4.977623183839294,0.1924992800404931,5.161127045823102,5.512725454954151,0.3922350417145759,5.113469069526095,5.546687372257551,0.6008634903017308,6.022449209837678,7.2060760687231715,-0.3401547215435195,5.930837999110202,7.251765031434266,-0.2886336707884075,5.85796095387768,7.300611549990016,-0.23056061139692838,5.93385429963239,6.740200320188983,-0.22385073834477945,5.761051955146947,7.40025647883016,-0.10694444699903063,5.810801651673627,7.401922292860272,-0.1764657977065888,5.782542026251459,7.390535544365795,-0.12302617373284341,5.931674116473495,6.61667182728029,-0.3607899705474358,5.892716897311921,7.342982439444559,-0.20517112647578484,5.963566785984888,7.3182556239055225,-0.24499859524476564,6.045633631401083,7.307805583685793,-0.2803584854412618,6.030765438595282,7.707807840021122,-0.2778950113444571,6.035199286217184,7.485297890241451,-0.33891978529392175,6.034137731066518,7.414920636170175,-0.33525037955208536,6.0378324851829825,7.362278772586506,-0.30125270253636877,6.045358254863343,7.313214663761298,-0.27882364916044006,5.893347195682629,7.3470032222598505,-0.20512323878123614,5.879748517252238,7.372707410484648,-0.22790618846222352,5.868131337095352,7.405966618229308,-0.2532385336435494,5.859232965190609,7.446293585972387,-0.2435048023744021,5.743325125587974,7.136999362393605,-0.1734340139423781,5.093746830184587,6.934771679370276,1.0618911671149887,6.109872699641492,6.739835053900581,-0.36470893627659906,5.838951768550346,7.370421642539263,-0.1589734238923656,5.825733694738826,7.387731126827308,-0.1738179738210396,6.00430289477562,6.807583389470376,-0.28119765709419825,5.878870665361852,6.811966584931191,-0.17096651576323355,5.9950007324036205,6.780449526163633,-0.2710391120356536,5.725116743793317,6.350569628894234,0.01085321202612678,5.571531543859951,6.471815920911139,0.03594111092586933,5.816984425674465,6.6495693357901455,-0.18342385965983798,5.271588707992817,4.968952033248723,0.4961593201676733,5.314040212858667,5.084790672011562,0.3167152333537963,5.36751748039491,5.189851101623686,0.1695404969112257,5.803034392464704,7.615553132824626,-0.18973146938955235,5.799905373048829,5.199822799955968,0.009263651430257555,5.772740119670426,4.951306532511777,0.1143523144109458,5.741718524647585,4.685317409724767,0.2244673258532214,5.417799381318362,6.070755676478742,0.22434718302923495,5.219866074121266,6.2641149508475475,0.3573789309564955,5.809940921640509,5.96260011445992,0.16102349877128552,5.269623618165861,5.794162060051224,0.3091552422529831,5.884626819752409,6.120588842059607,-0.03296375538338993,5.872640806253524,6.53767157784201,-0.34874782054255743,5.13012150254145,6.41591448374992,0.45319509593532786,5.282576303189714,6.346510321900087,0.2475431975168323,5.401283923161158,6.370224094217386,0.1420911945960236,5.579673700401989,6.318944845108026,0.09801960086836708,5.711825902088405,6.238459987962397,0.07665667293052648,5.811064186818415,6.1501554359199595,0.05939931778669843,5.995057091850463,5.888055471670488,-0.09991909035025293,5.154014697654712,6.722689654078029,0.37840459397667653,5.202355051304953,5.79119997874372,0.36863804581443066,6.063251309119967,6.673156834410087,-0.4688042103615346,5.840677152375537,6.364186499297973,-0.07698329242260547,5.041024351189611,6.255070329745299,1.1039380789265238,5.883938378408059,6.049353354892731,0.05610276389567955,5.81215784545146,6.679685255904539,-0.09512473622709437,5.331623646863013,5.917805412085761,0.3195542513121805,5.871909203560643,6.459249191086553,-0.30248991278263504,5.139880247773951,7.292659874110093,0.9562986222824319,5.813420225719675,5.911268429662674,0.1930679352662164,5.933787952435473,6.341385179290958,-0.3842612501023482,5.390810697093044,7.865972423363174,0.21524749553707317,5.411891983855264,8.082006030630918,0.36583699468277664,5.088507541860332,6.838260050410323,0.7212937742199986,5.276290441339903,7.715342884040837,0.3730405256587579,5.085367107872945,5.855327041501162,0.7196720133018187,5.787926850362499,8.206244367205546,-0.1687639381959708,6.079328019684658,6.738503829497931,-0.3555674250810046,5.763702275970014,6.501119266215984,-0.05746493806181038,5.1320427176091545,6.105032921320175,0.532723670599592,5.4937562206271116,6.003244906678551,0.1889307104450458,5.572157205060982,6.0082837265906175,0.16110030189406033,5.8000369973265835,7.4312377661473485,-0.16290206525441256,5.1840910234741715,7.031560825100128,0.3540949676499721,5.972443042157326,8.391004188761094,-0.17861430097071937,5.677946383723111,8.29086843334591,0.05695734076134094,5.552026181377181,8.212430351554623,0.19319358472919426,6.044513576571415,4.92716114670916,0.0847209729542738,6.177851466873696,8.386469750227738,-0.21795290504413972,5.6529773652447926,5.988508694855864,0.15613773889968674,5.728219723717928,5.95739899360916,0.1699264521104934,5.783200504345589,5.935065314328798,0.19245190510989907,5.141813590823888,5.79831304032283,0.47666969730890313,5.715564887669481,5.8006551677150595,0.16776081584205152,5.632357655218111,5.749837138635877,0.16055528954546408,5.551070924423726,5.737907127878476,0.1691141225358794,5.471052637888672,5.766657936581042,0.1941756837609723,5.422583156898195,5.815151316830623,0.2228252104354498,5.041901846374637,5.877824448541656,1.0017206802080807,5.442576492313126,5.980317669679538,0.2261111356214519,6.119082118619952,6.923889312254509,-0.3042557826661607,5.834337784721762,7.030703305415248,-0.21064176051993383,5.900053256446245,6.668365568017699,-0.2682551604671834,6.000456184175894,6.939871852604222,-0.2951340240298634,6.074989769099173,5.661658146880078,-0.042529222046109726,5.519289546984581,8.012005457419555,0.08504899140018564,5.64650994036686,8.112856050375711,-0.039843442480872855,5.9629179389354725,8.256486317128704,-0.28284556897406604,5.30733486550577,7.918536525178414,0.5857018181611816,5.7815610865121005,5.867483560162015,0.18446585175092936,5.943742172205127,6.113137267094078,-0.16864572381033557,6.169896937350895,8.252397046884338,-0.31804338117271813,5.8133249853886175,8.350329076586883,-0.08032046056294656,5.129408448527276,7.173068694962507,0.6492219021608101,5.9645256099919415,7.3267958636290595,-0.244444275115688,5.95120230809929,7.361475472116311,-0.2688144744712978,5.943845616759459,7.408638341373962,-0.299549657384332,5.9393261598512135,7.472032731322442,-0.29894243339158394,5.906366227903399,7.674148408862804,-0.24736163448871099,5.819895854820882,7.36063578769942,-0.1623492834171989,5.801946084412055,7.354359913599682,-0.15909396800988182,5.78580052971293,7.345074873084951,-0.15535035640617142,5.675182273890278,7.272019475172546,-0.12063088609496665,5.301869425983423,7.047647523414892,0.1422680647192555,5.94020294162552,5.992929701084814,-0.05898981446016486,5.873633160564395,5.745602689310085,0.1348643328601051,5.819239160253551,5.787851228826229,0.1732065028051018,5.83822587314322,7.365720265897536,-0.15789560520670265,5.305479284224263,7.443211651664002,0.2249538273757734,5.961321325745156,5.708461100429724,0.01579503037442144,5.852946389930078,7.859025229776355,-0.22154055837633457,6.08574871616046,6.099152990169778,-0.3548328572748198,6.000588878569728,6.016685564634566,-0.21847436369194886,6.0824156612788,5.974540826378115,-0.24053654560535737,5.893969289830062,6.352154827513038,-0.20061274409515456,6.162431094170976,8.081424600894499,-0.3448970970075345,6.157239604364929,7.882788940844021,-0.3151511918216437,6.002821854121868,7.891042389458306,-0.29176692608042937,5.624906436957942,7.649122674232283,-0.07605361793167069,5.734773114587565,6.816839893556325,-0.08476933439812843,5.730796206531524,7.780529361716786,-0.15029477134219613,5.499875144368551,6.836316719610314,-0.03736561656685879,5.642185601290406,6.980050430917639,-0.0902975317697098,5.427401889603285,7.110575342752798,0.0031643841048729286,5.973304485601163,8.089671628812308,-0.3083194815950494,5.848257854681303,6.464031896550306,-0.14728091202231372,5.543180958571043,7.804457157249945,-0.0007477625952179644,5.67409218231083,7.932192633171727,-0.0972463974129025,5.540235999120808,7.485267213580511,-0.030757426836328403,5.216967129662441,7.296525133388527,0.3420016750141372,5.422146192832481,7.557065581805098,0.066705206480369,5.1820774217182874,7.475521309740961,0.5508982545614118,5.567904563761842,7.195885710005353,-0.06679467264341551,5.894596021147173,6.23611500692729,-0.11819454389958924,5.9022337963105,6.5919492922055705,-0.37434778392004836,5.860228173144358,6.666584894861743,-0.28167064840124906,5.9333363634500085,6.470259258721116,-0.43004308997149177,5.781367038796387,5.573376067275306,0.12298593290944472,5.61198228836287,5.465881836993492,0.12520997968054842,5.471615162241024,5.455961147527657,0.1403959858148592,5.362632757198264,5.517335158318418,0.18364050243068386,5.292184875465753,5.627112659608099,0.24211889058128302,5.2759287421050995,5.976215558042219,0.362415811283168,5.060870010585598,6.516658065098146,0.7524302729568555,5.358401161515349,6.184917086639957,0.24855336480160697,5.454910293537784,6.2122706804483165,0.18224858238166122,5.577398276912037,6.195838691345298,0.1356116528829016,5.696332404786932,6.145961294299822,0.11002411845779003,5.789097557353254,6.07820796485499,0.11609856549968432,5.852471258390868,6.014088036204743,0.11154077391230613,5.064251577396187,6.596963856153172,1.1179575805050996,5.8724403378413355,6.723358833332951,-0.2397295443170549,5.946363956599413,6.2247018622361905,-0.2638187267314234,5.963532185564991,6.571986633451579,-0.4520616200664988,6.026365121277198,6.661699458254376,-0.4282385175564314,5.970486869964365,6.610577159503314,-0.40974722382330864,5.904003054894943,6.777077947103116,-0.2167123060969557,6.036949996122919,6.669390025810949,-0.45465473426749375,6.054263760875282,6.725496211848674,-0.3522183630463238,5.846907368189226,5.902148187024156,0.17565684568585008,5.899721877167022,5.913580950510043,0.1123222373262578,5.933873918427177,5.9174405025027195,0.04567850121171488,5.3968329536819875,5.858433231774011,0.25623060049535856,5.31675866440545,5.7911375553057605,0.2677347273472836,6.16730368938539,6.1176381753236155,-0.3288920619260716,6.784169249655281,5.819293736173596,0.20627350209605924,6.181660366705286,6.698555682846925,-0.3556425338533205,7.140176893738408,5.313586840346403,0.7528856965249378,6.5280312587889515,5.9901866368682075,0.0950023305534819,6.625592314917339,5.9970339529542915,0.10048551616747767,6.717572358986813,5.973842397283691,0.12829538071914906,6.825621979513785,5.87247850531483,0.21387616407553459,6.439885083926251,5.95323624206068,0.11853052690736211,6.639177795249418,5.421561196042464,0.0996027595783947,6.526482444116844,5.464463219777699,0.10547405177085929,6.748079941586232,5.446035107481426,0.12869657392550432,6.822046364987481,5.522462441159707,0.16189249990993249,6.910669098210831,5.9681533035007694,0.25304372792894675,6.534179432369893,7.960399466200649,-0.22547417131933326,6.808380982654814,5.761336249318681,0.24362006279377676,7.203065475486739,5.9539111286013595,0.6875518549472348,7.019144624937364,5.851728241126474,0.3656184680617495,6.595133244246849,6.539301721336145,-0.08523866947524165,6.238713962178552,7.11701244767515,-0.3508195652720832,6.234106755751803,7.255820771374815,-0.322616143238164,6.35436854097575,7.176525169898648,-0.30570369430962424,6.438931253794235,7.236815509806438,-0.248769015485671,6.326964295006304,7.2711484006839955,-0.2905691986586723,6.405942428712279,7.286547371065129,-0.23525581257711425,6.5837329409487015,7.465938776956186,-0.15374616322696005,6.17538092555195,6.56396932378546,-0.509222762205734,6.182886719732164,6.4122682415623835,-0.5218476350039615,6.953469460918534,5.345355733097957,0.23147096806322331,6.3875442796662245,6.180150076212033,-0.03284745550230283,6.396338493605916,6.580553269371739,-0.2848231880767833,6.400817999513868,6.5145399486718505,-0.2497262789067753,6.9020489564867065,6.523915592347962,0.03818864172874455,6.17210851058145,6.245541302764488,-0.4429912270020079,6.721584580873471,5.125604899276082,0.0956076818430912,6.854888227461214,5.197366526848613,0.16537988559490538,7.0254447550015655,5.013081480126916,0.6027574174094128,6.290090235145768,5.334033904978957,0.007601715874243764,6.433817525756617,5.565386580627249,0.1294991721320222,6.656066367212938,7.32534264599337,-0.1126057289109325,7.186570706240401,7.442242126496155,0.7118611022744945,6.323545630838299,6.674363925347538,-0.2594426207896339,6.247400451099593,6.727379616148243,-0.27024707007837634,6.545021135074646,7.338385220767884,-0.12206270140907072,6.523959823812573,7.331512935306616,-0.14738882654068566,6.907227604899801,5.100575954297323,0.22268689793220023,6.399895559453511,6.6698858462610255,-0.242415736322864,6.538168111702806,5.162337703814151,0.03990194494663524,6.551230661977467,5.022969352699652,0.03820212965016074,6.600647909108845,4.653051983112418,0.2853059887812277,6.963129755471739,5.070126514671547,0.3854370847326496,6.566307884124091,4.847402898381376,0.15734789527382317,7.011105199538939,5.2969715046884644,0.32300707001838347,7.07301498178007,5.322338606348283,0.5245275177837196,6.238674724588977,7.193168328574648,-0.34822763265759243,6.339959784673329,7.226394719426209,-0.3045562400495093,6.422497124459057,7.262462625173673,-0.2513578492223488,6.301212308263298,6.710939779527309,-0.23656166631105066,6.5369010942649135,7.333987043681959,-0.1347728825234949,6.484273498895635,7.3501350953186035,-0.20069260150757234,6.513153791643797,7.3294561722022005,-0.14863752938776192,6.282384685964085,6.586098610894675,-0.37530152487572493,6.393765934551277,7.303526546190031,-0.22234894189790616,6.3178397719034685,7.29483863044755,-0.25793244176680613,6.229896919095835,7.297526048628033,-0.2872279395537364,6.273217358218077,7.681581435149625,-0.2837962779341846,6.2490470030402765,7.470717201955622,-0.3461343518419708,6.24394754321705,7.401791025287877,-0.34242626586268465,6.238584834838315,7.34500139178084,-0.30899588413350726,6.2284280064243145,7.3046323328053075,-0.2859057442555057,6.393955701802674,7.307668608827643,-0.22250257043754074,6.408679785643129,7.32980931050837,-0.24576140965662702,6.423029328855829,7.36540779200238,-0.27137073654981186,6.436596260509201,7.403552436354406,-0.2623702131476653,6.5242394808146305,7.0655955102969195,-0.20053718944113894,7.259984236334013,6.697364286945303,0.9696898765461184,6.454915934376105,7.319752359595104,-0.18135097793197796,6.467010386304359,7.335528724246871,-0.19702118929808726,6.228668425836798,6.789703176606704,-0.2887190794279867,6.367274854302834,6.776562864563613,-0.186554584573214,6.237107361238161,6.762799744962369,-0.2789831410444258,6.4977619553698585,6.269542579601759,-0.017986615564406044,6.66366704501885,6.358029764788397,-0.002716292678162749,6.41949366532982,6.597921253338787,-0.20570897127605828,6.853310876360325,4.783950365459253,0.4325786408450543,6.804274590553178,4.900107542108365,0.2635486784799949,6.754883739618424,5.001428986139413,0.12576568204289518,6.501379661128613,7.550629903704185,-0.21279338495596237,6.313238272762477,5.1156442588099535,-0.00355971919205318,6.320313880278811,4.883525380048884,0.09624807943429757,6.335759222356716,4.615657846837342,0.2028984897464554,6.789930754626234,5.934842373478944,0.17175480116719075,7.016868844742051,6.0768895818452915,0.2895682388309966,6.38146173987148,5.91311116955123,0.13748047685089002,6.917643401404992,5.616773554755258,0.24811784985141666,6.31135201482003,6.076547144699916,-0.05082013587021267,6.338000045426771,6.496651174879545,-0.36623708433192514,7.1335963932614295,6.195220164251462,0.3759946033897519,6.95434624269284,6.171326612432841,0.1841301697133038,6.830762817158744,6.221056333459374,0.08954281011069815,6.644417796984393,6.208929064638021,0.059046023421934365,6.5030925602662135,6.159929876188291,0.04693826749846515,6.391163412246419,6.0908039445190765,0.03653119076726361,6.173233559286154,5.867887350629271,-0.10731321345877458,7.132682514129707,6.509593158742605,0.30207517591965116,6.991407216161895,5.593174998269164,0.3001086592712566,6.145041707882342,6.664779965741323,-0.4726044154999805,6.377679236236514,6.312652562561739,-0.09875580728979834,7.24744390270605,6.006723497346997,1.0100813187829756,6.309007033784923,6.005777514732896,0.03879402088596008,6.430826194609613,6.627091190839079,-0.11586723092683304,6.85989779753378,5.763238559002318,0.2625456898905856,6.338805486129124,6.417098032133626,-0.32033735334137864,7.241255778124815,7.063999610517323,0.8683006584967139,6.373164773203304,5.863888683546285,0.16900454710817603,6.2569216305624895,6.310149204346896,-0.3969741399480981,6.976740918589722,7.700608099039588,0.15824833107229958,6.983614630872428,7.915631516728473,0.30448842144298366,7.233087938796874,6.599103374901054,0.636429912901532,7.0921550779744384,7.517894339427664,0.3055073503031576,7.141000169708749,5.624687419867045,0.6378641359768145,6.5696651949702165,8.129542727105605,-0.19608006679451245,6.140077796095827,6.732076712325653,-0.35790600771372094,6.4693389588929175,6.432858701749564,-0.08371485204592398,7.102257687173755,5.891428120847083,0.45678136703425365,6.7050248912516555,5.892402996595326,0.14314467928792496,6.628854028727047,5.916352194450071,0.12071335191532775,6.49910602116546,7.372310040713868,-0.1891725343848827,7.13084262788403,6.819820523542536,0.2808986488263737,6.389946333558894,8.352501412227863,-0.19294656626755574,6.7032435046849805,8.19236353483558,0.018271141037271933,6.836784003631608,8.082131590917555,0.14354488040749835,6.542392929983884,5.914240498720251,0.12182038699936411,6.464219523569544,5.8957467526377805,0.14053639396209744,6.408192526121687,5.880471202311125,0.16647541693108925,7.063921848748894,5.583349905839746,0.40185904149742496,6.462116388768359,5.729841662988788,0.13744384766925896,6.541479764262881,5.66136422166363,0.12588048543352762,6.622914884486929,5.632332685842927,0.127590241105145,6.701277344741945,5.643813247847023,0.14773875449861693,6.754903715118571,5.683089004894869,0.17346100093225295,7.206892210586318,5.6309376111808795,0.9106416738773767,6.7536595268237045,5.857875344591336,0.17694643588478962,6.423427412037329,6.980927926102665,-0.2313877665380577,6.324482339113047,6.634514942786546,-0.28376898997416244,6.241172375518064,6.920529147765506,-0.30371058081784214,6.845200823300666,7.874520510604626,0.03846785842262329,6.714830721591646,8.007508829654334,-0.07614842910159246,6.3860546780838385,8.218772572851277,-0.2968238487895038,7.095327615444205,7.724718527716948,0.5106637180946821,6.40203793184427,5.809531423887497,0.157501167108098,6.241603989003382,6.083003511711695,-0.18068918916622806,6.5583547814227305,8.280750842521483,-0.10832724876729423,7.218848260834982,6.944616033889121,0.5666130875386194,6.318653060123737,7.299342392319965,-0.25752038019402046,6.331474477575196,7.335280457316474,-0.2820662569393155,6.343312815055137,7.383387882366787,-0.31326145600193894,6.351077577326542,7.441257619703199,-0.3128578661814478,6.401053425051314,7.6280042901126475,-0.2622149125516568,6.471683939928025,7.311418295569512,-0.18646314538364628,6.486467236858201,7.300039394592949,-0.18565517430264694,6.502234327170615,7.290267807967497,-0.18389355144231095,6.607524475034429,7.185519138839809,-0.15391536418495694,6.99735064086633,6.867170306408705,0.08312482793974216,6.24022995995756,5.960294727719747,-0.07104034146747648,6.295281724951814,5.698184775720201,0.11837680919138759,6.356261219614674,5.732953560547394,0.15108731491638555,6.452364064232333,7.315802204441046,-0.18003411092005878,7.02955328733536,7.259979242458976,0.1632215840804237,6.196507157189501,5.678378353913788,0.00699090880402444,6.47372572140733,7.796914265712315,-0.24008165709531473,6.171116869681298,5.998699766984402,-0.22462898026345074,6.313108432011521,6.309835303630301,-0.21620689919033603,6.318391951800388,7.863242913950238,-0.3016664584596133,6.697411372052793,7.543637765242035,-0.1096407939605506,6.5193975622611555,6.74438090700545,-0.11076298902237705,6.59626400023731,7.692868306143367,-0.1770283220589411,6.764153798508045,6.706465980905113,-0.07799046672647086,6.627353012573148,6.882407332556506,-0.12255185592773597,6.863223004897526,6.959458543909019,-0.04298578539928691,6.363279754273446,8.053098628275414,-0.32161685546686225,6.3746401065713,6.416025062411448,-0.16772644951004648,6.797046313142864,7.676643206149014,-0.041946100745991526,6.669614036776883,7.831222900625408,-0.12872647029346979,6.769911023014681,7.35658076116959,-0.0718231926882185,7.118029057950485,7.088235599481321,0.2720465594420601,6.909683164596435,7.401713263519448,0.016072476081924143,7.183758441184,7.255412700443241,0.4731228421522316,6.717545249379471,7.080642769193323,-0.10511921911423124,6.3068261372153085,6.193802617151749,-0.13551292352754366,6.3077164737932865,6.555345615007737,-0.3901660168634184,6.365939349435867,6.625919057026885,-0.29985401623255303,6.262937823160317,6.438798559400401,-0.44477515509437177,6.372763122968207,5.498167952516708,0.10025176268640547,6.531621854940365,5.3487465742479,0.09444962674556567,6.6711778330741005,5.3124796269096874,0.1010255011999097,6.788694413849283,5.352944996332356,0.1340166560137467,6.87369516084956,5.44844465218665,0.18597467083457309,6.928482963877586,5.805375449740854,0.30042909215475216,7.23034130752667,6.275197786375503,0.6657203276370856,6.862643001982545,6.032592483448008,0.19240354923956568,6.764733801423025,6.079153947469091,0.13361287669353317,6.638002094383626,6.09359766089677,0.09609441745353552,6.51189462172382,6.069469396951422,0.07922986736658695,6.411364350180734,6.019507104030321,0.09344861118267751,6.337972222408709,5.968925570604665,0.09313860078391266,7.259516238901999,6.3523510154609095,1.0252883816805551,6.362530673017935,6.683749556773723,-0.2579077176265573,6.241931444523648,6.192213851479347,-0.27616106659063056,6.238449286801604,6.546667687015329,-0.4627476654698836,6.1857389357888595,6.648973637839335,-0.43383353030071403,6.237127336738308,6.589473757008789,-0.42037802448409956,6.3380792340166385,6.744914538223661,-0.23117019856268492,6.17157273913108,6.655973623819399,-0.4599432479313968,6.165603631640741,6.720871883564657,-0.3567342529009719,6.335998928358478,5.858304104433776,0.1557076079710204,6.281852481567313,5.877102476893487,0.09845658722816643,6.246483004914273,5.886075756923782,0.033655145120479235,6.784230602977161,5.721114509656733,0.20481740852340607,6.866085922115015,5.628586566154656,0.21132462834303747,5.57162642748565,5.884979601353218,0.19056201323159946,5.671609156301494,5.8736135417696085,0.19062682213665208,5.565147588036204,5.752368319868783,0.19071015742632763,5.4726927691328795,5.896167664962305,0.1906439216998359,5.578619279358518,6.022408545426664,0.19061801597308284,6.616513450100554,5.794739566028686,0.15740941580134046,6.71664563846214,5.783462326079658,0.1568672013604099,6.610522940288629,5.659354543666704,0.15688000931223403,6.515213408391091,5.803413926967496,0.15676368992382256,6.619190880530963,5.931678396937812,0.1567815251918109
6.130833567706139,7.161143745990122,-0.36218633247567616,6.102074169244713,6.575190005167306,-0.518189653539767,6.116788246889104,6.799410537303953,-0.30919413425966064,6.0103795431637295,6.136726050488061,-0.32292731354124743,6.0950240305674095,6.415981629537739,-0.5325066345141257,6.090022985648208,6.238827446365944,-0.4695486570291761,6.083663729157544,5.836503838632772,-0.13594203253401607,5.409474055514547,5.94900165534918,0.2545149443096933,6.06546026823786,5.415026806973286,-0.018138409129342906,6.057084749167384,5.199556497572389,-0.008328107486727982,6.036826484719459,4.631151021545977,0.1969414584947428,6.133024691996413,7.215071097496473,-0.3579358323802942,6.136325652857167,7.2679949569011555,-0.33204293926201006,6.138389021040614,7.30902821999445,-0.29495367758741853,6.138770861918561,7.314629504499358,-0.2925723911870179,6.139059919031773,7.361633045992698,-0.31624516508854866,6.1411311381491585,7.420402282575667,-0.34719361358781564,6.142066826730445,7.48933847860976,-0.34983761632591104,6.154125147539622,7.697335412621909,-0.28637213841241005,6.107526999726046,6.679800845020629,-0.47746739448865055,6.038520145286501,6.711075397227633,-0.35157869474964215,5.0672728998869365,5.543367451518146,0.8351813710737965,5.677848596985278,6.062334169087567,0.12658666337884633,5.582714548117704,6.08762702335425,0.13839992129979686,5.49320961888446,6.0897317873711945,0.17221920207738808,5.375343904517515,6.01352634023077,0.26602051030122126,5.758365991161431,6.012438629019573,0.1422778254380212,5.516729946384077,5.547727574739411,0.13841664914199664,5.631146602727326,5.564849034218035,0.13518708271175092,5.413420934122108,5.593216599703774,0.17419418034265113,5.349891890408248,5.681209510432476,0.2114585713731795,5.310893089787079,6.132954033590961,0.30941411653648243,5.812144174922939,8.031908672206425,-0.2047869280053822,5.3793032732472525,5.902708266516695,0.29512189276857936,5.058825651829108,6.188178930361064,0.7682897188247286,5.203746398271429,6.043751722175005,0.4305095311564107,5.651430204280236,6.634337514021885,-0.055485761893261,6.01785220483121,7.13509862950782,-0.3429994305611729,6.036958523153889,7.273944537384453,-0.3157263343348807,5.911656903764724,7.207471393443433,-0.28917726372657365,5.8392234735214,7.282990954446087,-0.2265901982626669,5.950722794185009,7.2977856825936716,-0.2763575138442526,5.879145829462313,7.331900131722825,-0.2169346200994853,5.719271551890459,7.550984011899505,-0.12519879891911073,6.025418363984692,6.5839273809202465,-0.505934702521479,6.006959390851354,6.431697771841265,-0.5173595064908665,5.219320866903418,5.547756123590099,0.2909962938949557,5.825599248252008,6.2372030167618195,-0.012178432292118879,5.83266508879719,6.632785883987014,-0.2657152383329703,5.825973595056649,6.566338434011613,-0.22957203650182884,5.364070677102247,6.688343374867627,0.08855804414957935,6.007105703711128,6.268319836568774,-0.43633978636534926,5.412548053012334,5.300697938345902,0.13234663934675622,5.29436865814846,5.3902553260922845,0.21401054867538657,5.138863782174343,5.225059899612893,0.6764701915219864,5.843702788194285,5.4006735154294585,0.017254438854177788,5.731505804991998,5.644665910970441,0.15392428446845044,5.6404738691076,7.430907545907439,-0.07814822430945241,5.217971219987161,7.6534401272471815,0.7885107805516008,5.906811093221137,6.70966151539733,-0.24359922433791875,5.984319438534817,6.752137209171615,-0.2631259021831837,5.749632540875459,7.411851188073462,-0.09246874601041004,5.769485054782986,7.400523717841888,-0.12128304524993572,5.240480561311804,5.3059755502561385,0.2768917788203236,5.839870104989474,6.7185530549439845,-0.22378554132808492,5.588400408592775,5.294076389289545,0.06519779094791942,5.5668884927390305,5.162429074113793,0.06462316726456777,5.493634996759705,4.776868280922481,0.3268875075111998,5.186055389221587,5.276283674959129,0.4483254414280106,5.5334035457675395,4.97320657803508,0.1901540138513439,5.1651372894621455,5.509215175161832,0.38798079897045684,5.115456222634942,5.542209081901497,0.5967666180207469,6.025123597101342,7.210135001212587,-0.3405565410938979,5.932783410134185,7.256175732716487,-0.28922046616702823,5.859108461746584,7.305367543615032,-0.23112036557583943,5.934061684923723,6.7437959487219645,-0.22537756352592128,5.760107827914008,7.405967983668014,-0.10732138594768971,5.8106246623450915,7.4071006593190445,-0.17686026383245027,5.782168595422221,7.3959394861427254,-0.12335541301248584,5.933378296810388,6.620469909800382,-0.3626523478555721,5.894172160161101,7.347163061021686,-0.20534646317506966,5.965992146975275,7.322051491956868,-0.2452571542340222,6.04889907995398,7.311282865477503,-0.2806171807971601,6.035341230762437,7.707999835796263,-0.2797861415966756,6.0386272034765796,7.489215718551803,-0.33961565572963487,6.037506661087091,7.418438835369627,-0.3354822282258617,6.041088828127118,7.365650583005712,-0.3010738597573634,6.048500823486888,7.31650873259587,-0.27847574935011454,5.894380209910486,7.351274809241968,-0.20537813455630125,5.880716373110765,7.376964492533209,-0.22818360329545845,5.868956387791274,7.41057148584139,-0.25373143448484575,5.860038440557733,7.451247174579823,-0.24423664434088832,5.74606215023634,7.140255979384536,-0.1748913298941687,5.095576230458628,6.928424934725042,1.0580924031154673,6.112452390190925,6.743719580546375,-0.3657611392651355,5.839244171438149,7.3751459307444085,-0.15944540915353725,5.8258419134828525,7.392622823414094,-0.17419641072161113,6.0060979292818555,6.811922071117796,-0.2825647254012155,5.879220770195368,6.815638417756055,-0.17266360508516193,5.996256426728571,6.784646499170858,-0.272343679260313,5.728331172795536,6.351072248893133,0.008804128207239671,5.5758592553463435,6.472534047864816,0.03303821600567853,5.817797917940986,6.652083479609301,-0.18542283363440418,5.27189036369894,4.9637312144918635,0.4927663667115044,5.315760311968682,5.080525633236756,0.3134556747308945,5.372268479577193,5.185758481174436,0.16646549347435569,5.806003317140036,7.618797524380308,-0.1909712916136454,5.803094902976236,5.1911592100032635,0.008004054333647218,5.77487150918647,4.947009082062233,0.11304275405580254,5.74324295123094,4.680147272817311,0.22318233533836127,5.419446169059727,6.069616267176708,0.2209627514125584,5.222362390083549,6.262485878930762,0.353307751430779,5.811923278190744,5.960097166168918,0.1594124218487193,5.272909914529121,5.791664656882186,0.30531965375313985,5.887269761786105,6.120522436559043,-0.03434521807622044,5.8744748806291875,6.5412475628635445,-0.3507387563371074,5.133133314120073,6.413178132400216,0.4487493472531423,5.28571193289871,6.345739323584689,0.24361987764708806,5.4047160326868235,6.370022975979565,0.13862610403012732,5.582366965860583,6.31894908209944,0.09535366313186652,5.7136513537719695,6.2381322818517,0.0746583726545783,5.812688744249805,6.149331081787905,0.05782459303015864,5.997838033056665,5.887363259272107,-0.10092068901594949,5.158948255493706,6.72047938864413,0.3741022212844697,5.205682724069316,5.787897992894591,0.36456855563524,6.065579459689481,6.678014400688852,-0.4701637063311772,5.843308814054796,6.365191796721955,-0.07870066129809976,5.040513705276811,6.247933816014023,1.0996251818806364,5.885598226578345,6.047755698483941,0.054941939743346525,5.813336803160414,6.682067623765225,-0.09698893237773669,5.333151914946937,5.916184037762511,0.3159782556384092,5.873616630805391,6.462098729217229,-0.30441175569369483,5.143040122169306,7.286578117534985,0.9526511485677679,5.815282407334775,5.908468710864185,0.19145943235282423,5.936330247971487,6.344408947142647,-0.3860926939656846,5.396865098747733,7.862901617299605,0.2124840327076045,5.417751437910784,8.077581123536454,0.3627917242367806,5.091735339459245,6.833778357482959,0.7172802382889673,5.282549790824425,7.711375737390073,0.3696470839195105,5.086480566629557,5.850239404419846,0.7155399628016618,5.793364027219366,8.203188215627979,-0.1707504417727744,6.081396236691681,6.742444160641906,-0.3566702261432493,5.7663675202879,6.502241981890338,-0.05951723319882662,5.133725702771841,6.102068459474576,0.528454303589337,5.4951798464425385,6.002021867124933,0.18589546208791644,5.5738861729031965,6.007042896239615,0.15838986000694225,5.799567692473782,7.4366965391056175,-0.16339039193898264,5.190067216464463,7.028977555453122,0.35006767991563187,5.9772254059995795,8.385098637324328,-0.18018361769796268,5.683554084795196,8.286702168544428,0.05472070845430719,5.557863487315411,8.208371259470312,0.19065518000364898,6.046852127359679,4.923046247376957,0.08459426484544881,6.181671219846825,8.379590136584154,-0.21870344443747844,5.654861776132885,5.987109374968262,0.15381640103815672,5.730284984764469,5.955492950274274,0.16793513477865857,5.785171934514557,5.932563583983891,0.19070636720078027,5.144796590207861,5.794164108759886,0.4725003405447993,5.717759533385916,5.799909208100133,0.16579349144561178,5.634612790061435,5.750349117027718,0.15824527569086225,5.5535008660697125,5.738701185947175,0.16640178269936418,5.473261823187763,5.766985602905286,0.1911289571023256,5.424254509236787,5.814900566456828,0.21955730041472343,5.041312359374796,5.870969081764749,0.9973241224782569,5.4436052770934795,5.979006497421853,0.22280301478863931,6.122035525645487,6.92785395771129,-0.30505809721250426,5.836661927893455,7.034378998003217,-0.21232864220546346,5.900413652642678,6.672086945564838,-0.2699716935401754,6.002858348450079,6.944388024587016,-0.296439109974758,6.077626360958383,5.659270789260953,-0.042982162652568226,5.524963434922382,8.00969980753527,0.08287913688091694,5.6521653371854415,8.110298820145717,-0.041888814158549156,5.968015903628392,8.25315013177382,-0.28452186063479884,5.312718788788551,7.913388118576832,0.5823424450335721,5.783597465399136,5.865387781455323,0.18271606803237522,5.9464843604398006,6.113786335239303,-0.16992241358388585,6.174212832604688,8.247517443533157,-0.31892793181296836,5.818624764029026,8.345604871004362,-0.08232417398809742,5.1341517943683534,7.168151775112662,0.6453192023093647,5.966674464506708,7.330565472953179,-0.24446985276494268,5.953377480438323,7.3653308358780105,-0.26893485727305455,5.945992606486707,7.412820421554307,-0.3000494467010496,5.941523997632829,7.476451527409375,-0.29977100619168706,5.910280135440314,7.675850261315684,-0.24901962510917333,5.820197805701913,7.365671280922459,-0.16272348632616226,5.802017897584046,7.359586807119664,-0.15960837179224738,5.785721856750928,7.350345544152086,-0.15604612203633267,5.677431426904605,7.275860878986858,-0.1218839651012254,5.308307277636049,7.046936923699427,0.13861237604762872,5.942976063550928,5.992465853078524,-0.06013476379742067,5.875639673737242,5.7422569453003165,0.1337862932059423,5.821037498772762,5.785219040118192,0.17171732220381583,5.838784534942078,7.37040325292393,-0.15815167783780715,5.31149975286419,7.441572682803061,0.2217195189936759,5.962984882415969,5.704886856610875,0.014757278690859342,5.857759528551595,7.859333010963654,-0.22349242492516577,6.088766122496686,6.100876544958368,-0.35578576936667355,6.003446454774244,6.017221988952281,-0.2195741620796608,6.085364526937258,5.974914019675785,-0.24129368160699866,5.896424664480352,6.353810797395342,-0.20229244987276312,6.166887911239516,8.078401189272457,-0.34588500564442254,6.161662757842416,7.880904522543209,-0.3163228937953036,6.007761613555676,7.890462677753419,-0.29346144254425116,5.6283759367680934,7.651744325516338,-0.07736408997849606,5.736844083209946,6.818900837668381,-0.08687962822272859,5.7349156083459985,7.782232557354174,-0.15194405366073663,5.505161595224826,6.8373426814913065,-0.04050849674361935,5.645639069918254,6.982032539103692,-0.09255323834136107,5.432949775434964,7.111457326253414,0.00016142247927031705,5.9783541561836415,8.088139202242,-0.3100035387842335,5.850273663040671,6.4657272881396235,-0.14901472969418716,5.548068733505128,7.8045834525575,-0.002620295203737791,5.679313153025552,7.931682935818717,-0.0990193132563654,5.543676849687474,7.4878710676844165,-0.03242863670807676,5.223103232758892,7.293633965982426,0.338292550323002,5.427433780621485,7.556967851003627,0.0643165236132564,5.187753332116232,7.470607577673622,0.5471169995368788,5.5716679272047696,7.198430686151935,-0.06883627505668587,5.897201906940323,6.236943222220562,-0.11967216519799281,5.904081109374134,6.595800134199955,-0.3763160508325558,5.860776428348007,6.670319057986008,-0.28358753258467817,5.935766408170406,6.474421126895266,-0.43186569077923037,5.7835824772525255,5.569439689408602,0.12150768901878381,5.615314837578515,5.462838994662352,0.12306672391180223,5.475884391984053,5.453522077240453,0.1375583324068317,5.366976950102245,5.515003454638744,0.18024899010527937,5.2962528822938415,5.624722397601348,0.2383837953930853,5.278072974175974,5.9741988709660605,0.35874766801793334,5.062372846527043,6.512052794429133,0.7482468197691787,5.360726179244194,6.183830940401342,0.24501181254842558,5.457369034870607,6.211517615798181,0.17910112557353125,5.579433571452432,6.195226214153299,0.13301656712306736,5.698028708954445,6.145200776814677,0.1079438958673119,5.7910230214629825,6.076887659446841,0.11445201900165905,5.854415030693541,6.012241641949828,0.11014616090049063,5.0647523932318546,6.590142465714939,1.1138623152882283,5.8726370483661725,6.726820802103115,-0.2415640481445261,5.9491665249619015,6.22643795888879,-0.2653242752050773,5.965754834653934,6.576629580963228,-0.45381806186998896,6.028142638061557,6.666250846763025,-0.4296644851760576,5.972247913882196,6.614770131760601,-0.4114272563189196,5.904195304776885,6.780725314528916,-0.21836638956904791,6.0389219703599295,6.674176007713903,-0.4560655255327915,6.055864999521756,6.729436590547366,-0.35342181301079184,5.848818028516237,5.899308812121068,0.17425085427202397,5.901708699881994,5.911112334437858,0.11137741930155198,5.935555860396585,5.914958578346746,0.04464830313121807,5.397946029606892,5.857751677617656,0.25280045200316503,5.3195173407191705,5.789123095449722,0.26412843522190027,6.170350886827922,6.1194261606926394,-0.32936880410416547,6.787254436681171,5.819169690216525,0.20943706740281146,6.184950769069563,6.7014808422327965,-0.3562593680350334,7.140811968251677,5.306989391316183,0.7584694494791429,6.530020013609377,5.991726437845715,0.09694595297517809,6.628196656238981,5.998528915243305,0.1028198455484684,6.720253852723698,5.974500061340814,0.13099110423004537,6.82772029136705,5.871831970776783,0.21731690705322404,6.441063222309334,5.95403624516794,0.12008840967139704,6.640227141918738,5.420676981384997,0.10219105711207391,6.527982339391549,5.463238678571979,0.10757209169468504,6.748827683655655,5.4449745513445835,0.13166376422058249,6.822792759738369,5.521165010338397,0.16510299957528976,6.912162081930847,5.966994925355677,0.2569628298258386,6.5368695966106,7.958236221843259,-0.2241969570310408,6.811246177077767,5.760506441241734,0.2470791954140002,7.202183432574821,5.948214063930836,0.6934894550366645,7.019965397012313,5.848742374061914,0.37025258719956294,6.597655809494649,6.540884278738545,-0.0837562278309774,6.242807869873063,7.119598031026985,-0.3503669298606909,6.238166540472526,7.258395405857448,-0.3218080201639765,6.359002405892882,7.17807606933294,-0.30440542141744853,6.444385594808105,7.238277030777893,-0.2464629863149399,6.33159336806898,7.273126612812252,-0.28898145875767794,6.41137384503676,7.288349573720151,-0.23294008716169903,6.589077593584291,7.468770459131875,-0.15054299650945283,6.178730688226001,6.56887428567394,-0.510149315819395,6.186180510812932,6.416872353679192,-0.5227822268562394,6.954637061983866,5.340466130493102,0.23556419491947153,6.3900264419351025,6.180754801739752,-0.031831087516990327,6.3999236147472285,6.583714691982625,-0.2843619647671587,6.404231636315988,6.517190160110367,-0.2491594029585946,6.902999328302661,6.52466995899052,0.04150043548227603,6.175237022623105,6.248728901505673,-0.4436143903811846,6.723735385065051,5.119790651890587,0.09878164407439109,6.856565336380538,5.192172694202673,0.16919310196776555,7.026691506234312,5.006621223461753,0.6076682643012841,6.293063125459722,5.327230883314328,0.008508158313238616,6.43553473737368,5.563710291936233,0.13122692219748291,6.661188421814845,7.328020342914379,-0.10870540300371936,7.182241346648262,7.435810097291768,0.7175274981004695,6.327525156845996,6.677090845369108,-0.259348755414476,6.251346117392459,6.730542858511511,-0.27062599751187194,6.552163215923951,7.341122837937456,-0.11826665844068386,6.530703758583345,7.334256839347087,-0.14393762885245104,6.908785466615771,5.09468800434161,0.22653727136994684,6.403556455997226,6.672771404260073,-0.24193669986115773,6.540506006466934,5.155297214351395,0.04191439660522,6.553654893372378,5.016880252956344,0.04014652575423226,6.602493412243664,4.647566610691349,0.28802625436049195,6.964643434149871,5.064130028286865,0.38964301119416345,6.5687779333028695,4.8424842456216055,0.15953919658880394,7.012110180745618,5.291112661727539,0.32748542750278836,7.073607973733055,5.316587871777989,0.5295626235021249,6.242817861970804,7.195808474216279,-0.34755283842310825,6.344553118838618,7.2282620939566815,-0.3030082228217654,6.427917904010227,7.264153709041138,-0.24902401895572449,6.305260621916001,6.713703318933427,-0.23657486884139195,6.543884762945813,7.3367762754202674,-0.13118582746514548,6.4908745432678,7.35291779559904,-0.19771722890459925,6.519560428438706,7.33213494601973,-0.14528210128952043,6.285353508331534,6.5894016230395955,-0.37539013131111426,6.399342645635736,7.305229795410464,-0.2200215314914514,6.322559084268888,7.296772198394261,-0.256341401640012,6.233892777524591,7.300016061553641,-0.28646663956894397,6.277077196517197,7.681623552645985,-0.2846585605612554,6.253010515387546,7.474278246150781,-0.34565920207851525,6.247953086488237,7.404905252701168,-0.341485605449673,6.242607314196983,7.347899621369426,-0.3076811566921656,6.232384684487019,7.307414496209333,-0.2844985531746672,6.399605295062061,7.3104085569251955,-0.22021341099337755,6.4144821011553725,7.332496088980928,-0.2434793860763996,6.428962791945393,7.36827493610517,-0.2691391376819981,6.442690506798527,7.406702402851953,-0.2601359453646075,6.528186463673966,7.067641263939345,-0.19835397979388084,7.255713241335347,6.691369553040514,0.9762439187760046,6.460986037761679,7.322477583553381,-0.17860766538053288,6.473333415684069,7.338245827509412,-0.19416856215655073,6.232057800146646,6.793593708976354,-0.2891538893550732,6.371123534173573,6.779504137440753,-0.18628287891326306,6.240752352623556,6.76635525053531,-0.27942140772535184,6.500247844669808,6.2704067575540385,-0.01648161672650903,6.665866151000009,6.35914015409745,-0.0006033633795514337,6.4228640437172535,6.600369377752505,-0.2050469232807458,6.854993008428918,4.77803343089117,0.4365723702832948,6.806552032303458,4.894492757501116,0.2668771988597454,6.756753558327801,4.995976427622246,0.12892848322355033,6.505920501301436,7.552398607451076,-0.21066828119629363,6.315974291857792,5.1078343932226185,-0.0025547624879333477,6.322695405030921,4.879164879566941,0.097299144635384,6.33769211629712,4.610419559897904,0.2042177799023773,6.792358257462848,5.93507195737743,0.17483502397732428,7.017465231413345,6.075470922731468,0.29399597516579734,6.382134112162515,5.912993703698171,0.13886174356724806,6.918591283105696,5.613993025791678,0.2520061248403616,6.3138616769069085,6.076732068210593,-0.05006540015363821,6.341015202517157,6.499973775703207,-0.36613231893165354,7.132954610821181,6.192128663853694,0.38119045483441,6.955442139573257,6.171210920954886,0.18797288165881088,6.832580733196614,6.221740959229413,0.09273310167664038,6.64704674862674,6.209870347113506,0.06148491812489059,6.505969034347604,6.160577901516287,0.04881223943118995,6.393777760915454,6.090889443266577,0.03780154992329991,6.175956453660433,5.867253448847758,-0.10732489879455166,7.131158174391663,6.507746914024175,0.30709853710024243,6.992247317879717,5.589101282877156,0.30436041237003636,6.148266923378525,6.6693034326227965,-0.47350548312689894,6.380416898793655,6.313810288975671,-0.09796778994379315,7.2452500875583405,5.999646602747724,1.0164523877299025,6.311437165762264,6.0050580373955595,0.039730693900935615,6.434245756765134,6.629619102724491,-0.11501115270313371,6.861724113699789,5.7618286098892035,0.26628784352336315,6.341867385710182,6.419805748087343,-0.3201550194053746,7.236678295139387,7.05818088854274,0.8744863581185903,6.373349630805938,5.8633108525678,0.17053806508820615,6.260054944294713,6.313095853987214,-0.3972577480013941,6.975892395042055,7.696551746670534,0.16237664009409747,6.9811932028934764,7.909229264752915,0.3084249880753153,7.23002784037171,6.59480306558969,0.6425280168637009,7.090068527318261,7.513457975113183,0.3101789803932246,7.140946147849909,5.61902690188917,0.6433706986423564,6.571563587408712,8.125289821641779,-0.19464111254679942,6.142921151087271,6.735775149121282,-0.35872670245570965,6.4722692572746885,6.434108008560567,-0.0826433914007956,7.102557935772821,5.887705488619725,0.4619878061776183,6.708024952531662,5.893803166265963,0.14588218474870013,6.631325610274343,5.918417985328816,0.12311568072997356,6.506000438083361,7.37524228311548,-0.18603754837956127,7.128911379842549,6.817989415610179,0.28582466959289604,6.392458090292419,8.346138020790953,-0.1926557407155829,6.703262290515703,8.186464298895178,0.02065294394475951,6.835621185794844,8.0759160118201,0.14673142384149798,6.544058910935006,5.916231857087412,0.12387591655037383,6.465041402001853,5.896969947528485,0.14230109944246846,6.408583194882046,5.880571487693525,0.16810265854234185,7.064465204300349,5.578245582403194,0.4066351533006883,6.462589055727788,5.7296783216873575,0.13932696716261322,6.542599350943603,5.661670677021879,0.12812563601311983,6.624461039126508,5.632753903021038,0.13012088842312902,6.703251584696695,5.643976456226335,0.15064121124695506,6.757253163214834,5.682950633463786,0.1766266539401831,7.206512865781597,5.624005464588455,0.9166861986231072,6.756813510914245,5.858449697016968,0.17995271771613186,6.427421154008262,6.983676239182031,-0.23040178208251655,6.328338085369326,6.637518569709751,-0.28367737224918577,6.2452066870520895,6.924266794622392,-0.30392834335791113,6.845409159253089,7.870739704255887,0.04190784765499879,6.71547049279099,8.003286308228299,-0.07365531547680618,6.38922207806698,8.214866123001743,-0.2966405578024224,7.091932767268161,7.717960529801169,0.5154821965202605,6.4021846837216865,5.808950629112897,0.15918322810679286,6.244625004219329,6.083700842663438,-0.18053561610542498,6.559692975292807,8.274894363900035,-0.1069108066368438,7.21502113700777,6.94022131982916,0.5723684579700653,6.3233648755795455,7.3021251078981875,-0.2556521030224336,6.336320344021581,7.3381223537301885,-0.2802077724352682,6.348222359873243,7.386498381220335,-0.31160376877664253,6.356080431025006,7.444720907312636,-0.31139206120576224,6.405194446305427,7.628811033758985,-0.26132670008375586,6.477915506219429,7.313548930500832,-0.18356708027644625,6.49284298652271,7.3021258216194544,-0.1825590939611726,6.508681175162927,7.292197245071573,-0.1806854641158505,6.612063700715416,7.187938269802974,-0.15055139388623712,6.997093485283938,6.866944984769284,0.08698282228125896,6.242787171956315,5.959989394257572,-0.0706547476303279,6.2966338729594735,5.695892184341111,0.11927364108542553,6.357175279448876,5.7316778118173906,0.1525387172990436,6.458485158441445,7.317824120891301,-0.177095122736935,7.028995398484802,7.258207697164178,0.16754497458719117,6.19946286359534,5.6748470421961095,0.007261765396947013,6.476961974606463,7.796387077525089,-0.23928520304975684,6.17414360164177,5.999251914886968,-0.22493953940197295,6.316106330292222,6.311550647443747,-0.2159516920918269,6.322110153591825,7.862347769596266,-0.30207509917628317,6.700864900779211,7.544622614245039,-0.10621493955322822,6.522652982689441,6.746369627611452,-0.10953212642091632,6.59947151639838,7.693118747375349,-0.1749853292154366,6.766143275318954,6.70784509477233,-0.07576193628423403,6.630540516880434,6.884128537998154,-0.12055173744464624,6.86490374194512,6.9602883069774775,-0.03975617040460586,6.36692042963109,8.05118128758436,-0.3215413560555226,6.377634813294148,6.417793054113868,-0.1671216821162734,6.798713945347176,7.675322107577964,-0.03843326015613197,6.671418902458749,7.829151879737985,-0.12632342290209597,6.7733775540831935,7.357882440733614,-0.06781871483972654,7.116252819447665,7.085777635059913,0.2768459891402755,6.910876669928638,7.400734979336976,0.020132319130015564,7.180187256841289,7.250674369188985,0.47847775615751653,6.7208562334732065,7.082524493524061,-0.10202666703082938,6.309744218916489,6.194755158116954,-0.13498491001092452,6.310635656779209,6.558776557185734,-0.3902155494731875,6.369648986035558,6.629188015079109,-0.29960734098360453,6.266155833686653,6.442676946094451,-0.4451950599501147,6.374712124705004,5.494655261311154,0.10148803051199684,6.533576486683785,5.345533194629518,0.09646145890559879,6.672555146716115,5.309849272433813,0.10382797683837446,6.789689653644824,5.35038542866451,0.13728827812235864,6.874530414396981,5.445721460650698,0.1895893934176277,6.929834534227742,5.803231937459536,0.30451787712461015,7.228526170825542,6.270219762582034,0.6719323517051916,6.864469799414669,6.032366440520788,0.19592643533385043,6.767056838540958,6.079416373896495,0.13660728766640606,6.640613978845555,6.094483743568146,0.09854718663811914,6.51432956527147,6.070352113803181,0.08115794786156136,6.413136022845452,6.019903439753114,0.0948563889908466,6.339492835054241,5.968686087898284,0.09426142425138004,7.256125772227784,6.3458428131684315,1.0318403074656801,6.366449373594745,6.686670412217334,-0.25762772809759504,6.245068225126254,6.193957931461503,-0.27620163265874037,6.241730150759606,6.550795012254747,-0.46325162811149523,6.188983294229187,6.652773648074674,-0.43455271752746355,6.240399060596297,6.593072291516754,-0.4207927067869884,6.34201512601249,6.747814913177512,-0.23105737967400988,6.174885158038381,6.660202772744856,-0.46075079339884023,6.168731453272668,6.72428423671952,-0.35744735708427133,6.336515189927524,5.857532208327995,0.15690519710034398,6.283204493596024,5.876066122194388,0.09934953201328363,6.2488573713337665,5.884361704482939,0.034262457076937085,6.786791945300032,5.720605140078203,0.20812944082616075,6.8672476025865725,5.626687985971189,0.21478513698439425,5.568994327337875,5.886233438506145,0.1663857351227472,5.669092307618755,5.874740741801216,0.16647527368609516,5.562705015531396,5.753577992040486,0.1665588459857252,5.470223154892701,5.897320027810043,0.16649219111050653,5.575884592451329,6.023474900974134,0.16646733353699766,6.617378782992181,5.796797740235817,0.13801718827026616,6.71810198310312,5.785399611598791,0.13747676744826565,6.611506998127008,5.660794941027037,0.13749143218992743,6.51575415292078,5.805506923998705,0.13737334477589186,6.620123041264527,5.93400387350108,0.13739125471894043
6.095689603762128,7.116400445514207,-0.36096798499261434,6.064048319933393,6.538378735769301,-0.51410836562488,6.080704615356976,6.762604266036716,-0.3070850112342278,5.972759472501709,6.099854742144787,-0.31924028790367937,6.056609406911238,6.3790815315354665,-0.5282417769746501,6.051864456284818,6.20199324634834,-0.46551489228763876,6.046802276682926,5.799888842350898,-0.13315945723859704,5.3774502029625655,5.912644226807402,0.25791128210040765,6.0293128116459105,5.376854777659609,-0.01525001398614552,6.021021567528582,5.160256581651461,-0.004879328071380059,6.001204337302416,4.583845500899475,0.19977355011247433,6.098105369830381,7.170077433343889,-0.3568507946695872,6.101527468532234,7.2228779608050955,-0.33100636915292897,6.103674264171618,7.264228438399916,-0.29439736029490643,6.104076655288157,7.26793724964336,-0.2935678721698627,6.1047508555716,7.315484692369783,-0.3173978803856855,6.107376688254482,7.374863285543865,-0.3483857222028627,6.108717991976279,7.4448828882442015,-0.3515956252365594,6.119540680736809,7.650468554885694,-0.28880054430377217,6.070154445447859,6.643122491804979,-0.47379358386021675,6.002224153941687,6.675136360000879,-0.34863865819735823,5.0359329848578405,5.498552186928093,0.8384784971128459,5.642891015925858,6.026669236850306,0.12885245957590388,5.5484273948436655,6.051354902807438,0.1412782036649846,5.459406699102384,6.052869369549403,0.17559398900956322,5.342283561335933,5.977252485127473,0.26960896750511326,5.72291291209445,5.977409325403937,0.14447919128703843,5.481293369356465,5.508100991995169,0.14165785161077787,5.596555359498359,5.525505649733373,0.13787910317674673,5.377824206698749,5.554166968309291,0.1779733615690938,5.31454802620186,5.642913725830142,0.21536223608064023,5.276692389971053,6.095157340380463,0.31300515505208293,5.779047537378408,7.990063947340352,-0.20740915663179604,5.347490516577639,5.866361441875815,0.2986850966764755,5.025800464282204,6.14742773351353,0.7707146266240078,5.169483189951503,6.005209796670575,0.43440693636733246,5.615078480022569,6.596199571446376,-0.052712094118106734,5.983717711003435,7.0908383191886,-0.34137164406983983,6.002792611233305,7.228718664313237,-0.31449779899539987,5.878068397534419,7.1640195663760275,-0.2876555127039645,5.80674297533773,7.239741484105273,-0.2258570727757048,5.917073367827367,7.252942325655083,-0.2753394037826864,5.846586437877929,7.28757989748034,-0.2166059360048241,5.689763193842075,7.506290469429191,-0.12656290646202933,5.987823945571857,6.546926175994339,-0.5017448630849929,5.968910853410013,6.39441710408801,-0.5128575023226846,5.183905398541108,5.507935635504599,0.2963477507464556,5.788888732463146,6.1996079967139694,-0.009698584537118696,5.796516066722411,6.59479368643427,-0.26248879153801175,5.789617223611519,6.528514830780279,-0.2265734549321446,5.327016473338499,6.649864494639407,0.09245981023811807,5.969120920024644,6.231267022655427,-0.4320548201284713,5.376573387751836,5.261404721122861,0.13771669631241606,5.258763985065292,5.34996128319533,0.2200092280671926,5.10711788952177,5.178814476716606,0.680536524159295,5.807741501441734,5.3638952288428206,0.02082381651653552,5.697665885690788,5.606817752339122,0.15591391640356045,5.61036156193425,7.388262838756164,-0.07871833879161165,5.184027819118891,7.617734356913273,0.7875682143410606,5.870940326327156,6.672330977137248,-0.2411916473344073,5.948627360461509,6.714794949726513,-0.26054494349052887,5.720182755788761,7.369163099568484,-0.093420052189514,5.739930436933055,7.357416401577383,-0.12242105460231832,5.205208353286629,5.264017424642328,0.28280632716530196,5.80387620476408,6.680556220595251,-0.22090252126511345,5.552263239614201,5.256587737518789,0.06967536135824395,5.530662217374948,5.12174093882739,0.06940949025469187,5.4595347971562385,4.729190662530842,0.3310555591604512,5.15287870149707,5.231453905794295,0.45329647587453714,5.498577025885903,4.927979680630721,0.1947435946228137,5.130203571753615,5.468316433269209,0.3930307770643465,5.082260125071232,5.498493992798363,0.6005824472165835,5.99102320333792,7.165364418520369,-0.33914008548692587,5.8991435435525865,7.211927528832966,-0.28805887963670324,5.826634722437329,7.261589831395873,-0.23064500367019397,5.8981801468317725,6.706326284481962,-0.22280254629417257,5.730649892610337,7.36307471616674,-0.10833718810232497,5.780268194733694,7.3633777514520355,-0.17836646025409458,5.752377948376682,7.352688483379176,-0.12443563823546044,5.896331418686121,6.584027062749943,-0.35903533665378734,5.861636362415645,7.302689080674548,-0.20530523037227727,5.932373456154465,7.277090760438987,-0.24460525199979552,6.014692601078326,7.266216264709309,-0.27967271521631065,6.0019800224706295,7.661162081065606,-0.28163809775311005,6.005935094238658,7.44487721076813,-0.34087925608651753,6.004348239676786,7.373315463629982,-0.3364054049424927,6.007340979250763,7.3196682825496735,-0.3020394205077308,6.014404469167717,7.269936430904895,-0.27930977812293756,5.862295659324401,7.306131760227159,-0.20651524245992992,5.848947203396742,7.332433377811028,-0.22957608573396446,5.837582670513677,7.366432233578285,-0.25534701454867104,5.828927713085544,7.407477546834285,-0.24599596750552358,5.7125227760420865,7.100271445680728,-0.17367744163803156,5.060677199786955,6.890219734424809,1.0580355452596728,6.075696371777759,6.707700233691168,-0.3630082392451014,5.8082553130261685,7.3307620707925985,-0.16065887811880059,5.795185053425993,7.34858508754879,-0.1756298058996211,5.970040671148162,6.7744559973351315,-0.2801831779769686,5.843300953444036,6.777254283353674,-0.17052153007111254,5.960356316339888,6.747230370520692,-0.2697665396437271,5.691488436883179,6.313213583212121,0.011476500861469964,5.539255077408553,6.434075693813644,0.03666714754364907,5.781669821638746,6.614211364281933,-0.1827495715803659,5.239325371524617,4.9166030831110055,0.49717875295481273,5.282117218356987,5.035333656290085,0.3184786411821571,5.336256210801955,5.143912547411789,0.1718025771425766,5.775137175734439,7.573437978922061,-0.1926798986038925,5.767136902265754,5.152797442620802,0.011900182513275612,5.739510658546048,4.902335940586592,0.116878285522064,5.708194765064638,4.632397502048228,0.22661288677766964,5.386190322531766,6.032861234190346,0.2245627856526218,5.187744436891934,6.22368901146953,0.3571080996593406,5.7763585427742346,5.925867423419242,0.16133667118006964,5.237823679103812,5.75372812315484,0.309495720800354,5.8507196404576876,6.083269415172094,-0.03179172308359353,5.837374378110319,6.5038944557979645,-0.3470354587141412,5.098234768524028,6.37328908657393,0.45237410778939285,5.250401062812565,6.306945649629629,0.24731691215297166,5.36883818144722,6.331380087270615,0.1420064619481278,5.546708893805396,6.2812557800924225,0.09835793720296696,5.677952979087428,6.201502854352698,0.07695957979069266,5.7769362259644685,6.113235133875346,0.06009440980067842,5.961070968640336,5.850804092914245,-0.0980440348736298,5.1229548541798415,6.681840749556336,0.3774889968066899,5.170643878965787,5.749020076122882,0.3688798805623022,6.028626546725817,6.641143891394201,-0.4663846550085618,5.806311487156327,6.327679792241277,-0.0763156797091332,5.007527862389631,6.207028457938894,1.1011045238927637,5.849747727522766,6.012260512266369,0.057029121618898136,5.777073904759193,6.644249470805091,-0.09513634655251449,5.2998820409834515,5.8800143524577875,0.3196027149113117,5.836572789457531,6.4246652772258,-0.3009478592001396,5.108847035827673,7.249781390852499,0.9520560510728961,5.780134419203769,5.874612233976138,0.19317259707418744,5.8988827344955705,6.3071770067795265,-0.3820109290761918,5.364401588739912,7.826172245595982,0.2111576880300972,5.386017514353852,8.041449363890838,0.3613625474019147,5.056792386785307,6.795010589766031,0.7187939305326944,5.248566883199346,7.675607709244004,0.3693837565636121,5.0532074154886635,5.808167666989321,0.7185324117911694,5.760888485007257,8.16154643459178,-0.17361301559120915,6.044896773776564,6.706451898640035,-0.35390733381369577,5.729806077729271,6.4646581283551185,-0.05712039924444352,5.099923107970671,6.062621144386021,0.5320156130612214,5.461875336666548,5.965524238933604,0.18890559678686233,5.53968443653643,5.970867453601016,0.1611580302825982,5.769465377139413,7.39322708189583,-0.16483452870324736,5.154134488235545,6.99180397502692,0.3525962803940903,5.944147831841413,8.341973075708713,-0.18324333457742414,5.652741436909212,8.246244441989429,0.05212937105897742,5.5272688608957035,8.170125100935207,0.18848739301235967,6.010896498640288,4.879183548010911,0.08751262170430642,6.146845792216244,8.336379342409664,-0.22254342273786512,5.6199671417620385,5.951507969883082,0.15630723686497025,5.694976181402105,5.920522434540558,0.1700889995405867,5.74982485835596,5.898299373829265,0.19267867883364284,5.110184436284671,5.754425743027076,0.47637390802396695,5.683476098777843,5.764056871497184,0.16776367389193603,5.6012907293839085,5.713231041181956,0.160754308507605,5.520859700095944,5.701035822581239,0.16931433454385453,5.441171355646528,5.729340524691441,0.19439675849673602,5.392431997787429,5.777491908934927,0.22286621830120426,5.009707303516423,5.828191415407573,0.9997560759687303,5.41108463573451,5.9425375576907475,0.22609947439077158,6.0866411262738165,6.88913462681072,-0.3034046760817025,5.802187510475183,6.994895360747632,-0.21042063631233607,5.8644523905469095,6.634779440718501,-0.26707027077333745,5.968181297734877,6.904898848806631,-0.29445775001108454,6.0412532535079375,5.621711191442628,-0.04053288500191605,5.493695815833777,7.970978401842849,0.08050335057494923,5.620582438231243,8.07022210293465,-0.044628787561881725,5.934133473736506,8.210266276126886,-0.28767141407249175,5.279625516046284,7.8779139237699285,0.5813666746116997,5.748637556172592,5.830853796842663,0.1846286498275924,5.909553195928944,6.076823350777872,-0.16698486167635507,6.139008036500093,8.204661187875693,-0.3229166310808422,5.786982519872275,8.303288173129273,-0.08508018913891606,5.099188939346227,7.130997236492998,0.6461433055815045,5.93344224102485,7.284594254751451,-0.24537408427697027,5.920462821041812,7.319991189001217,-0.2701035732525258,5.9135292033899844,7.36810708901926,-0.3014738463094295,5.909496066325978,7.432532958420547,-0.3014470113639372,5.878435659267768,7.629618024014588,-0.2507339543526998,5.7891037668693395,7.322006693006457,-0.16299413935057566,5.771084167504185,7.316354765577679,-0.15977048617951925,5.754780940123774,7.30749648353775,-0.15605677367743534,5.645093166956935,7.234555109714325,-0.12147151890706817,5.271415175962969,7.009727057298866,0.14155786371676796,5.906284034238755,5.955617752874048,-0.057470029753274976,5.840107727996298,5.706491877085563,0.13536359316853475,5.786260770726737,5.749648856597756,0.17365303514421812,5.807742920810752,7.326487640995571,-0.15869427179943274,5.277104361828463,7.404734616207436,0.22260527617834283,5.927588763195549,5.668733467632475,0.01701927825833961,5.824900253497608,7.816270727327988,-0.22577035819977515,6.051001479922012,6.064297419196013,-0.35233274348724325,5.966311988738468,5.980619228437634,-0.21633896156363713,6.048027901829774,5.938588163398791,-0.23825736802184963,5.85922591898121,6.316462518893807,-0.19927630522579434,6.1317976418898,8.035615757227784,-0.3494730475810414,6.12670849427657,7.836557768699037,-0.3195359823898354,5.973621739180007,7.8464138671584625,-0.2962221587660235,5.59769333860836,7.6099448597437265,-0.07883559752347458,5.701159662528039,6.780669994894947,-0.08486956808326288,5.703744688351661,7.739704285033167,-0.15398571468173441,5.468520467565513,6.799157986035968,-0.03755144216377363,5.610184495649283,6.943216844494977,-0.09076948034820444,5.396775266981818,7.073351692889619,0.0021232897657063117,5.944119444461058,8.045393080706724,-0.31289566403894614,5.813244395123646,6.428254151787242,-0.14653964937038785,5.51685317620102,7.764314724432357,-0.004293568061549631,5.647412770774232,7.890842956152835,-0.10144103957480236,5.511905255805059,7.447422139417,-0.03265295572938437,5.188202893084674,7.257335982449604,0.3397517004677412,5.39452024445483,7.518728400131948,0.06431673323040497,5.153211898373992,7.434773432415104,0.5474119523498379,5.537141991783342,7.1585287373307676,-0.06751266435033297,5.8602609938374215,6.199634964725307,-0.11704656946123387,5.8669440928576115,6.558909198926899,-0.37248474520283553,5.8247079289957,6.632511998712606,-0.28043895270949976,5.898346213006852,6.4372181768189956,-0.4274092253332958,5.748186906509448,5.532066683018035,0.1236951933386412,5.579744352851839,5.423706374725069,0.12642037076394752,5.439802729071139,5.413781436868282,0.14177692336478462,5.331157482447855,5.475571183161308,0.18501286636741163,5.260698230194263,5.585971124732816,0.24323389757457556,5.24379673877286,5.936796919698359,0.36244470538976314,5.028291456908398,6.472092073585712,0.7504541984220421,5.326476758269489,6.146023267870443,0.2484359515576413,5.422666686919549,6.1736789634972675,0.18245040629340858,5.5445592594279764,6.1582113896260715,0.13597444302073894,5.662862247690452,6.109033091898225,0.11001069070720365,5.7553710427929134,6.041345512494092,0.11664273679803618,5.8186656750870345,5.977074354315743,0.11197153791643848,5.030231734355695,6.5504362755752945,1.1145534888889939,5.836672854973283,6.689097983344217,-0.2387496894722492,5.911761379278347,6.189440346755143,-0.26197517955234556,5.928649741536335,6.539779652989845,-0.4496783711823849,5.9914497237277615,6.629735712913839,-0.4260433487853788,5.9354208414356275,6.5783786837437095,-0.40764606419565097,5.8682740416272665,6.7427607774837215,-0.21588498525435837,6.0022489928994975,6.637389660342188,-0.4523180870684726,6.019591553243174,6.693370993772227,-0.3505815526062823,5.81340762256069,5.865346238185852,0.17590485300209668,5.865923566533832,5.876136991143482,0.11291300095040004,5.899767356235898,5.8797439626599015,0.04684903554793528,5.366174735485366,5.820810341672892,0.2562968607308938,5.285031892634987,5.7519720088375985,0.2679350657026983,6.132738683548584,6.0827314743143575,-0.32646307981523776,6.750765309059459,5.784478043240412,0.20719862428670646,6.148013223233362,6.665511618691351,-0.35389287399182723,7.105424464899758,5.264104006152413,0.7540140646291837,6.497077936090103,5.953984768819098,0.0954297900081189,6.593675933332773,5.960668577523798,0.1012566546683371,6.684954845181333,5.937168084696507,0.12934342819020841,6.7926842439458985,5.836605080102685,0.21498078065711337,6.4093062850844635,5.917407984073307,0.11921777159443106,6.605308372117943,5.383575489958771,0.10061104136401788,6.493383318536837,5.426742405054088,0.10647110595266747,6.713541646883818,5.407688440517231,0.130082431540369,6.7875518055776265,5.484227205116205,0.16332835639897972,6.877441864842295,5.929559911918982,0.2541407726599718,6.5001622249657265,7.9164285020672365,-0.22995676494005973,6.774955615229388,5.726836048059578,0.24473148713181384,7.1681981887643555,5.908019922547493,0.6879236745675834,6.985099585471462,5.811191277839435,0.3669568129643452,6.5628422704751515,6.501288494281331,-0.08491558668813604,6.207055425950232,7.075905137752596,-0.3497285118265999,6.203129451247068,7.213671223671302,-0.3215770793926767,6.32394756140904,7.134517271657079,-0.3049589073338064,6.409553964978064,7.195080328276493,-0.2488096004515704,6.296829096955443,7.228622147220028,-0.2898264376166504,6.376475570018833,7.244387788584957,-0.2352966973166177,6.550740730229608,7.4243999739487,-0.15633620086398922,6.140446566999607,6.532124286192479,-0.5064392930454361,6.147698832995926,6.3798962493516695,-0.5188757156686116,6.916792451491071,5.301637090773929,0.23434787130587645,6.355605877665988,6.142318714734052,-0.03171052242363332,6.3630490487951965,6.54570693800807,-0.28322774669773554,6.367692514536845,6.478973174583882,-0.24826939747446186,6.869641722405116,6.484426390350171,0.03880665228358603,6.137131630658596,6.2118521835458,-0.4402354865282593,6.685523302472952,5.08228070592199,0.09896170129890272,6.81812288516696,5.15330273799113,0.16901641120478778,6.990778480911578,4.962788996107129,0.6047805859289056,6.256585017509977,5.292010930095383,0.010224609764228914,6.401556530247415,5.528394775369053,0.13017642038251473,6.623163324677035,7.2853834239253334,-0.1146331098676358,7.148780510916693,7.397117572373549,0.7093846228268954,6.290810262635571,6.6395705208379985,-0.2584124302518865,6.214236013811152,6.69290969884145,-0.26885599224118395,6.516494194568748,7.298754589757277,-0.123963121418387,6.494940366349335,7.291603098961221,-0.14921205509916613,6.869636754613554,5.054841109228121,0.22625935300403932,6.367069411538043,6.634114466333673,-0.24117652218331162,6.50339980569527,5.119859920036585,0.04296054660230721,6.5156347666284855,4.978218247014845,0.04154331495467485,6.566941408198484,4.601339578885798,0.28814169094783404,6.927405073636971,5.022024942694924,0.38831190734362847,6.532115060293863,4.799395492887998,0.1606417126247419,6.974041991138492,5.251691624091976,0.32562465410091024,7.037315332897346,5.274793274225272,0.5263569879848912,6.20747768823302,7.151509247853364,-0.34710984252172894,6.309703483631165,7.1842051228623065,-0.30379309528447285,6.393013348129431,7.22064316428661,-0.25136164812316963,6.268616298989142,6.675929787281815,-0.2352664913697082,6.508143336952672,7.294278609559726,-0.13657035623179514,6.454986547868004,7.309106757688415,-0.20270510157520097,6.483903352867121,7.289260430397385,-0.15038308998293223,6.248779907281236,6.552884687130955,-0.3732535996576512,6.364369771666236,7.261045503377557,-0.2225562635919478,6.2879197176308725,7.252181543861556,-0.25756717382416094,6.199177218217075,7.255355252985299,-0.2865688526550128,6.241147250388154,7.634727042794067,-0.2877312271700064,6.219127159446403,7.4294280886941655,-0.3479975469541423,6.213678201787167,7.359336098173923,-0.34347188884096874,6.207857369445274,7.301749458384781,-0.30961760911475533,6.197302941429104,7.260811307489624,-0.2862041635280084,6.363958154651081,7.265027543156923,-0.22384686922664093,6.378859400284186,7.2877168665905545,-0.24738393298377967,6.393481030220788,7.323816388504119,-0.27343598557456916,6.407447621355687,7.3624565809595,-0.2649008761178739,6.4919795625782575,7.026965294019735,-0.2007387210445609,7.2238942290218215,6.651127023380717,0.9680590819060476,6.4252138633511695,7.27799489850331,-0.1832047454822534,6.437379275202513,7.294150866348126,-0.19895062656913784,6.195459181075015,6.7556309060523905,-0.287634643543875,6.335133608638119,6.740205913251727,-0.18591377758498256,6.2038362970179195,6.7286167652216,-0.277638293683381,6.466109433175793,6.231362830064127,-0.017033677091695704,6.631612828439846,6.3193367411548,-0.001665803498229047,6.386638961870607,6.561652129553748,-0.2046175904384474,6.819190960352835,4.73301479750698,0.4352490213924089,6.769174525219993,4.852291118073395,0.26677180408206863,6.718135434709845,4.9563322864452735,0.12915231236972918,6.468237067333437,7.507121509989099,-0.2159961839458446,6.27854052716142,5.071016238554678,-0.0005472620942184762,6.286663576050143,4.8354371755140875,0.09933423022196623,6.3021822472059785,4.563400199882944,0.2056596512515437,6.756857240883747,5.898585376686347,0.1729011133182317,6.983245889534249,6.036753144037084,0.29054814240690685,6.350880088521308,5.877601779969825,0.13808749537948917,6.883125018389464,5.577090487630856,0.24982136660719362,6.279014596413356,6.038973746865391,-0.04944095861787758,6.304226138591574,6.462785980620675,-0.3641389662665268,7.099009626623927,6.15230681451213,0.37705648845380496,6.921433078494685,6.131541445782091,0.1850598829661254,6.79883720863795,6.181601881354484,0.09028520938145254,6.613212128493419,6.170550674182093,0.0599350967172537,6.472352527800473,6.122426967634453,0.04762758163182542,6.360360763875532,6.053854411647738,0.03753026806112175,6.139482815436539,5.830570632723617,-0.10532405618753767,7.098199166914777,6.467899967191715,0.30252482253416874,6.9561955547935055,5.551363004814678,0.30204370079242504,6.110555365169788,6.6325865155860395,-0.4701121841809281,6.345370807678817,6.275637207835563,-0.09767647374212848,7.212681213781404,5.958226553128717,1.009245711089879,6.277888327097752,5.9690492418892465,0.03984468508265338,6.398593597422811,6.590497256417468,-0.11553567331945397,6.826822907561408,5.7272969881481,0.263722378457944,6.3052424068083,6.3823318865861705,-0.31838110391746693,7.203663252726975,7.018631468831873,0.8662851781189362,6.342534908381304,5.828664065290492,0.1694441624536991,6.222563451838434,6.276060889487368,-0.39450208611711507,6.940853595080383,7.658766186163603,0.15482110205925823,6.946383456773631,7.872209479687494,0.3011550427214529,7.197396738513501,6.554988192015297,0.6360826405623925,7.0565804285755975,7.475892552860027,0.30296850841806866,7.105902792258748,5.57802833570935,0.638904789722546,6.534306566057307,8.08401056325782,-0.20058046139907906,6.106134030679421,6.699694992430921,-0.35619686474992945,6.437366500881353,6.395364532907374,-0.08299658868728464,7.0678005406611035,5.8494407889726725,0.4581472582033447,6.6718916824262475,5.856751603940975,0.14388634967924724,6.596489122726002,5.8804128403095275,0.12139305441355433,6.47030153956979,7.331537755960812,-0.19136077252299846,7.096442697755282,6.778661587734797,0.28061138386751844,6.355851428506063,8.303427980977522,-0.19739765944256546,6.665778460066693,8.146658672964344,0.014156313922309769,6.798984823015799,8.03807410436657,0.1397014842850054,6.510974978143132,5.878323883957618,0.12241266036523664,6.433444784285243,5.860068669335513,0.14103799763636718,6.377594032804839,5.844903775907357,0.16702058985584936,7.028599697443703,5.539882083672155,0.4037887071134401,6.431172374487786,5.695982159193453,0.13789491583471036,6.509723804353964,5.628254482614568,0.1265644810745334,6.590165833751817,5.599551647494881,0.1284575312355286,6.66767473707444,5.610674177960415,0.14875591646989936,6.721140948604982,5.649388532446974,0.17438829047306614,7.17210429230127,5.582103699001634,0.9107839936163076,6.720270875397087,5.822680360353809,0.1777913829366665,6.391025521820038,6.943606461290356,-0.2311452203607549,6.291514979352895,6.600219224504713,-0.28227943077273504,6.208273244567482,6.885061747414217,-0.30300066599737757,6.808757178703176,7.832081078816977,0.03447041617356775,6.678359747040245,7.963521746707972,-0.08045652248618312,6.352496749832553,8.172205895915265,-0.3015468329256404,7.058239670957375,7.6806251787218365,0.5080441114964391,6.371368680292881,5.774772043054617,0.15802558265975425,6.208119243029054,6.046648275144498,-0.17881438206740694,6.522095734397394,8.23333031298121,-0.11260997675392566,7.18238478209701,6.901082875202345,0.5656715581448416,6.287975782707075,7.2560024852574045,-0.2582421725026763,6.301089333062293,7.292510785448088,-0.2831505019744714,6.313255454598146,7.341332821552473,-0.3150044693794635,6.321360761374145,7.4001401186969,-0.31523598177284706,6.367854322604872,7.5825929090867055,-0.2659016421636093,6.442568488331497,7.2702969506354105,-0.18728403421697784,6.457462637119511,7.259253549992617,-0.1865005425191664,6.473363118541129,7.249537969065951,-0.18476898993922483,6.57545123514455,7.146084419467431,-0.1549229972303858,6.964578348212481,6.82753614049284,0.08286974921455173,6.2071966531675,5.922856941732543,-0.06938235591104738,6.2636357331057715,5.660699129307363,0.11932446822481406,6.324904925811528,5.696937039700161,0.15188945079714755,6.423081261401963,7.274338603913523,-0.1810751375145693,6.995575238507146,7.219780187923803,0.1615878551409339,6.163565959245625,5.639752791027559,0.008519790944293027,6.440498338619072,7.75308893487078,-0.24457187465023694,6.136985435649764,5.962760727455997,-0.22240257254049192,6.279971251131337,6.273966610501642,-0.21478674847685544,6.286246281558917,7.818154230014574,-0.3061845546582954,6.663332177564559,7.503169276959106,-0.11268265288316388,6.487265838070229,6.7065746740600725,-0.11073772922009721,6.562169489560727,7.650780816069604,-0.18096487028400096,6.732309963405848,6.667949384979379,-0.07826833228005448,6.595695695445066,6.8438496582986295,-0.12310564511052406,6.831586309985059,6.920713458402673,-0.044129485699008014,6.330629241060213,8.008377356092186,-0.32614962103871864,6.342014709636289,6.379731602545608,-0.16652626132894807,6.761848452034751,7.635431049826883,-0.045367569135633286,6.634550922306639,7.788511417762866,-0.13291878547952068,6.736553167084485,7.317148902543124,-0.07398413323220931,7.083363921940999,7.047157947351103,0.2709791243377245,6.875547007203566,7.361817155216992,0.013831478016007563,7.147269592597273,7.212349081431245,0.471513190112035,6.686066211122251,7.041595440170445,-0.10616300307642637,6.273998546304542,6.157125572327474,-0.1340208700777202,6.273926868169144,6.521933926329368,-0.3879835008371409,6.332707906986743,6.5913850717380855,-0.2982613263141063,6.2283502193239,6.405948767672918,-0.44195700372569235,6.340620889260835,5.459116083295995,0.10162647791921048,6.497885557061217,5.308917389308348,0.09639011512566821,6.63629106872243,5.272019827164541,0.10317004172604011,6.752960363245448,5.312165970147779,0.1363974593433175,6.83825592499958,5.407774667185061,0.18833578665914863,6.8950214598119395,5.766868996363649,0.30172782465304754,7.195171167893631,6.2303160454135185,0.6657274488017825,6.829760291743692,5.994465882890532,0.1932864127273002,6.732480287687982,6.040813249112428,0.13460194644701248,6.606552449062022,6.05606578857743,0.09706735374591471,6.481203003310806,6.032623489879869,0.07966276808504394,6.380792580886394,5.983177641092173,0.0943333939748109,6.307235910593764,5.932763072949845,0.09383376499173388,7.224486105902233,6.304732853330919,1.0238956396962733,6.3297982005003055,6.648532416816225,-0.2566181038593698,6.208033371203478,6.15699428069333,-0.27408024604279335,6.2039867501338035,6.51427359174044,-0.46018409709913266,6.151572291045432,6.61632409506489,-0.4315287664862587,6.203002417719977,6.556773048555148,-0.41809519277281504,6.305601507169797,6.709299152889691,-0.23013631512080818,6.137164276146004,6.623623909923303,-0.45748543304352557,6.13172028627833,6.688259845939221,-0.35498421352300935,6.305199825737767,5.822790361452687,0.1562554964287442,6.250740765579291,5.840751766688113,0.09916260854784051,6.214832148798617,5.84916827012126,0.03499682465803482,6.75061840436612,5.686943262446012,0.20582990900075393,6.832139154217482,5.590994271686719,0.21266303976165146,5.537654029156504,5.847236863730323,0.19339732310945473,5.63729018578172,5.836489756369991,0.1936192325843274,5.53154648427302,5.714277825832565,0.193702310027149,5.439364498886901,5.857863324724146,0.19363650896659063,5.544399935255731,5.984909980978366,0.1936103393503254,6.586778509590898,5.75860649446893,0.15884588924146423,6.686217373922644,5.747479351054088,0.1582415928821468,6.5808576117332525,5.623199399857765,0.15825538737478828,6.4860551162980675,5.767159257327784,0.15813745776928803,6.589431310285119,5.8953059245707795,0.15815594283298046
6.11916761891812,7.1471073910057505,-0.36099304701071994,6.088392971636262,6.563913253212989,-0.5158318879465773,6.1044354919285535,6.788817787274277,-0.30833691580415756,5.997289640844285,6.12276888468863,-0.3202671997726906,6.081243881910201,6.403980427545207,-0.5299128264209044,6.076501811529762,6.2257391486309945,-0.46695676514815965,6.0711611928218145,5.821317857671875,-0.13387199140670433,5.399290338914849,5.935883214065884,0.2583557923778003,6.05360092498477,5.396278714502689,-0.015540562478460125,6.045392974765044,5.179655167808233,-0.005212460295097931,6.026515900607481,4.611644918480801,0.19984629051620986,6.121496256935141,7.200541367828999,-0.35675491067789444,6.12486665406504,7.253004841292644,-0.3310400453663888,6.126940196485337,7.293867165565618,-0.29416100677116885,6.127697645142648,7.298585721547476,-0.2920068785474026,6.128121616874633,7.344589148419227,-0.3156284947693461,6.130369023332921,7.402022710673791,-0.34683880418021135,6.131340239250057,7.470090481547087,-0.3502731533486741,6.1421803769957535,7.680815833264221,-0.2884635526112752,6.094277984299229,6.668892929397703,-0.47538373773951365,6.026270068258683,6.700541172214711,-0.34990173273472913,5.058587367649132,5.525109828981082,0.8399591677461248,5.66735448273469,6.050001084329327,0.1290436792973802,5.572039224366638,6.075101635977911,0.1414933954398637,5.48251990896996,6.076397065572448,0.17582753480687371,5.3649219077165755,6.000210414171019,0.27005226840590035,5.748131073483316,5.999749389447331,0.14456455180714242,5.505136128780618,5.530044646174129,0.1421425576196201,5.620569736528281,5.547120018610138,0.13833616434937127,5.401273030249721,5.576379412298607,0.17842259140516223,5.337678695567017,5.66538247976281,0.21580675535512042,5.299948774208004,6.1183403396226,0.3135839668010857,5.79909033799533,8.019256434363463,-0.20619116999687387,5.369200103143195,5.8893998796958265,0.2991697963430843,5.048419527935582,6.171980958130345,0.7723339841703563,5.192722047843768,6.028262379120247,0.4351832012750799,5.639283635010845,6.620808121972795,-0.053169812818549336,6.006970447484201,7.1212522409299845,-0.34131309865313286,6.02581545655279,7.2588442502735155,-0.3142203697475214,5.9012083831285285,7.1938162498349225,-0.2870859339588212,5.829248266732595,7.268949741202949,-0.22437877793923447,5.9398860060060965,7.282821811250489,-0.2745027468834848,5.8687485372817205,7.316920539422618,-0.21510905019344553,5.708745524696963,7.534544873171819,-0.12406273513779911,6.012072359418677,6.572455392915574,-0.5032841951433409,5.993426153901725,6.419321078667741,-0.5144047242781744,5.207116066284047,5.5296285125750035,0.29682920071996705,5.813961413703783,6.223473215676855,-0.009919536376666397,5.821631026707518,6.6205801035623155,-0.2632037443541208,5.814985002599577,6.5539210589312615,-0.22716672608838018,5.3508488964448,6.6737939001079445,0.09234848611246499,5.993760343384583,6.255045927395392,-0.43340349976734993,5.3997157357619,5.280416859677845,0.13795584789997842,5.281897197952129,5.370775567848101,0.22023271740009376,5.129718423355713,5.205931083107086,0.6817600390903646,5.831334278909716,5.380231206307669,0.020817577076325904,5.721970236226001,5.628067623166623,0.15637533765069128,5.62947884336023,7.415113105107906,-0.07629151426271284,5.205866596650372,7.641498333722245,0.788500845752112,5.895950064815613,6.698250299746926,-0.24198883573387986,5.972997841995369,6.741020853092599,-0.26168742192443284,5.740685203544865,7.396874482499686,-0.0907125430869669,5.760471501114214,7.385452897807267,-0.11966559827176773,5.228244465966327,5.285847616913685,0.28313273156940333,5.829053738526155,6.7064653755419785,-0.22159421443836932,5.57539857685478,5.2732278667299495,0.06988601729006372,5.553690867898374,5.140024855509381,0.06961424896044473,5.483204320480165,4.756595509465021,0.3318090953510301,5.175907471464744,5.256730378452999,0.4541278347937167,5.522100698520286,4.952709156415621,0.1951967412779139,5.1532538423836165,5.4906883122466175,0.39411499240998804,5.1055246011675495,5.523544340081633,0.6019348462524952,6.014138063706114,7.195654648269413,-0.33888813176465366,5.922126222059882,7.241810562453171,-0.28720201403439044,5.848953689021978,7.29085732254729,-0.22908194713186972,5.923051121737389,6.732420283672329,-0.22371565408532076,5.751161580670094,7.3909224894286405,-0.10563679896815716,5.801356983507002,7.391421279701564,-0.17544969004142258,5.772951590021531,7.380963785350953,-0.12171499167193145,5.921423640332592,6.609313143854502,-0.3600980524821654,5.883631726468231,7.331945527558145,-0.20368655253668713,5.955007189408544,7.306800084784997,-0.24362293056327736,6.037666713437456,7.296021226987116,-0.27923190215864246,6.023576600784895,7.691364534979024,-0.2812327859780221,6.02839562737887,7.470055566227983,-0.33939778853995173,6.027031079703658,7.400203551292685,-0.3346134991256977,6.030291030415981,7.348726970011896,-0.29995116021258844,6.037440832699575,7.300480412027054,-0.27742463358136427,5.883995130809932,7.336050571504306,-0.20401553144258777,5.87066567332358,7.361252306322542,-0.22688364034107308,5.859357741557633,7.394173176893037,-0.25267791128263434,5.850788524668804,7.434305129694945,-0.24340519970217703,5.734413628420382,7.126917073315332,-0.17258634439834297,5.084001088333359,6.914996050058248,1.0593107409547067,6.099632854157831,6.733216922993941,-0.36450125722093657,5.829254323471623,7.360050934322329,-0.15797605361316414,5.81618530576349,7.377264899198457,-0.17276608703597868,5.994306162454668,6.800753125947808,-0.28126059798922215,5.86820236193287,6.80347367060784,-0.17121476021749443,5.98470516225842,6.77350777612565,-0.27092196714204236,5.716484255781374,6.3374674572083665,0.011233578753317656,5.563471788871642,6.458253797142032,0.03623618366299947,5.806920276443933,6.6397065728563405,-0.18328012950704048,5.262127645484799,4.943976407573027,0.49816397938724194,5.305058880554107,5.06039940145491,0.31910962779331836,5.359401724510375,5.164356201301365,0.1721048670467228,5.7948139239625425,7.6026938756038485,-0.1905973160085622,5.790434189087506,5.169139243739936,0.01204702789164743,5.763528372929704,4.9271315474988615,0.1171630182807762,5.7325944690392765,4.660123057663786,0.2271103227061786,5.408914853509677,6.056137629801353,0.2248715114731298,5.211126340078353,6.247188555481778,0.35767580221927975,5.802030706654215,5.947231761611197,0.16142938575964774,5.261053821282948,5.776096818971081,0.31009049762482777,5.875553817998232,6.106494783198196,-0.032064629708067977,5.862455941710022,6.529136882827217,-0.3479875805275387,5.121424253674524,6.397444137297308,0.45333956802311415,5.274022012100197,6.33052215893667,0.24774333903123916,5.3927907453798865,6.354998510186569,0.14226388167328194,5.570856735141043,6.304852986376952,0.09848923456056384,5.702594728074281,6.2248192368562165,0.07712945408694599,5.801893183050395,6.13593837300888,0.06009049445423108,5.985520328075884,5.872373673729577,-0.09857787003741084,5.146297499470163,6.705675149238161,0.37821204432442396,5.193991469088359,5.771316983041407,0.3696370601730644,6.052668899731936,6.6669797124222745,-0.4678844259861061,5.831647091666592,6.352114789851536,-0.0767077313646736,5.0305200827129495,6.232260475170706,1.1026114371047444,5.874825227920996,6.034096800198388,0.056992990158807835,5.80235848311928,6.669801440251957,-0.09544188206836347,5.322472005260639,5.902675895367223,0.3201754134555035,5.861923304954293,6.449533518056261,-0.3017714106974164,5.131332366167387,7.2741058075099145,0.953092639778076,5.805892055924177,5.895738435228387,0.1933548691254516,5.923625443108784,6.331338037311667,-0.38316801556922453,5.383590915074576,7.851372179187744,0.21272075775047994,5.404784513771103,8.06683532594012,0.36202295985461574,5.079646649250736,6.819400756579826,0.720162971039058,5.269218305493176,7.699432111364798,0.3705472188166128,5.076306535815979,5.832845613436674,0.7201024481836202,5.780089991384602,8.191487290488945,-0.1725620172388265,6.068838255265056,6.731968522196566,-0.35525341835185675,5.754744676223518,6.489292090711007,-0.0575123054287881,5.122852575248918,6.0862189586038475,0.5332182026759398,5.484606277425846,5.9894415321785965,0.1892980341498647,5.563267997417276,5.994923237278028,0.16146613814114152,5.790609478240563,7.420836367210939,-0.16200068989524,5.176988777520689,7.015435309644292,0.35331430436359723,5.9641001360839425,8.373993226236655,-0.1832717569560307,5.670714191501598,8.275740093161081,0.05292700327240969,5.54502688085769,8.197700792174508,0.18937890942983163,6.035808363392049,4.904112020124667,0.08746714413550837,6.168696067904377,8.369106506677067,-0.2228019103866858,5.644436494808913,5.975083854172489,0.15651859511590802,5.720200243314656,5.943166620886869,0.17025645940563983,5.77547404368746,5.9200341531437335,0.19280401761779153,5.1333588797905225,5.777352345343783,0.47750804988401896,5.708145194975622,5.786204447573113,0.16816694010941322,5.625010751351134,5.7363460844491945,0.16126131125161078,5.543895339495686,5.724700756691492,0.16980878400197938,5.4635794171919825,5.753229422630128,0.19490862309303178,5.414493110154797,5.801251881270922,0.22340720574333242,5.03235456208101,5.853914514564971,1.001297424077561,5.4332027332921635,5.966093159503039,0.22650133095733083,6.109998428586718,6.9165009715674115,-0.3043469721669574,5.825211984588344,7.021815549792518,-0.21040162792303668,5.88948111125456,6.660710631249157,-0.26794116084317376,5.991468758359265,6.932410956158612,-0.2951454050026604,6.06552842552544,5.642579213599805,-0.040959830534417645,5.51211527353512,7.998085637507984,0.0822576415804426,5.639096232379732,8.098747927601778,-0.04315898348728442,5.954720028722846,8.241355629418322,-0.28707994402206155,5.300130832657621,7.902026469075743,0.5820488796982523,5.774128378786864,5.852244279708209,0.1848786187272235,5.934096832331284,6.099724774079555,-0.16755076711668074,6.160999733993164,8.23641831827391,-0.3224934076443789,5.805633041261023,8.334290233069462,-0.08461298380437433,5.121573534477635,7.1549334103879225,0.6473477410689813,5.955847294739654,7.314931078791185,-0.2431735517017652,5.942888723449097,7.348924348448467,-0.26763024081724374,5.9359127852034925,7.395390225158971,-0.2991100751148709,5.931784939416283,7.458224260954233,-0.29925443481752106,5.898859080943058,7.659538865336362,-0.24931058705709572,5.8103344958620955,7.350722843661123,-0.16090555576967483,5.792453577135315,7.344874883989859,-0.15755537745976797,5.776343007598646,7.3358688693334555,-0.15384530192726606,5.665699567864883,7.2612726463451205,-0.11946324306617871,5.294519085808463,7.033579162100657,0.14179352689939947,5.930926663868088,5.9779494042904355,-0.05783529996478481,5.865132307803024,5.726815627448689,0.13567431661609908,5.811465324666567,5.770604425508659,0.1739601887226157,5.8287569583137655,7.355323827650078,-0.15652724600970402,5.298235785899277,7.42906640671418,0.22353016645257728,5.951763627519474,5.6882121105545265,0.016892215924100677,5.845265134953707,7.845422323789298,-0.2246463878276272,6.0755626607016,6.087086853678735,-0.35351036902221744,5.990755488268984,6.002777046403978,-0.21710735099176892,6.0724787116998655,5.960514546579154,-0.23917501283932624,5.884488933180126,6.340790112983571,-0.199852614464313,6.153910499099854,8.066263854798857,-0.34886358094436093,6.149143489205769,7.866918759437243,-0.318920176559299,5.995093538528355,7.876387936489933,-0.2954586408405719,5.616916454057881,7.637156008117678,-0.0765049920460396,5.725515922508956,6.8060866190804274,-0.08505492534663844,5.723110328278398,7.768114106831324,-0.15220937003547944,5.492054285036896,6.823556392110813,-0.03787332912933407,5.633472372052517,6.968646644371452,-0.09041053559705192,5.419448947795059,7.097882491528445,0.002613857087820143,5.965261604862322,8.07550857622873,-0.31210385120103046,5.8389315673238755,6.453122670348713,-0.14699157843223976,5.535855196574923,7.791474592984938,-0.002298031444247024,5.666619835918427,7.919050181090628,-0.09975731975978071,5.5317088242918615,7.473368958755262,-0.03062710333773376,5.210082443292877,7.280969874222877,0.3405749558514745,5.414542989182088,7.544061791579202,0.06587412910759718,5.174887801635382,7.458161555891351,0.5485313757986173,5.559052150774772,7.184121904601884,-0.06640933218381544,5.885269183678486,6.223379158082532,-0.11748189891039243,5.892010690495816,6.5842475075250215,-0.3735552804411089,5.849738927423067,6.658505265685301,-0.28127727628897303,5.923015493860752,6.462208491448784,-0.4287714304560292,5.772628801459196,5.551532531131681,0.1240966372891619,5.603521797557282,5.443762123369958,0.12675724918046322,5.463501748420913,5.434868336524962,0.1420784274416728,5.35460728115128,5.497291582902594,0.18531570597129576,5.284042352404468,5.607973500743126,0.24361128470110152,5.266946315800008,5.959668740787782,0.36315550325065016,5.05109625030735,6.496604356112069,0.7519524338520871,5.349732318790983,6.1693615966399635,0.24890607705272377,5.446188738047732,6.19722402128548,0.18272887718576822,5.568462185552243,6.1817714986303045,0.13618770318473267,5.687327826656387,6.132228798493394,0.11025606451131131,5.780541752860364,6.063747744251103,0.11671733581146515,5.844035616930951,5.998822352097226,0.11207191718011685,5.053745182935342,6.575566419103551,1.1159916643153052,5.861748372080004,6.715068082634847,-0.23953443131232896,5.936497438659113,6.21283829450059,-0.26279422417959675,5.953089697087919,6.565154528435036,-0.45104397486167447,6.0156942893576355,6.655296619115337,-0.4274448710042812,5.9600285823418195,6.603651161699286,-0.4089118730653438,5.893169309044064,6.768905367021631,-0.21672076626283018,6.026315671940779,6.663149715683754,-0.4537852282250023,6.04358450374693,6.71886245149673,-0.3518868734861196,5.8391891568719645,5.886129953178045,0.17604497619147638,5.8913415989725655,5.897188846086296,0.11307962940338297,5.924689291505177,5.900593089699001,0.04675182382165422,5.388068626610365,5.844257934881168,0.2567842690067472,5.307815053090777,5.774391668795215,0.26840940021188087,6.157180425617635,6.1058484935159925,-0.32776764716466594,6.777430405343429,5.807511699196114,0.20593012899823618,6.171835596393665,6.691228757819226,-0.35538510789087774,7.136240888631342,5.292993143852083,0.7527045383279027,6.520286205712953,5.978394752748403,0.09461882244948215,6.6183255715287,5.985786824593132,0.10022421194940245,6.710436458671984,5.962191550732477,0.12810021972288732,6.818680360914217,5.859987286137816,0.2136276653502851,6.4310896788786085,5.940334560972961,0.11850703539207653,6.630409122169043,5.40516216926346,0.09983546728044257,6.517507943892768,5.447639861463173,0.10590798277792506,6.739567948283325,5.429923543526456,0.1289873204500244,6.81394114076391,5.506934623993275,0.16205036851572627,6.903549525852182,5.954591055809419,0.25276134731623456,6.524865100418392,7.947623025596295,-0.22922641817163442,6.801673750280118,5.748914174211806,0.24340751551415846,7.196920150447573,5.9364625233400075,0.6864635868291892,7.012349935527492,5.836146179928363,0.36544441618522033,6.586674478481561,6.528447839693049,-0.086385476233941,6.230710662536978,7.1064973120993695,-0.3499577130358956,6.226642671582519,7.2438698537228134,-0.3215659917480843,6.3473378041519934,7.1652163281430115,-0.30501158793820526,6.433135431555129,7.225438840580751,-0.2480202121675576,6.320383177803198,7.2590402035950214,-0.28946928303390335,6.400466806351226,7.274593909419847,-0.23430319018565865,6.576958756522541,7.454403527463637,-0.15428162094524833,6.164968679450571,6.557906393211922,-0.5081637000579085,6.172335811781654,6.405068502897713,-0.5206282017691964,6.945871880509756,5.324604689956154,0.2325032030556682,6.378913366100661,6.167487570328836,-0.03273797987594777,6.38618359060729,6.572699087591773,-0.2848758922361571,6.390730420223756,6.505732218106572,-0.2498369889344134,6.894382473193377,6.5121958274861305,0.037058096509601526,6.161704453393052,6.23585034002069,-0.441824103875755,6.71336293245898,5.102291371362704,0.09774038112849136,6.846874124812462,5.1751357716567785,0.16737907415242279,7.021080190418722,4.991264931955089,0.6035446027886647,6.28105997780096,5.3091005068798545,0.009752759641870232,6.424698750367391,5.5487075967931005,0.129786542792693,6.649586895605426,7.314445827111384,-0.11282601459028188,7.175361009736746,7.427478115973685,0.7074125556177548,6.313692975128226,6.666626996443564,-0.25979324359558226,6.237730066792079,6.719800177209827,-0.27026075828649787,6.5413087906016205,7.32784475895718,-0.12169647630979145,6.519864371653566,7.320880934189632,-0.14686624624245623,6.89963615988233,5.077164811364174,0.2245540893597134,6.3899772469116405,6.661411787861381,-0.24272455138644228,6.52936846402536,5.137598240831608,0.04215403242445769,6.542429643600633,4.9975585963630875,0.04064105567506018,6.594052299175636,4.6294267917105305,0.2874995513391586,6.957374696760909,5.048282004331762,0.38673418788124564,6.559166194929821,4.824431699140175,0.1596871380572328,7.003995911013553,5.275189893896371,0.3237201867741193,7.067459847667764,5.302000227344785,0.5248111371606569,6.231027750639051,7.181964280392723,-0.34715894291922134,6.333176435746157,7.214716274827957,-0.30351639729284785,6.41682926497572,7.250869306366998,-0.2504177901258718,6.291588015347314,6.702966718056185,-0.23670620139516008,6.533023884168358,7.323438303174665,-0.1342603018609177,6.479562830158865,7.338501056859427,-0.20025311633256324,6.508836118719223,7.318706921157218,-0.14803860379063297,6.271892925142155,6.57919618717537,-0.3749332108374835,6.38842387149025,7.291237828269778,-0.22138930961285846,6.3115232374410075,7.282397839518504,-0.2569514082830225,6.222589644336248,7.285268021260414,-0.2863279063485146,6.26486995809939,7.665370436184372,-0.28734902356036557,6.24182941027798,7.45520016678525,-0.34668858814533887,6.2368194182652275,7.3867568780921955,-0.3419183940097795,6.23149162559287,7.331210168184349,-0.3078407085522901,6.221302765432105,7.29160408284161,-0.2846592970136246,6.388669703839048,7.295933582410588,-0.22187525158276977,6.40318806356879,7.317683688540191,-0.24520088921954808,6.417338743611635,7.352898994366136,-0.27127018510132717,6.430908689265291,7.390790666285082,-0.26276683524943173,6.5162787821487775,7.055628542394015,-0.20041956531872862,7.25151274581907,6.6817389165980865,0.9664221863341202,6.450271015102655,7.308478157774618,-0.1809786688796671,6.4622334309624305,7.324042551962435,-0.1965591290131054,6.21893422419325,6.782698343183036,-0.28898632489866044,6.357955623947473,6.767716108499474,-0.18724255060953826,6.227331714716686,6.755584103946904,-0.2790431857495787,6.489563575130985,6.2574914248477835,-0.018283476156507786,6.655878778619591,6.346240465551562,-0.003235562317393185,6.409521274919856,6.58875087113199,-0.2061041043733412,6.8481182502646405,4.761251360383997,0.4342689008908725,6.7982463485475995,4.877616637105728,0.26543514053534445,6.746736989620304,4.977498320422396,0.12785363028171068,6.493714935316775,7.53783831408818,-0.2142688780600668,6.303660165067132,5.088352677185852,-0.0009345391231047948,6.312220831265568,4.86061964599832,0.09884641515756527,6.328194233477182,4.591505192375208,0.20543659383711652,6.782853680725175,5.923045777555894,0.17154425127412176,7.009470490537657,6.06297176909794,0.2890053190103927,6.371820568419686,5.8992256917936565,0.1374787572306692,6.9101941248450585,5.600417540665865,0.24825920841752588,6.302452380049124,6.063058701116936,-0.05035388565253182,6.327546518679914,6.488976427724,-0.3658388390470193,7.125890990468175,6.180403388167428,0.3750251752940538,6.946895825684315,6.158432389202673,0.1834094921003686,6.823461621958957,6.208745364032485,0.08885425984382851,6.637223309854713,6.196852066253386,0.05879717469801462,6.49564525367299,6.147589401226845,0.0467862214231765,6.3831573587657084,6.0776704058834685,0.036725752439415366,6.163674674971101,5.852464816264594,-0.10609033070403988,7.124023377174843,6.496247364788162,0.3006950257419317,6.984255217126299,5.575156307293645,0.30030973252352106,6.134828208372859,6.65851025358803,-0.47175913570980715,6.3686090716195904,6.301261696411902,-0.09895206294550664,7.241995827411686,5.98798007667893,1.0078702328990126,6.300491421719001,5.991600581502824,0.039222528983314006,6.421389633185309,6.6178310566009735,-0.11679429202500194,6.852936564301084,5.749893940819335,0.26238534976033673,6.328536973650435,6.408141050978923,-0.3200127499312308,7.230931234043173,7.049463494620678,0.8644051462311891,6.363092451201054,5.849762441821647,0.16893460951383482,6.246649149429488,6.300741529412996,-0.39617771286275644,6.967173075393728,7.68877082555982,0.15460530020449917,6.973006071356805,7.902778929830324,0.29990711525009545,7.224491851619729,6.584614474654387,0.6343008126443632,7.082260380180475,7.5053086376031635,0.30180841915427353,7.135333090334621,5.605938436429597,0.6374196324303559,6.559553113670103,8.116222688534892,-0.20027478253504336,6.130011319451482,6.725339599469411,-0.3576338726619621,6.46066722950545,6.421779402155722,-0.08436692878134724,7.095750519390463,5.875179012736006,0.45623313055906684,6.69782347778481,5.881524693843894,0.14281553480816636,6.621299074112859,5.905522206431786,0.12046862834375195,6.494558603435549,7.360586777586955,-0.18893460754074026,7.121705427520813,6.80732148128468,0.27884344696618024,6.379781261175548,8.336806273717595,-0.19781296306166732,6.692474308386469,8.179237001385939,0.013703136852007856,6.8260375174398416,8.06956014594535,0.1390677382612746,6.534253758469881,5.902761402271153,0.12164563978331445,6.455135645378727,5.883243382612883,0.1404420279340053,6.398444568073287,5.866874154691827,0.1664497766588933,7.057423474819007,5.564450486642871,0.4019784210626299,6.453216015385503,5.717164035667616,0.13744533382889873,6.533400114545649,5.649865826929687,0.12604816536568725,6.615039256187666,5.621496417599619,0.1277075782549202,6.693580910234827,5.632809337268295,0.14781407023183715,6.747544317304907,5.671667237201649,0.17333020992768622,7.202541516823423,5.611215281238364,0.909468620647554,6.746735564505238,5.846587998013255,0.17662073381164833,6.41469515516514,6.972074758661503,-0.23173780492838225,6.314419783811629,6.627264605777025,-0.2837905335092443,6.23211653854909,6.91300017640902,-0.303939055246882,6.83548032986382,7.86284720569512,0.03486728549003806,6.704543607876157,7.995132086534743,-0.08003588162647825,6.376219898626873,8.20449716592186,-0.30126956978755565,7.084492822930575,7.710683394806891,0.5062191750858847,6.392246742653444,5.795805804048128,0.15753190759603308,6.232159292001055,6.0700410523803345,-0.1798780681017804,6.547776675326375,8.266593704670727,-0.11301366216304652,7.208598255851782,6.930742146416915,0.5637560581826968,6.31229921259417,7.286956782613027,-0.2565774046480213,6.324973473429161,7.322262583245631,-0.28119067828132127,6.336648016045706,7.369604905721415,-0.31312038132376435,6.34433437415146,7.426977900585696,-0.3134630324273246,6.392772610112612,7.613526175216685,-0.26465620381493626,6.4671180128494195,7.300078529578584,-0.185603801888755,6.481838738918462,7.288895651659635,-0.18477509747816892,6.497478664204751,7.279276124967534,-0.18310724523565747,6.600661270291875,7.175044634192206,-0.15365670798902825,6.9892466826432,6.855885127371595,0.0814611581307905,6.230966470691235,5.945760330306071,-0.07017674076342495,6.285895393218189,5.680924784667112,0.11898624146656109,6.346504824396211,5.717422337773237,0.15145543963098612,6.447808416269478,7.3041301317097895,-0.17930411414286324,7.020928415664247,7.2486653659182085,0.16071678369205383,6.187393577563688,5.659228120352465,0.008011555724903651,6.465064422040039,7.7839457100939216,-0.24369750416256403,6.161390928078643,5.985139822353396,-0.2234129730058631,6.303403644355343,6.299042792254924,-0.21603501870725172,6.309640660439487,7.848996512373563,-0.3055483218997478,6.689379671021745,7.532767754685144,-0.1109813590099573,6.510516329381443,6.734218778884985,-0.11181319199346058,6.587761128719003,7.681200614331905,-0.17966165101863105,6.756484064110766,6.695722145620735,-0.07960170584794994,6.619447849642778,6.872046644771855,-0.12361564982084547,6.856015525400088,6.948996445290857,-0.04473912713442702,6.354054371455677,8.039612777959011,-0.32557671089084866,6.365034170477792,6.405824526439959,-0.16789132508248852,6.788117343219586,7.6654880081772765,-0.04435542603675361,6.660206140515971,7.819283575815499,-0.13195386446452653,6.762522989200805,7.346125422459832,-0.07275554214299762,7.108726904619338,7.076005550158012,0.2695049351510582,6.901510186193457,7.390966667995671,0.014190135132792915,7.172965391311647,7.241762108540945,0.4696558885473637,6.710497026062267,7.070283713170045,-0.10582594959196744,6.297625515322288,6.181647513619606,-0.13518923194196936,6.297126725049365,6.548259076776045,-0.3897135245302029,6.355736719790495,6.618557152726844,-0.2998669670866097,6.252549838358175,6.431443819972385,-0.4437333572499078,6.3638242477871865,5.47853065562287,0.10113546169667281,6.52287065188423,5.329014352247566,0.09565951272606077,6.662373740530591,5.2934342169648545,0.10219462280054564,6.779960697142218,5.334569094494103,0.13504362526363686,6.8655281684622755,5.430713769830274,0.18671310922899498,6.921653475086713,5.790772297636795,0.3003133175786077,7.223276941026393,6.259309871671356,0.6641657466311314,6.855387049656204,6.01991405506657,0.1919198673241885,6.757562163657814,6.066724809622925,0.13335242562821645,6.630798178581924,6.081628662977884,0.09602302840487681,6.504406861095661,6.057177251241633,0.07888086483388362,6.402996385592481,6.006367623811496,0.09358571423040042,6.329038614153489,5.954968711301776,0.09322819405519978,7.252836677714916,6.335146657324206,1.022453346294544,6.352708350276316,6.675717805446364,-0.25813260599808985,6.232153591540793,6.180792444580309,-0.27544196451391556,6.228117665675308,6.540143759035577,-0.4619137282798264,6.175615001547361,6.642221900946941,-0.433151922423444,6.2268564388423435,6.582666342359854,-0.4197565088304664,6.328495645313535,6.736562380610193,-0.23155227276079296,6.16138237738825,6.6495769197999675,-0.4591425029652774,6.1556149367181865,6.713957205441292,-0.3564611811024419,6.325983167453065,5.84354430851212,0.15574735179011123,6.2725434901695545,5.861957507715865,0.09881648774118985,6.237579004595137,5.870333265234552,0.03443488553848589,6.777157495808386,5.709155245278293,0.20464890601950927,6.858624198527479,5.613600923858004,0.21127564653922096,5.560615502001621,5.871194391012879,0.17903555788899733,5.661098583875928,5.860267677526952,0.17924628564559614,5.554322906429922,5.738027363947714,0.17932973281290782,5.4613929344027445,5.881910900026644,0.17926373217143704,5.56753692959597,6.0091786632781865,0.17923811350139243,6.612020149921412,5.782363049914069,0.14534856549997144,6.712685290245337,5.771381825776887,0.1447421567721799,6.606003314114887,5.646130244064255,0.14475660832964093,6.51009021997686,5.7905938019748415,0.14463777822734375,6.6147727596704184,5.919936176482981,0.1446561043163891
6.117525552223655,7.140756563173243,-0.361758653089284,6.0879567699799715,6.55578999262879,-0.5149196724762313,6.103463054503976,6.781336985381802,-0.30746624604875156,5.996028791420622,6.1198575492623135,-0.3196664048077704,6.0807292886265,6.397036124586571,-0.5292879598961728,6.075791067652457,6.221082888037181,-0.4664192624712476,6.069534420741164,5.821281084800349,-0.13394801969370515,5.401732095888575,5.933037092548351,0.2604601945615153,6.051530890762812,5.398608758376505,-0.01633837228741738,6.043570475703543,5.1827900538195815,-0.006318252668097175,6.025104677527851,4.611399139218411,0.19833691796000594,6.119768514555584,7.1943283900735375,-0.3577260041173862,6.12305282681742,7.246822540883578,-0.33185144992532195,6.1251027619051595,7.287869677518824,-0.2947196590358573,6.1256099035946905,7.292310016412836,-0.291971691847359,6.125923305762378,7.338688551287043,-0.31513255721301575,6.128192622367499,7.396917961765769,-0.3457047606015402,6.129318733338214,7.4655815275955355,-0.3480768900342568,6.140390377189436,7.681957945555412,-0.28396989790813815,6.09365000526708,6.660504067352145,-0.4746952610485185,6.026225090277335,6.69270827691502,-0.3489047124787507,5.0600557105930095,5.523043308362784,0.8429140053539727,5.665650910409027,6.0459380866248935,0.13033421224093944,5.571610672467227,6.070380606593921,0.1430915279359946,5.482966293892061,6.072320850922969,0.17772095387547424,5.366698719484663,5.997927723645748,0.2722580054808237,5.745220159396672,5.9973935154053715,0.14540811084105032,5.503620565159164,5.529804603991819,0.14341603718334683,5.618236723826143,5.5473907392650235,0.13909707485328376,5.400804710383281,5.5757814142692625,0.18007906034188087,5.338199065999388,5.664532634492504,0.21773873800754456,5.300728987741705,6.116029056872946,0.3157377706320093,5.79777699064025,8.018821826882837,-0.2017522002754416,5.371879470999838,5.887661800749571,0.3013267688115144,5.050468809511207,6.169075935142363,0.7753207257338015,5.1937356245260755,6.0266880707523285,0.43759957373263264,5.63769330021832,6.615909788000796,-0.051176448279782905,6.005925177143016,7.11478478308143,-0.3415172580159632,6.02444154703213,7.252069890359386,-0.3148542124611028,5.900995282290549,7.18720561353518,-0.28718304918062126,5.82946194979348,7.26301189967761,-0.2249538435367805,5.939114245490877,7.276218239657379,-0.27526230358999615,5.868664287305291,7.311035083654525,-0.2161622894901926,5.709772949675882,7.530934426890273,-0.12390496042131281,6.011680380586009,6.564244016102166,-0.5024824142931918,5.9927202617185555,6.412467619956923,-0.513553123279994,5.206976153833228,5.528339804996706,0.2992779689162859,5.812067061070329,6.219959626177081,-0.009101634106780778,5.8213252460148865,6.614196760243321,-0.26171026410267373,5.8144400140740835,6.548467066069705,-0.22571529060740758,5.349589454100702,6.669098409523326,0.09487970167419785,5.992901892520283,6.250358924165138,-0.43245933300902023,5.39822341616578,5.282373948741184,0.13894946643886463,5.281046619333261,5.370554278424876,0.22199735706512178,5.130477177672442,5.204352479095324,0.6842681364110166,5.828857938343027,5.386391415919087,0.020560466247726106,5.718903280781575,5.628696165033894,0.1568607230730302,5.631159577299685,7.411347282477174,-0.07642651303884666,5.20744625708476,7.634488201315529,0.7930525217872155,5.8959445214472,6.6912374235598495,-0.24049627615171687,5.972997293483844,6.733270352468004,-0.26054346427098407,5.742398115332175,7.393573105903356,-0.0917744882896167,5.762068375020502,7.3816930269150305,-0.12098675887354776,5.227387182281546,5.284754024521477,0.2851626513568395,5.82926892254929,6.700138045122181,-0.22009257080802822,5.573374628076952,5.278339964248685,0.07022553507793607,5.551727441760403,5.144060668669916,0.06999249786241003,5.481819883008212,4.756670303551173,0.3324135260289051,5.1753353558945365,5.255243649045408,0.4563985842982594,5.520068480741538,4.9535741188716615,0.19560809323345446,5.1530916370429,5.489218310998605,0.3965724699064004,5.105718406425112,5.521289324640213,0.604659890221824,6.01296746630649,7.188895136130078,-0.3394172186470119,5.921655607917709,7.235175376688056,-0.28778999877639605,5.849048872996309,7.284881672760983,-0.22999612382431378,5.923258232638839,6.725238709643352,-0.22247647508070972,5.752841530292714,7.387362044761909,-0.10687368944044627,5.802387563893529,7.387369167538448,-0.17620968989278657,5.77433664533017,7.376931450799138,-0.123005442779225,5.920564398552033,6.601761104685003,-0.35881521020216117,5.883452595954229,7.326253608006379,-0.20469348407092627,5.954072076221427,7.300369438065988,-0.24420325842507495,6.036095121726537,7.289460193519839,-0.2795086581167214,6.021589587306172,7.6912310883307,-0.27682323780970053,6.026829101727788,7.464886344605391,-0.3370562630699899,6.025361097483232,7.394764746418224,-0.3331920900219009,6.0286439851897615,7.342473594739526,-0.2992747191494903,6.035861494656079,7.2937495295512385,-0.27725198443995624,5.884025979465567,7.330164012325937,-0.2043273956155314,5.870824625429375,7.356195623740672,-0.22691636880118812,5.859605183964981,7.38970757507599,-0.2524268600774356,5.851156502574009,7.4303244960083195,-0.24295243208890935,5.734252508082909,7.121267934286643,-0.17254661285918443,5.08603817484963,6.909220027629126,1.063185335594437,6.098861740860197,6.725681034066384,-0.3634837895668742,5.829988322979664,7.35505882860515,-0.15875857575233723,5.817070455449699,7.3727710370230835,-0.17350261189335375,5.993540093298121,6.792915058644902,-0.28003405192113195,5.868599113899965,6.796630298887309,-0.16983167754688278,5.984326069568101,6.765627701726455,-0.26974673706016566,5.714626409609119,6.333356365500694,0.012459493209877824,5.561738148046238,6.453866621753163,0.03813936049517246,5.806599973938313,6.634273730471989,-0.1818053765293352,5.261865694393118,4.94328348746787,0.49978657692548367,5.303927114407427,5.06015151193745,0.3205671689357525,5.35777637345389,5.165219588654762,0.17328979668559366,5.794468460938183,7.600231919831953,-0.18929212694880276,5.788104260101161,5.176109957843083,0.011600251947663103,5.761606819100817,4.9280161720967275,0.11662503762557784,5.730924746884188,4.660160955122352,0.2266505334255706,5.410126644177856,6.052758857438024,0.22699926011315325,5.211959248299463,6.244580927837221,0.36024067811557664,5.79835357940103,5.946326056735964,0.16215733100033625,5.261899883720503,5.774853402768027,0.31237123481850804,5.873608562639392,6.103900392983431,-0.03149536252758354,5.861535100268049,6.522666944892467,-0.34665540642396747,5.122248590076505,6.393729019439812,0.45627633964591985,5.274226916936611,6.3271467289145535,0.25020833777250406,5.392132017670177,6.351040795090127,0.1443200176901095,5.569859181716446,6.300507544661097,0.09986245113094415,5.701319638480159,6.220988867386874,0.07803673353339495,5.800131068286177,6.133100215402427,0.06073820818627241,5.983605244582419,5.872021964165473,-0.09830311953596092,5.146737408093031,6.700922975096708,0.38125591834243666,5.194510226474622,5.77026455398319,0.3721914061436929,6.052228210585917,6.65846980237279,-0.4670771399192717,5.830020375474087,6.347973727512711,-0.07566101488906338,5.03282640430335,6.2293987296457125,1.1060030164077055,5.872636659780733,6.0324724775791285,0.05727729001896871,5.801987976129727,6.664324012409666,-0.09414161508474889,5.324550757735414,5.901073632832471,0.32231754675270047,5.860915418709212,6.444160414164344,-0.3004994805752608,5.133282127073247,7.2670960997447045,0.9574145969716169,5.8018405346553825,5.895265720843095,0.19406022485696264,5.922589403921887,6.326343279721027,-0.3820731233981531,5.38370114322055,7.847638713781184,0.216520142235215,5.4049718907970465,8.062577043157967,0.3665675956691561,5.081254161987642,6.813798327177713,0.7236526834501502,5.270037655915576,7.694271801634924,0.37471387067872214,5.077444544956101,5.830647892087116,0.7229867928785205,5.778806543746816,8.193179561487636,-0.16746914160381632,6.068301468122375,6.724283545309559,-0.35435590691561575,5.753338343956265,6.4847360229927515,-0.05606704125039504,5.1241788625183995,6.084285690952102,0.535931640677619,5.485529425029389,5.984647306789981,0.1910953468641947,5.562768813811338,5.989804197003751,0.16301221999567592,5.791776407545511,7.41702698448886,-0.16269104954982605,5.177432301307429,7.01006785924746,0.35659001029422494,5.9627027445529555,8.379256400330993,-0.17769750435958934,5.669424557419048,8.276191248376268,0.05783389048808798,5.544305508607434,8.19592681639848,0.19390385765326903,6.034356451973524,4.904415920453361,0.0860818372927705,6.1679170593995725,8.375078179613594,-0.21757640547850007,5.642568840758825,5.970773562648568,0.15779211514012717,5.7171507216143125,5.9404440678705885,0.17132662591956224,5.771777431719937,5.918655138300926,0.19364590184919708,5.133821321257201,5.776227030223449,0.48027021372773754,5.705114653819796,5.784999441808091,0.16897702226764824,5.623044597989534,5.73414602257366,0.16212743759755183,5.5430084509998,5.722377058899332,0.17106086844931312,5.463860158105571,5.751122804314009,0.19648261438162798,5.415785690137581,5.799427694103014,0.22518368663220262,5.034486011236787,5.851717065087577,1.0044618715280689,5.435087346140049,5.962273953405346,0.2284811760306352,6.108714677645707,6.908737103379825,-0.3037385854647556,5.824497374546244,7.015226886294192,-0.20958453890907958,5.889209936230183,6.653361347039479,-0.26663913643251036,5.990374731404474,6.924472029030711,-0.29416194563290393,6.063552713004251,5.643323855071891,-0.04135575596978202,5.511553913667586,7.995648585692944,0.08602528912465894,5.638029139132104,8.09848153513252,-0.038753343832778876,5.953234437700517,8.243885895386548,-0.2816103668864238,5.301158491166968,7.895980998147016,0.5866722084212694,5.77023677515469,5.85178259463173,0.18563244436339468,5.932570906823915,6.09740085939218,-0.16706006051440944,6.1598932516291125,8.240824526030362,-0.3173085209281306,5.804134780978388,8.337382309339644,-0.07929462143473806,5.122873257578918,7.1488729670387015,0.6512978722314405,5.955041129969471,7.30835478284314,-0.24315883679778494,5.942111509858218,7.343027034476557,-0.2672074004482112,5.935225209500934,7.39021257993256,-0.2981809722946721,5.931275629910415,7.453621673509979,-0.2978706195656899,5.897573500441522,7.658548940462101,-0.24661547573449644,5.8111243615954775,7.345916032640514,-0.16212752663225855,5.7933309535250075,7.340152994143329,-0.15875131942373877,5.7772968712595105,7.331265193578767,-0.15487706319511269,5.666815484373048,7.256422619101976,-0.1198553392084447,5.294333446687913,7.028178230873888,0.14469071369157763,5.928903033045488,5.976579337804983,-0.057479537919973865,5.861594931590972,5.7279858892844615,0.13565116459873314,5.80760570998553,5.770980393025296,0.17428678507287357,5.829494002287902,7.35044611851891,-0.1577834676442361,5.2987356787274456,7.423673959554455,0.22675713022820246,5.949668775765415,5.690221640355745,0.016863295877283056,5.843833576014923,7.84411721306062,-0.22071176267597828,6.0745695114761284,6.084322729390101,-0.353119949375474,5.989284234316452,6.001261895343354,-0.216763941520917,6.07115841379191,5.959344711553947,-0.2390643754807402,5.882946878820006,6.336576572773685,-0.19892953296799729,6.152555367239297,8.068756764082645,-0.3438000856378301,6.147595065657985,7.8684856561536485,-0.31399760954765854,5.993369858938854,7.876283671907842,-0.290482207979805,5.617006976456795,7.633224620757624,-0.07540414976014886,5.725014979190313,6.800634723857174,-0.08355155439755657,5.722253478726392,7.765326483548617,-0.1497461488570302,5.490865809211926,6.81850149652599,-0.035410430039906744,5.633001883451331,6.963217796566414,-0.08918880354814036,5.419119861835187,7.092613004272831,0.004837593322472305,5.963705631489557,8.075917291336657,-0.306857671569579,5.837565532661168,6.448425532755513,-0.14582153237241025,5.535377820494257,7.788343023654666,0.0002130860071684212,5.665493140908702,7.917725410363314,-0.09628770765575599,5.532412608621339,7.468937067622756,-0.02961841352801586,5.21060770145131,7.2753400013102,0.3440591098583828,5.414709794741462,7.539765245242529,0.0681256070023682,5.176070782572122,7.4521914199810775,0.5527944579933534,5.559555017037231,7.178876950928879,-0.06549743601177438,5.883669840638649,6.220023731165926,-0.11674902958403696,5.891101033401117,6.576912586453289,-0.3722382606581093,5.8494057241008806,6.651479509478046,-0.27985860903152154,5.922272796504758,6.45542579753741,-0.42756976950220466,5.769450420624856,5.554190141748539,0.12427703646073526,5.601303391022678,5.445608755503684,0.12735143827211884,5.461950897854464,5.4354374306069095,0.14320659416510412,5.353873448049697,5.4968628309183964,0.18700159782480377,5.284008982095564,5.60704363663494,0.24571404384621395,5.268383747203369,5.957931908827564,0.36533281783887844,5.053056514227593,6.492187871807181,0.7551053955708757,5.3502728845095575,6.166409167606402,0.2510111637230837,5.446045381705485,6.193460048343776,0.18451668367733767,5.567749059166957,6.177546341001778,0.1375249000018548,5.685785575127656,6.1285074490904945,0.11126942194638685,5.777946468479809,6.061328269891322,0.11731303106315312,5.8408993482199465,5.997466167726063,0.11247978200834394,5.056001426187376,6.5713147963717935,1.1196101016024633,5.86183781827093,6.708354167859176,-0.23812623903460847,5.935144365987224,6.20936378379862,-0.2620008733854387,5.952578429981334,6.557250874096807,-0.44999008869463913,6.015447617097147,6.646833322342075,-0.42652432397578727,5.959516014329695,6.59574591989836,-0.4078197792340005,5.8935612404174655,6.761942377145509,-0.2153699473763304,6.025930207328647,6.654583615493462,-0.452930237297613,6.043260634924125,6.711018086284522,-0.3509274474635841,5.835115297531973,5.885996495594903,0.17655492196813008,5.887868005130357,5.896891850726802,0.11309887371224894,5.922230415984354,5.900506659820018,0.04682795425043148,5.389988774209785,5.842568214762884,0.25873979918205847,5.309252102147503,5.773366879304472,0.2705790557573494,6.1563076459197035,6.102734394464102,-0.32777557460330703,6.774715652311745,5.80359843590505,0.203272067236667,6.170543939386919,6.684344000426027,-0.3548955685317797,7.135846121027699,5.289699368272058,0.74836778317383,6.519253710375286,5.974996656858161,0.09289687093198673,6.616572206218863,5.981511860557796,0.0981877194267012,6.7085179917195585,5.958024504922562,0.12571001667753104,6.8165726486394025,5.856289531486376,0.21071728296544523,6.430998235399113,5.938507384929809,0.11706301047731843,6.629876840514862,5.402763117792502,0.09740694069537546,6.517443100579235,5.446306075326789,0.10377578246648612,6.738586080598581,5.427007624573763,0.12624428056459955,6.812418645362232,5.503862027283813,0.15917447912614724,6.902164917467883,5.9510014472557415,0.2495181407259372,6.523791631307873,7.946848306795696,-0.22677671786368295,6.798905313713661,5.745295304689152,0.24052993127086061,7.196353395443392,5.933035311854216,0.6819393446218006,7.011281580369596,5.833239158191771,0.36167110971389227,6.585660780597699,6.523408425930109,-0.08712008770195034,6.228883040624336,7.101111188960745,-0.35089621854019876,6.224621483421436,7.238354984134778,-0.3228804686859975,6.345066210129754,7.161032971144985,-0.30670166050471226,6.430052330674819,7.222785306899583,-0.25072614136816596,6.317810905705729,7.254707454511539,-0.2915845021664692,6.39695421265638,7.271827760199136,-0.23714276166407475,6.572826249553233,7.452660810954955,-0.15677776498503504,6.164220338376165,6.549829653221493,-0.5077713874943959,6.171636573307903,6.398133032173478,-0.5202742197389415,6.945749899383746,5.3218871954488955,0.22897925843875652,6.3784193235482665,6.16359923226202,-0.03382556774276884,6.385516458091085,6.56630392307706,-0.28522860381584936,6.390284444705862,6.500174641139641,-0.25028357209969043,6.893482252867625,6.507753987654107,0.03480912023633635,6.1610856044216336,6.230982835147843,-0.4416168197002663,6.7135794367277155,5.1011783486595625,0.09486143842997996,6.846944880076613,5.172771868618382,0.1640471149093459,7.0210205527304925,4.988467888855421,0.5993805327689468,6.280875747966076,5.312675664690665,0.008395146491217031,6.424866949354895,5.548361573707202,0.12795224447312928,6.644822562525297,7.312933303601996,-0.11604159319237962,7.17564819632404,7.422037145505941,0.7052212971886095,6.31247808291146,6.660047497376036,-0.25991532441500764,6.236125479808537,6.712896362457687,-0.2699133655138099,6.536428149164573,7.3292280794887965,-0.12547175980232297,6.5149971391159625,7.321593887594985,-0.15057743252574823,6.900106435048298,5.0744173649272994,0.2211007998270327,6.389033685145726,6.655399885684758,-0.2430210110717677,6.529821061647592,5.139205784181373,0.039849772858137254,6.542996773688246,4.997809410285477,0.03823214857125749,6.594146856565499,4.628139444777686,0.2844177202243107,6.9575694347714965,5.045368545370916,0.38286539873598524,6.559321465236508,4.823399679411948,0.15678771461351204,7.004250687648583,5.272482548962367,0.31994541731998394,7.0675636237427355,5.298364938208624,0.5205553023080864,6.229096011642833,7.1764274280773375,-0.3484255499458094,6.3307950150575,7.210452219323417,-0.30557795347107963,6.413558117044945,7.248175868425866,-0.25327845478862626,6.290071252477095,6.696522523751311,-0.2365925939525167,6.5281521951046555,7.324467927928213,-0.13801515848512227,6.4754201435582335,7.338549657144545,-0.2032204271067639,6.504079347237968,7.3190460704272144,-0.1516735610589714,6.271356157122561,6.571985049644053,-0.3749784818271221,6.384712296619905,7.2884480469737385,-0.22407918883654687,6.3088219617143215,7.277998933791968,-0.25884940090604247,6.220563637627534,7.279790312091365,-0.287333940749851,6.262965526360376,7.665345493835002,-0.2835002620888169,6.239485293501681,7.451284690527745,-0.3450970987281116,6.234367578558871,7.382501462052134,-0.34135911011813497,6.228979198107603,7.326106166532035,-0.3079609673966939,6.218826392429829,7.286102516659658,-0.285189384027535,6.384740075448405,7.293013746734826,-0.22386152123727002,6.399440061668266,7.31567842167988,-0.24694824295089784,6.413890038431632,7.35177380406566,-0.2727278638869118,6.427702526694815,7.390438371948825,-0.2640944354794754,6.5134507843294855,7.051191921869321,-0.20283054412599558,7.250443760475679,6.676278168273991,0.9627878415227403,6.445844950815665,7.306997893912583,-0.18382275830242653,6.457933727156566,7.323328283682075,-0.19942510014565348,6.217809972217805,6.775288323545429,-0.28843314098045636,6.356548125909586,6.761707325519743,-0.18717643973014375,6.226011849401724,6.748346421289092,-0.27861895655105046,6.488964815423574,6.252958737601638,-0.019494019659858877,6.654836474060573,6.341603116176804,-0.004727930387127453,6.408891273857013,6.583392888547887,-0.20654890058313835,6.848162874864672,4.759156864840714,0.43048280703697944,6.798287056710131,4.875539115950379,0.2619938173849304,6.747500947713989,4.975209552606922,0.12482788306193214,6.490679267736357,7.536505862698576,-0.21504835401562353,6.304102409980006,5.091989966925081,-0.0026955787844876863,6.311960969334776,4.8605314257840595,0.09662644019750825,6.327709428261084,4.590790097582327,0.20314087459630112,6.780888250459886,5.918936131835364,0.16880323764945068,7.008671795045942,6.059498428598618,0.28545566457668614,6.372393454596816,5.898655450197699,0.136159441480775,6.9088995026849,5.5973869323430625,0.2449794407396658,6.301751181444694,6.0601701064261855,-0.05132579843565242,6.3270982940340925,6.482436078448515,-0.36604943593466727,7.12551595821412,6.176593313500946,0.37103631437593815,6.946007031616781,6.154274805495657,0.18030035610545697,6.822399079847779,6.204201195363619,0.08625288965840532,6.635654124565123,6.192325390041216,0.056726170748982466,6.4942278350077665,6.14379862576304,0.04509849680723033,6.381986410038675,6.074952004576239,0.035338278539440854,6.162263711661078,5.852021207645765,-0.10649333317329798,7.123916182603605,6.492117356319451,0.2970669923027497,6.983536941197386,5.572501375673349,0.2965944628554597,6.1338815839886855,6.65035126167437,-0.4712888822037558,6.368106967676032,6.296874928626535,-0.09966963534418315,7.241077309327738,5.984523370478214,1.0038548328975874,6.299481864839573,5.990106202728978,0.0380933712868121,6.420533452108958,6.612425325718232,-0.1171739588512417,6.850653709820135,5.746362296614597,0.25933274807020007,6.328279250384153,6.402561262347375,-0.3202892916160498,7.230326190420742,7.0431495948798615,0.8614520997115287,6.364055532381014,5.849734796376953,0.1675905849437953,6.246077423187931,6.2954831380909395,-0.39619910286373033,6.967297722967585,7.686017215904622,0.15362445616481246,6.974207528487446,7.899912058518535,0.29952646478276784,7.223742608066338,6.579704714856325,0.6302284766442123,7.082534275471055,7.501758109633853,0.3001667801348895,7.135145239816325,5.602472950930276,0.6329284096084301,6.559287988186777,8.117208739207168,-0.1975163073267571,6.129050204662717,6.717960656576459,-0.356955809386823,6.460010728795151,6.417022635553202,-0.08508376379500233,7.094912948817067,5.872443276397717,0.4520816475077744,6.695620780241555,5.876988676245669,0.14048663952121057,6.6196948314532795,5.9010266225073185,0.1183894606675124,6.490531113984359,7.361116037773369,-0.1920228881802256,7.121616238059369,6.80283067586395,0.2757168480265268,6.379876643628014,8.34120296667482,-0.19342367122120033,6.6932745376498195,8.179082874440573,0.015358441002312631,6.8271271789139405,8.067931946559504,0.13956360558720782,6.533504249395577,5.89923880559619,0.11980835114196822,6.455276219230105,5.881230645813088,0.1387832942880924,6.399128084055887,5.866154576992001,0.1650000311167947,7.057063938847542,5.561894136852427,0.3980407857724294,6.453724878500051,5.715474020017183,0.13558993097917996,6.533253527661427,5.646501325685652,0.12384619751487136,6.614311436945589,5.6173118312926364,0.1253338339122607,6.692247433272988,5.628378489200283,0.14520612447949618,6.745678941475477,5.667438727320154,0.17064938342282454,7.201936227694157,5.607832127997737,0.9052197808456007,6.744230881005229,5.842396911987136,0.17405924575048806,6.4129156426011855,6.966139559502448,-0.2327483869374118,6.313443219132408,6.6202860219059625,-0.28385315114893916,6.230312581875584,6.905444956063796,-0.3037184858797114,6.835487894014665,7.860498174543534,0.03470513048121092,6.704648187226269,7.994491846783115,-0.0788002896136377,6.375587307596615,8.206512686889786,-0.2969952748464791,7.08553795033728,7.706744495631242,0.5047239075524595,6.393213330418434,5.79542326913315,0.15594878508935364,6.231215749940648,6.067490183874655,-0.1804060514316832,6.548246259997016,8.26865962446461,-0.10998923641567719,7.208502003107214,6.925578196227118,0.5604175650661771,6.309203742536777,7.282543977501095,-0.2578278834570586,6.321892256662207,7.3185845145075294,-0.2821241639202829,6.333753816431534,7.366807848505171,-0.3135678167595987,6.34163588094888,7.424924719114591,-0.313416991966399,6.390378465356168,7.613017303718304,-0.2633855634031721,6.462871235852956,7.299175660718159,-0.18911254394532942,6.477739319599123,7.288222967235127,-0.18843131714546557,6.493561143123776,7.278692692226804,-0.18678143725373847,6.596528000762271,7.171992787404556,-0.1570522367272053,6.988312762866355,6.851583232158391,0.07908630804433696,6.230022684870473,5.944142925726958,-0.07096504622269269,6.285946452583732,5.681655077013062,0.11755272362300719,6.3471268293823,5.71757737592896,0.14989554909492225,6.443252260155703,7.302982072500257,-0.1826326202482354,7.02033676618281,7.244899391218222,0.1587118214019659,6.185632829205775,5.661033926656863,0.00728594933244673,6.463461001750331,7.782586395656365,-0.2414077689618598,6.160150383862147,5.983529743151113,-0.22363045391463035,6.303086702045636,6.294533671978376,-0.21629742191633125,6.3081096840604856,7.84872422492563,-0.30136427468172416,6.686923157810567,7.52994792233971,-0.11282353388168807,6.509335956323277,6.72898742693549,-0.11256958463941893,6.585991989706733,7.678910109474649,-0.17944523339401214,6.754855926767497,6.691071462866506,-0.0806109327977032,6.617330069642545,6.867306761366815,-0.12519470605365754,6.853901695921627,6.944687181124223,-0.04646503765646383,6.352870636382832,8.039650962313955,-0.3214533981478609,6.364772083700773,6.400962911292168,-0.16841125122373585,6.787177662143256,7.662925174367268,-0.04539896390143102,6.659548903018351,7.818007251103963,-0.13116951360079862,6.759418065140315,7.343304110483899,-0.07537642101367181,7.108763900073557,7.071689135913752,0.2669033024073767,6.900088628106952,7.388048680420207,0.01213968889030933,7.173392412994343,7.2372723221009485,0.4670923648541224,6.70719244300577,7.066400474334022,-0.10835448129475576,6.297004563159533,6.178020005641579,-0.13586978932110735,6.296622782337076,6.54114627634358,-0.3898219919942322,6.35489991541861,6.6116468062425895,-0.3000451809841737,6.2518055600800775,6.424645431004552,-0.4438600936536686,6.364196563356474,5.479569085622091,0.09935970553005787,6.522879915910963,5.328642436717874,0.0934497820254459,6.662261256324157,5.291458694077033,0.09964074358184943,6.779632504956173,5.33182275644225,0.13213709827618111,6.86490282428512,5.427688562010831,0.18361820106371557,6.919884248662354,5.787391982447325,0.2969433676124558,7.222246112715629,6.254998700802223,0.6596571182595036,6.853937309804318,6.015889941520179,0.18899564137539362,6.756009816566711,6.0625740435078805,0.13079513378833954,6.629161001472756,6.077439278143433,0.093859653297875,6.503167631841059,6.05374963565451,0.07717000292206026,6.402472227640645,6.004217135329118,0.0921505096794811,6.328809184958606,5.95371130758976,0.0920163900231315,7.251606197606739,6.330715239960271,1.0185196504082914,6.351557908666813,6.669342720758593,-0.25826268444737194,6.231445103345183,6.177065553585439,-0.2757107714077925,6.227254773907667,6.532533414953399,-0.4617674216313997,6.174502066309284,6.634604227303369,-0.4327614722863067,6.225943470746955,6.575251554964544,-0.41961491911210697,6.327049146875979,6.730310838816317,-0.2314741889907297,6.1603355760521445,6.6416187376383435,-0.4587265747751148,6.154480653737615,6.7067615150252,-0.3558865915937088,6.326696569437329,5.843708927425502,0.15456179129858363,6.272396082497162,5.861721717013354,0.09773413211326791,6.2365158079628396,5.870248392807421,0.0334541344226356,6.774808960684397,5.7052254129949675,0.20189872914404164,6.856605501895587,5.610568698743774,0.2083225387172194,5.561434005488049,5.8682055804962205,0.1982759959619263,5.660906428956826,5.857109719204767,0.19851058015548176,5.554886037016337,5.735838394279174,0.19859505183349135,5.4632700360693685,5.879233063132906,0.1985276970778505,5.5686265852364825,6.005158766387489,0.1985015653914254,6.610304162865109,5.779758502831167,0.15770303591604434,6.710316492795494,5.768357074426218,0.15711397116698383,6.6039627549130095,5.643981999624035,0.157127871710572,6.5089641473879745,5.788485684784789,0.1570086208502462,6.613312823674911,5.916864116140356,0.15702742943204281
6.119953555179516,7.1403512338330035,-0.3600622499412519,6.088983307624715,6.555677493218459,-0.515808675245205,6.104778639613209,6.7808615869358215,-0.3079094070901954,5.997459420039525,6.115756662459056,-0.3209893932952219,6.0818759424575815,6.3958351442271635,-0.5302113201688848,6.0767188645050805,6.217828341524995,-0.4674575524415652,6.069996855577215,5.81434397602861,-0.1353577257419649,5.3998666293111,5.934109276136,0.2570764182624277,6.051352309250324,5.390692515293251,-0.017759955703985284,6.042853102878882,5.173468770285581,-0.008000320487896607,6.022607298093811,4.596937728098386,0.19487875929929718,6.12233905988434,7.1946878881770076,-0.3559070937589518,6.125833621270385,7.2483891677235475,-0.3302696628066635,6.127992613435306,7.290296836819874,-0.29302114919771494,6.128169264724287,7.2956604828119085,-0.28925713672130804,6.128506896623387,7.3429581531329005,-0.31234964052274444,6.130684408681508,7.401665502272006,-0.3430495020887294,6.131681633699947,7.470825194211525,-0.345534684776423,6.143706030511571,7.682999062956178,-0.2828377010004882,6.094748692838463,6.660415324601554,-0.47541928123945204,6.028328520485314,6.69166337055435,-0.3497671926761132,5.057279946476465,5.519896906351962,0.8383196157755926,5.667198438432799,6.048233844156947,0.12744374354373322,5.572027556494461,6.073504238427783,0.14004203444967436,5.482901995078618,6.074737235932725,0.17458662139199618,5.366086344115054,5.998635433257699,0.26915165574240263,5.747959775006483,5.998023564478528,0.142855778295508,5.507168397446961,5.528391126598311,0.14046929417325543,5.621103136562612,5.545852536671183,0.13628198416195678,5.404189243614242,5.574227149963703,0.17707890485604877,5.340799210709979,5.663194579983766,0.21454486026393982,5.301600788297677,6.1165409087057006,0.31301288419795464,5.801781790010613,8.018729823789043,-0.20038682484310896,5.3701913496731,5.887801707797602,0.2980551989654628,5.050261619257405,6.169022012211822,0.7720434177844804,5.194870643788457,6.025827622599785,0.4345240181317113,5.641405569482659,6.617076637603767,-0.0531070013269863,6.00834413111579,7.114102134436927,-0.34006891225794683,6.027478742308887,7.254082610275252,-0.3132012439771072,5.903282913905287,7.186761373887584,-0.28567389353898026,5.8314050714869365,7.2620547119940895,-0.22274812675546693,5.941866974475873,7.277505289047637,-0.2732781639649096,5.870774446759543,7.3110277203460585,-0.21369245546804438,5.709898901418785,7.531976456949392,-0.12080419488552867,6.0132711350104655,6.564323434128328,-0.5033331231506852,5.994717051238817,6.411578478053981,-0.5146246931306786,5.210590827748776,5.525232416352404,0.2960268699893417,5.81489066902979,6.219567074575003,-0.010704092729332124,5.824445153161815,6.613499449001909,-0.2631183330834098,5.817723856537534,6.547333569028461,-0.22721698588832207,5.353147705652596,6.671940396600374,0.09266892672717662,5.994545386074929,6.24754635937807,-0.43382458053060863,5.40215241151408,5.27511306720076,0.13614398647218412,5.284994142526324,5.365615511445633,0.21898898910671713,5.1265286763640585,5.198518706596984,0.6793569171923025,5.830204483795094,5.378871125003238,0.018526455574603643,5.721241623699948,5.626695788157095,0.15421614122013272,5.631777005777836,7.4112816006641,-0.0738665439427067,5.210742548412296,7.63909979303731,0.7919117016697141,5.898744115464219,6.6904823712110835,-0.24161813942637153,5.975523318848199,6.733318171878143,-0.2612870896053526,5.742945870074487,7.389544232172876,-0.08847958553768749,5.762356498906615,7.378405228716909,-0.11748162142593378,5.230935286580314,5.2799439101115135,0.28183963012154223,5.83225734272591,6.699176748764705,-0.2213985563170081,5.576501179157537,5.26963082266189,0.06777468439772634,5.554879559998812,5.135833498089681,0.06718408455840177,5.478740717537387,4.744545194568809,0.32753797855972444,5.174608099869148,5.249201599703784,0.4522411451914546,5.519859866565563,4.943406821620881,0.19154575727003403,5.15622283204705,5.486016898654071,0.39307191169670985,5.105638949138509,5.518503640540485,0.6005246768016107,6.015626010661151,7.189621985083336,-0.3377311986717524,5.924160175818106,7.235632522826956,-0.28585777916124205,5.851100977904697,7.284396113925053,-0.22752556915686278,5.92588430664463,6.724652998771491,-0.2235029237007852,5.753235095354026,7.383761751673098,-0.10342005862184213,5.802939995639171,7.385397200703339,-0.17244503614592374,5.774764471198546,7.374097928940836,-0.11943732882565627,5.924063302530601,6.600605329513488,-0.36008050272060727,5.885635592596835,7.326487557346206,-0.20205241321877276,5.957048300774442,7.302178772914579,-0.24219141025505203,6.039498152995418,7.292185865926233,-0.2779996237564534,6.024523394736383,7.693306095825332,-0.27571170464271977,6.029122738982142,7.470266748201199,-0.3346722777061509,6.027894015298708,7.399242957780783,-0.3304692858862475,6.03120836387785,7.346472659019314,-0.29637890377654297,6.03835846726006,7.297086514588277,-0.27438328071692875,5.88523527798229,7.330826198480001,-0.20115230634219622,5.8720619354887065,7.356336639058848,-0.22350321307411644,5.86068288572473,7.389646803889058,-0.24911967558963308,5.852073984601261,7.4301661932990015,-0.23978609460678163,5.736422949998516,7.1216069650042675,-0.17110715193814974,5.088173265244129,6.9124910155483015,1.0607603612748178,6.100014753239408,6.724576069984354,-0.36424046695210344,5.830622962151047,7.354080061302836,-0.15538676764244796,5.817667228402558,7.371376929247666,-0.1698221006228147,5.996598957309329,6.793246409361253,-0.2806085469324841,5.871597513551548,6.796248056666755,-0.1708446124185073,5.987202960724877,6.765911046998663,-0.27041993453426905,5.717894509155915,6.3339843993692195,0.01073341821226137,5.564871042379989,6.455759107888765,0.03611220853318031,5.80999536264463,6.633159027936855,-0.1832372145346518,5.2576740946908025,4.934184627111072,0.4949605287414066,5.30275187089039,5.051174080149277,0.31636126753274774,5.361659377336768,5.1580851497689855,0.16993575756353235,5.795674855228049,7.601703854845836,-0.18660891468209703,5.789565783534732,5.166652381132756,0.00929724863077408,5.760378788003975,4.917484313418344,0.11297549991180929,5.727794104374678,4.646590274070062,0.2222449955703825,5.409723486314788,6.054593290560251,0.223913811571664,5.213062877339128,6.24546643291104,0.3572840656259307,5.801851239610111,5.945408547898502,0.15965120677626657,5.263965516101777,5.773055654899092,0.30919653966756666,5.87583500757633,6.1020455307591,-0.03295846215287902,5.864912188258289,6.521654312500065,-0.348028615442515,5.124301303055016,6.395665615974028,0.45311002200774386,5.275951448519833,6.329112955154144,0.24749128281677757,5.394243704814272,6.35332557860185,0.14189285514656455,5.571464836662627,6.302781940845839,0.0979126386031539,5.7028827111104805,6.22217624260539,0.0762642802356472,5.801854444976242,6.132969478580903,0.05905447470941963,5.984511165478676,5.866328603936266,-0.09985320955170365,5.149740869427195,6.704195639821793,0.3788534417686232,5.196836957833744,5.76758694412833,0.36898414171169186,6.053586093291627,6.658536980048965,-0.4678501652736016,5.833469683426898,6.347240369078616,-0.0773248223649113,5.0329412452942845,6.228730860190875,1.1023516785416343,5.874349854602441,6.030471841971374,0.0554457332847119,5.805785648459647,6.663634936803944,-0.09566956122601956,5.3242356593054945,5.900967214951755,0.31923899627401675,5.8640841353411925,6.442736061451533,-0.30196296320903665,5.1357964583032825,7.271831790996302,0.9556367284627144,5.805655296903665,5.893927162473365,0.1914120445315125,5.924980749547565,6.324429559085402,-0.38348537390337756,5.388049868994387,7.848059035704665,0.21688134957834826,5.4096907203498965,8.063105624806008,0.36675287299242093,5.0832466175012465,6.817482538827251,0.7212473574456768,5.273926369428817,7.696602636814859,0.37406622745242607,5.077385427455369,5.828902748994238,0.7192970702310434,5.7833851253311614,8.191013267188955,-0.16626256379416188,6.069698400375268,6.723244062281153,-0.3550727636665156,5.756961511556859,6.484585321653922,-0.05786899007951939,5.12495555389747,6.083980799550073,0.5324306355436267,5.484783544997337,5.9876688072692055,0.1878057405206333,5.563229894921072,5.9931863108355135,0.15986890455930977,5.79224618192358,7.414840269372759,-0.15903469689405217,5.18048104292417,7.013847541815302,0.3545881523746307,5.967565463201054,8.375561866012085,-0.17665956950984635,5.674234217089681,8.273591334055158,0.05890963779226048,5.549153351482217,8.19426493305265,0.19472069468197717,6.032675709262125,4.893087203342226,0.08309708019527666,6.1720571377858,8.371134186930213,-0.2163038049281602,5.644332781063571,5.9731420879648836,0.15487306320102961,5.720016461534437,5.941301761581493,0.16859502414141997,5.775306890378219,5.9182448506998,0.1910014237744779,5.135902235385595,5.773162144284989,0.47687362708330805,5.707526574330276,5.785104982336177,0.16624658148248242,5.624420690507884,5.735295017272303,0.15953779468990612,5.543813923812059,5.723740384674723,0.16821869412413773,5.464128521802913,5.752124257913843,0.1935243808116423,5.415422983446961,5.800100753550958,0.2220646492065567,5.0328162360151865,5.849533910018579,1.0003384083696327,5.433528315960311,5.964266785300773,0.22517567963126905,6.110435042378513,6.90885613035609,-0.30354710412169894,5.827508058575593,7.0154765801132815,-0.20908293863671787,5.8920751731534065,6.652812908443124,-0.26789815724991667,5.992634275557449,6.92551976041421,-0.2939624583847632,6.063716474871802,5.635286525539157,-0.042960993586925095,5.516019481789194,7.995050003422618,0.08733970503181689,5.642611143299594,8.09639299592151,-0.0373919732203484,5.957974295434422,8.242490734944376,-0.280360086538381,5.305286959347979,7.899093450630465,0.5864294353936598,5.773786122225099,5.850757647576921,0.18295380674592926,5.934250668397543,6.093863299482806,-0.16849759436673895,6.16411708972827,8.238065905076843,-0.31577833608670114,5.808879895231147,8.3342026706759,-0.07822567493430298,5.125478740880359,7.153049469835659,0.6492888911653443,5.956936112959868,7.310576832177007,-0.24018360452596219,5.944132099874899,7.345387820659969,-0.2640449955279997,5.937114128807633,7.392803021072419,-0.2952071866393638,5.932884470122281,7.456555616501244,-0.29505005692049857,5.899496308049557,7.660250935678408,-0.2444781496159736,5.812444262368483,7.34412419410089,-0.15899780179431863,5.794706478504786,7.338013341648611,-0.15562807161147454,5.77870172926242,7.328744847405802,-0.15197493363990797,5.667796061140278,7.256809308397099,-0.11773920820971458,5.297697008502279,7.031637323840674,0.14302910179117936,5.930554881248848,5.972601805695964,-0.058963572529306875,5.863884690337505,5.724410306196039,0.13344699363576376,5.810820922499181,5.768948156278499,0.17178095773995034,5.8306835079557375,7.349044074959719,-0.1545357318050042,5.301891764311986,7.426622482965619,0.22603019907843125,5.948896342400493,5.683297924051917,0.01475278387204854,5.846883072228492,7.845244724241913,-0.21923994256336635,6.075367624605096,6.079500410002942,-0.35415304618187554,5.990431832873867,5.996109604746709,-0.21819790919755833,6.071832461914728,5.95321040906062,-0.24036559809182736,5.885963252245751,6.334868368117707,-0.20031136518211545,6.156431334050441,8.067929344680914,-0.3422200468239503,6.151158862917236,7.8688319451423405,-0.3126777453614006,5.996826182152817,7.87777990277208,-0.28928683087699103,5.619282844752168,7.634365823414062,-0.07289867362277336,5.728893188805715,6.800459195458908,-0.0846593901160453,5.724823798426899,7.7663749098371335,-0.14765987643260878,5.494338029129362,6.820839625621469,-0.03719507414548831,5.636368870835956,6.964405125401082,-0.08947448443973334,5.422459474407427,7.09532652425047,0.003797864982508592,5.967818687125379,8.076590956269644,-0.30553233873095176,5.841243408597425,6.447249216963555,-0.14734187740105914,5.5390454074649575,7.78876332380468,0.001960946900381763,5.66950915126124,7.9168896433880995,-0.094593014525589,5.534779777448583,7.470227571504046,-0.027905895274367494,5.213681513002353,7.278935594645513,0.3426000830458212,5.4181667768548385,7.540978549651561,0.06877874864355214,5.179257661517621,7.455864682024182,0.5513980334702382,5.562044265604506,7.180577154166091,-0.06483624847048551,5.886235352215068,6.2180698124401745,-0.1182405141168635,5.894629849959573,6.5759995144870835,-0.3735738475995717,5.852449368590344,6.651038560213887,-0.2811289737389821,5.9250060363248185,6.45442638788198,-0.42863758582755507,5.772020321638877,5.550196876233655,0.12175815859094706,5.6044088774503535,5.44174224474612,0.12461655496774027,5.465988346462303,5.431847279500656,0.14027435671568889,5.357693983281302,5.493786706154882,0.1838913206904408,5.287308416872688,5.604516435291628,0.24242197402159207,5.269122237902486,5.957506668131132,0.3624784949976485,5.054012609933906,6.494242021350337,0.7522803767538712,5.351083093712634,6.1678324652255405,0.24825651946150762,5.447043920326294,6.195469132004416,0.1820111508599164,5.5687516723088875,6.179920257056194,0.13526285580829103,5.687311398599343,6.1302427804590565,0.10892032221545382,5.780455420687704,6.061618028511571,0.11522938426989122,5.843688390651563,5.996387403144703,0.1103456305584939,5.057449118577806,6.572593991049113,1.1164941100620651,5.864809260390315,6.707540617455073,-0.23932901830033895,5.937186427621469,6.206434333385741,-0.26341876937970166,5.955193462240145,6.556612747825039,-0.45111428092061817,6.017727306235719,6.6465517599344945,-0.42742907375833394,5.96241408367723,6.594687511332635,-0.40894724428154905,5.896248559855575,6.76139005614721,-0.21642033334270327,6.0276817488304975,6.654612187297822,-0.45378332697108653,6.044993575150603,6.710119868734907,-0.3517453042495201,5.8388618215623165,5.884209916972259,0.17402082975095398,5.8904977768653115,5.8943264086325335,0.11088327507820091,5.923404421714847,5.896433758787571,0.04510244527607541,5.389081640736679,5.842886692967096,0.25556878320664883,5.31047039253311,5.772142837855427,0.26731714011975366,6.156503989016071,6.098522477229671,-0.3287133685122617,6.778383482765,5.803234177019611,0.2031703069163406,6.170843372477643,6.682359261132311,-0.35551245531359665,7.134877180785357,5.2833116814595,0.7482701966105241,6.520682018107086,5.9749192854084585,0.0919844419364788,6.619044020104431,5.982192617310805,0.09759201295213606,6.711070794020348,5.958202232581494,0.12536082317569866,6.819041771373939,5.855828180643892,0.2109753734445896,6.43116255280896,5.937323189909713,0.11614568492327391,6.627578841655102,5.400800103158718,0.09689953144072674,6.515764274159011,5.444122407174059,0.10289725005023312,6.736554167062979,5.424724243654661,0.12608501332636618,6.811474970394739,5.501416902153112,0.15912848724260562,6.903320819200167,5.949757517434274,0.2503817885035953,6.526044239491951,7.9471312043758555,-0.22412939470344045,6.802239954420407,5.744658604043656,0.24074590142754243,7.194925797574263,5.929645269571314,0.6835675217567663,7.011075256264041,5.829936301495493,0.36301314561635145,6.5851761215674784,6.523719280591819,-0.08746475882988813,6.231434764598014,7.098975655514373,-0.349273766627369,6.227284171610553,7.239194753053537,-0.32107010619515186,6.3475188797801945,7.158061237856901,-0.30466290542748703,6.432984625378365,7.219010206376741,-0.24766058847504205,6.320523286227458,7.254148142205035,-0.28922839972356684,6.400258549487526,7.2696606896704425,-0.23403043678886049,6.57794267866587,7.4518480021106255,-0.1523392991829176,6.164936238850559,6.549550257783735,-0.5083996049910193,6.172057850089385,6.397038937285136,-0.5210313296464626,6.942471873424094,5.315746425184238,0.22983178556892578,6.377572392621617,6.162643333611734,-0.03446603043019684,6.384097805760133,6.564839854227163,-0.2857335934831645,6.388474911287497,6.498412558838168,-0.25088195917690626,6.893439031571019,6.508287223431471,0.03576273180455031,6.161203768067258,6.228044911838905,-0.4423084278560069,6.709382634524847,5.093514117521456,0.09549412307908141,6.843083441961341,5.165903393913549,0.16506245468129033,7.0205431955105375,4.9791331202100535,0.5987055424844917,6.279439040074928,5.306121779149129,0.007628793650547637,6.424211894430438,5.5454077030826,0.12680790129704309,6.649895312960604,7.310670856250174,-0.11175924154110564,7.173778928754674,7.423585220480886,0.7081911888917604,6.312028353677524,6.6583710133137535,-0.2605757876976689,6.236059039469234,6.7120359653774795,-0.27038369608940255,6.539459765204298,7.322734429758952,-0.12077968719032105,6.518314320991878,7.315976093348271,-0.14593420970148138,6.895905026580902,5.066419513770461,0.22168748445851127,6.387626557718239,6.653778079800256,-0.24343653918041896,6.526115469850411,5.130963122329982,0.039625762826524184,6.538605713206364,4.990394639882571,0.03766164134070862,6.592925984567921,4.614019480360666,0.28224900434730377,6.9559465203339625,5.035313216231001,0.3827305992175463,6.557337872874161,4.811436199591379,0.15517633758191637,7.000805263181285,5.2653894109673915,0.32127493799469825,7.065438978144259,5.291490707369664,0.5209180288575372,6.231768122675607,7.175820390828136,-0.3465708638971451,6.333383215143818,7.208703885811172,-0.3032033508636686,6.416672160987452,7.245163144788897,-0.25008754034469466,6.289844370838758,6.694951363900861,-0.237037114738429,6.5313316690004335,7.318488388091153,-0.13332881801918128,6.478698844830792,7.334276597043801,-0.19853942097747612,6.507383310182614,7.313885482327471,-0.1470200831269728,6.270492507052359,6.570159337396952,-0.37553735694949425,6.388227029640056,7.286897724114166,-0.22083410024518704,6.311694283296347,7.278444817475724,-0.25640676385495614,6.223147112391199,7.281678675749806,-0.28561401551889987,6.266119675346502,7.667153157413177,-0.28211388926110004,6.2417232775739695,7.455680907699355,-0.34248952017379913,6.23679556137571,7.386102381252091,-0.33846442617414946,6.231605005154734,7.32928192430859,-0.3048928681878776,6.221593578273188,7.288632183342665,-0.28224504215861446,6.388494143484281,7.292308382142783,-0.22012006042060006,6.402904045000729,7.314283660031263,-0.2429413768916872,6.416879441330571,7.34970722959698,-0.2686819360473333,6.430427455509653,7.387877441784914,-0.259979411521463,6.515942350055162,7.049863747963406,-0.2001669456303379,7.249153469469823,6.676905152585032,0.9651279066136584,6.449715924277023,7.304277931578394,-0.17961905734693515,6.461532328441944,7.31992652902846,-0.19489008937818972,6.217533447840971,6.775205896474102,-0.2886940162187081,6.355780889057964,6.760444829290447,-0.18743532039715455,6.225756992725172,6.747975242738447,-0.2790213564701003,6.488213083810288,6.252828090457876,-0.01986654903646426,6.654887136481477,6.342017759196333,-0.004674747214621464,6.407075294792143,6.581721449182171,-0.20704234468324945,6.847875820478527,4.747059626222445,0.42924099600165894,6.797115642432797,4.863356007872836,0.2612236278078621,6.742426397814417,4.967453834485168,0.12487545506125518,6.495059033561873,7.536745329448285,-0.21123467420887085,6.301088795225246,5.083883773057671,-0.0035963133270571004,6.310123653892306,4.849076814064162,0.09432765918083867,6.326113444759395,4.5760529869979285,0.20012754633831473,6.78348785025224,5.919027672339275,0.16873449095733584,7.008662684023002,6.0579396928007,0.28675519263988936,6.371719394066963,5.896370007616749,0.13501987124799453,6.908266342988042,5.593764568833891,0.2456889989313317,6.3011507656371055,6.057754493868703,-0.05199549610219282,6.325645461304314,6.480751703761608,-0.36661375119855383,7.124178380944672,6.17487714767723,0.3730601876771274,6.946368886335438,6.154096402900124,0.1811503319779279,6.8229751117680975,6.204654999031412,0.08678252224737919,6.637181406279088,6.193233923355944,0.05703065884429157,6.495664491608783,6.143890517139982,0.04498746389588014,6.383087046973586,6.073915237596097,0.034795615524739726,6.162411834946739,5.845975597461711,-0.10756414070935041,7.122553616468201,6.4918465443953295,0.2990256235615315,6.981833057205478,5.567278272344144,0.29734607848750694,6.134889136741399,6.650066978124493,-0.47187494764043303,6.366808773154734,6.295572716266107,-0.10049576303372994,7.239283791001612,5.9816477050685855,1.0050867131025212,6.300291015210494,5.987290574065783,0.037122658469344615,6.418852522259911,6.611438042428078,-0.11759063726360804,6.852768633801141,5.745179297963999,0.25994203784275854,6.326619180304461,6.400511417260059,-0.32099021689624163,7.229137738742577,7.045124079911481,0.8640625344368627,6.362841954492099,5.846914769738007,0.1663565544780985,6.2453980517669185,6.293145185649792,-0.3969727087208469,6.96684547748192,7.685153781299591,0.15696713557206055,6.972919290147799,7.898613358014445,0.30268014162129325,7.222679282141014,6.579763326628107,0.6325505137498147,7.0809885653960665,7.501534026350779,0.3030804784953252,7.133134173913842,5.597518052572938,0.6337881857470303,6.561076754389724,8.115628041920036,-0.19491114685290944,6.129851725791111,6.716622488158716,-0.35757493034280446,6.458765741319359,6.416326693748921,-0.08577976018154398,7.094102074388543,5.868923525894962,0.4536856078230743,6.6987978032576985,5.877483990374678,0.14003418798050024,6.62200791531995,5.901633574955147,0.11771257473349667,6.493541826926676,7.356346611309032,-0.1872658144035069,7.12042881487534,6.803531360819285,0.27776507554173696,6.3826212004292575,8.338235021268316,-0.19168757246183038,6.694173528386478,8.17713830566454,0.018227656741825603,6.82708866496916,8.066041740181726,0.14271744671343006,6.534519939845101,5.898993777870621,0.11895415327068412,6.455140828377333,5.879915794812501,0.1378848341734583,6.398282619343847,5.86395200302625,0.16389579044766442,7.054854859180695,5.555883551901305,0.3988527449944492,6.453484722543139,5.714882889600228,0.1344355819732398,6.53367586009735,5.647165612419523,0.12313073420923976,6.615106405888765,5.618215813982438,0.12470161959738237,6.693567358035984,5.629021815512605,0.14489488086334615,6.747724511876669,5.667713433924464,0.1705462907734822,7.200510257677523,5.603113909533552,0.9058076202400046,6.7477836330741905,5.842383450484577,0.1738683967838497,6.413672650592704,6.965404487330275,-0.23140907055958626,6.312965032891273,6.618736304955884,-0.28444089603403855,6.2321107406998,6.905625833599931,-0.3032395225300741,6.835933338579132,7.859621147489884,0.03826436425315076,6.705497730774441,7.992808384041883,-0.07562868840818603,6.378504798013857,8.205493686760278,-0.295003111662376,7.083420369833889,7.706716635412587,0.5077806576949764,6.392149685480446,5.793276885210495,0.15475049133576096,6.231019491608193,6.063552645047343,-0.18128287609338095,6.550051719507293,8.266393506332781,-0.10762343998276833,7.206797761418783,6.926532656111511,0.56280415077043,6.312398039237932,7.283683810340453,-0.2545432218612347,6.3248697627006845,7.319691468845543,-0.2785612973923971,6.336419765324965,7.367764837770162,-0.31007282889303317,6.344145410003532,7.425968588274956,-0.3099429447862789,6.394263802519537,7.614011036180547,-0.2604717691148304,6.466183670849379,7.295052887854245,-0.18524039029044173,6.48088989065702,7.2834929129797805,-0.1843873622289098,6.496479366909565,7.273504279812942,-0.18272675997833818,6.600667299925348,7.170289353493721,-0.15331913954199528,6.988167572983321,6.852309197989074,0.08059132417670599,6.229681785476315,5.939730419873867,-0.07189115915645965,6.285392473435011,5.677426761755855,0.11601769287291619,6.346120627843626,5.714454795145883,0.14869567714205154,6.446964295529715,7.29941004888124,-0.17856616135146197,7.020216960468791,7.2451545971458815,0.1611073667683146,6.187289749942461,5.653468430687852,0.005712356507384498,6.466328980780637,7.783866948964143,-0.23885335532223562,6.1604074126596755,5.97810043321728,-0.22471326104794187,6.301826029435306,6.2923331595633485,-0.217188775353564,6.311229861359188,7.8503968160693205,-0.2997297133954211,6.690025784613355,7.529674291763967,-0.10862609631604019,6.508253745162994,6.728423221644776,-0.11245491728890215,6.588823115920628,7.6794389696403496,-0.17606346044748464,6.7552984358917145,6.691697561126411,-0.08021132134406567,6.618078136443714,6.867303900748478,-0.12391407894665955,6.854969651877553,6.945228488296494,-0.044946077944640554,6.355854256327178,8.040650254301507,-0.3194278680213707,6.363023591906172,6.399223572379103,-0.16915702053992546,6.7884789614695284,7.6623308621454385,-0.04156543504828555,6.660926046271712,7.817113718775325,-0.12783631185679561,6.762505523560693,7.342553564696848,-0.07158128483767184,7.10766789615724,7.072331939932428,0.2691726686981483,6.901169662374677,7.3872912159347885,0.015316465035477764,7.1710821473833795,7.237878416029198,0.4696592383025882,6.70973308788847,7.066134186442828,-0.1058636160688107,6.296240857028462,6.17557093136863,-0.13664936586545748,6.295467295335587,6.539422725417899,-0.3903873730432765,6.354001554703634,6.610388106944378,-0.30052589072710717,6.251308746911925,6.423057250319802,-0.4445025454914435,6.362811325437962,5.47541319134193,0.097920485072328,6.520535283568659,5.324479267131427,0.09277120350515596,6.6589145009488035,5.287518546430144,0.09975202905345999,6.776591326946147,5.327772246603032,0.13258446077327482,6.862797868272302,5.423603433964294,0.18421965925371064,6.920877677953376,5.785236758499328,0.29787661110111147,7.221323056115936,6.253576009221705,0.661827259532231,6.855493195012234,6.01575280069921,0.1895351023266058,6.75760202568431,6.062630924208872,0.13111663681002894,6.631089786023593,6.077968244992468,0.09391190761204626,6.504655187453597,6.053787675206069,0.07667288094423484,6.402997356770311,6.003285351057965,0.09148335862420007,6.328859375078026,5.951782240373498,0.09105615454933652,7.250121490041294,6.329757589898207,1.0202231642752604,6.350722109000139,6.6678339664351585,-0.2587031193142698,6.23109642039533,6.173733188120363,-0.2765806482374701,6.2271694907334325,6.531349476590048,-0.4623189498632904,6.174887832230999,6.633573588623092,-0.43334039216897713,6.225873810513046,6.5736652956403505,-0.4201795149881245,6.32654937455317,6.72887767133175,-0.23189428285762065,6.161085525672214,6.641058474690063,-0.4593000291958616,6.15509006640064,6.70518004337571,-0.35652172271451305,6.325649022822236,5.840611951469677,0.15321149266277267,6.272303182764411,5.8584038704058035,0.09633987228835822,6.237488632763526,5.865524413189252,0.032430372517974815,6.777489541766328,5.7050338679359704,0.20199934660172011,6.857174943775473,5.607924095640352,0.20848858807383067,5.560575851764854,5.868789256669264,0.16180464519917645,5.660274847590492,5.857673403079797,0.16190246451488027,5.554022658786539,5.735583144072274,0.16198726203067815,5.461941749798193,5.879668269316853,0.1619194707629626,5.567657930154735,6.00674429726478,0.16189480725134583,6.614067867262419,5.778246923423653,0.12906346624639495,6.71453401404867,5.766860038320246,0.1285161388498348,6.607694887091007,5.6416395612102,0.1285321768102318,6.5124855407591,5.7868148670910085,0.12840974963162874,6.617234056695963,5.916131089812501,0.12842897069866943
6.154068967644789,7.177609972271005,-0.36461715570339404,6.124708110872731,6.589600403935193,-0.5181280119472894,6.139647548744669,6.815345620405645,-0.3104017325425062,6.033986724687661,6.148592869440615,-0.32018245286922453,6.117857793598087,6.4291599692150525,-0.531829810785415,6.113023666346541,6.2508410733554705,-0.46782141987484954,6.106697816412661,5.8475199564248515,-0.13181009082775386,5.433260256309211,5.966129821806476,0.2610727176799824,6.088661728476815,5.422016092084796,-0.011950129081513905,6.080561144112509,5.203903236744785,-0.001215977943778264,6.061158001960575,4.630938787883047,0.20679563199106935,6.156361721047033,7.23198978405962,-0.36089208073967477,6.159899726140872,7.285970513459157,-0.33547460308828797,6.162226154358713,7.327932199632865,-0.2978306820668822,6.16251418150487,7.3355047342292155,-0.2953259161454397,6.1625600365729145,7.383290014044625,-0.3181125040480905,6.164507443993946,7.44303200285274,-0.34909407327153025,6.165551363277405,7.512983192669788,-0.3516319766444896,6.178000297766156,7.725531463854006,-0.2887565507232501,6.13027376975668,6.694336961776922,-0.47796577895162506,6.0638512707227745,6.725165897211855,-0.3520369028679231,5.09129716109257,5.553930733811102,0.8481528028909175,5.703143841714626,6.079877617004465,0.13069995261668554,5.6069660606749325,6.104965354623089,0.14308330629767071,5.517082962452558,6.106409072781065,0.1776044815121003,5.39919961330527,6.0316294875959775,0.2727154493195667,5.785315407165638,6.030167857302047,0.14634355013827183,5.542837389771429,5.557626007458627,0.14523148637258834,5.658000601952585,5.575508409267978,0.1412467302178609,5.4386998137560365,5.603687065067003,0.1816840152561998,5.374610191308915,5.693552609396142,0.21901500006738614,5.334221548914779,6.1504048611138264,0.31608914917060954,5.83444982906118,8.059053285880477,-0.20831543194651433,5.403263876953468,5.920508328014435,0.30233887561455564,5.080357503179391,6.20367770290042,0.7771874279360956,5.2268092762040865,6.0600768254343285,0.4385228077752353,5.67725184919162,6.650738822862363,-0.05453874840996124,6.042118117925809,7.151041975737056,-0.3445826331492149,6.06148256986408,7.29179768952805,-0.31844900591217584,5.936705914315856,7.225282763872616,-0.2907103169525458,5.864355931251709,7.302686835217836,-0.22838092010572572,5.975908773309769,7.316573755981056,-0.2788519903665727,5.904439350849172,7.35176035585113,-0.2196607773489051,5.742229197096673,7.574618136005631,-0.12810339819355845,6.049047248598655,6.598286356902509,-0.5056329537084546,6.030810544740113,6.444873211360249,-0.5162817633140638,5.2441722260707415,5.555153057968674,0.3020864488386093,5.851658376315903,6.2529439581165915,-0.009469769145002945,5.860587934332208,6.647915870235849,-0.2647376302570627,5.854177897359339,6.581394496211471,-0.22841893861429027,5.387940402886653,6.705822223351292,0.09102200780182056,6.030862848177102,6.280527214516472,-0.4342742730284,5.436664995111544,5.302451868099487,0.14244244365845443,5.3189758135180085,5.394066711625995,0.22525675252295804,5.16200460128964,5.231710036601385,0.6901480604179427,5.86708860671301,5.409062035362114,0.024619102965387107,5.758980268399105,5.657196705290923,0.15916691543899247,5.664477988556645,7.4528170444822575,-0.08056833412481398,5.239807038538499,7.675225588267005,0.7885061066460833,5.935084149526487,6.7253149261830005,-0.24337610950082464,6.011394505850292,6.767864130416034,-0.2634769293482073,5.775281028603627,7.43429159699212,-0.0953870050176185,5.795005156231874,7.422749016582694,-0.1242966438898842,5.265114737186652,5.3092423588400415,0.2890015215726052,5.868549162278784,6.734046017732924,-0.22326230335487451,5.612085349130882,5.297078585555695,0.07409896320159347,5.590589711256681,5.164424172614446,0.07419394230249506,5.5155865826148744,4.777542097577921,0.33914818066113656,5.209152567307768,5.280117225777152,0.46091570931976433,5.555850198300044,4.9741281479271695,0.2006639720011111,5.189822148427812,5.516762693461682,0.4002468122563161,5.139349331733709,5.550880655300679,0.6088374865619495,6.049402625376003,7.226863330749288,-0.34273022721925483,5.9578300544903495,7.274528957496518,-0.2912350081950087,5.884310767191058,7.325107814035475,-0.23336192687210233,5.96214043088657,6.7594798178182,-0.22539530289457024,5.785682605952716,7.428317541408396,-0.11027430737884322,5.835370871091988,7.429457469740575,-0.17934859738512718,5.8076217483131645,7.418130551448048,-0.12624562981789683,5.960685965447021,6.634602137823189,-0.36192314806558656,5.919545371585492,7.367181988422979,-0.20762742680448137,5.991296372823302,7.341185747268716,-0.24741670673939187,6.073794655634134,7.33002147117066,-0.2829920223498603,6.058666782091948,7.735791535329051,-0.2821061104956942,6.062412567962865,7.512724541426596,-0.34096308305644074,6.061296283650147,7.440704858149461,-0.33666526754555914,6.065106553210503,7.386937641410508,-0.30225211370602345,6.072646845962136,7.337053775746607,-0.28049999643511586,5.919115838565291,7.372781322122524,-0.20761945590398137,5.905361467608137,7.398983194597552,-0.22970442544127345,5.893337767226959,7.433056376096661,-0.25562196514818497,5.88422263948216,7.474242108540795,-0.2465616709295782,5.771229303450597,7.15843825491561,-0.1759565650042369,5.115847892875263,6.9489185676786684,1.062563309289702,6.1352375808725395,6.7583520697384705,-0.36663506976957866,5.864066471134676,7.396939778127801,-0.1621770946665763,5.850625204314016,7.414876274587736,-0.1765081580358873,6.032194078121281,6.827730071204957,-0.28317183780467897,5.907788562030045,6.831624169561582,-0.17292545096775563,6.0229198906092005,6.800492877271728,-0.27276235672559895,5.754215281992346,6.367522159937456,0.011260536336493366,5.600316359322985,6.4894622496358405,0.03573180890451937,5.846434480985976,6.667521777766794,-0.18468919028080116,5.2938690890352715,4.967062168535627,0.506207664590572,5.337964827086663,5.081617084579749,0.3252897178039142,5.3965013291450035,5.186513060431478,0.17710219163466615,5.828581455079591,7.644039126598409,-0.1939209932011774,5.826281536822965,5.196312431769759,0.016395701522011457,5.797465567226658,4.949402235454836,0.12219477788149533,5.765500644129458,4.68012837915733,0.23406325416525187,5.443208656618638,6.086806031191873,0.22713183969507117,5.244446639993573,6.2803774690598875,0.3596135348653742,5.840349011916612,5.977514058934059,0.16346221205575537,5.297214001303516,5.8047687032982465,0.31397905477476634,5.9126570805826235,6.13510574755191,-0.031145356115349836,5.901313683125018,6.55545700686314,-0.3495193073791028,5.155545126821535,6.4298922173328945,0.45488429012064446,5.308029348993166,6.3633565135997525,0.24875839289293397,5.427429139570408,6.386864400827143,0.14264237668096755,5.605907811682709,6.335870699219468,0.09892158441545595,5.738460841934453,6.255003853751421,0.07786091477521018,5.83837401980621,6.165566409471608,0.06112794032763597,6.021414554703539,5.899223695101784,-0.09646753222893614,5.181563220781664,6.7386336739937285,0.3784139336424212,5.229685248753027,5.799772650337667,0.37421156742601003,6.088980564496814,6.69245332155989,-0.4703435381779985,5.87041524860258,6.380739883301397,-0.07711287039247293,5.062864152962983,6.264642015866107,1.1089325451971854,5.911397499182265,6.062640410332214,0.05832694126275208,5.842390637172767,6.698248972269502,-0.09699986971443486,5.35727482613163,5.933731425019163,0.32352864137715487,5.900634454929603,6.476340535320619,-0.3028706869310607,5.163312187214357,7.308072656256796,0.9549323293989984,5.844708825808068,5.92572505848998,0.19575228520088048,5.961352655147268,6.357523605647355,-0.38416332626092903,5.419699336420371,7.8848491658924855,0.21036413249637165,5.440027103030305,8.100527761956206,0.3595006212383476,5.112034757373155,6.85265516662911,0.7220732633536638,5.305750208814247,7.7317218980400675,0.3687229531168376,5.10950269783455,5.862695476248677,0.7262922878565131,5.815096482647201,8.232446344352423,-0.17482802207347478,6.104960339225022,6.75690620212418,-0.3574970816612669,5.7934303212387075,6.518256366426281,-0.058345060507779094,5.155765446093781,6.119295063387119,0.5365914386666824,5.519150022941769,6.018540015125475,0.19145225306317445,5.598398686047639,6.023981005543177,0.1634512520675679,5.824209819178405,7.459266129911509,-0.16618486791600592,5.212878649829135,7.047902463937078,0.3521182687454989,5.999106064099698,8.419927655995725,-0.18634901835907466,5.704666373270804,8.315290689629906,0.05054030066631318,5.579317962342895,8.234012581520332,0.18675051888650682,6.070859214793823,4.925589483673491,0.09246982895843872,6.204743116747026,8.416272147290021,-0.22593900339131545,5.680517948061662,6.004259385613962,0.15863560790131115,5.757552312920769,5.9730156051103105,0.17256237197194704,5.813892428868304,5.950262177049347,0.19524380444145686,5.1683454974177225,5.806186986223166,0.4827329595950384,5.745209776519592,5.816433444474885,0.17090378654810545,5.660927444967638,5.766363292597052,0.1642428005505059,5.579332292051659,5.754712881129177,0.1728265535871139,5.498590115049859,5.7835191781720665,0.19798966771285417,5.4491454549595755,5.832210095581362,0.22646521716533455,5.064866371520037,5.884247358229778,1.0088503663226929,5.467290448682028,5.995610331646714,0.22896360188834305,6.145018323589428,6.943163040153596,-0.3065120898297,5.862522086772633,7.051262064156805,-0.21294303227049807,5.928372472184135,6.687700157162862,-0.269542292044962,6.0273778630056905,6.960317851000454,-0.29717070941761886,6.100644230945296,5.667768089688867,-0.03813013755559156,5.5473197226728175,8.033814369834392,0.07985932700337374,5.674011902040073,8.136454491283944,-0.045450458082611014,5.990397541841078,8.284716823010973,-0.2893216114421217,5.3355592272279,7.9355125677131495,0.5808594466856203,5.812481669040485,5.882381988391421,0.18744800626551097,5.970872238921931,6.126721434954077,-0.16697848748966376,6.197108247917551,8.28096530525655,-0.3245572233942029,5.839710265148455,8.377464430015277,-0.08728356030910235,5.154844762305692,7.1879252131247915,0.6479617112790195,5.9910742623374595,7.351274578724031,-0.24641432122117807,5.977746200216036,7.386749205740261,-0.2699942376252775,5.97013605013418,7.43507256611976,-0.3014374473726184,5.965514719057779,7.499721047208678,-0.3015284858036099,5.932866985337973,7.702751525831829,-0.25151289876992955,5.845520245566831,7.386679706652756,-0.16541671716065914,5.827396029922086,7.380710666467099,-0.1621086479170581,5.811073058668981,7.371483050508503,-0.15837429222789712,5.701897873537594,7.296125978060225,-0.12353971060967926,5.332019430920466,7.06553373760034,0.13947135766759247,5.967401583459283,6.005487083412321,-0.05634431970194137,5.902026586136028,5.755897948043962,0.13818008298167883,5.849485992467276,5.80029747592115,0.1765174723465839,5.864058589794856,7.391258048602864,-0.16065927624117132,5.335173399819429,7.461636980226517,0.22099489562500618,5.9859119847552185,5.715146405775377,0.01944946601416211,5.8800702481250635,7.885849379564215,-0.22664648798119952,6.111865825878407,6.112444746112474,-0.3531006822321228,6.02703896539342,6.029070201610722,-0.21604458578162253,6.108452489250816,5.9862781088141395,-0.23805130167496102,5.922722984503916,6.368157682521141,-0.2002926534227632,6.189782900797379,8.109473082652151,-0.3500691875627525,6.185013257235272,7.910338851841941,-0.3193620770424838,6.030675128992294,7.918771885449572,-0.2963566476188023,5.651418250231828,7.674544927100714,-0.08011712742010661,5.764878376526379,6.835185102189444,-0.08692649867146615,5.757087672114095,7.806856143517065,-0.1552044151131892,5.52995784753432,6.854712196322186,-0.040061633962106845,5.671958096531469,6.999541129829355,-0.09320864859115913,5.45750540705251,7.130276794767101,-0.00044905064504187017,6.00110147604509,8.11742535453075,-0.3135953992127794,5.8782213574517845,6.4809783455620975,-0.14771458980461022,5.570979863055825,7.8279530572449065,-0.0053711750690459675,5.701494492235886,7.956740598276182,-0.10234936270266151,5.567479473447492,7.509174356080308,-0.034438015324487065,5.246170145715166,7.312966251799712,0.3387540464996159,5.451029811662045,7.578292989818166,0.06255220702547326,5.209777700852599,7.49048984882289,0.5478871002819679,5.59696786462755,7.217753218402557,-0.06986321883933859,5.92304826889286,6.251136265356009,-0.11738414911330602,5.9311381059755925,6.610045315914272,-0.3753108575997406,5.888673447024267,6.6858021872370665,-0.28297760308041653,5.961166010690616,6.488009933652607,-0.43024135561812343,5.809647969132398,5.5803482684030286,0.1270815108373236,5.640776650260941,5.470449791221777,0.1300712142544938,5.501140444967137,5.460400724708283,0.1456033423150149,5.3920243698844015,5.5228585515699,0.18901241863456897,5.321084430162636,5.634670403113868,0.2474436645040042,5.3018371235935104,5.9909943742111,0.3666878210099662,5.083168275553455,6.529258716815304,0.7551512017987712,5.384016212141623,6.201302553672782,0.2507727917024374,5.4807668232891595,6.228271782052124,0.1841725259142631,5.603499345882194,6.21238228448913,0.1373732308175842,5.723073600663638,6.162682555582847,0.11139543916335395,5.8175271594963,6.09417723338009,0.11805024547404898,5.881409359409062,6.028853823008385,0.11348015430156587,5.086106940578238,6.609025040650273,1.1208446529713636,5.901098021008119,6.742413134680241,-0.24120943514553345,5.973684086024153,6.239317121567438,-0.26294283423436804,5.991197497832831,6.59056980873308,-0.4531537091053486,6.053437154878516,6.680356897906735,-0.42974935402377845,5.99842826887516,6.6284833521809485,-0.41094653710837753,5.9324700524052085,6.7964296883516875,-0.21843048229083342,6.0631190226049325,6.688474677921557,-0.456247717129202,6.0803132401508915,6.743762993245812,-0.3540924771999532,5.877893565363808,5.9158758914137435,0.17821041548620425,5.9286698136409886,5.92647414401562,0.11489531379777852,5.960756897505403,5.928337364397663,0.048545957851536904,5.422450640503065,5.875412734534034,0.25989873389931933,5.343690978708769,5.803565724247506,0.2717474774925565,6.193048641424702,6.131806332108993,-0.3276958550267543,6.8185432949163385,5.8378341480285245,0.2083759973562123,6.2059869354677435,6.71649928935137,-0.3576456852191839,7.1759685041320855,5.323701393225667,0.7598896782443166,6.555876150844488,6.009317414564945,0.09607327492148081,6.655878172910582,6.01655821640341,0.10161914089519952,6.7491079746147955,5.992937124476784,0.12948838693577183,6.859094937747665,5.891892257855388,0.21581739272720282,6.4646761523867,5.972265444856514,0.12029154626576284,6.666206310502256,5.4337904555334795,0.10268865214290482,6.552964354023637,5.47685839522377,0.10866022241776492,6.776328689382946,5.458390266568689,0.13178398388959942,6.8517875027634485,5.535957338351099,0.16478111621137964,6.943044820056293,5.9873764809909025,0.25483844354117174,6.560317644075899,7.989898827870708,-0.230882193160657,6.843126626786469,5.779974008223846,0.24628430150431446,7.236222780028514,5.970294751658741,0.6905533672742654,7.0518431338471865,5.8683746980745815,0.3687611731369317,6.620884307623384,6.561274152135898,-0.0876644674777287,6.265695249460263,7.136119733515634,-0.3534245560403598,6.261320389374605,7.277114036957549,-0.3260727468271886,6.382111952915553,7.197556926870534,-0.30891361467753164,6.46805796365501,7.260700788539229,-0.25199722053598383,6.354681307914009,7.293919919396003,-0.2940616775897332,6.434914063769249,7.311335530942365,-0.2388369503481189,6.613462234969055,7.496837909805356,-0.15759664804049417,6.200671330001727,6.583781825691559,-0.5105404759370757,6.208094119141494,6.43075056688786,-0.5225220827987593,6.984635366773012,5.351371702606288,0.23715213484018813,6.413124308622665,6.198422998696651,-0.032684769859665584,6.418758750108681,6.601802150947764,-0.2868616930310766,6.423296252388812,6.535391832166308,-0.25161226634414013,6.930167427275498,6.547594295664317,0.036023911061606136,6.197437831219124,6.2614937788506495,-0.4424087113296608,6.7512388023080065,5.126171373311588,0.10275984168824112,6.88545730296085,5.200183602592363,0.17249074581829685,7.061936980700569,5.017337593491504,0.6110536208026465,6.317494997185915,5.3384416481457855,0.014007021634799421,6.459774675503963,5.578206335185525,0.1323809506006409,6.685342203585741,7.3552059343234415,-0.11612944876999559,7.2107323775936205,7.468062421636308,0.7064204746673156,6.346150832286782,6.695258362050449,-0.2619812212156219,6.270826001683224,6.748092714748864,-0.2723900753699435,6.576248697794308,7.368616392270258,-0.12546330608497563,6.5547863764929835,7.361455120315435,-0.1507664147482895,6.938791762495129,5.1014440278683795,0.2300346132774346,6.422076077687555,6.691427314412386,-0.24475417968052537,6.56618924224196,5.162533367543032,0.04656265339054292,6.57970215760644,5.022950182171655,0.045299497959307454,6.633743788268224,4.649459219975117,0.2947170154738181,6.99820058557448,5.0708379194047275,0.39265220095240017,6.598553605970959,4.844329287699872,0.16494507942587805,7.043334152783106,5.301627909845555,0.32918885394877656,7.107296957307666,5.329510657158604,0.5306583570939556,6.2659116280626,7.213308859229393,-0.3512189451795364,6.367714178034894,7.248323502594299,-0.30784159573079267,6.451581664518129,7.286800203596594,-0.25474975607802436,6.32409812698438,6.731652956369331,-0.23863637920576236,6.567984038264655,7.364166301213589,-0.13809956793056097,6.515302296964577,7.379438904814291,-0.2037819151166344,6.543635713618254,7.359150186660741,-0.1518834043513606,6.30455383720112,6.6055816116342765,-0.3770317884517907,6.422879974349216,7.328605695944773,-0.22527303017650718,6.345841310577479,7.318137127207212,-0.26080564773289283,6.257196299192318,7.319732023792649,-0.29012221674880206,6.300730670902877,7.710535423632449,-0.2878386880965742,6.27630926474178,7.498776719401128,-0.34821646817041324,6.271217202732482,7.4281233738546435,-0.3441213956483727,6.266013368994825,7.370067991768055,-0.31028044499192065,6.256112973209757,7.328764039226616,-0.2879948147515923,6.423768416292586,7.3351206980343395,-0.22541565555904916,6.438655550727536,7.357700736619259,-0.2479603176754573,6.453026099161543,7.393985708666096,-0.2739302951603772,6.466879345109168,7.432955351649874,-0.2652985264043247,6.5504322944850335,7.089728734362965,-0.20351025518470633,7.288931747775244,6.721198000855095,0.9689269020993091,6.485433452016834,7.348332689514775,-0.1847664251720223,6.497702548660596,7.364503049369544,-0.19998561702232392,6.252160123047199,6.81118069055338,-0.2910110393250609,6.39010434797869,6.798484568588449,-0.18899208836026,6.260467055217707,6.784029474872735,-0.28117062680527244,6.524082826009736,6.289483998979429,-0.01854738146036841,6.69160070388843,6.379576310949758,-0.003765936324173893,6.441790891005106,6.619221344921318,-0.2079438446861271,6.889301963822239,4.783654434851218,0.441722631742243,6.839488313731282,4.89711062047586,0.2711462118688858,6.784758857048824,5.0009981430733195,0.13304355409487262,6.530097004777999,7.581178276677804,-0.2168397502770065,6.340554364528991,5.1158142180596675,0.0037901215560236516,6.349817804759498,4.882056186691089,0.10387950691662053,6.36587925882766,4.610767573341361,0.2123619625801167,6.822607200321817,5.9543479352606905,0.17313205626091202,7.0485759602489875,6.097109808278648,0.2909514143025006,6.404130983402361,5.931413236383862,0.13940560893355253,6.949134229795567,5.629681873250391,0.2517348077442425,6.336938262522389,6.0925895016490355,-0.04977571554552995,6.360364470409824,6.516286031471227,-0.3677020509280803,7.164233905625221,6.214558250764948,0.3767825858603162,6.985564648386359,6.192951915890545,0.18402037351441006,6.861144086100921,6.242644479942445,0.088979973925064,6.674197989079955,6.22988674022983,0.05915130813728524,6.531375931285189,6.179732043070289,0.04737163262078221,6.417862426825492,6.109018512746995,0.0374110800466178,6.199034877260875,5.879491327890997,-0.10399462597538656,7.161084952124326,6.532553116860154,0.300646044425785,7.023275426455217,5.604108000261947,0.3039086952096551,6.170548849208861,6.684141373991316,-0.4742737294885729,6.401922058796385,6.331696455056506,-0.09974162438964748,7.279899732341276,6.024935364146861,1.0137722630404178,6.334711425780458,6.021544238567854,0.04023285998798078,6.45352548951197,6.649491421714454,-0.11827701311523975,6.893441816684167,5.781064857303508,0.26551989801455905,6.361614021014047,6.436126357130685,-0.3215483875768157,7.268193076766503,7.089609081294785,0.865127328089388,6.3946955866666855,5.881808083555421,0.17132925575246244,6.2812694934304485,6.327315146601904,-0.3973110579536254,7.002075338824274,7.72848624980115,0.15214524619376835,7.007697600057841,7.942705365027254,0.2969292762151149,7.262243381687677,6.621792811159024,0.6353093397061595,7.116242278003611,7.544468428766113,0.29951122105235367,7.174615063139322,5.637040536943439,0.642421308506767,6.59548561532458,8.159609867675739,-0.20244081110751086,6.165021164053137,6.750563873025221,-0.35994363314085553,6.494161677625004,6.453189457841453,-0.08548314995129426,7.1350844120574335,5.908616102711167,0.4595874348780186,6.73709537975791,5.911054302657367,0.14474030201944632,6.658898159032601,5.935020382322487,0.12229525376911812,6.530512566332156,7.401925800292245,-0.19254339321504546,7.157396485088465,6.844841892925523,0.27745184347930735,6.416297622628459,8.384097652202147,-0.20085305698628647,6.729156721102637,8.222256488450322,0.010803060384201727,6.862057605034628,8.110410962090757,0.13597878222856957,6.56981035964663,5.932727270677523,0.12359035717409213,6.488608915478943,5.914418918275161,0.14254962540197538,6.4306610062080845,5.898969342771222,0.1688211425006133,7.096475877734509,5.5936756140390145,0.4063076073584022,6.487912491633011,5.748606992224824,0.13981185617701275,6.570177200190989,5.680479974333437,0.12866339873402272,6.653077431332652,5.651552233008772,0.13025323514105192,6.732925434507577,5.663047883621995,0.1504471980954008,6.787981608549854,5.702394397946267,0.17610533648842847,7.241475334775969,5.644917219608307,0.9163579176950684,6.787188459169765,5.8763814228464835,0.17882583169727945,6.4484004691725145,7.003705343196183,-0.23421508190764073,6.347138865706063,6.655463327841863,-0.28574995392285735,6.267159745695947,6.941252173489913,-0.30605170315531566,6.871369766274933,7.903050761964556,0.03232114510346461,6.740259379453007,8.036406614149804,-0.08240615285905567,6.412334025184329,8.249233598169484,-0.3033134301515293,7.118674746066305,7.750927290211058,0.5037388796722292,6.424724207867147,5.827676175728423,0.15991979609843757,6.267421979366329,6.097531818201749,-0.17951363532778292,6.584579990469715,8.31212167453674,-0.11589223611452604,7.245039849831022,6.9689959226279505,0.5633120913793078,6.347216962618827,7.324775364792149,-0.2600384037794288,6.359890873535172,7.36154038208258,-0.2836778332552388,6.371786681265632,7.410812369182258,-0.31538070180341793,6.379789823610341,7.470110137018688,-0.31538047790171847,6.4292344837006254,7.658004144274394,-0.26604523857195034,6.501760722182569,7.338789103477931,-0.19005459148477288,6.516714489763272,7.3272830638258535,-0.18911720462990592,6.532508694762985,7.317395564778674,-0.1872533461280196,6.635158130523234,7.212739969791461,-0.15709331702015764,7.023936742514677,6.8928492832267745,0.07927767516857381,6.265961065557836,5.97378475222822,-0.0690197755400133,6.319675262374362,5.711107935602954,0.12104106839971639,6.379469554619466,5.748277408923252,0.15397118694285483,6.482321039273287,7.34295260035932,-0.18313251371545877,7.0555316008830475,7.287287413694571,0.15820643312382848,6.223320867674152,5.686375216518959,0.010626954000972855,6.500512604549222,7.826570240349178,-0.2449618485067541,6.1970803049854615,6.011536369967056,-0.22240829749287827,6.337406843998972,6.327493551476016,-0.21677378883635207,6.345218684731683,7.892607270217331,-0.3062184427508871,6.725548500435854,7.573122114410666,-0.11372920016185072,6.542938573286884,6.766860334317113,-0.11362785105760012,6.623847691395785,7.722588858159313,-0.18190112153905982,6.7908274887103905,6.730470755396299,-0.08119863979890178,6.652621746593956,6.906569979368332,-0.12599922599766536,6.890113741823721,6.98557252972618,-0.046938296070461225,6.389690935880848,8.083028321613574,-0.32682749706582404,6.397904008458951,6.435702914236709,-0.16911628972081244,6.824151226441141,7.705509994768905,-0.04698080100932828,6.695744855662988,7.860227143808692,-0.13406843053879497,6.798144238005304,7.385759022864667,-0.07570483097030241,7.143799024442278,7.11413939324249,0.2674501545654137,6.936790618666232,7.430329432518866,0.011346291387070915,7.207802668636815,7.280609769410534,0.46799427198681565,6.744128400819295,7.107610061444159,-0.10871148471185124,6.331901369891832,6.210529453145941,-0.13542509571602945,6.329706774994621,6.5750686462775905,-0.39175493728207245,6.388348958655096,6.647394268836838,-0.301940756002785,6.2867699521395215,6.4575421068785275,-0.44579307507734534,6.398941479373467,5.50806706794095,0.10362352010365311,6.559073108869743,5.35683275461626,0.09891888639997773,6.699011312775749,5.320372243637063,0.10606892968457461,6.817586070370901,5.361613861945378,0.13883408865065217,6.9039712866839755,5.458608436384622,0.1904531141196025,6.9614312693714195,5.822411798971238,0.30340863315413036,7.261786263978105,6.2946348127946585,0.6667646177551002,6.894752268550637,6.052943496411595,0.19338275590589848,6.795755475554341,6.099123848845433,0.13449509761724393,6.667923009612187,6.113685698891439,0.09703725010315603,6.540036807262168,6.089014955797848,0.0799421258518259,6.436953897811808,6.038507747802711,0.09486670224846457,6.362274620588068,5.986643516387622,0.09463746049349502,7.290137592767737,6.373795706434349,1.0267393060616679,6.384957116590651,6.705120067621854,-0.2601325320538725,6.267318805463228,6.207690021354349,-0.27582235408130773,6.262386519706649,6.565830999522859,-0.4640835153437525,6.210245008426975,6.667891484252906,-0.43552319670786493,6.260835328732942,6.608157376784611,-0.4219265421077954,6.36080009355625,6.766219079849923,-0.2334991786138578,6.19667047531481,6.675212532460448,-0.46164338984293773,6.190344625380929,6.7392813768298625,-0.35877193315752676,6.357724938055489,5.875143336009271,0.15790550923978386,6.305643611552624,5.892679675351971,0.10053037410134255,6.272028980733964,5.89899012084893,0.03614496911294975,6.818059667245552,5.740125595850114,0.20756545081407693,6.8979091033913535,5.642998471604804,0.2141486533612917,5.596089453480315,5.900265464928929,0.13157353868229765,5.697234986305778,5.889144177957166,0.1316409666790834,5.589825579536838,5.766818619093029,0.13172512013281718,5.496117882045345,5.911213362424648,0.13165713238178284,5.602844478191678,6.038436099258892,0.1316334771672372,6.649515065733914,5.812022401874597,0.11894488949449324,6.751836351163466,5.8004884192904305,0.11835563619699739,6.643280209450685,5.674950139721398,0.11837242882445523,6.546381285817442,5.82081367820133,0.11824980905875804,6.652635359817282,5.950436641253549,0.11826859441134088
6.159490644611598,7.182843204443438,-0.36568966914435114,6.131496232561491,6.590130713925265,-0.5191080264814416,6.1461456638538445,6.817302316344634,-0.3110844706704548,6.040057763999026,6.1504476972551965,-0.32081888348255067,6.12461398309445,6.42975572780344,-0.5327985270705322,6.119690202242028,6.251985438428305,-0.4688077971397255,6.113137113190259,5.850305748657931,-0.1325024069010778,5.438049180968479,5.972250718452856,0.26184040971186684,6.095146596114126,5.426739759772275,-0.012987633965009187,6.086924756983186,5.209203091469237,-0.0020578471649849127,6.066996567919979,4.6345965751663245,0.20623549404534297,6.161671422003415,7.23751251838221,-0.3618526689522392,6.16508422029597,7.291874902783429,-0.33626999339252,6.167305156692701,7.334130064328334,-0.2984803025384954,6.167668739112186,7.341497807479775,-0.295499639341781,6.167829375131839,7.389546622608531,-0.31821480059753576,6.169937722889794,7.449993096254137,-0.34913461239228305,6.171042812650002,7.520477886877927,-0.3515480296445951,6.184334726151263,7.735872861106429,-0.2884610790157717,6.137104150747618,6.695343004047953,-0.47884042193752624,6.069577501110755,6.726656988129209,-0.35263655829730745,5.094603633948032,5.560161240908848,0.8493506731521427,5.708846370975424,6.0849074841113735,0.13132428243271593,5.61215567827035,6.110669485763346,0.14377680101877738,5.521899748977567,6.1123023795881295,0.17833346787568014,5.403757693522927,6.037596590697902,0.273546221800319,5.791584677973428,6.034238293912015,0.14673893101400548,5.548138997375431,5.563886705739658,0.14534435802502058,5.663482113612622,5.58183634668579,0.14137708757868886,5.443680047157414,5.609417694685359,0.18192886414370066,5.3793134092196775,5.698898053195751,0.21950349590695978,5.338424012404373,6.156355373727999,0.31703925329745797,5.839356682818316,8.07062613493838,-0.20726882647645836,5.408010962418313,5.926626503245749,0.3031205052390351,5.084881569133541,6.211080623423615,0.7788654343251726,5.2308599105564415,6.06578104089626,0.4396748593721954,5.681247453411205,6.655647261941192,-0.05371957700323615,6.047120011863089,7.15646734371636,-0.34549007064559334,6.066303107960135,7.298121779422733,-0.319107935073998,5.941342627171262,7.231563248654319,-0.29121268797743016,5.868844149301098,7.309927809742196,-0.22835925120530218,5.98064430904231,7.3233760565125845,-0.27919073577607967,5.909120762728928,7.359205060146251,-0.21955425491707636,5.746571453341074,7.584987591270668,-0.12715858123359067,6.055200577351743,6.598992228634469,-0.5064920033753754,6.036808470226475,6.4457626768868845,-0.51714830289792,5.247185263178843,5.557825564498079,0.3023423124680422,5.8565174861679345,6.256299662956149,-0.009158919228867038,5.864105386721311,6.649839982980674,-0.2649731258373411,5.857590663861737,6.583652205882622,-0.22854052698138747,5.3916511877917,6.712953444827584,0.09234755346959038,6.036916756114724,6.2818113879525,-0.43511631929102207,5.440763499425575,5.305856852232292,0.1422660313554196,5.322325629872242,5.396628035900616,0.2252172124536873,5.165274877094635,5.237236228274082,0.6908511484160295,5.873062637629729,5.414509549963413,0.02391669593645357,5.764757387003617,5.6628090917177785,0.1593338437503013,5.668759437133301,7.462610912172923,-0.07941778813763797,5.242625423308448,7.689174392517888,0.7909480060065962,5.938858505867331,6.727038498675887,-0.2437011564105041,6.016105068943421,6.770012936683794,-0.26397771139524,5.77989697329344,7.442839056378842,-0.09446565524924723,5.799836636358052,7.431009360931483,-0.12354532406885363,5.268158662057432,5.3112923018348175,0.2889911913267246,5.8720877060729455,6.736602795971074,-0.22341846104220442,5.616987308548999,5.301827684926825,0.07358048516660999,5.595383556718287,5.168556800058678,0.07363209016022852,5.520441833674192,4.782047891519443,0.3390815271193227,5.212545252940649,5.284222264022808,0.46132580699774406,5.560841075492026,4.978068655815017,0.20053600794957527,5.1927837954603415,5.5194579380538125,0.40051906763618506,5.142682568330474,5.555569488972049,0.6097347542649035,6.054252537985751,7.2328024408059335,-0.3435385267701039,5.962482040507662,7.281059222210135,-0.2916659782633588,5.8888268398709736,7.332448405997583,-0.2333299365204951,5.966230453341279,6.761540820897234,-0.22567088371231883,5.790407158579359,7.4367463616334035,-0.10947419813436551,5.8400386687767565,7.437335121330438,-0.17875340063994938,5.812534770286664,7.426298566230119,-0.1255504170192542,5.965185602088442,6.635523297729033,-0.36240216605072,5.924381901721123,7.374580939152485,-0.20742473395256483,5.996060347053456,7.3480939240368075,-0.24756979974711255,6.078617579966806,7.336572592377177,-0.2834168435587675,6.064316671467095,7.746178665742341,-0.28161829383871556,6.067312102958585,7.52054673088635,-0.34074516768224355,6.066222789950308,7.447962198005657,-0.3365980108896841,6.070014947414276,7.393413361081626,-0.30223384729852154,6.077621493219935,7.343251178319299,-0.2805652404676873,5.924165329944626,7.379438027371748,-0.2073423317979517,5.910220832613521,7.406061296254096,-0.22935596543662484,5.897997076930449,7.440668318738253,-0.25513876371614147,5.888659749725529,7.4822809362045435,-0.24590815368834198,5.775635816022089,7.16527292266872,-0.17581588820437385,5.120230457520965,6.959841684409278,1.0652382226752863,6.141826419450386,6.759658367541916,-0.3674206298248836,5.869070760828824,7.4041272098924615,-0.16168363856123538,5.855516738107993,7.422397405752814,-0.17595582844219862,6.0373714134203516,6.830314551061677,-0.28372791897573374,5.911838666811462,6.834899131747598,-0.1729865832214906,6.027858032006392,6.802883082205446,-0.2733111392324942,5.758660748070196,6.371375291535613,0.011851322651421336,5.604546981089428,6.494471247096362,0.036565513508934465,5.8499034414837086,6.670369839992495,-0.18468581792827865,5.297950189577414,4.972041219452563,0.506418408413246,5.342041191346934,5.085348776128203,0.32540489841864806,5.400333062666425,5.189214305336116,0.17700361542586376,5.833181518687787,7.654355101007759,-0.1930441349274784,5.831985354041437,5.201836782567971,0.015647240820196345,5.8029690387413,4.95338090754448,0.12184313803246676,5.770881993815461,4.684271829994075,0.23363646267518598,5.447894232735518,6.092828130705462,0.2278718078370699,5.248581147162129,6.286618277415621,0.36087511540685463,5.846950678934939,5.980998210273109,0.1637151306789284,5.301172949721718,5.80957232654921,0.3147262783777475,5.918082674950415,6.138278084516249,-0.031081792423940546,5.905512906412508,6.556702645085352,-0.3499581409149165,5.159295129550515,6.437261876096814,0.45657431544765065,5.3121091073097535,6.369599689818369,0.24992878272323332,5.4316861300649615,6.392838128286584,0.14370512212524186,5.610693101653904,6.3411993849686015,0.09971941448774603,5.743653112796516,6.259614215111683,0.0784782422219036,5.844067477519681,6.16964083310347,0.06145421927769202,6.027556839469542,5.902170744941095,-0.09707893750452831,5.1849875700689765,6.7471875622661175,0.38014393036204386,5.233385983678006,5.804366356974762,0.37493854345172906,6.095415518022028,6.693645568965272,-0.47116041563069255,5.8746015880680185,6.383748567799479,-0.076780095616675,5.067710726032694,6.273053139255931,1.1111756422644643,5.917526903007416,6.066479520731718,0.05857008784083514,5.845932719872892,6.70149665442585,-0.09657010363953829,5.361663885122764,5.939474157755155,0.32436587380714876,5.904739128442836,6.477981672828868,-0.30321115433215723,5.166836058410645,7.32059791392268,0.95751662222996,5.851341277284627,5.929307475386265,0.19600561502809574,5.966570012070324,6.359039305776309,-0.3847320518530865,5.422709158216632,7.897606799269522,0.21232590295456494,5.442858221806864,8.114816817095095,0.3614814446685388,5.11586603423698,6.862683426146997,0.7241583368583402,5.308454996425175,7.74468130855914,0.3708155672207218,5.113595974771739,5.868778173793026,0.7275581372586797,5.819982831447932,8.24494848689166,-0.17367800385686694,6.111245337208801,6.758305869626438,-0.3581991855521118,5.797487334570616,6.522023910092421,-0.05782864212804919,5.159914008501235,6.12533756230798,0.538084007889084,5.524141482001843,6.02460945535893,0.1921438067899798,5.603732326989756,6.029710366108025,0.16404792153995773,5.828686220075289,7.467462980516571,-0.16547941526588178,5.216000361613381,7.057797385769124,0.35402036320489677,6.004895686696957,8.433788319121149,-0.18524739410245605,5.708782188280071,8.328714434140396,0.051963903519875405,5.582776497675817,8.247728780856828,0.18845697707327244,6.0768204644969295,4.929159290580973,0.09177817295754406,6.21163424399135,8.430287314442802,-0.22504261490498162,5.6862393611469635,6.009318914238138,0.1590806425689316,5.763781738321748,5.977202467183702,0.1728743307351003,5.820428166127418,5.95385502570215,0.19549618729389243,5.172044896485445,5.810793590573631,0.4837146763385771,5.751467983440164,5.822887188053279,0.1711158727894848,5.666844354586491,5.77442674312416,0.1643156108891157,5.585186037970623,5.763126644554097,0.17300551980583873,5.504314766138551,5.791515116839917,0.19833757135247232,5.454557759050798,5.839457080330599,0.22702636217894243,5.0689900771892225,5.891384825058942,1.0105406719361847,5.472180032394377,6.0017396191858134,0.22967981464421644,6.151137571589603,6.946590647038017,-0.3073391056184607,5.866933010942271,7.056659308254881,-0.2131841448134768,5.932138685232663,6.689033020400929,-0.26983675782302985,6.032464126444947,6.964296465454319,-0.297868930991038,6.107101071326752,5.671297701381357,-0.03888442151823802,5.550782679011384,8.046300534837151,0.08151376548783008,5.6781276007169925,8.148823605880814,-0.044077093464594826,5.996085087868983,8.297584751206688,-0.28842683629283217,5.338091266363662,7.949938285422261,0.582914500085017,5.819035509207027,5.8868540287546,0.18768161918739204,5.976482832158154,6.129283901665813,-0.16718385352324733,6.203968893928497,8.294313226556419,-0.32390335053571545,5.844642611840047,8.390965194506755,-0.08604326200294996,5.1581520321606575,7.199334930086195,0.6501271385740857,5.996061064178544,7.357678300834452,-0.2463431348743743,5.982580546779207,7.3934850735904,-0.2698289142673827,5.97478037719986,7.44251635008936,-0.3011365338634844,5.970016873804546,7.507747482320366,-0.3010577397444689,5.9378301484915115,7.7131708322038435,-0.2508502660508202,5.850272402341351,7.394596617476396,-0.1650556279542659,5.831958461850646,7.388692526629033,-0.16169953856904012,5.815536655903944,7.379441612997186,-0.15790415404217611,5.7063310547301755,7.304426743194143,-0.12284186917809867,5.335470532730516,7.074646239705576,0.14107945825711776,5.973236765448499,6.008577048334871,-0.056586928833547864,5.908357741635572,5.760128703124799,0.1381324327090502,5.8559136668440575,5.804668625199244,0.17664696895058757,5.868972514691803,7.3990356217695075,-0.16016677333463183,5.338296722701299,7.472818470671814,0.2229099297143608,5.992381136790806,5.719244684747654,0.0190848975816128,5.88502786971867,7.896835172675114,-0.22575095521039681,6.11842017371164,6.114153279439587,-0.35410897297355065,6.03312316440058,6.031409235440881,-0.2165746449978346,6.114944268411364,5.988507227066835,-0.23873773198682455,5.927268330199277,6.370502550303834,-0.2003556061696907,6.196548800645651,8.121639545179853,-0.34964728959954017,6.191554024409542,7.921507144193721,-0.31912294988052253,6.036401860301727,7.929791373207294,-0.295838817098123,5.655390432685108,7.685297614293565,-0.07885892919523833,5.768575002408202,6.839830800975986,-0.0863933142889428,5.761529248421156,7.817743446748268,-0.1540935642224361,5.533863546816335,6.861449970996085,-0.03884400199522629,5.675876186504032,7.005864621165168,-0.09242806196576869,5.461297300625379,7.138750768423743,0.0011512546877306218,6.00680825930596,8.129250393736038,-0.31290845592096256,5.8819854665339335,6.48362616439447,-0.14761950459635273,5.574678362622513,7.839408512773981,-0.0038599772580945493,5.7057745656620895,7.968217803908755,-0.10099921384745404,5.571257317391449,7.519270248230173,-0.0330027912527241,5.24910751697653,7.324097484350851,0.3407344108059275,5.454349075650265,7.5891863586593855,0.06429125576542748,5.212535571751965,7.503033819118651,0.5500583833228947,5.601004383155993,7.225997640848369,-0.06884437258812477,5.928006969039648,6.2538815171602895,-0.11731141170652719,5.935541085211446,6.610953875097972,-0.3758072060345721,5.892317087673003,6.687410883452461,-0.2833063166546196,5.966236907467069,6.488919264667079,-0.43103740143259284,5.815523747652365,5.585274961481503,0.12702287651581537,5.645934779840712,5.475647690756144,0.13002229701560597,5.50585084807649,5.465019896955837,0.14565497403372746,5.396323257738326,5.527001735414294,0.18924424595865702,5.325010904763284,5.638782532778136,0.24799700460797466,5.3059325089290486,5.996495283419171,0.3675678645694602,5.087363539062209,6.538014365298848,0.7571368130885582,5.388358149388798,6.20736304696877,0.2517543815051885,5.485242465867562,6.234121852492701,0.18501675995119116,5.608422325063575,6.217836658875213,0.13808886735997,5.728539701572396,6.1675131229681455,0.11210280893839702,5.823585309326194,6.0982546162443905,0.11845697421387387,5.887792745494452,6.032635519340916,0.11376705457561066,5.0910058173828405,6.618698826045564,1.1233882825086765,5.904736977067573,6.744546390567971,-0.24145639801476493,5.9791537645474415,6.2414480023890535,-0.2632972045072927,5.996536159549172,6.591316838820387,-0.45381293565667175,6.059303967103792,6.681719778756156,-0.43045272038449484,6.003609164289552,6.6295288491206135,-0.41153343667910186,5.936496295828315,6.799060088362704,-0.21866172551490695,6.0693064278275894,6.689755165364283,-0.45701014821972463,6.0863001410317645,6.745255627279746,-0.354736883218344,5.884558511348745,5.91937565148361,0.17835903786708987,5.935219813172138,5.930273084316907,0.11507630088423401,5.967153751891744,5.932224381680648,0.04841444247524848,5.4275472426210705,5.882077975670252,0.2605414720763798,5.348067552021757,5.808858069961821,0.2724679794105839,6.1997701265397795,6.133507768432602,-0.3285271265897141,6.823888393150438,5.842288648739541,0.2078206318213153,6.213494466468948,6.717417548498767,-0.35834048160455556,7.182654600545362,5.3282831465386415,0.7596151973917876,6.561636465689004,6.01235809035998,0.09584758890856072,6.661775812941019,6.020034197299149,0.10129204739500088,6.755116097236171,5.996620063184437,0.12911698261773166,6.864978226427765,5.8964566922419825,0.21533612515098963,6.470147798370395,5.974670298498891,0.11992176943605982,6.672900574427129,5.440581349653289,0.10156867839759659,6.559607001690699,5.483155273299694,0.10776842647253992,6.782927642388904,5.464974359512765,0.13072493393555773,6.858229362227044,5.541961323307095,0.16390724176688626,6.94966137666372,5.991661860327803,0.25433240137529584,6.568540946033764,8.00164515562358,-0.23063459946806528,6.848710960937471,5.785022983420606,0.24566825293633396,7.242403311480597,5.975583198735584,0.6905257977277854,7.058712437381081,5.872699413772788,0.36827566703105963,6.627952608177761,6.564544407919789,-0.08787712453103336,6.271382237801497,7.140793857798714,-0.3544911110046801,6.2665724798380245,7.282854903429835,-0.32688045051715015,6.387936578311881,7.202324624576983,-0.30975960448101414,6.473790793816115,7.26606772225093,-0.2525246859002162,6.360030372647566,7.299678657988216,-0.2947316431931294,6.440207108832163,7.317429655285045,-0.23922044681150956,6.620970678323524,7.5052848747690675,-0.15744449927109377,6.2080314075505445,6.5841993723245675,-0.5114928751747304,6.215222737930401,6.431298263867168,-0.5235294612099026,6.992101556481262,5.355405534482057,0.2358469111175086,6.4198185254626265,6.20087091354946,-0.03288064187986901,6.427757100183908,6.60158105020121,-0.2875361669338591,6.432201124352633,6.535502276116494,-0.25217611828725656,6.936768184711243,6.552479495443651,0.03563989270574367,6.204433590985352,6.262554427971417,-0.4435188739440718,6.758377582135212,5.132002424398761,0.10088883260933956,6.8928335162108505,5.20474866898674,0.17068294213300028,7.068588684089436,5.021457592123639,0.6104139613636294,6.324144716131968,5.344947699327544,0.01250835209655476,6.466054448369576,5.583225417980742,0.13173903845025806,6.692475937947169,7.3630359423649585,-0.1160839288629857,7.217810940846729,7.480191233698869,0.7074947252961155,6.355090097918125,6.695106352768999,-0.26239073598623036,6.278878346343643,6.748968183858976,-0.27295477288420544,6.581545292374842,7.374917270818635,-0.1253857359659024,6.559913214103164,7.367748888441586,-0.15071123254103086,6.946199096740111,5.105640547610895,0.22838663641959026,6.431047270086459,6.691631881718899,-0.24536076314480643,6.573134849345827,5.169246315830539,0.04489935581324522,6.586655525750077,5.029497640044836,0.043677268215481034,6.64002038915425,4.6532289191959855,0.2936622079958781,7.0049051077977715,5.074890582411147,0.3916363529165754,6.604864048852884,4.848751640118124,0.16386935739311048,7.0507666914089215,5.305466736184561,0.32795356098047607,7.114139752537594,5.3337261259545885,0.5300759168546092,6.271344947296934,7.218571093439733,-0.3522084346199267,6.373325154649178,7.253601219725657,-0.30862015994707226,6.4571276752773885,7.292491630358886,-0.25522939039910464,6.332664879299407,6.731959411027958,-0.23917856222435374,6.573204410479337,7.37045746989798,-0.1380419741022795,6.520516513157991,7.385304827714549,-0.20368586784667833,6.548654350225646,7.3654583909113445,-0.1518348779128835,6.313248717548847,6.605374641915354,-0.37780323407566047,6.42794355270672,7.3348629661680045,-0.2255314252929124,6.350923601158356,7.324162025608748,-0.26129068851179615,6.262291243064217,7.325787031057566,-0.2907517558272853,6.3077024721202655,7.720547897981425,-0.28771726342867243,6.282089632486543,7.505854272088733,-0.34823067621918674,6.2768718303481466,7.434729805886678,-0.3442294319718234,6.27136861242483,7.375972878947788,-0.310460571844121,6.26124639181138,7.334443447991676,-0.2882326522651676,6.4287689636827094,7.340586341493258,-0.22550096988684243,6.443868032405075,7.363367971280582,-0.24797358599182817,6.458488061568831,7.399902626000585,-0.27391350189603686,6.472557338665203,7.439152316302771,-0.26522900503271035,6.557403993421162,7.094872752805283,-0.20407145704229254,7.294709698255265,6.729344772958058,0.9700710622191165,6.4903807655958925,7.354086221269963,-0.18476020845105218,6.502735396607478,7.370324801756748,-0.19990617043110862,6.259911104898007,6.8126668197774825,-0.291720659051299,6.398588754365171,6.799649565184826,-0.18950102156038592,6.268388240560182,6.785241087921953,-0.2817932275398061,6.530927735181801,6.292085639084551,-0.01866059763761,6.6982366037769845,6.3830988524699865,-0.004106303072717293,6.450654904235447,6.619808935681386,-0.2084263560087067,6.895781617446549,4.787553260818023,0.44072298250824543,6.8460030966061645,4.901338064239555,0.26996274773688217,6.791926845114953,5.006318722958904,0.13138086808417043,6.537706001511119,7.590363878053455,-0.21665830212135126,6.347287059838426,5.122769797456653,0.002280828947271541,6.35600873515552,4.886055052932184,0.1029566403896789,6.371960465607209,4.614391217256705,0.21142391646530095,6.828414169579165,5.958444267701142,0.17274239092403562,7.055351989219931,6.1012751471139515,0.290606291485269,6.40951128657654,5.933510186962965,0.13901790291113716,6.955863791547584,5.634385838865203,0.2509600085994035,6.3433256608537505,6.095175281117635,-0.0501125442601591,6.368792206969574,6.516181492002603,-0.36848188531410286,7.171014226121167,6.21968755872667,0.37654190068696175,6.992338207760216,6.197102421213386,0.1836802404790747,6.867940670165219,6.246612737270957,0.08865085207784709,6.680765285264374,6.233494368040929,0.05879013319197636,6.5378228929004205,6.182751313957533,0.04712831224562526,6.4240725114831,6.111780312524255,0.03718490229077116,6.20534505697187,5.882302077260171,-0.10484265696027614,7.167793617352126,6.538372927842717,0.30053993061080264,7.030339383284647,5.60841443668761,0.3032482207351298,6.177703470464931,6.68508524679292,-0.4751688311289334,6.409461804945485,6.333463039522062,-0.0999037604556132,7.2859980626894,6.030786770864722,1.0141373231731086,6.340776998291922,6.024366349954186,0.039944690960461625,6.462202769523325,6.65049471818578,-0.11855929899983078,6.89954150428157,5.786063890485461,0.2648747228292078,6.369915224856975,6.436377660863631,-0.3222199442125637,7.274369162266608,7.099503946621907,0.8664056109106836,6.400172166558901,5.883973695839693,0.17086675025705164,6.288695071669716,6.3282065126289275,-0.3981712897395602,7.010632068748464,7.741330900149219,0.15269525994197905,7.016637274233198,7.957612958111255,0.29782106289143134,7.268527461301877,6.6289422407988425,0.6357601201053483,7.124282052653501,7.556576529544584,0.30004475573771816,7.181051108849176,5.641735295326906,0.6422454856566431,6.604147640890231,8.172898212201334,-0.20190912321132548,6.171991569141082,6.751712621569757,-0.3606776594959772,6.501694848105167,6.455453905322603,-0.08563467438167034,7.141868111180149,5.912980329951145,0.45930064574996626,6.742630232333529,5.914652307093211,0.14428330422723223,6.664492999898465,5.93838592043451,0.12185895960471502,6.535906734665979,7.407935144108361,-0.19242870714124352,7.164292612673779,6.852042006970024,0.2775553992439655,6.4243091627620545,8.398430466670128,-0.20016836929131357,6.738391305939898,8.23715835706354,0.011530145154972058,6.871266696322158,8.125608115415407,0.1368131018288805,6.575368693994137,5.935689171542063,0.12316392557297091,6.49400224728898,5.916780375791078,0.1421030310639922,6.43607646832678,5.9009889227965,0.16836211245256316,7.10354566361641,5.597841144393971,0.40561128324359086,6.493665198497742,5.7534687624349585,0.13920813154573972,6.576279442855567,5.687333335468311,0.1277364159781167,6.659084442486731,5.659345736106538,0.1293124664346178,6.738615766092361,5.6707688216291485,0.14955084571351104,6.793502368932718,5.709194176642978,0.175281730859723,7.247835534020227,5.649964305708723,0.9163745284618637,6.792502696560408,5.880343250083008,0.1782858350827429,6.4557127874792775,7.007534805494514,-0.23495751913759805,6.356213832930614,6.654952367731172,-0.28632424794573746,6.274077193881224,6.944490187656027,-0.30692268004407364,6.8801812782878535,7.9162176295465505,0.03301506081477215,6.749301647024775,8.04987970615006,-0.08177273168260045,6.420152705753513,8.262428410905322,-0.3028552137768893,7.126792707585679,7.764808141271651,0.5047721581337029,6.4302613009902965,5.830688433320259,0.15941145013089017,6.274020540999293,6.099725439799346,-0.17999950632561312,6.593419449577641,8.326662739264371,-0.11526821028076094,7.2517202006205155,6.97773754097383,0.5639340366455763,6.352313389578396,7.330234640851731,-0.26024043641064193,6.365228812408594,7.367220367251921,-0.2837982868749682,6.377440735527718,7.417019684719851,-0.3154496110795283,6.385648949281991,7.476673735143504,-0.3153797586139506,6.436757737160133,7.667676416637618,-0.2661317310572211,6.506904761867598,7.345138651550231,-0.1901581770626637,6.522041838219614,7.333381385736733,-0.18925571996006085,6.538005042672707,7.323262750748722,-0.18741928586623313,6.642036944900974,7.219293238403087,-0.15731455396417937,7.030606153817287,6.8995945715380635,0.07925585232876267,6.272232031030469,5.976531238101576,-0.06951331023149251,6.325724542700259,5.714796357828402,0.12065539960589736,6.38521437147882,5.7517630804137685,0.1533924511932958,6.487345892224577,7.349432079450531,-0.18321568908825261,7.0629341527726055,7.296769281507255,0.15859059962225625,6.229823404716788,5.690285739454537,0.009886570088158547,6.508493193936942,7.837419924905678,-0.24489319758759995,6.20362825951182,6.013737121903704,-0.22310976110209135,6.344974331430464,6.3288734389605255,-0.21712373871345353,6.352526375729455,7.903505870241271,-0.30603561872069823,6.733430951708001,7.582863466760782,-0.1135272658743976,6.550880306497991,6.769539634125886,-0.11387252798890593,6.632018707425247,7.732993603879153,-0.181602437767825,6.797627272437399,6.735397308698584,-0.08141309345109883,6.659864674582192,6.911190484206819,-0.12621474377240935,6.8968702133297395,6.992302351505829,-0.046970782834261746,6.397198248820043,8.094824803899078,-0.3265616211851727,6.4062189652987245,6.436718295280308,-0.16942764828214987,6.832485288702265,7.716806656398686,-0.04653256898279486,6.704336469773301,7.872032684390538,-0.13372335718327316,6.805611026039208,7.394418053329549,-0.07555975040877241,7.151062371930064,7.123009155622762,0.26779046379532273,6.944553294663748,7.440276768440348,0.011721368940697325,7.215163315022792,7.291174271572707,0.46869175733646556,6.751031352736404,7.11423943292479,-0.10881361387776199,6.338913907313974,6.212532801726288,-0.1357442605008425,6.338335187368167,6.574764157545172,-0.392569691218269,6.39739258971882,6.646992996382346,-0.30262822127646055,6.294597011141817,6.457732928851441,-0.4466424019043594,6.405248695055013,5.513048274019592,0.1030435357811699,6.565932762089654,5.362742799817268,0.09788168060469678,6.705928487468084,5.326237905788407,0.1046827828860281,6.824486475473614,5.366980291960725,0.1375120074573601,6.910819730536458,5.46361002903334,0.18938704349175325,6.968013324784074,5.8269271122350625,0.3027876023272108,7.267983163360283,6.300765721146556,0.6669202808552834,6.901267624367761,6.05712462396215,0.192967985207224,6.802416233773327,6.102923100565579,0.13407618272644126,6.674322633476118,6.117147276680901,0.09666624322161343,6.54616234054575,6.092039293108948,0.0797502036285042,6.442741428892236,6.041107635127477,0.0945628369037155,6.367994046746919,5.9892731166605415,0.09430626299341752,7.296001957663373,6.380659910046583,1.027510899293736,6.39392457279451,6.705143235497008,-0.26075174659820055,6.274325319161582,6.2093767342151445,-0.2764430485922448,6.270367505802344,6.566077621357377,-0.46497808024928594,6.217802953996089,6.668853120431925,-0.4363452475898185,6.269027199013358,6.608561545805271,-0.4227243529545567,6.369392440668012,6.766861171923177,-0.2340471288387121,6.204041323562358,6.676152019574943,-0.46252851541052,6.197564966894978,6.740331129302235,-0.35949061578433655,6.363258869792571,5.877443913353276,0.15745914430999494,6.31146092470511,5.895580723947308,0.1001701948358676,6.2781755637576575,5.902165007940393,0.03561939021153598,6.823644570620607,5.746042573588866,0.20677452559957454,6.904298912113638,5.648239261310164,0.213473235864472,5.598981014720934,5.90773671130959,0.13013876261188673,5.700169874538857,5.896390358171367,0.130257973452644,5.5928087190907565,5.774276863980822,0.1303404988631316,5.4990826214984,5.9186743031478,0.13027434407378757,5.605616931720337,6.045905919089545,0.13025045484430225,6.655627899563823,5.81705480971469,0.11857063854028067,6.7580154339659035,5.80561702312778,0.11802654229011693,6.649719505965933,5.680085710769067,0.11804270001475006,6.552374078055753,5.825555251942216,0.11792082236507276,6.658368034524078,5.955238001433856,0.11793915387512811
6.130203864611116,7.153342815819619,-0.36578437681068143,6.102271816854152,6.569066487623299,-0.5187181611749966,6.117377611064749,6.79278202196874,-0.3112849135372896,6.012264585647528,6.130234563091718,-0.31985025813400864,6.095545993929722,6.409873448157829,-0.5321813635739684,6.0910654435981515,6.232321289456114,-0.4679910191149288,6.086193666118445,5.829013932244316,-0.13076719460065608,5.415125951038088,5.951914942374955,0.26386542121236534,6.068433524213014,5.407625169957997,-0.009714026356410468,6.060135653514505,5.190881760299956,0.0019459463717204977,6.039901785207083,4.609265848102775,0.21212810727499123,6.132479835684578,7.207180811613821,-0.3619863768537725,6.136029436743942,7.25982799192793,-0.33650779807119297,6.138411067704127,7.300825455812694,-0.29967296784025477,6.13824186910174,7.305961383009207,-0.299206935455594,6.138476034256098,7.353762486897137,-0.3231290834237033,6.140669904741904,7.413301119147297,-0.3547281494663448,6.141825738232473,7.483017368594217,-0.35834570660994836,6.154455664286619,7.690280659091498,-0.29621541760281167,6.108011004890401,6.673174316280346,-0.4785549998924047,6.041305348296928,6.70436611432634,-0.35259384652647446,5.0694021612130005,5.533492153057488,0.8519828744840562,5.683575239924806,6.064230688043168,0.13314733079470692,5.587898070742825,6.089536944831438,0.14555953412196726,5.498309909492324,6.090896244995764,0.18009938520860572,5.381180213714842,6.01592484402069,0.275369654507986,5.765077564168395,6.014182169807917,0.14887727910600057,5.522346819803614,5.546034624137826,0.14813672288136426,5.637038485086782,5.5628320474132185,0.1442276082568407,5.418846178536146,5.592499630201419,0.18442494837103293,5.3553017515265156,5.681569486872456,0.22175176860449547,5.316288623149496,6.13264403685989,0.31890090315940633,5.812889376828628,8.027104388255573,-0.21482776646263252,5.38526703818474,5.905854727904416,0.30520103689253847,5.06400208429968,6.1821742505156765,0.7802166982990361,5.208682238581062,6.041478116490083,0.4416584603610705,5.654745797048851,6.629902309158427,-0.053835491503178595,6.018053747954524,7.127386893511634,-0.345747996112481,6.037343102544822,7.265562182537104,-0.3194553721553359,5.9123888638046225,7.199678245738347,-0.2916436419171849,5.839645958345801,7.274841690696721,-0.22917993082240626,5.9512092342801886,7.289383489566027,-0.2796442840721471,5.879473310376925,7.323187514135796,-0.22031851098145186,5.721452167560479,7.544657061970223,-0.13048727175464442,6.026505824974197,6.577941204189863,-0.506120807636606,6.008369448201854,6.425780258536689,-0.5165924698728532,5.223394306929985,5.542994403681007,0.30517651826595305,5.829505107933946,6.233019501410269,-0.00826303581516851,5.837281104462224,6.626614002143256,-0.26488270996126473,5.830610610194692,6.560506608962443,-0.22839769962555748,5.366838311928525,6.685527242090921,0.09290863920246553,6.008786376403517,6.262101671312574,-0.4343058172978381,5.415580716901888,5.293847676870428,0.14602300086326372,5.297936286135709,5.383769951816782,0.22860000618231477,5.139078431243322,5.212466361753862,0.6943635783482796,5.846114413775883,5.398348160511918,0.02737851856735328,5.737820169066521,5.642951155234339,0.16211381249122578,5.643645797597726,7.4245488996562035,-0.08192240930208855,5.2240703874213805,7.6518654371680626,0.7880391887470621,5.911817015363643,6.703093912176745,-0.24398804347292202,5.988556791605017,6.745408555054776,-0.26419139177927986,5.749848619076315,7.402624473161216,-0.09630857401392427,5.76960737485256,7.3913260044634095,-0.12523860126472836,5.243353316748296,5.297863109524972,0.2924895233794096,5.84499427619299,6.712120693310011,-0.22344016272765782,5.5909200862867285,5.289434234845289,0.07715373164322613,5.569145225644907,5.1555603026948535,0.07748864849700211,5.494071020455724,4.758412274352658,0.34412635333667396,5.187462806262689,5.2644135453184315,0.4649200109377391,5.535536100731052,4.958663460745942,0.20505380305186735,5.168677120929708,5.503131355742207,0.4036874740086697,5.1181677685263525,5.533500006157177,0.612596122750421,6.025400679672528,7.202219080446769,-0.3437696619792152,5.933415895180619,7.248181131171199,-0.29212944091072157,5.859551781261674,7.2969924292463775,-0.23411484543881586,5.938989454205248,6.73699217394278,-0.22581117415530882,5.760305735230184,7.396833883017913,-0.11120294805633486,5.809942322690846,7.398600830447907,-0.18151473910295526,5.782255148860544,7.386899711911507,-0.12732239449523627,5.937392419295795,6.614120434456435,-0.3622438335878902,5.894501644467863,7.3382176330221185,-0.20872392241952475,5.966492437151938,7.313274760573996,-0.24866706305117478,6.049483994663798,7.302808720443207,-0.2845060890076465,6.035759632080286,7.701433488485986,-0.2890706139620265,6.0383011807068625,7.483200131641522,-0.34700616530837075,6.036956158905607,7.411525604699461,-0.34200983142081504,6.040362976334265,7.3577625703113805,-0.3069173853734001,6.047779872031315,7.307792583073018,-0.284155778293685,5.893512153907067,7.342830972130246,-0.21017542957536806,5.8799077295733495,7.368885415143419,-0.23305541320891573,5.867915332430308,7.40296072861153,-0.2590992813094393,5.8590034921197605,7.444201638586649,-0.2499342231538106,5.748503597275059,7.134346881590424,-0.17635251963944357,5.1022777352241,6.924262186550381,1.0640412854993089,6.113074112435255,6.7367601505428825,-0.367322781191775,5.83867681445238,7.366373137161137,-0.16387382152916435,5.825233735621361,7.384133992984721,-0.1786989901305669,6.0094496063681495,6.805254886029108,-0.28407432469435534,5.884405413940605,6.808774502526024,-0.1732988909073039,6.000135116219009,6.777939663556797,-0.2735695098838535,5.73210097073857,6.347163591469678,0.01263818631028128,5.578991227859352,6.468992296533711,0.037330141626122144,5.822678265590791,6.646217480721108,-0.18467960520739224,5.271426720299659,4.94813709453118,0.5108108483263539,5.3166355873721125,5.066579685793009,0.32953875215583056,5.374652860037093,5.1765791240120835,0.18089665330656327,5.8072294337074215,7.612769137326156,-0.1974995896599735,5.805043059362228,5.187100135840694,0.019478753451064295,5.777011420022847,4.9321057054345285,0.12655293574035306,5.744201883440948,4.659714874422158,0.23910988534971828,5.424934115590395,6.071350593788348,0.2296093972116407,5.227672461465029,6.260635283425218,0.36254477239954647,5.819506684193723,5.961627441894691,0.16601635683774263,5.277795584147324,5.790583718039655,0.3170239900238268,5.890955612999266,6.115856965397724,-0.029962921804340858,5.8782678595746845,6.535224625391392,-0.3497241632685809,5.139134473818375,6.409168810940292,0.4579563640284128,5.290599706230931,6.344208684232206,0.25135933764791546,5.408906653043588,6.367803679206459,0.14500067006740502,5.586667632805211,6.316884180823899,0.1009528123921346,5.7184779845328615,6.2363392208241955,0.07968716502829139,5.8179938916263865,6.147433565328472,0.06278500772878179,6.000439245352414,5.881046429028234,-0.09536097036979237,5.164712019504988,6.717540046013477,0.38051337840580884,5.209944802835584,5.784335506359938,0.37717380314323706,6.066820783104183,6.671458770957408,-0.4709261151236398,5.847398752534088,6.360435329943849,-0.07632011507177974,5.046098444845389,6.2408054927926955,1.1118306097377053,5.890802120596257,6.045464635459409,0.060020326214313295,5.8185339707095345,6.6762084684328595,-0.09659367276654905,5.339246089212644,5.918702042036311,0.32645986856900966,5.877551442707615,6.45631667971774,-0.3028997217246261,5.149974250102537,7.28395985335364,0.9553966854561003,5.823900136510562,5.910085049923173,0.19857419265063617,5.938920918062508,6.338578011755295,-0.3841664083576661,5.400547742342952,7.859797668975204,0.20729987880265016,5.422200166021442,8.0744400175074,0.35660778441488467,5.098597844101716,6.830079248063744,0.7237820483207826,5.286783099782146,7.7090381446574145,0.36692633351714143,5.090268917963528,5.843063841505838,0.7296526865370505,5.794580231863131,8.198570394698422,-0.18188848641130073,6.082711887283666,6.735516505119429,-0.3581395404331735,5.7704697879820275,6.497426228752609,-0.05762201857226082,5.138782155209607,6.098859288080266,0.5400205418588333,5.500228207570866,6.004781295562199,0.19418051723437346,5.579155429034665,6.0100157434639,0.16609484321474663,5.7987909211326665,7.428494725290777,-0.16818978026143233,5.1949732252378515,7.026795111760735,0.3534355337195471,5.978301357329521,8.38116352948223,-0.19401533442159985,5.686438765638624,8.281967457721487,0.04480173293545855,5.561672287372804,8.204126105769213,0.18239078360716668,6.049960891990358,4.906955439762805,0.09671969047561871,6.182354157890367,8.375493591506874,-0.23402966607912248,5.6608726426424685,5.989865403580443,0.1612646180025699,5.737374684138716,5.957874731120646,0.17529508414937914,5.793278759069241,5.934717011015432,0.19799989011600377,5.148743812164924,5.78910733529815,0.4859818904436045,5.724801871536854,5.800328700835376,0.1736518341944566,5.640840813172496,5.7500881386168246,0.16705683677166067,5.559289228576312,5.7387361260575025,0.17556459940730884,5.478828510918726,5.7679935628665,0.2006863195078624,5.429987942199253,5.816991907497903,0.22927412339878794,5.045237816511305,5.862391747676426,1.012334781592248,5.448848588938354,5.9817488680929305,0.23175017003477744,6.122538525396637,6.920598358586451,-0.3076259268308389,5.839524235300623,7.027853852382424,-0.21358175618529512,5.905169009517947,6.665802397426969,-0.2698076520334672,6.004527140699542,6.937550345142084,-0.2983768717424586,6.080568704986761,5.650350202977551,-0.03639075640698422,5.528204518253349,8.005702549848971,0.0753301058048251,5.6544830751683515,8.105364096245818,-0.05131190238015229,5.968348267392046,8.24912579482268,-0.2974472610667899,5.317889584608793,7.911382539076857,0.5789498294726978,5.791678511528097,5.8666170722681095,0.19022409437720722,5.949169927074623,6.108022427580858,-0.16624341627547945,6.174268320883456,8.24302893379151,-0.33312219739766064,5.820467618028377,8.341135566449964,-0.09416365154152012,5.140559811411903,7.165645053441294,0.6487028903244098,5.965696418410749,7.321917453740661,-0.24956182559697412,5.952468942862097,7.357404897316461,-0.27411764285617046,5.945119155471478,7.405797839353669,-0.3058390343124313,5.940823509941673,7.470269646044739,-0.30611416052084894,5.910885352173283,7.669812625629719,-0.2565918892045213,5.820451911828999,7.356528205823922,-0.16625148131962014,5.8022794821899035,7.350691924918793,-0.16288579226958866,5.7859775181130635,7.34156662308034,-0.1590642330136132,5.679696879555739,7.269964201871786,-0.12405037373794252,5.311287983443076,7.044558823256933,0.1402100338478359,5.94612578006796,5.986852668972535,-0.05517465694458085,5.88098503206703,5.740645143200049,0.14074157937805437,5.828357484502143,5.784887365092619,0.17945700388505129,5.839019138206999,7.361114416042216,-0.16165707219753214,5.314956451875004,7.439197786248538,0.22019424460285258,5.9653530237789,5.699887555814872,0.021616465628992037,5.858324555955751,7.854032065967274,-0.2325072579266565,6.090328680063705,6.093963951301493,-0.3529385574449192,6.005695824716875,6.0106282852396316,-0.21532139624591573,6.087330223818869,5.967701100585869,-0.23735163879722124,5.899809625939378,6.348377252330684,-0.19987653553227575,6.166760757580907,8.073554758997018,-0.35859624726195366,6.161778322787403,7.875016976172212,-0.32755292188195273,6.007756906426123,7.885121059799159,-0.30402425436615144,5.6313721167021935,7.646393254521235,-0.08298925401031713,5.741397612933873,6.8131622434976356,-0.08684117152027447,5.736645059785806,7.776906773922993,-0.15956327295790362,5.50750124875998,6.833961534982655,-0.03958701260023433,5.648839552164676,6.977275606877252,-0.09319286228985513,5.43532555127414,7.108372397410446,-0.000406973566413475,5.978278868907685,8.083815190699589,-0.3216466546878351,5.854641452201676,6.460406002901174,-0.14736203244501217,5.55107667109715,7.799939915310415,-0.009013337998660505,5.681264643820897,7.926542591067122,-0.10761433806286284,5.547110141836123,7.483188708951065,-0.036162310964082144,5.2274675669549655,7.291677308593327,0.3389845140054514,5.430710427370628,7.553486801693114,0.060718225829276024,5.1934093875225384,7.468634059554995,0.5475437667408753,5.574472125947491,7.193854815359981,-0.07036994191121987,5.9006613302965425,6.231670196100093,-0.11661855268949489,5.9079357993219626,6.589647320153337,-0.37557980238593713,5.865352009300049,6.66404044742405,-0.2832592755723864,5.938527549159912,6.468444007391798,-0.4307872716781526,5.788328450592646,5.567356860670308,0.12987049108987683,5.619619953017817,5.459569854809031,0.13315098962524377,5.480339875649755,5.4499815770480105,0.14891023089077454,5.3715437464784594,5.51210209430042,0.1921843128373271,5.300980076183295,5.6228911259973025,0.2505324865664709,5.283479443526674,5.974278071575288,0.36963107937162665,5.068841735462477,6.5070212887360865,0.7576318082722626,5.365963048272294,6.183784135951893,0.2534314404686593,5.462202071041105,6.210675291041006,0.18659005018624553,5.584376669450525,6.1949212591470015,0.1395812392791409,5.703430731610855,6.145376053209992,0.11359346952852538,5.797160332069998,6.0768913125779145,0.12027193960042887,5.860726890542389,6.011892634289538,0.11577155573015535,5.071136268407931,6.5842308231224855,1.1230877604223768,5.87767887709802,6.720264357687357,-0.2415071332695116,5.951577616047412,6.220568768812661,-0.26259611935526894,5.968434651488623,6.570401514570405,-0.4535236462131288,6.030785764304625,6.659756938502854,-0.4302475941739666,5.975586683550714,6.608249885479936,-0.41133326971369644,5.909181943458954,6.7738175001383,-0.21885946306511186,6.040832020561136,6.667625030472937,-0.456812176327723,6.057933216010856,6.722548895778662,-0.3546970940266661,5.856828183505947,5.9002872371840915,0.1809385067583141,5.90777052726942,5.91017250489698,0.11715805171414258,5.94004783786786,5.912085448589371,0.05044048161148212,5.4038817401199495,5.860464882580042,0.26276391243129144,5.325052682402261,5.790203913581976,0.27451268500443926,6.171546150964036,6.1125615192010185,-0.32735480959434743,6.79330532397528,5.81041208083587,0.21093726948495653,6.184595860892459,6.694319144151676,-0.35816448294866254,7.15390681116091,5.289759424564223,0.7647731315620493,6.536217685542956,5.982652331516226,0.09831672538507118,6.634106573164581,5.988849498047966,0.10383396296036926,6.726141331927238,5.9650428263411905,0.13187326576492994,6.834077189723527,5.863477617187949,0.2183293342162293,6.447324880573997,5.946982124893122,0.1224370525706126,6.643866548241525,5.415633189886173,0.10563571390034719,6.532517447753197,5.458811316770902,0.11159437599395142,6.752499904073816,5.438786983441543,0.13477932538374018,6.827120057317352,5.514082146299243,0.1677521372783457,6.919120548008639,5.957834751704048,0.2572198471503801,6.537510591319004,7.952397136997305,-0.23804710662847348,6.8174800204902,5.753061607726289,0.24893145817734713,7.212515208057017,5.934836592306149,0.693541367734833,7.0271763440547215,5.838040356418506,0.3712703916217336,6.600110504611512,6.5332013813442815,-0.0873755281032225,6.242033432016772,7.111835614373233,-0.3547777667780153,6.237867005672756,7.250137980830032,-0.3272027227177027,6.359134571068113,7.170122034182096,-0.3102807430344614,6.445838502978342,7.230486669735893,-0.25360652889581314,6.3319728409988105,7.264954638188447,-0.29528067564041455,6.4126570150384525,7.280454515219795,-0.24025976208569405,6.590906671776169,7.462185236874135,-0.16124015515084025,6.178453309099464,6.562566262835385,-0.5110232835969145,6.185954447138632,6.4106730364897855,-0.5228793669925152,6.958737294184471,5.331064944132237,0.24027803392843602,6.393590402912057,6.173675768816024,-0.03140802321800187,6.398632806830458,6.576284200155514,-0.28698987719361335,6.403192602077071,6.50980271386225,-0.25152623832624604,6.908900095722666,6.516008804370909,0.036787664224177695,6.175699012863135,6.242109107341046,-0.442547243842334,6.726364788309294,5.113862128142397,0.10537544611349996,6.859735408161489,5.183971389532838,0.17534596197278948,7.039240133013116,4.987410089116087,0.6164766248739475,6.29742491371306,5.325764815760411,0.01613904014572454,6.441200890652993,5.55882589569467,0.1352786553572805,6.663455034538154,7.32135345839937,-0.11892086064983953,7.192566907011008,7.429776208376369,0.7060335075853467,6.3263585886394305,6.669583307968077,-0.2619855854743448,6.250022176154802,6.723536958503151,-0.272839350092328,6.554052788854508,7.334169717091588,-0.12785253449908998,6.532700210800502,7.327213298603566,-0.15314505951787624,6.912621751057031,5.0846014787017095,0.23348541503676537,6.401991791742829,6.665189141733084,-0.24501095432728048,6.543883024757436,5.152065673333311,0.04916707472500292,6.556548646719258,5.011750414642627,0.04825745933511875,6.611490359978821,4.624771793438427,0.3001260604583827,6.973716724881892,5.0469904855782275,0.39722138343247104,6.575152639882165,4.825476317859205,0.16948139206082663,7.017349974589498,5.279764570414767,0.3325199181953867,7.083615857600396,5.301068602034333,0.5349600222672866,6.2423532673495545,7.187937861703503,-0.3524310285675844,6.3448454992251575,7.220389011372328,-0.30915926685503087,6.429240619826862,7.256429027598961,-0.25626676641541407,6.304058641195685,6.7062365798885955,-0.23902758397258134,6.545867717224257,7.32986336278948,-0.14043166081462316,6.4926893818039195,7.345596691057032,-0.2071670007863239,6.521669461410269,7.3250351343171385,-0.15432629287775168,6.284617935956839,6.582099063516037,-0.377299541978028,6.400706739066471,7.297197323756441,-0.22715976554733192,6.3232544725078705,7.288418986140604,-0.2626411854387107,6.234008278052912,7.291725855027767,-0.2919580336240468,6.277063254056157,7.674865738320422,-0.29524973175044733,6.252877134850779,7.468025087370032,-0.3548299051131655,6.24777047829856,7.397849074632237,-0.34988932377141224,6.242400385947688,7.340070964548689,-0.3154338042666598,6.232249183722607,7.298807209192657,-0.29199720988272193,6.401065839897697,7.302617390378061,-0.22886491443715998,6.415903914800719,7.325052268352823,-0.25226086010623106,6.430322205829464,7.361063013935162,-0.27865035383283365,6.444131524673245,7.3996103107170015,-0.27017083558413457,6.529503999227136,7.060190775146684,-0.2048840913208073,7.267914542852994,6.681408648263192,0.9705455824752165,6.462839035968414,7.314883218173905,-0.1876499509249339,6.474997776041228,7.330939951365006,-0.20333834696869768,6.230857757241372,6.787089952530624,-0.29191120505516355,6.369838345944027,6.771837805098554,-0.1896754482762174,6.23936337812256,6.759760451695242,-0.28177001999417506,6.5039485850032825,6.262896262217455,-0.01735088274643271,6.670298653957917,6.351055159324584,-0.0027889596119884835,6.42167380131757,6.59289350599745,-0.2079807559316396,6.866391267106874,4.75670101253864,0.4472442898539635,6.8146807474102,4.876712795901933,0.27575023981364577,6.759712619178956,4.987671383160279,0.13629759504190994,6.5071776368117105,7.545750784581435,-0.22174895755176594,6.3195349589279655,5.1052315715843415,0.006325257671071827,6.328131961332805,4.8626325451188865,0.1082636577784719,6.344385022016128,4.587297872600423,0.21764633764272157,6.798523351759449,5.925909759714377,0.1757272388866605,7.024766156368395,6.065522165982908,0.29317950296485656,6.388313833839297,5.907382155793898,0.14174708847742046,6.924095129702454,5.60496785379379,0.25463744901945656,6.317338946687699,6.069702156771841,-0.048533740083050295,6.340028693443273,6.492793613854335,-0.36783664609272243,7.140808554798047,6.181368236920338,0.37863421196605723,6.962401836066554,6.1619817894611595,0.18616329445500024,6.838715515967029,6.212905571352642,0.09071602922839964,6.652567068778628,6.201898381261476,0.06049636460809461,6.5110834830296875,6.153309111732046,0.04874640960800497,6.398926941109713,6.084533806411481,0.039024210840856506,6.178838824902372,5.860003334493783,-0.10294401936210626,7.139018048068987,6.498497105982907,0.30206227342059,6.998179130412687,5.578406528891609,0.3072765754443961,6.148323107347774,6.662684002932338,-0.47484980929545506,6.382211975381054,6.306792947723715,-0.09885585629567094,7.258113160523145,5.985668992673978,1.0168925243241695,6.316548639291739,5.999062811152403,0.04173541542363695,6.433492716349302,6.622047067715108,-0.11846169972740658,6.868208902725768,5.753704491023544,0.2680812640785715,6.341328024482702,6.412597045913556,-0.32143308161021733,7.248035491867878,7.0501616529258575,0.86602484140612,6.379518362187776,5.857999723195894,0.17389989844286688,6.260002751941188,6.306279640571326,-0.3972883132593647,6.980833061036305,7.690200700258303,0.14884118161936258,6.987672396947148,7.903896393318914,0.2942310597851255,7.239599834965737,6.5851624863128455,0.6368786209065258,7.097101057602473,7.507068557268577,0.2975929226800529,7.151430943004459,5.604439554360176,0.6463242935163774,6.572038528896456,8.119890188915745,-0.20982694827667495,6.143189321905721,6.728673599617818,-0.3605549709559396,6.4738933446577125,6.42669193201875,-0.08482223886951211,7.11036779864957,5.876249612954648,0.4621473759288414,6.713769844244672,5.883335250628459,0.14715240822718118,6.637248526958278,5.907679145745768,0.12467163870111199,6.507917969936924,7.3679059194367715,-0.19582005258390342,7.137036925192934,6.809776129695431,0.2780509972330007,6.392952160082799,8.342322098421134,-0.20873298025609768,6.705362030150518,8.181339980062912,0.005175361413896551,6.8394073026578015,8.070626980649381,0.1318184279267617,6.550227615387881,5.906288790141763,0.1260005861889418,6.471466736853856,5.8890308896573424,0.14496340130879637,6.414861594296561,5.874398423182538,0.171351478354063,7.071542073787852,5.565879050092495,0.40951023508876633,6.469789029193054,5.725206663129907,0.14275145976972936,6.549686465427503,5.656814731857789,0.13156197514004742,6.631234480432919,5.627580497388782,0.13323536582701442,6.709518461640385,5.638436336831399,0.15330689583930515,6.763402148196413,5.676943297237564,0.178810885646162,7.2197200700624675,5.607976661851853,0.9204949224855055,6.762713931096407,5.8488098117645455,0.181321646552367,6.427024617878296,6.976012685663653,-0.23543059659577645,6.3273730663356,6.63003010050791,-0.2859239304605623,6.244760599363267,6.9171794045491835,-0.30739432731984445,6.84844265080891,7.864367459075966,0.02771345494232878,6.716958916636502,7.997179794932099,-0.08849804727245546,6.389077012345424,8.210250809608368,-0.31170541132972035,7.100682784978747,7.712771222682236,0.5025214554059175,6.4087790116284635,5.8041553021383105,0.1626629605659173,6.246702456740875,6.076644296896792,-0.17869270988181005,6.560620835867009,8.270341300591209,-0.1228660504510588,7.224237744138022,6.932028188224509,0.5639955643901885,6.324004800487233,7.293819063053925,-0.2638064783448143,6.336834623624368,7.330483043746746,-0.288566029997075,6.348735639243756,7.3793535970286674,-0.32081148199791343,6.3565423342526355,7.438113344573322,-0.32125063090210515,6.405616354208314,7.622247828650608,-0.2724867414543098,6.479666800765331,7.305971377863357,-0.1916618139887104,6.4945826927470875,7.294694326710156,-0.19081981445644558,6.5104645159905745,7.284780145312048,-0.18899283097172873,6.61435174393818,7.180831520403239,-0.1588854969108936,7.003509957265115,6.859070036442397,0.07930411447400769,6.246092770637758,5.952738090005979,-0.0677106358317099,6.302382361371191,5.690955368836949,0.12394418956757569,6.363014716232563,5.726683759789565,0.15672539252275575,6.460266788861236,7.310142801634448,-0.18519418402649318,7.035570593703958,7.251223850341555,0.1569599592560758,6.204769760074984,5.668624365953526,0.012662791387893071,6.477703525843117,7.790364845035236,-0.2518014314644905,6.17607381989374,5.9920521348847124,-0.22167131895256928,6.317117632060104,6.3044255951266015,-0.21621234379158213,6.322160749896659,7.856679988398727,-0.31420289782025806,6.703025376034005,7.537936236472867,-0.1179274435391989,6.52281958355561,6.7386220490872955,-0.11400779862191072,6.600888675398862,7.686785315811803,-0.18735777992060065,6.770103697903623,6.700198260146016,-0.08155522111677865,6.6325616542803365,6.876675258108511,-0.1267746184819961,6.869648875641443,6.95281177351015,-0.048062911060795535,6.366800624200746,8.046173142136428,-0.3351441920880034,6.378186904831438,6.4106109256104284,-0.16865912567252428,6.801318341330529,7.668257711891324,-0.05132209244629685,6.672754532406069,7.822519718670345,-0.1400486437252529,6.776199845016638,7.351450105997845,-0.07867259809235234,7.1240850220515455,7.078285030747968,0.2671594618827071,6.915084768686719,7.3941202801163355,0.008828654204761446,7.18849114827249,7.2436363282058105,0.4676065741892515,6.724080964136143,7.075243025495765,-0.11014879212778822,6.311887467667324,6.187653572344039,-0.13455727452804925,6.30969788069044,6.551406294259363,-0.3919816703843876,6.36846262566217,6.621740796827242,-0.302181051553384,6.265437810844031,6.4359535922245295,-0.44577705418880015,6.380156605017034,5.490805201862389,0.10684664179342115,6.537681217757698,5.34128646729544,0.10194695457589992,6.67565875145464,5.304012800499502,0.10873080566024751,6.7931261305187425,5.343031997180827,0.14158149293071434,6.879046894214547,5.437290610991738,0.1932945224958972,6.93641592919612,5.793816339438851,0.30608143183549796,7.238224828602033,6.258749111663585,0.668989990154154,6.871174518735542,6.023554487327493,0.19562521985781592,6.773105723739228,6.070508170367179,0.13649749212489906,6.646393104586878,6.085837420959832,0.09882470046125193,6.520153813170319,6.062480160730705,0.08173313175163321,6.4190465825125695,6.013439694928243,0.09673129164561362,6.345231728946218,5.9631530849887895,0.09656127873033252,7.268789092591072,6.333754780710028,1.0291587983188593,6.3649772772366235,6.679196215905394,-0.2604581798948041,6.246285528539212,6.186955360389884,-0.27534337339595905,6.241006103793839,6.543898730956814,-0.4644796126767787,6.188643776822989,6.645920490769239,-0.43602707396600526,6.239835278022045,6.585964930317417,-0.4223047638971857,6.340591260948257,6.740286906221333,-0.23397688075564568,6.1746973856937295,6.653464463897618,-0.4621892740004768,6.1687097541400515,6.717181659100404,-0.3593380305334164,6.342307520189349,5.85230194241255,0.16040451395213032,6.2889457078035536,5.8708523917139415,0.10243607775083896,6.254204308698196,5.8785487863681,0.03789999890475168,6.792899818464073,5.713972447065917,0.21020626191562372,6.872685883466571,5.618698641640683,0.2170317656622415,5.577842890509395,5.887594843291511,0.16140505908933514,5.678024883240166,5.875967258324926,0.16139495268547419,5.571119923257578,5.754866749777496,0.16148028821476362,5.47888990787993,5.899015035034496,0.16141130587317853,5.585071311813913,6.0249609060899525,0.16138815930804448,6.625949344342318,5.788930283596074,0.12919483448738509,6.726435466206493,5.776770115686953,0.12877503945813676,6.619553351604819,5.6536609984145585,0.128790634107803,6.524778574968903,5.798372565094696,0.12866876604800076,6.629238365275642,5.9254178701065925,0.12868777411883855
6.159048948406298,7.177671996542416,-0.36468349654762156,6.130555875689471,6.58206827262951,-0.5190006761057238,6.145294215788921,6.809143236378882,-0.310308109375364,6.039940677946012,6.144127794962877,-0.3218583505425672,6.123803969518802,6.4220893906929355,-0.5330246551407292,6.11913541855433,6.244856513660853,-0.46928870947443707,6.112964213593922,5.844994263255733,-0.13394781880500464,5.437737392315746,5.966281597084648,0.25863602971988825,6.095032733753109,5.4231420767736385,-0.015216220005525355,6.086871372546176,5.205837948573221,-0.005082810608650203,6.066656518193409,4.630403913363395,0.2014818573156726,6.1613273045127315,7.232175465073433,-0.3609250468665002,6.1649907405428985,7.286303270105467,-0.33531083624529795,6.167458362228973,7.328520248091472,-0.29718444125222454,6.16752145075552,7.336708135156158,-0.29479731568684786,6.167722186976351,7.385720034217297,-0.31711042363720177,6.169983337120998,7.447349638587818,-0.34755227315860393,6.171334005121162,7.518686989980748,-0.3490753144269678,6.185561901687641,7.730654402367356,-0.2844658077425232,6.136241729144512,6.686853296818422,-0.47863109865205483,6.069121272219185,6.718159544287182,-0.3524542695941764,5.094763786894162,5.557602366637059,0.8442055862155752,5.708304725968476,6.078573797475107,0.1287837899097401,5.6119115511829145,6.103974098560986,0.14108334175126436,5.521837624320625,6.105933427459313,0.17549099743725913,5.403372426682072,6.032415937325142,0.2703911741767924,5.7909453188818825,6.028720957031702,0.14442250813184396,5.548448078052085,5.5605506798805155,0.1421065251858031,5.663427276141384,5.578318344626829,0.1383068528879039,5.4441785158016645,5.6060873331185155,0.17858720802020447,5.379803126696203,5.695418894421267,0.2160800629216738,5.338423505517093,6.151720642515814,0.31386257431422343,5.8407630304866425,8.063284357095544,-0.20388018467908678,5.407452390370464,5.921418127101507,0.29979481865248764,5.085559672711518,6.20695106293227,0.7750140512546998,5.231160822831065,6.062449660536848,0.4360314672450904,5.6821434195311245,6.648830272017639,-0.0547926373464555,6.0475105842165675,7.150994152793961,-0.34475289902185297,6.067132549802809,7.2921138667834535,-0.31842157169388924,5.9432073269576495,7.22489949398338,-0.29082455320567396,5.871782153468106,7.302362167771956,-0.2282624663593224,5.982576718268151,7.316569990716352,-0.2788548495091605,5.912033708777653,7.351604196571975,-0.21938118799611822,5.7486315573608335,7.5771055317330465,-0.12639328140135608,6.054536351945656,6.590932927524427,-0.5066024812306816,6.036510239315023,6.438073729191687,-0.5175586462407666,5.248889415705824,5.557355747851466,0.2982797082571343,5.857053133264624,6.250859960493852,-0.010662468567902983,5.864547763452368,6.641224519993363,-0.2655563213186564,5.858209158822089,6.575443260427009,-0.22927622908171164,5.392524784691374,6.706959896994956,0.09034324049070643,6.036657206905274,6.274694519057248,-0.43586868271601015,5.442503085272799,5.304571134161613,0.13827585751273427,5.324142915692645,5.396176391622814,0.22104658171394204,5.164950131135147,5.2348561615820435,0.6853998013766747,5.87388128080594,5.411971106084388,0.02105499060580047,5.764345618876537,5.658954442992222,0.15651860171561402,5.670991088633808,7.454346012798857,-0.07955826135822973,5.242936152928032,7.681878368365695,0.7912727889981765,5.939164642853126,6.718316548688476,-0.24384062766123582,6.016283914321066,6.7614855898932795,-0.26364740051149843,5.784214920163445,7.433650825346244,-0.0945345388497929,5.804129028642502,7.422045404121908,-0.12347001537831091,5.270015110660611,5.311889761698592,0.28456474202279,5.872624170222986,6.727455782056886,-0.22381810818077189,5.618491756193266,5.299729089749136,0.07011827651521067,5.597068541482603,5.167366134935865,0.0698500998692951,5.51998941725883,4.77853864135586,0.333533222914735,5.213112844290662,5.282333503926435,0.45630573593464796,5.561374773758534,4.975050798568621,0.19572191516841178,5.1945666097735534,5.5196513918012515,0.3960269787930581,5.143448414223838,5.553737477470985,0.6048659082165752,6.054868283625102,7.227073897404026,-0.3428548663623874,5.964363490803099,7.274313582401255,-0.29132735711238295,5.891740710681777,7.3248431906748905,-0.23317467883470508,5.966500973097413,6.752704097146993,-0.22569212418524515,5.794713424512912,7.42767748894637,-0.10943809426849695,5.843313097406272,7.429326393617482,-0.17817055714220154,5.816763581456135,7.417422018807123,-0.12539740795043264,5.96516822797411,6.627082653235812,-0.36281848678877043,5.927320847366554,7.36700209853987,-0.20704397570959207,5.998051688606543,7.341284204076033,-0.24699509879577394,6.079656339237446,7.330470974008906,-0.2825500314349663,6.065433461076488,7.74089481729004,-0.2780467742023349,6.067713967928144,7.518276914558193,-0.3386532735509045,6.066617087864317,7.444909259674572,-0.33519043931999143,6.070508502888143,7.3891891862623025,-0.3013623534626563,6.078287748360423,7.338154869776291,-0.28003157598939854,5.926806460800673,7.372472877472592,-0.2069095989403348,5.9125950532809055,7.3993421375459105,-0.2286053982044409,5.90014653992908,7.434116820144602,-0.2541773108362537,5.8906198139629575,7.4758613510965795,-0.24478314694810688,5.776983397808005,7.1570563866630605,-0.17580644006999374,5.1209426577508355,6.953965099812559,1.0633952906760413,6.140954011928523,6.751177784953602,-0.3668753971768016,5.8726119826667205,7.396179108237671,-0.1612997195485644,5.858857250049343,7.414492703813138,-0.17539515485325072,6.037421438374581,6.821796070526911,-0.283151433568001,5.912357037476206,6.825514709017808,-0.17294777481623055,6.027980383759849,6.794350410733778,-0.2728771220044556,5.759312875054271,6.365565655482268,0.010268214284851149,5.605204810661933,6.488715176216929,0.034837404266353025,5.850661476918839,6.661838696042569,-0.18528992709569123,5.297348931702139,4.969296121266439,0.5008461460623889,5.342489489361534,5.08312968906685,0.3204133185957361,5.40230565705137,5.188908716006414,0.17267536949155585,5.834625162077194,7.64727287772456,-0.19139858121585787,5.833010669329653,5.199620144132977,0.012225205507949699,5.803150439565951,4.949737244206744,0.11739616524464663,5.770435095518464,4.6802922411029835,0.22847355304154013,5.447687098175763,6.086905067554673,0.2249069677572042,5.2485711054127915,6.282249370111241,0.35766931147770353,5.8462839934745725,5.975895069774772,0.16147692079171883,5.301692361680372,5.806456851889069,0.31105367864914063,5.918375539525767,6.13306507844986,-0.032608036423187235,5.905805867526368,6.548662897822916,-0.3505729724209788,5.160118123533713,6.432527674176153,0.4529537546971135,5.312242483915195,6.364556239057516,0.24712530849616127,5.431911023506124,6.387179928060257,0.14126022934407373,5.610835103198708,6.335209320487083,0.09760089664096845,5.743645054560867,6.2536279695960975,0.07654643952079951,5.843949001077262,6.163944044534279,0.05969635885892578,6.0275050690655245,5.8969508909849555,-0.09865694615094907,5.185875448326641,6.741705186075597,0.3775646681468463,5.234341058101089,5.80209119754353,0.3710956073766227,6.094587529491909,6.685155641922251,-0.4710645977281023,5.8752867928092956,6.3774377691142785,-0.07796511363684847,5.06853473198228,6.268605042415322,1.1073763278169841,5.917268264193361,6.0608301493837855,0.05675765675818502,5.846795153922617,6.69308472264508,-0.09720250469376654,5.361400275193973,5.934987178714616,0.32095779319114437,5.905067086542202,6.47037505478371,-0.3039891302952462,5.167366851850939,7.313966155166143,0.9567709312493793,5.850562542638572,5.924355328161311,0.19358989935153997,5.966634677758789,6.351899103419041,-0.38553519552241367,5.423429559718472,7.88977226929958,0.2135531389167897,5.4433038794109,8.106508600761076,0.36348264139441083,5.1167046142885395,6.856876875862371,0.7218187286984955,5.308961163619681,7.737161840497656,0.37134025464576065,5.114315494803112,5.8657202780565445,0.7231400479878011,5.821721766110663,8.23733843268775,-0.16990329413662214,6.110432069551153,6.749788403539421,-0.3577882297656691,5.798282944668333,6.51517722852799,-0.058914831813448955,5.160217774729054,6.12242104034029,0.5339024280349437,5.5239636359737485,6.0174402983360675,0.1891502235245691,5.603393883184006,6.022498134185937,0.1611965845940336,5.831883678832701,7.459324271075468,-0.16492236983207775,5.216746886802779,7.0515558812299,0.35229605539869546,6.0075174767913415,8.426110774757325,-0.18056174896026583,5.710042528108813,8.320378705755132,0.05537279526951211,5.583558993820669,8.239269801898175,0.19113887873015764,6.076684726254071,4.9253836391294845,0.08790347767635173,6.214761852667824,8.4225441222622,-0.21987046013079797,5.685670641697157,6.002643888115592,0.15640501548351426,5.763060907063219,5.971406822951511,0.17041675095326475,5.819705084006385,5.948660899928586,0.19306659615442245,5.173140885860131,5.80899258050721,0.4795610271179318,5.75080452695133,5.818217485227011,0.16833238758524424,5.666334366768063,5.76951314273279,0.16136287528589954,5.584834744195558,5.758040350797217,0.16988475516087018,5.504017624773881,5.786329819632916,0.19510514416846977,5.45421532684322,5.834305417954013,0.22371180311739647,5.069487512116154,5.887916685674944,1.0059453908036369,5.4719679363729705,5.995076849505334,0.2265770662302037,6.150402235693998,6.938875471326655,-0.3062546043339362,5.867877117057867,7.048035828214612,-0.21280290969502952,5.932325989958454,6.680543010333582,-0.27017412813801883,6.032631011847462,6.956366765311789,-0.29701706398594896,6.106896961319302,5.666288125745765,-0.040662003191886016,5.551859518433603,8.038352201553245,0.0836460943097433,5.679309454242033,8.140907619860783,-0.04104255347526378,5.998392223266881,8.290068970239785,-0.28386906555747216,5.338409884130679,7.942145783144564,0.5842881156073948,5.818284158328931,5.8821824404523815,0.1850954974871552,5.9766557166687075,6.123563802968879,-0.16854302619554046,6.2067969261912745,8.286782631538749,-0.3187666542842309,5.846476126714511,8.382972560900718,-0.08204292658001755,5.158695764026109,7.192848371752322,0.6487600194047474,5.997661328348534,7.351780557680277,-0.2458830739010002,5.9839381399944305,7.388165431536064,-0.26904194000677767,5.975872845407466,7.437823271079234,-0.2999604484382694,5.97094763884636,7.503690560454515,-0.29945305179436504,5.938996884725717,7.706994771082113,-0.24822303989663924,5.854056069796108,7.386220440939225,-0.16488146086564498,5.835732078952063,7.380259292095616,-0.1616699277719041,5.8192899901783095,7.3709623374108375,-0.15800453142707982,5.708104706662719,7.296193830471846,-0.12319853980287332,5.336330830414928,7.067934523019569,0.13972265934365527,5.973352172005887,6.0034102703301215,-0.058180156288263764,5.9079809878620875,5.7556738141366335,0.1358241647834697,5.8553483092177085,5.800211446218461,0.17407440685564515,5.872657865231482,7.390806546670142,-0.15984111102251194,5.33899703757661,7.465595127231217,0.22252548789803836,5.991809867511307,5.714285231519094,0.01699960646275188,5.886114719635447,7.889905615503418,-0.22251484618990278,6.118061479772884,6.107754391748281,-0.3548512751454222,6.03309700664582,6.025670483390143,-0.21794348202520364,6.1146840928574,5.982710064471989,-0.2399308192850324,5.927681814106512,6.363811364295218,-0.2013823405419079,6.198844904186065,8.11463268238414,-0.3448670901510467,6.193281643208746,7.915239960402452,-0.3146682972434611,6.037782046657003,7.92346727779623,-0.29179579390271304,5.65703812899836,7.677399082980863,-0.07797815252976406,5.7695525730618815,6.831519589680956,-0.08683197528597844,5.762730409213921,7.810323740754925,-0.1519354868647736,5.534818447115191,6.854663042112634,-0.03988386749076503,5.6770701700071555,6.998054659972889,-0.09281608781556472,5.4624716792975105,7.131540662250203,0.00017730722266554483,6.00864231654307,8.122138783213074,-0.3086843415390474,5.88264449221783,6.476431553332214,-0.14853710777976803,5.576009519629734,7.831677773160909,-0.002525174249025025,5.706937210464064,7.9606995452699545,-0.09847854631540463,5.573089882989253,7.511348647279222,-0.0331140636472815,5.249668702391693,7.317230986414946,0.33982177791138307,5.455552014999433,7.581514559440587,0.06428355676515085,5.212937558554972,7.495972252763559,0.5496553373862414,5.6025307174344325,7.2181038559931725,-0.06935954512874005,5.928401596841207,6.247932079330015,-0.11858800295043721,5.935646740583061,6.602657356651112,-0.3763249875616378,5.89262574234112,6.678783700741012,-0.28369075533631205,5.966237506807572,6.481141685371001,-0.43148031112405083,5.815630497181051,5.582030530882055,0.12429652884470614,5.646485856018312,5.472779842694726,0.1268365701550921,5.506706414760406,5.4624591332837085,0.14211771578204252,5.397235275187699,5.524633234653235,0.18554941674722877,5.325827666117478,5.636299926641283,0.24421743374361957,5.30600317202272,5.992689522307592,0.3640905181667111,5.088310475851979,6.532842015961127,0.7538921201040524,5.38832222852526,6.2021025662841245,0.24880694482113935,5.485340194798157,6.2283853898265855,0.18238740680261142,5.6083854043894945,6.211721415837307,0.13572184756019565,5.7282579063190875,6.1615939969204065,0.10985960672684816,5.823216534040781,6.092830370644562,0.11640547822621453,5.8873703963882535,6.027419756171671,0.1117652902143733,5.091908672610376,6.613454814586603,1.120463612500098,5.9051800006664195,6.735543301011156,-0.2417224348631422,5.979272456690255,6.235021872670277,-0.26437014052087476,5.996244704161525,6.58317375567423,-0.4541543186035753,6.058753246413258,6.673303601912322,-0.430445130563814,6.003208100279142,6.621085658638482,-0.4118145241038875,5.936870156157519,6.7898567870474595,-0.21867652768877438,6.068532684943105,6.681301506482294,-0.4569608170838781,6.085664087560891,6.736726210883911,-0.35444758474774857,5.883854644863412,5.914478389181346,0.17611815250398186,5.934740201471486,5.92513461484718,0.11299637902048712,5.966695257082575,5.926715412586225,0.04654752589649518,5.427118804691318,5.876918491518622,0.25721600018627677,5.348248109696627,5.805043095362358,0.26903311298992416,6.199238490561909,6.127196411650848,-0.32910273256215483,6.8243468543616155,5.8397141837327995,0.20794522757249315,6.212553037323607,6.7090360830504085,-0.3578271672156473,7.1807783895597765,5.325784292755477,0.759156965181654,6.561377386667344,6.00962879168544,0.0954547553567714,6.661731875696484,6.017208017851963,0.10117627533676377,6.755105762646222,5.993628681055052,0.1291848366830769,6.865012428126626,5.893785352473956,0.2156699202883306,6.469597918843063,5.972195787990884,0.1193804629507986,6.6715242186976695,5.438062513301985,0.10112716665416759,6.558533384567212,5.480548692898426,0.10690816818173882,6.78150687717596,5.462554482988604,0.13053561670122085,6.856962905671298,5.539587724647616,0.1638526093212993,6.9489545803576,5.988460440283725,0.25498899312204737,6.570262115184343,7.993643943683711,-0.22558866437857125,6.848999413024899,5.782469590414826,0.2458536803829499,7.2409103583398835,5.971807220020562,0.6916590076624646,7.057425981859061,5.87017339604116,0.3690012520047528,6.627376588416314,6.558266692159536,-0.08665346903335266,6.270276888368815,7.135926031760289,-0.35319340903587954,6.265824128841737,7.277245765055538,-0.3256886037491086,6.38573892876072,7.1972179691307705,-0.30819771302870447,6.471179433497182,7.260272083754119,-0.25074469905644575,6.3583663943051745,7.293867441055427,-0.2933549273643536,6.438039317268116,7.311218936601054,-0.23760095731122316,6.620308522697836,7.498002556254251,-0.15437305412671296,6.206969702724204,6.57617881529334,-0.5113259210055372,6.214244956899183,6.423701732695254,-0.5235968634548739,6.990207307568541,5.354978508415064,0.23585789032580767,6.419282668176672,6.1958697066273185,-0.033013062635276834,6.425954996774083,6.594127501095938,-0.2868537846445508,6.430476580148304,6.528475286242976,-0.2516277143921419,6.9365268575429315,6.546707870415036,0.03754180675889297,6.20359374963887,6.255488364214157,-0.4436905398280245,6.756332404338515,5.130890212865629,0.10015659806501076,6.890846462832515,5.204313428667516,0.17033549311030108,7.06719108208742,5.018913813565442,0.6091344205695337,6.323318567063137,5.342397365774475,0.010875485459945022,6.465439811411562,5.5805156893298555,0.13070093283665754,6.691393519984578,7.35546119967223,-0.11339629441222213,7.216683647230792,7.471458058709635,0.7122573667728417,6.353481334988235,6.68752791390343,-0.2617779996478166,6.277438869962039,6.741225569890826,-0.27223382514676087,6.5787088085908865,7.367611476353107,-0.12299231470100386,6.55705582259888,7.3607011319509965,-0.14845351996281259,6.943988509637253,5.105861632245825,0.22784457208173728,6.429118026082322,6.684002842482621,-0.24449353566164664,6.571394124086816,5.167131703706537,0.04361361536486494,6.584817641939821,5.028267404541097,0.04204571089536107,6.639381331337089,4.649539810529195,0.2906298883593792,7.003257312667786,5.07242435471842,0.39062242489033344,6.603887582918777,4.845181991299176,0.16134060611140108,7.0487082945543955,5.305450788957898,0.3279320998600491,7.1121911243922336,5.331516387232817,0.5296990205321788,6.2703521644516265,7.213318447871574,-0.35096649158603443,6.371361913858766,7.248066604612513,-0.3071720988039916,6.4547377031809665,7.286460991421834,-0.2535320648657005,6.33112433839317,6.724276263701936,-0.23842171305342713,6.570345277332973,7.36331715505747,-0.1357253649247794,6.518335239430708,7.378739432137895,-0.20123785975082087,6.545879833504108,7.358470809154547,-0.14958399421895402,6.311658660293148,6.597524244718431,-0.37734990727487233,6.425972202735869,7.328632803758152,-0.22377379386773574,6.349609276671417,7.318233233688952,-0.259681941602645,6.261818007406007,7.320026955205093,-0.28929497008725624,6.308921478539101,7.715049311942961,-0.2835090397685485,6.282341135240764,7.5035127655160645,-0.3455226865829865,6.276733425528833,7.431614786534957,-0.3422394171746138,6.270871927880564,7.371679252485235,-0.3089783663339344,6.260572725921779,7.329256519872878,-0.2871760379704921,6.4267134929227945,7.334349484561392,-0.22367949713185648,6.442169465011716,7.357363892279679,-0.24582724413958154,6.45710423984155,7.394179632095178,-0.2714300961375738,6.471543626354976,7.433581284584028,-0.2623898194530261,6.55648515819966,7.087374392176914,-0.2020718560183051,7.294134133463103,6.723585157570218,0.9730163164495954,6.4878484258919835,7.34742099711287,-0.18255687880512,6.500382252137663,7.3637422856965875,-0.197554036448225,6.25840262399158,6.804830992206385,-0.29066544286635004,6.396847527838498,6.791887090538151,-0.1883682260035747,6.266877277086025,6.7774269134875675,-0.280966433246412,6.530422427585038,6.286836909672307,-0.018302766237213896,6.698094525184964,6.37765642821197,-0.0031091070029921537,6.448862584146284,6.612607420968666,-0.20766370398421596,6.8948360952215335,4.78454316356147,0.43860371372483403,6.844758143444767,4.898373505244048,0.2682728693607185,6.789559267291584,5.006096805865376,0.1303145604187498,6.538051120891694,7.583322619258215,-0.21306866115166997,6.346313618074415,5.120499245777322,0.00011543496634616026,6.355487263366397,4.882244708357805,0.09973449191136355,6.37163004009659,4.610277598022316,0.20755063303482593,6.828508546368489,5.955578413481441,0.17295557126766462,7.054083723782223,6.097840173184447,0.2916780406017434,6.4087791454216845,5.931105800501832,0.13831134480891694,6.954720011385899,5.632308501964578,0.2512356514608311,6.342900385405212,6.09025377786718,-0.050532862395966084,6.367241802926207,6.508699900830814,-0.36808483290730903,7.169541462683681,6.214894481956587,0.3781776305354556,6.991401688082487,6.193116752741635,0.18486177197110382,6.867285048912464,6.242049074229515,0.0896709813841859,6.680467734250771,6.228985447743856,0.059398144591572784,6.537389408278026,6.178477346922452,0.04726090680361118,6.423579857132606,6.107654740552939,0.03689708447239802,6.205139418539269,5.8771496966301155,-0.10590947187770995,7.166706063564442,6.532735195615042,0.3027852282529693,7.028769452505272,5.606774496217325,0.3035269665118171,6.176853534278943,6.676664499781095,-0.4748571680860457,6.408541129616984,6.327723293280232,-0.09978542648703984,7.284564034134981,6.0273014651843955,1.0155135186153055,6.340292248364556,6.0200900164510385,0.03936632481828826,6.460448648663611,6.6435258173821765,-0.11763503238599722,6.8992737995320494,5.7836449726793,0.26521074584920107,6.368515044098336,6.429380416999551,-0.3219897700371425,7.273662623513703,7.092313220124433,0.8701926822898481,6.399254928658323,5.8817917217368345,0.17006854306127062,6.287682869460095,6.32122374121575,-0.3982085961716398,7.010244366982858,7.732215126484318,0.15745702114440338,7.0162729058434605,7.9473455681791645,0.3031601076260906,7.267307888294249,6.622999821887122,0.6383875128796056,7.123048803193973,7.54753636948955,0.3046530608649259,7.179178952028797,5.638780811256233,0.6425261739897141,6.606106435074035,8.164276183625823,-0.19647420552101086,6.171055842072296,6.743251571891071,-0.3601396664024985,6.500749312655754,6.449283413294955,-0.08505162311579531,7.140211750075033,5.910629630604447,0.4602292777152453,6.7428680223262685,5.912096080389126,0.14420300889930013,6.664454719149043,5.935840666110685,0.12160761563840249,6.5339052010164576,7.401212568975011,-0.18984296511880108,7.163263437377188,6.845438495850369,0.2804792670497633,6.427190241447269,8.390080773863364,-0.1945843949813048,6.739958064039292,8.22734320272051,0.01705172282812112,6.8720482326667565,8.11534529596809,0.1421828318340342,6.575041787985347,5.933289523818444,0.12270306187208081,6.493360068983946,5.914646505766292,0.1414904486973394,6.435219690280513,5.898964346971399,0.1676431073466058,7.101731333456784,5.596473143513316,0.4060034345467877,6.492901243336332,5.7507916224799915,0.138350853550595,6.575643279732765,5.6838862400769825,0.1270818783303142,6.658608993632411,5.655509307602208,0.12882664798903137,6.738393755346959,5.666975288844574,0.14931782829578616,6.793557502661495,5.705784769481971,0.1752434152970354,7.2459137086441,5.647147927089518,0.9167990624332321,6.792961746234671,5.8777820157257334,0.17835564445117433,6.454458823217026,6.9999035839497585,-0.2331027184841125,6.354634851342939,6.64743802294316,-0.28578197420473145,6.2731251919593936,6.937047337886943,-0.30549178429118196,6.8807444125191894,7.906999738537335,0.03796986386774757,6.750577727036332,8.040718021298755,-0.07652587862050178,6.4226851471197595,8.254339356761996,-0.2973644541466864,7.125621094480909,7.754986499992384,0.5099148081031636,6.429317328473004,5.82844069418791,0.15856071190143725,6.273582583776859,6.094089273515203,-0.18061676099042775,6.595671019251115,8.317537571315299,-0.10964819519248736,7.250487626818751,6.970629073801839,0.5673286829930795,6.3509068929560755,7.324565027626025,-0.25880190594522684,6.364182726303756,7.362115605392781,-0.28195431981533475,6.376832692791488,7.412619404723739,-0.3130927195423016,6.385477971673639,7.472934186847818,-0.31246476914791826,6.437667955259578,7.661350222125416,-0.26198948959476365,6.504239255237917,7.33849397060648,-0.18823154166392173,6.51928300115906,7.326715772849215,-0.1872768236189879,6.535136861114271,7.316661755845875,-0.1854058545035808,6.640997257914779,7.211655204898973,-0.1551349668238262,7.0300806901763435,6.892918347397522,0.08190599019990874,6.2719609218785735,5.971492135845364,-0.07035418638187937,6.325115156239576,5.711796460838325,0.11927890744979107,6.384508702493054,5.749101136734564,0.15233918846424527,6.4848976034457655,7.342808365524201,-0.1811126757913437,7.062123926341584,7.2888698260718074,0.16215878544005646,6.2296378404615576,5.685904714468947,0.00847988223379109,6.509826174412692,7.830028868489796,-0.24006309011625862,6.203256082638829,6.008018241970808,-0.22406734818710516,6.3440954828342315,6.322530677396376,-0.2172608668563975,6.3542140221942685,7.896894103648638,-0.3012935520191103,6.733293621507699,7.57494403278374,-0.109967838499486,6.549564776986507,6.762322946700175,-0.11243375751225815,6.6326867783723715,7.725263201007892,-0.1773353062733371,6.79726108593583,6.728817203783166,-0.07939016717687976,6.659077139175992,6.904017626579333,-0.12419794182017854,6.896414025300281,6.9851458871433,-0.04441761041675538,6.3993459768727705,8.087342593162152,-0.32145690050450104,6.404903502529495,6.430329612558053,-0.16916911709144963,6.832771323400852,7.708418564419865,-0.04234437883553459,6.705375514680538,7.863693766553322,-0.12893919245391364,6.804884760836965,7.3865753139010515,-0.07250749121592137,7.149962512001904,7.115549871515783,0.2712465882821243,6.943998546448295,7.432206958386409,0.015171311997193217,7.213701280521302,7.282862077748362,0.4728368565992034,6.7503454465522275,7.10665152161237,-0.1064990673156131,6.338266246364311,6.206848544076632,-0.13597821191008072,6.336708389907647,6.5669721919079365,-0.39215854985880505,6.39568039009738,6.639431515392297,-0.3019355718718287,6.293302766728292,6.450168086496761,-0.4465373199740699,6.4045113499838,5.510576322332,0.10161387357709677,6.564655122387486,5.3605116589592585,0.09681845104805255,6.704384021132648,5.324295260145955,0.10413519668296213,6.822972528163997,5.365232544724162,0.1373137126757016,6.90951851594518,5.461865527602108,0.1894237938362397,6.967223727198454,5.824445326478297,0.30328039253341676,7.266558712041505,6.295829175450466,0.6688421100471744,6.900836674394235,6.053700428968909,0.19363533384437986,6.801972651804765,6.099222385447884,0.13460289995423474,6.674071417957002,6.113595098859391,0.09692706368182367,6.545846138495611,6.088680866193953,0.07961604583340592,6.442253344075421,6.037959124680379,0.09414569083451889,6.36742820084555,5.986031532011669,0.09367470563513529,7.295092648917572,6.376181016988861,1.0296552061440882,6.39215030027105,6.697434246401445,-0.25995029187643015,6.273644955388331,6.203016633003981,-0.27677017249079494,6.269129107334706,6.558057352957812,-0.46471707646658506,6.2169419914090644,6.660552550399101,-0.43599347074614736,6.267874505954511,6.600452842797342,-0.42239430869991423,6.367735757412467,6.759075321413158,-0.2331632305971108,6.203219519970035,6.667772602113351,-0.4621968511369273,6.196684122151833,6.731905673923667,-0.3589826998939985,6.3624370380976,5.874929410644708,0.15656173983985625,6.310903031804734,5.892200970159539,0.0992090267672248,6.277803779734907,5.897802227635801,0.034646312793632165,6.823822789442231,5.7430349598325545,0.2068775617979477,6.903512918366958,5.645896193369621,0.21359050811504265,5.599007796758847,5.901375332366595,0.11413650922653684,5.7007125953306135,5.89000792694696,0.11421491061100096,5.592738732890783,5.767818713954453,0.11429820718120744,5.498558316482349,5.912356320561131,0.11423115321815526,5.605709518874308,6.039539205504349,0.11420715896675904,6.655450982729693,5.8140715653517745,0.11600550682548934,6.758464509769771,5.802502706796234,0.11548745727165137,6.649392333435966,5.676741464445544,0.11550399112555465,6.551681827201201,5.822711467370868,0.11538067053096036,6.658387466874423,5.952665945991704,0.11539950075346131
6.159018705148794,7.177385115316995,-0.363780775027212,6.12994818215999,6.586645969296542,-0.5195091791366383,6.144839675468718,6.812571483057502,-0.3105668558517248,6.0392617402844175,6.1473641190301995,-0.32273401797880996,6.123156124468736,6.426677098501945,-0.5336551480673465,6.118468486509596,6.249082278922456,-0.47012291525685784,6.112701401644269,5.846890468052537,-0.13493784052503993,5.4390190175513915,5.96287617800529,0.25824978789892455,6.095592956621838,5.4221424457521685,-0.015962761823239777,6.087945799223358,5.204684067650431,-0.005631210099179693,6.069312079953672,4.630570267572217,0.2002939806728556,6.1612693447805515,7.23226201706434,-0.35981057324845883,6.164814460582678,7.28676118407094,-0.33412461087785916,6.167132476050546,7.329230897275059,-0.2963903348463976,6.167476522873235,7.336478817006376,-0.2930297410315967,6.167738858575536,7.385768541706092,-0.3158259340804245,6.170021752596921,7.447458287306896,-0.3465755444370179,6.171344899335846,7.51900999172724,-0.3486361071587929,6.184589985245164,7.7296770289019365,-0.2846860008115797,6.135507405403275,6.691285660124801,-0.4790626225218807,6.068499986099282,6.722690684158393,-0.3528333664011919,5.0950030157234565,5.554275778298573,0.8434921587582312,5.707523909441201,6.076190866114812,0.12854700280197662,5.611611898063931,6.1008862603417535,0.14087999504962034,5.521834313211629,6.102850194287937,0.17529809424866338,5.404006877611168,6.02922560776089,0.2700786373170321,5.789794822680954,6.0274580672093245,0.14416615738058033,5.5484076296790805,5.559228977398975,0.14140585359495061,5.663498817892843,5.576964949490707,0.1377391566630358,5.444103742885051,5.604819481990569,0.17791450761834554,5.379725414717774,5.693872776604689,0.2155166190484219,5.337848107136475,6.148853555066758,0.31360775042822864,5.839505287974251,8.061245703390664,-0.20330620468080204,5.408685556017633,5.918393074124227,0.2993897018962566,5.083915748480192,6.203480306103439,0.7748343898516518,5.23028509346168,6.05921143865089,0.43580384151374635,5.680333100603443,6.649779278024212,-0.05486331122588214,6.047206354831681,7.151092770421405,-0.3439623789051801,6.066518849811964,7.293069425917788,-0.31720142700584875,5.942105784613862,7.225882815560312,-0.2898634575154174,5.8704436985045705,7.303635247195414,-0.22702962183588235,5.9815213655024,7.317831479216625,-0.27752521273001846,5.910857731943121,7.353074775615843,-0.21788711509607905,5.747929341709184,7.574893230430951,-0.1250452288359121,6.053874412313925,6.5954270476814685,-0.5071049024480305,6.03569440479166,6.442372801258709,-0.518185181240209,5.248837818375192,5.555755538018243,0.29769466652470705,5.855998749301125,6.2519393010792035,-0.011112893663807683,5.864030809082488,6.64534609136102,-0.2659991961922988,5.857487110191363,6.579254696722437,-0.22976107586190117,5.390129964047265,6.705517730356708,0.09062593129669887,6.035926636396975,6.278635184227238,-0.43660737899533164,5.443091671814974,5.304221114039682,0.13761560443165863,5.324495864977174,5.395211463941963,0.22051132327658776,5.1660332741781625,5.231913223373635,0.6844805265713457,5.874006733412045,5.4105953742656645,0.020340491655239,5.76434109191567,5.657972924185505,0.15599386445572191,5.6698780193968705,7.45258028437968,-0.07821532692401492,5.243515844086718,7.6749707170375085,0.7919672944528835,5.938792900417051,6.722585319818944,-0.24421767248382373,6.015734671726192,6.76525859405982,-0.2639443899831169,5.78305114657414,7.435278313019486,-0.09290173047231018,5.803085781499964,7.4235936228039066,-0.12177003075753713,5.270495207481365,5.310500326935865,0.2839887012258287,5.871995493027741,6.73149183194131,-0.22413895655884306,5.618830430462477,5.299061486845665,0.06939543127712774,5.597598082535167,5.166290950913073,0.06903611401684952,5.522020671907252,4.7771399481515,0.3323629388332954,5.21387262649098,5.280295166196401,0.45575851243195276,5.562949700433515,4.973784927008972,0.1949339282855177,5.194479853918736,5.517469577530868,0.39566715102822575,5.143341235929173,5.5509983739303514,0.6042799867635458,6.05446000867671,7.2276618243393,-0.3418166780341185,5.963297993745192,7.275452078303463,-0.2901244044870534,5.890497686064171,7.326211886405961,-0.2317894961884575,5.966110218138568,6.756807943977519,-0.22602010423831728,5.793638829160291,7.429253909801357,-0.1077610197888949,5.842418576121792,7.430398582251012,-0.1765848540042906,5.8157373866401425,7.41896117568924,-0.1236755260214035,5.964465244267586,6.631937583210925,-0.3633207467951554,5.9262251566899025,7.368538246767292,-0.20582148709967418,5.99697050136957,7.342595682808104,-0.24589662545832305,6.078808489024106,7.33153314393022,-0.2815729818360485,6.064162129076544,7.739525369201413,-0.2780150090758351,6.0672413481396115,7.518505389720629,-0.3380310654393355,6.066142548599648,7.4450599942470665,-0.334188223701846,6.069971503030493,7.389277102533307,-0.300064109824925,6.077684602736655,7.338121640584717,-0.27832492000283554,5.925802982567895,7.372943479626141,-0.20517592893061667,5.9117038720976725,7.399880195550058,-0.22721875799283464,5.899317828098757,7.434759375728597,-0.252934219690614,5.889841488426312,7.476535261173625,-0.24361933115735923,5.775406497850409,7.15780096669963,-0.174963678945099,5.118789552927126,6.948664221121686,1.0635979950796666,6.1404430437804365,6.755324242054671,-0.36720422010402237,5.871625642693351,7.397056861311365,-0.1595269072606194,5.857944047377746,7.415428961642965,-0.1738166770117484,6.03665415207412,6.82523025583982,-0.28336271967936427,5.911585247620266,6.82896388063021,-0.17315543962551105,6.027291061147477,6.797938741630004,-0.2731301489634549,5.757945763216829,6.366281112307296,0.010022780690147915,5.603456913219877,6.488467907856914,0.03482858670453177,5.849681547901603,6.665563859543504,-0.18565671467125786,5.298971174554709,4.967003620780926,0.49978808375664824,5.343734174861314,5.08153429937939,0.3197518756689671,5.402869731185758,5.188113912552666,0.17195044698747672,5.833903058878129,7.644969117334802,-0.19038722408994335,5.83361456128202,5.198462195891363,0.011424855488412457,5.804859056165241,4.94893256141918,0.11660900363341568,5.77279425067272,4.679635286690864,0.22722198343179734,5.448063148402832,6.083569236933067,0.22467612653942448,5.247450162857012,6.278959878416152,0.35760332025052555,5.845047308876401,5.975509147275907,0.16117357224716908,5.301481999596127,5.804303563899441,0.31057612898874254,5.917593523643582,6.134340513262988,-0.033172673779706195,5.905051225046028,6.5528956927549515,-0.3511445355198693,5.158141341800624,6.429231646160412,0.4533619664848954,5.310933969285296,6.361936087642418,0.2470138816767953,5.4304794887065615,6.385498277647126,0.14112780507714776,5.6097432937582,6.3342482028222955,0.0973801460773459,5.742763980401456,6.253409384481985,0.07618420753221548,5.8431009356534584,6.164449627597785,0.05930704776234829,6.027085349818078,5.898578127429975,-0.09949140866781601,5.183715847335956,6.738147704431916,0.3778498261982122,5.233788995321504,5.799651405768891,0.3705948956169269,6.094021092700677,6.6895819115882755,-0.4715029103575009,5.874176606530748,6.379552001728315,-0.0784495296309184,5.066293025134262,6.264800201369852,1.107139360379145,5.91652877040378,6.0619086223879295,0.05620234997136329,5.845456222860451,6.6963818536858835,-0.09750004729100832,5.361967581317518,5.9320861376672545,0.320550955773097,5.904365281693291,6.474088184196936,-0.3046376254818769,5.166739645310996,7.307808965213162,0.9571896885535218,5.849327466379918,5.923955164424368,0.1932356450761238,5.965883003882751,6.3555031288223445,-0.38628045168028724,5.423734737453427,7.8847977065534725,0.21448629288977103,5.444271824093219,8.10035307566721,0.3645055804396728,5.114791442141793,6.852112497683478,0.7220972980694852,5.309272509837394,7.731554234378234,0.3721952061178284,5.113493382150355,5.862724864684697,0.7227624552600176,5.820708863228001,8.234846712770103,-0.1692697936251206,6.109989165858736,6.754046251461224,-0.358121115198449,5.796773955832046,6.517099054382575,-0.05921827539450827,5.159246233836406,6.118470636802238,0.5340358842582364,5.524502826380111,6.013673974611128,0.1888191903775506,5.603247259687301,6.018952943046764,0.1609253030425671,5.831005539543294,7.460499812179456,-0.16334411347801986,5.215106894467377,7.047751856348799,0.3529358636837847,6.0062540314684645,8.424030176160507,-0.17970429025942466,5.709961624532796,8.316304098627041,0.05620937202077169,5.584065932558167,8.234193023806995,0.19212873714099024,6.07861066210106,4.925247446351782,0.08709460760597075,6.21327488908687,8.421270633936853,-0.21904831792041826,5.6848970967356784,5.999787743112444,0.15614475452219623,5.761860012589131,5.969550327983352,0.1701338640844609,5.818416651271835,5.947691169750955,0.19276430540881603,5.1724501058034225,5.806121994710195,0.47907283641192927,5.750124790496469,5.817899864273587,0.16782336344139834,5.666079527445118,5.76882301854541,0.1607142383804447,5.584838962762897,5.757055900445227,0.16924241099226006,5.504304052449297,5.784881403994425,0.19448453952226172,5.454895344890067,5.832294639982058,0.22310020842067843,5.068652254544431,5.884575421746527,1.0054886659185251,5.473007259812008,5.991434931345345,0.2262045366301156,6.150046250718747,6.9412578964990885,-0.3062471195242695,5.866549876912365,7.050046935361821,-0.2124194360822424,5.932029513294354,6.684850551012086,-0.2706368846452796,6.032038907300588,6.958577070200417,-0.2969515388270276,6.1070188949561865,5.667111309531078,-0.04154316666403632,5.551771404135081,8.034126929356407,0.08459600675423386,5.679051884571034,8.137385415544411,-0.04025088558407363,5.996855102331126,8.288655635838685,-0.2833828786728812,5.3395135087875545,7.9352349707597,0.5851449805217381,5.817176290799619,5.881941313260313,0.18470713648108317,5.976042061468968,6.125869793782695,-0.1693301922095855,6.205265765760353,8.286339770663458,-0.3184094658917923,5.8457554719197695,8.379843812664012,-0.08121321004796223,5.157848543619231,7.187477872213424,0.6492501767257417,5.996771240918096,7.351953756385248,-0.24416776777542845,5.9831451948290715,7.388341008469907,-0.26771819836725175,5.97520738954184,7.4380392887715665,-0.2988786266128387,5.970370664626202,7.503977295868367,-0.298593802433326,5.93808617090211,7.705011738771981,-0.24768069638457235,5.85292275567702,7.387812036480023,-0.16323529971079173,5.8345194761021135,7.381778315327112,-0.1600433470762009,5.818058627546973,7.372436727326888,-0.1564598283914252,5.706500370143701,7.295522909822091,-0.12198863264334668,5.3341660893694876,7.065503955635344,0.14046037440012435,5.972772899889208,6.004906873128372,-0.05887571809745122,5.907354905229617,5.755561805441278,0.13528068900755888,5.854629729652507,5.799798700814855,0.17362382264043635,5.871673665895685,7.392474587691674,-0.1584473931577872,5.338117610480914,7.461584276435141,0.22348564837672236,5.991816966671372,5.715101899093036,0.016204035577105355,5.885005480274889,7.8878597232754055,-0.22208856292935325,6.117430611927817,6.1112857923217465,-0.3557584811582635,6.032543509307199,6.028165513488479,-0.2188809086787009,6.114186537095544,5.985487938662319,-0.2409275455508054,5.926857342726594,6.366699702608234,-0.20205746702683594,6.197453035828453,8.114309908440966,-0.34466245595226014,6.192064402468085,7.914630866665904,-0.3147128440539457,6.036283584975515,7.922255804373752,-0.2916643276029309,5.656221152446647,7.67450482029845,-0.07679611698126097,5.767925271367456,6.833714593840177,-0.08686896687159154,5.762033111146796,7.807734085327962,-0.1511036062128555,5.532645626232528,6.85434020086039,-0.03963476234541105,5.6751559126861855,6.998654224458417,-0.09245159694623814,5.460269642966157,7.129945359053447,0.0008226293783794306,6.006978321706647,8.12108189673423,-0.30832490698606063,5.881663208745306,6.479402990843269,-0.14908594854894908,5.575275894620567,7.828097356645875,-0.001425825224971111,5.706273155887883,7.957652488314753,-0.0976603896855539,5.571984154968067,7.508956656862578,-0.03192145544959343,5.248786569733895,7.312894407311036,0.3406432230214974,5.454713645161834,7.57809286588196,0.0654046001283422,5.21310676392839,7.490166682994254,0.5503755548634582,5.600578029754605,7.216999956657006,-0.068529574506973,5.9276113786796545,6.250140222902225,-0.11923844195279794,5.93490445455645,6.607397726818408,-0.37686396181970705,5.8921910415195935,6.683056490184605,-0.28410730330435335,5.965488783565086,6.485402307313911,-0.43204978894325813,5.8153632357204685,5.581014667299444,0.123768145397173,5.646553795111188,5.471699523503682,0.12633374690375163,5.506766137524165,5.461568061339701,0.14161175531484446,5.397230947114727,5.523550246739791,0.18506913600744324,5.325758445140021,5.634769474669872,0.24379592394056762,5.3057632322459645,5.989723656784573,0.3636746939235495,5.086070700089389,6.528787328419225,0.7539623951328978,5.3877911624171935,6.199313038963617,0.24857526292132748,5.484643568443147,6.226041893265493,0.18218224494196794,5.607695140016879,6.209676732732913,0.13549565107509454,5.727448162678079,6.160198499044932,0.10954281722865314,5.822159593997006,6.092358199724346,0.11609479250656188,5.886335077891739,6.027592818881544,0.11137892075705785,5.089117306380723,6.608920134008808,1.120483001367879,5.904697143524344,6.739759707149058,-0.2420806847777378,5.978556470331455,6.238008988581363,-0.26517390939659685,5.995554175282833,6.58792395988999,-0.45467772159286446,6.0580044077146225,6.677795440854316,-0.43088338957836786,6.00257058017305,6.625928948805502,-0.41231821088663917,5.936370237373948,6.79373276922263,-0.21896692038437318,6.067973881166254,6.685768725970138,-0.4573745469477975,6.085142534382656,6.741114391513396,-0.35479803951047134,5.8826613029132115,5.914462697557111,0.17574644146392102,5.93378988620378,5.925612681669095,0.11238323061463104,5.966155732666153,5.9279826625424725,0.04597689929996969,5.428061126248743,5.8744023872581375,0.25669653744844423,5.348465177055397,5.802903365007517,0.2685660856345743,6.198801986079081,6.130606888472597,-0.3299923307912298,6.822786089870299,5.84010808667817,0.20740372170305554,6.211793337456665,6.7134458593270505,-0.3582141825518522,7.183263298635482,5.3252172881585,0.7581518819633519,6.56207600880704,6.008773099298342,0.09507822420596887,6.661819483289904,6.016121007637504,0.10081642571336205,6.754922137330653,5.992963789413669,0.12883203977086533,6.864290321678245,5.89424098717145,0.21515480991255617,6.4709437395904,5.971974066172776,0.11900950298309054,6.673180912844999,5.439752267342247,0.10027438397601401,6.559948652620079,5.481702326491262,0.1062789417849702,6.783157630010222,5.464690286255605,0.12972854381088625,6.858318242247734,5.541888659153336,0.16316186497718585,6.949657656322201,5.988838452980362,0.2544675127375126,6.568795673312687,7.992787553317666,-0.22536258506643972,6.847562478453415,5.783774720048108,0.24525783175153454,7.242722474002517,5.971142619684611,0.6911815104096671,7.058934094850409,5.870846519992803,0.3683513788295448,6.6280448367650395,6.559708536608411,-0.08695771124082945,6.270296349362311,7.135530385808433,-0.3524466273100102,6.26597641144492,7.277448266639274,-0.32454454198432986,6.386607111886084,7.196335644369241,-0.3073176516755458,6.472496250877785,7.258934963757529,-0.24968324600278197,6.359017423763271,7.293462212707025,-0.29216545778288033,6.438953835958236,7.310235212077334,-0.23632186509975314,6.620158996883319,7.4955058596238615,-0.15346487392125824,6.206333744439117,6.580699693377731,-0.5118451777791309,6.213780924621909,6.428153632782653,-0.5242377622514989,6.992528040721909,5.3569577578442145,0.23510925684194575,6.4196642774327985,6.197315417099378,-0.033460966986019934,6.425052910793167,6.598380833007097,-0.2872371214411486,6.429629450299147,6.532444259438725,-0.2520283417186078,6.938076180153428,6.546679913491701,0.0372730942569982,6.2031391263376054,6.259628747566306,-0.4445437507541346,6.759155346778158,5.132291240425033,0.09925624280900004,6.893413885218881,5.206126555630977,0.16951002163119747,7.069638251621325,5.019295870772819,0.6079903615147473,6.325279332213318,5.341504679773868,0.01012084509406215,6.466565743771681,5.581582702938988,0.13016249974466093,6.6918103315294015,7.3529858968533155,-0.1125587370520777,7.215521988847871,7.467928356492685,0.7128407362241395,6.352376603321157,6.691679163678251,-0.26219794917809924,6.276602440916517,6.744891738920837,-0.2725683850107828,6.580185773436339,7.365832461859685,-0.12181488451811233,6.5584735518678,7.358828958725319,-0.1471254304322223,6.946970507284156,5.107695118041723,0.22705246869520154,6.428153632782653,6.687956290351069,-0.24481780572082307,6.5744344573837195,5.167499415377768,0.04278466667935779,6.588075913903344,5.0280067062647795,0.04116477115628249,6.642261854948455,4.650412809688706,0.2894143375387417,7.0055788835292505,5.074017951449954,0.3899217482803707,6.6062616555393205,4.846295868186765,0.16055974209401905,7.051328509776337,5.307243708729849,0.32724345043525965,7.114696917166179,5.332125103270306,0.528938525955306,6.270537182138193,7.213272065980327,-0.34997909930689153,6.372173630910061,7.2474982739599705,-0.30606824205512917,6.455850835537556,7.285350592097915,-0.2523413212923991,6.33011677389317,6.728294346782942,-0.23876865173843106,6.5717802794995155,7.3615103736496525,-0.13446028516806444,6.519359011949114,7.376972411272673,-0.19991499159473708,6.547330018633741,7.356625625531681,-0.1482219676851355,6.31117269571885,6.602119475146986,-0.3778262177769157,6.426682832615657,7.327766547985988,-0.2227558480136457,6.350130264274682,7.31799275116476,-0.25880442900722067,6.261938878627821,7.320409680094151,-0.2884822976729267,6.307871279749461,7.713904632374282,-0.28370389944519764,6.282653364410562,7.503312855442049,-0.3450416466203138,6.277178719344521,7.431309589566925,-0.3413531779754007,6.271308420432388,7.37128058664981,-0.30775310833439345,6.260879501119623,7.3287262952684475,-0.2854577094822899,6.427413932113871,7.33264054464075,-0.22208614385013123,6.442868085330539,7.355847219595346,-0.24458895634664243,6.457862792686074,7.39279426453109,-0.2703554202980197,6.472273337207251,7.432396204115251,-0.26145213361461744,6.556939676449977,7.0875372875717275,-0.20141515669562282,7.29528064351778,6.720153338841061,0.9728773277128789,6.488819122321742,7.345444103794284,-0.18106225605993004,6.501327374619134,7.361857287529197,-0.1962117172890299,6.257879126120089,6.807969856804034,-0.2909251197095463,6.396071266566891,6.79513332649666,-0.18863955134643295,6.266211510107091,6.780811660738011,-0.2812690514104581,6.530917551663042,6.288027662486652,-0.018683810168785592,6.699049650090152,6.378269710549584,-0.003466035150405226,6.448040255898299,6.616318574225052,-0.2079916251506546,6.897404828362075,4.785381303083333,0.4374368991796721,6.8469159571324445,4.900220907058003,0.26753766338086665,6.7930396582277535,5.007066798136755,0.12943321455586304,6.537337608727263,7.5813713453965015,-0.21240855022574323,6.348922516574201,5.1197654274044,-0.0007477535042257307,6.357800358128008,4.882666634694504,0.09898008699669963,6.374572640734104,4.610916592826101,0.2063023238928166,6.827914537821009,5.955234396338415,0.1725524169327743,7.05571439000141,6.097860081830516,0.29112950950492644,6.410402250260321,5.93154892288891,0.13791143766151975,6.956011054314527,5.634190687567119,0.25061873529637646,6.343277281625244,6.091903771212711,-0.051114186409364736,6.366916165400843,6.513101660361456,-0.36861942624667504,7.171187255159093,6.214615954931144,0.37781882614595946,6.99283051522019,6.192807686957937,0.18448683228026555,6.868545034052167,6.241779168346665,0.08928106884197949,6.680996509833753,6.22892615246237,0.05896236817125154,6.537663736444604,6.17890532826444,0.04678910514876726,6.423956261545845,6.108574273300428,0.0364547763133607,6.205174019940969,5.87900688056846,-0.10680941449992767,7.168287227149509,6.531869414539148,0.30260291106956694,7.030743758316318,5.608234863469972,0.302890557508172,6.1760411384655525,6.68103234804445,-0.4752980424770003,6.40845336836263,6.330088820088827,-0.10020127402619258,7.286966178636126,6.02506407473478,1.014942785900337,6.340795127152384,6.021509640997873,0.038832809584705016,6.459800206356341,6.646602579028049,-0.11789976158942375,6.89904478488356,5.784946271155786,0.26459301679896535,6.368057254029428,6.433401063592876,-0.3225523406494589,7.273663034825479,7.0885880639093575,0.8703201057126839,6.401160292485835,5.88242154528365,0.1696167635018697,6.287304447394791,6.32519403727186,-0.3989455409472409,7.008246679933519,7.730258324679439,0.15813613829788561,7.013920585451034,7.945162155122709,0.3040546721871303,7.268324574960086,6.621101541824645,0.6382748142953781,7.121529113653414,7.545348209532522,0.30526846758566706,7.181629076227708,5.638785504560554,0.6418836325170176,6.604330692746977,8.163432627078835,-0.1961164324463398,6.170481198458053,6.747458471570941,-0.3604803222097367,6.500794102043966,6.4514757067756925,-0.08537739734155261,7.14209522924387,5.9107846219933,0.4597161260391987,6.742152982859389,5.911141570571839,0.14372915519889642,6.664614146960039,5.934600188147634,0.12114877537510838,6.534998807097192,7.399623593961469,-0.188599950123613,7.164279081665181,6.844013778830218,0.28059343394217867,6.425452148460329,8.388813400037204,-0.1938293946318428,6.737520535744722,8.22609502171795,0.017883380532034164,6.869483995172423,8.113871248742038,0.14311461948097332,6.57600632130488,5.932235941387967,0.12224392389735705,6.49506357215355,5.914078870320548,0.14105957808353375,6.437125370448486,5.899050116664852,0.16719740429381563,7.1041088761979205,5.59747479909037,0.4052893522182055,6.494494461367685,5.752635615537886,0.13771768733494025,6.576715917876677,5.686544937663517,0.12628443576572101,6.65925991828194,5.6587624399671554,0.12804163923338857,6.738301808737912,5.670328864087436,0.14854121894579878,6.792790941045518,5.708618408395881,0.17448858746510892,7.248489558867844,5.645805851653947,0.9159542433258012,6.791636233896868,5.8774493519315785,0.17781908838236535,6.454396520947481,7.001399431397791,-0.23285496619247292,6.353565715152077,6.651736044328256,-0.2862104463002125,6.27250541666966,6.939124089434202,-0.3054966673922788,6.878503039276376,7.905493556466651,0.038628383391142176,6.748520716135993,8.039717690225107,-0.07601711187484173,6.420965921245306,8.253567160509677,-0.2971310434648551,7.123571891663131,7.752081644701139,0.5106857220675631,6.431258655357422,5.829538323197368,0.15805959011972545,6.2733877534170155,6.0967584152336975,-0.18137839387603907,6.593552709262027,8.316280445407982,-0.10886797252179184,7.250795389344075,6.968294959412957,0.5674881660778829,6.351411121924985,7.3234537777107365,-0.257124221695347,6.364718566320916,7.361088199527644,-0.28073098547460923,6.377327165608259,7.411688885974649,-0.31214584261726175,6.38582870594975,7.472228225012086,-0.31176927261836523,6.436615034328164,7.6598727956351675,-0.26176800264414624,6.505415797695424,7.337006355467833,-0.18693529883506987,6.520560308771671,7.325186913580033,-0.18600620442219656,6.536558486026715,7.315027497611708,-0.18421798970283543,6.641804559379963,7.21025305511123,-0.1542826010943913,7.0311759671373215,6.8920470158629055,0.08198472832817812,6.272194341000812,5.973360288162528,-0.07110339640313018,6.326489946970655,5.71236170950316,0.11883663961368277,6.385991411426313,5.749913345053358,0.15191181386127223,6.485902608735238,7.341517669430344,-0.17999506134202486,7.061675717968713,7.287199127005655,0.16260143375797403,6.230103079301653,5.687109031099885,0.007765631383399981,6.5085616758303875,7.8288413578999405,-0.2400071755023486,6.202901877382793,6.010743125740344,-0.22501824705828868,6.343695871926182,6.325771032464078,-0.21790769966834803,6.352939979993311,7.896036569427984,-0.3013900340251793,6.732433660118421,7.5728984756235675,-0.10926005374625551,6.549578507972857,6.764483771944556,-0.1126168509506107,6.631539779072191,7.723676995667081,-0.17689578408040774,6.798373817507863,6.729316452552014,-0.07965892924892436,6.659665606827027,6.90467783484088,-0.12411429771474057,6.897242122885511,6.984595611166283,-0.04436608372355764,6.397891847670288,8.086687249164312,-0.3213822006713272,6.404382147627476,6.433524347037673,-0.16960499288954395,6.831312716959278,7.706729105828572,-0.04168772344671406,6.703832617689745,7.862431796021823,-0.12847651352131237,6.8046110996975315,7.384514921095919,-0.07190385963820414,7.14999540440987,7.113757956045923,0.27157150038248834,6.9432053448683515,7.4304874610135405,0.015738054842240834,7.213034100261301,7.280430722533461,0.4732809783834585,6.751132604931575,7.105549572267932,-0.10618475448748271,6.33812087987019,6.209391460575767,-0.13655011202876155,6.336355489611266,6.571645527827296,-0.39266359538749157,6.394702246918274,6.643729071294381,-0.3023276736114156,6.29293534705947,6.454581446114676,-0.44716316557396263,6.406212046665654,5.510655300148981,0.1012178024737252,6.566653981841448,5.3611945511127885,0.09627164782161265,6.706594310206039,5.325878144763749,0.10340361974188547,6.825103388573953,5.367334711751468,0.13661757746039824,6.911252712975313,5.464010077016581,0.18886371935434135,6.967881386461516,5.825548813582602,0.30266600871927496,7.2680471872092935,6.294617592669577,0.668533911541941,6.901236649849775,6.053615660432694,0.19318605395207214,6.802490911152709,6.09884061527518,0.13418452133619352,6.674391527602336,6.113012477313117,0.09653172123686288,6.546332999612156,6.088409545669775,0.079200485737747,6.443164108950894,6.038177276028733,0.09378080818237979,6.3684815784440785,5.986722923402931,0.09326256525682258,7.297028114671355,6.373067435884839,1.029311758097106,6.391079003816829,6.701561908659997,-0.26031545756572383,6.2732429670458005,6.206388218519376,-0.27753285074867323,6.268573248192009,6.562733281591219,-0.46526441862822143,6.21612331007305,6.66483634386636,-0.4364371922922853,6.267093846854446,6.605072543708401,-0.4229077301810885,6.366779263435981,6.762825179553508,-0.2334874882123895,6.202324882190575,6.672117234751518,-0.462620678622883,6.195962166263468,6.736180903428877,-0.35933379065290144,6.364092114397936,5.875784667044713,0.1561620128605349,6.3119754716384575,5.893138603810417,0.09865643435578514,6.2783370103142415,5.899422475673991,0.03401533650787561,6.822695060815129,5.74517947580242,0.20616091975273612,6.904179683712195,5.64793535813355,0.212967133537216,5.598410534771663,5.898779179791984,0.14402015027031348,5.699809376206611,5.88779584335974,0.14412329712047514,5.592405484187309,5.765685741581013,0.14420645296873255,5.4983814297495455,5.9093969664751205,0.14413969310186894,5.604921979273161,6.036391816371819,0.14411518872530502,6.655453900305941,5.814847523868542,0.1219843432575039,6.757998489336865,5.803354926462297,0.1214373289684217,6.649570699637957,5.678102171987568,0.12145251541020446,6.552018373357095,5.823311792470908,0.12133051990110444,6.65813818228713,5.9526311087134,0.12134892058240906
6.13859938573368,7.15916755429296,-0.3645762884801521,6.109584441317402,6.573215336649166,-0.519179233461524,6.12537016630502,6.797970555026771,-0.31073871230436473,6.01939275484629,6.133748671943171,-0.32213178343742477,6.102799731428895,6.413472690724754,-0.5333839827493898,6.09856866827289,6.23585237355299,-0.46978487663324825,6.093985254756088,5.8327825005279355,-0.13398167138421535,5.424082526149598,5.9530762001755075,0.260595030260274,6.076995963830174,5.409454268523661,-0.014307273393306863,6.0692628382646365,5.192493997833721,-0.0036287357814288003,6.05092060771806,4.612456692128965,0.2031366610386725,6.140773523254046,7.213426651029048,-0.36058161453678983,6.144156944365622,7.266990338229529,-0.3347631731178961,6.146268902410554,7.309089416631785,-0.29760370014128795,6.146114525781889,7.313230426754402,-0.2957116037185463,6.146302493621421,7.361724699940432,-0.3193924693273058,6.148543098856907,7.4222767884144645,-0.3505782457458591,6.149765961873786,7.493159960996615,-0.35344191880684717,6.162319783552037,7.70309287890253,-0.2900726355363311,6.11525206476793,6.677975602743929,-0.47884396164476195,6.047275603985691,6.709341217214279,-0.35263834289209883,5.076885557395473,5.53506145449443,0.8469611970411741,5.690492990122047,6.0647944925127195,0.13020628953121013,5.594832368639152,6.090370983408128,0.14279298771371285,5.505204228333329,6.091977643876827,0.17748711372654458,5.388452614665684,6.017801103216489,0.27250076938152534,5.772296165062409,6.0144734292208195,0.14590993493110455,5.528960361482396,5.547241841966765,0.14321507780584636,5.644335092857805,5.564276874115988,0.13951430462298808,5.425055241851511,5.593277167046675,0.1799903066390005,5.361211929419133,5.682269218465868,0.2178036468292658,5.321701518373473,6.1345913110413015,0.31615111848988164,5.818865733336425,8.039585329342623,-0.20830827809895242,5.3941970690772365,5.907993221659007,0.3018762386154984,5.069723482414672,6.185182533433365,0.7778447792093015,5.21416962002888,6.043221788070004,0.438748965257858,5.658872225390432,6.633645210292172,-0.05387727589474751,6.026729932947567,7.132471832839729,-0.34469549560446,6.045591755202659,7.272139799384768,-0.31792660606160184,5.921367883883654,7.204745824493094,-0.2903884688560581,5.84970282226558,7.280776314110642,-0.22770206542081906,5.960180026567251,7.295532146867212,-0.2781883152789238,5.88968565438322,7.329617220004555,-0.2186530533056491,5.729379462293519,7.550155669358437,-0.12716597226360862,6.0328656892303885,6.581751077742439,-0.5068419678873737,6.014899394362877,6.428788853466849,-0.5178339769369646,5.228630993660404,5.5409652884809475,0.30067655889441686,5.835293622216892,6.236627115522772,-0.009887903191309702,5.841763146488542,6.628705158174889,-0.26547368461248105,5.835289333977207,6.562713437660256,-0.22917639349298488,5.369375308366413,6.688905610994739,0.09269216573189186,6.015561927394232,6.265203230077937,-0.43599953358223187,5.422018810801124,5.292561142946405,0.140479214388599,5.303626230747297,5.381471360458274,0.22366591615925205,5.14696825856973,5.213117214539485,0.6880949601024129,5.854770092160188,5.400264570878404,0.02216857153953752,5.746155413295097,5.64480429775002,0.1576381699643473,5.650867511311502,7.429443866341564,-0.07945823370649488,5.226212783831291,7.659396431217559,0.7931621033496444,5.916104069670144,6.706310146463498,-0.24396137287866462,5.994237583499947,6.74926973162924,-0.2637279690381582,5.763598542921022,7.410054590605199,-0.09399240690704813,5.783252974811251,7.398291949148858,-0.12301467706612107,5.249290303050184,5.2943168197441635,0.2872954643102418,5.849602405986286,6.714192645711401,-0.2236347594177897,5.598491309150499,5.290064672743039,0.07171655399616887,5.576843203159986,5.154027773151393,0.07159162551346661,5.50281639353532,4.758618482970536,0.33566863939432995,5.1945584278888095,5.263997893110296,0.4593770062332676,5.543750500156447,4.958520850899599,0.19818633501381122,5.17429756743644,5.501053927024727,0.3984271388592754,5.124500026739434,5.533602380941561,0.6075791057816976,6.033899869701122,7.2079384189386815,-0.34254585912021124,5.942368823035018,7.253714662870946,-0.2908165334487946,5.869690307438022,7.303095172258572,-0.2325933834808463,5.943840761306943,6.740277293009499,-0.22562126411734953,5.774042908027489,7.403975296144898,-0.10890983036217,5.822622231300608,7.40520387681469,-0.1787483810566458,5.795614897763591,7.393726403297411,-0.12496132570464895,5.941300336646804,6.6180917649541655,-0.36288375154484137,5.904828143418066,7.345054168164448,-0.2070325491272047,5.97544651719966,7.3201988162427565,-0.24699429739972562,6.057523067419949,7.3103287179007905,-0.2826593411806438,6.042680040456448,7.712732127008113,-0.2830718162353583,6.046250714700942,7.4923323307373835,-0.34257172256581225,6.04509217527934,7.41973957993409,-0.33817415510328197,6.048705731920685,7.364993053287124,-0.3035811265744856,6.056391686849686,7.314394683828919,-0.2810529040577613,5.904648752057905,7.348407571598227,-0.20736057712853628,5.8910150086856135,7.375172619593035,-0.23015862372669907,5.879092630301,7.409700096124561,-0.25617307343453444,5.869990126862675,7.451341762293736,-0.24681260557764947,5.754319149595684,7.138780548123186,-0.17510459455897834,5.104102299970448,6.93048144953731,1.0661494762625248,6.120610220254513,6.742192706735529,-0.36707916870846435,5.850956417666869,7.372320940202416,-0.16116117104421662,5.837708973219548,7.39040516166127,-0.17596526883182598,6.01569986577077,6.809348684324678,-0.2834596339118832,5.8895548630728225,6.810906744743613,-0.17289315828718385,6.006066335318101,6.781942544496943,-0.27300633497273813,5.736896031754957,6.350693576440905,0.011394737851218962,5.582998256521392,6.472377380453078,0.036604464205171494,5.827380390584579,6.648651190363708,-0.1850872926945518,5.279687490058305,4.948297687490223,0.5033489733180094,5.324353079912119,5.065740422453791,0.32328105400762425,5.38113116010992,5.173393106216182,0.1750237768751206,5.814384522865453,7.619916037849695,-0.19347816052367023,5.8140682651886735,5.18825006995866,0.013474012027665213,5.7860067393957255,4.933316722150184,0.11950012962542271,5.7538771035548075,4.66115823023311,0.23025513145419643,5.432094387294669,6.072479732735106,0.22701679578530087,5.232307087130491,6.26234511832779,0.36036592948137625,5.827316781695917,5.9619499974972925,0.16289158743007945,5.283331421730754,5.7912226682660854,0.3133430585373102,5.8975735139307295,6.119591048622678,-0.03202754167617472,5.8827176222481725,6.538091080094791,-0.350659923311112,5.142711823328921,6.412021836297948,0.4561143258703262,5.294556246459917,6.345988662799692,0.24955093696617395,5.412654724742004,6.370044258020104,0.1432221355336615,5.591337095942455,6.3197646477118266,0.09912224713227047,5.724070264210007,6.239420903677641,0.07758690844472814,5.824355752193326,6.150550709736168,0.06071361775248441,6.007984607870587,5.884592297697194,-0.09832853193533976,5.1667363288116155,6.721093138071407,0.3803779826936808,5.2155104096371,5.784676670386718,0.37347773601407347,6.073493901420642,6.676044465472388,-0.47131859235813695,5.852459445676511,6.363987119464842,-0.07747091379470324,5.051124672193603,6.245309371471954,1.1102477677413247,5.897854036276799,6.048577799436745,0.05743250577600048,5.823007815518964,6.678877562491038,-0.09691500976183436,5.34590541521633,5.920787899466239,0.32309170142402727,5.882436385195489,6.458966625544414,-0.30409039970625945,5.151494852910703,7.290791497895289,0.9591611122980234,5.831890904026733,5.910543294858438,0.1949831763110828,5.9449399800795675,6.341621090680376,-0.3857460994036996,5.404294086769208,7.868924110473229,0.21282705533633303,5.425729210188692,8.085173605435356,0.3636645908554258,5.100677068521941,6.834596410177559,0.7245741217206387,5.289807378361931,7.716747348766633,0.3720009958070848,5.096581799622632,5.844749190722628,0.7259457777207599,5.800616057296386,8.213214010074136,-0.17439716901842023,6.0896770032857495,6.74082833180904,-0.3580201507006957,5.775083163504443,6.501157186393287,-0.058262084727485425,5.14442676184967,6.100488370238604,0.5369653775930967,5.5083375021299394,6.004691954499013,0.19086959305478465,5.586667917631951,6.009752792034094,0.1628162863879,5.811608959729245,7.435307319404379,-0.165332076004431,5.1965460269828725,7.031651029602382,0.35489007074926826,5.9856064290736795,8.399686683369259,-0.1849042831321557,5.691353854238839,8.29634296578382,0.05262004554028738,5.565856018380041,8.216848293207292,0.18982219051168897,6.060099584764105,4.909642780261749,0.08967172065835209,6.191255395534139,8.395782241135938,-0.22456166689264925,5.6681062348457685,5.989463700670464,0.15790982548148463,5.7447302883064015,5.957337638362617,0.17185911182394087,5.801038448905373,5.934408063412861,0.19455738984567902,5.154552367806208,5.789667466673608,0.4819282780382996,5.73251380815005,5.805747650786271,0.1694157085866783,5.648560438360897,5.758051347534985,0.16229514242595608,5.5678639866126085,5.747271785026462,0.17098555049745612,5.488355734610411,5.775315443154055,0.19639400716749417,5.439714231861858,5.822193049978787,0.22512896526766268,5.052178507096226,5.865456028102252,1.0088575220091212,5.457477192697633,5.982169762319346,0.2284396203120816,6.130506762741205,6.9264397836340645,-0.30673468017127287,5.845388138435714,7.031634591350255,-0.21249018284065085,5.909214655262658,6.66892527288844,-0.2701901005632669,6.011816150029261,6.9419896554389995,-0.29745707361247054,6.08851560503769,5.6530884621150985,-0.040279876470516875,5.532721862392878,8.01624086720333,0.08156444618028613,5.6597159365484835,8.11803938908889,-0.044405807958668816,5.975591245289033,8.265186045644814,-0.28940300010799835,5.3209957455919605,7.9201642864709765,0.5854093979703164,5.7995490003214005,5.868844452160127,0.18642820514297181,5.956101195920067,6.111762152370839,-0.16849584767234302,6.183011254739456,8.261961289401588,-0.32480215069385615,5.826442695506762,8.357417504792824,-0.08578275629014485,5.14205250647733,7.171311849081279,0.6511260457768132,5.975441871606667,7.327841174068292,-0.24665159557822144,5.962077929981232,7.363920993365839,-0.27106979273242654,5.954567078172708,7.41300561421519,-0.3026512932694242,5.950003319087797,7.478512763645402,-0.30259610451805974,5.917882974432864,7.678997974818338,-0.2517294967337157,5.832276130891781,7.363401401657323,-0.16414554018467606,5.814203344738755,7.357517222102695,-0.16086619822379133,5.797879803023959,7.348395421585787,-0.15712841663906701,5.686012137004382,7.274341810463088,-0.12243695960874765,5.3133090759563455,7.049221377005632,0.14190965500773722,5.953258807715433,5.990674413674902,-0.05778727385526454,5.888954509516903,5.742539712533909,0.13695575544980496,5.836637628004877,5.7862801146756535,0.17541876395236913,5.8507738101269435,7.368127756496962,-0.15974417584325787,5.317848535016374,7.44529748845753,0.22376747150221213,5.973610435907805,5.702291009555791,0.017633078263670728,5.864543705109239,7.864937476979276,-0.22672197930694743,6.0979933294484665,6.09783537928673,-0.3551954738193444,6.013124777839843,6.014281173141603,-0.21810051808913505,6.09511306179328,5.971782573742014,-0.24021184330396955,5.905287699770991,6.351827101131011,-0.20127065140734882,6.175240249723366,8.09051818149627,-0.3510937725605071,6.169871373637569,7.8898121259795495,-0.32089730643806486,6.014691414738148,7.897907607798481,-0.2975299736871179,5.637432813731263,7.6529311951855945,-0.07921589791147561,5.745773045256505,6.816527197557604,-0.08635559922506368,5.742926368812186,7.785545007448577,-0.15465600078018465,5.510831828213463,6.837891207668975,-0.03872907199881001,5.653084173875413,6.981295660393001,-0.09208203521283582,5.438286248046706,7.1129953628964335,0.0011987044152661189,5.985338414093358,8.097974715602115,-0.3144337678343095,5.859194840808639,6.463555042007514,-0.14837972647663794,5.556067039238785,7.808382027891795,-0.004040344673146991,5.686765437775739,7.937267930455161,-0.10164854516948825,5.552498151760827,7.488671603459501,-0.03317796806097681,5.229551893132787,7.2974018193699335,0.34186304628867936,5.434680910531424,7.560157988424028,0.06447673792013994,5.195420364065523,7.475185089649733,0.5514847317986963,5.578859033165309,7.19802472349325,-0.06859232012149968,5.90669996004063,6.235418546638177,-0.11832803311273256,5.911898378598942,6.593079892283967,-0.3763889817340686,5.869520207263845,6.666558879288856,-0.28365028190121844,5.943904012842299,6.471578338458413,-0.4315661191160836,5.796340324976994,5.568868149405545,0.12563600874844444,5.626685413020379,5.459978308493991,0.1285795614408591,5.486551100409581,5.449656515571857,0.1440574153871237,5.377421118075659,5.5114286082363115,0.1877684363866502,5.306440030687364,5.622226001101139,0.24670343414233192,5.289168430648845,5.976094398745423,0.36636624886080965,5.0724915411314315,6.51068565497367,0.756799260232878,5.371395426611421,6.185639945666447,0.25090372024476404,5.467454854385034,6.212648708616692,0.18430380673603666,5.590093149080458,6.196893716013485,0.13733295303273466,5.709634620016595,6.147257341657979,0.11103412826348752,5.803883695936464,6.078601909592259,0.11773749560546709,5.867997167469006,6.013725846102377,0.11295751543518169,5.074205050238952,6.589779377139637,1.1233810378070295,5.882146929016741,6.722873472247355,-0.24166506519643507,5.95803233319161,6.2240697203114514,-0.26451412397918567,5.973596141775521,6.574360296645099,-0.45429941776191707,6.036393481078031,6.664346862317938,-0.43062351043029357,5.980271501552057,6.612732894760968,-0.4119498793605503,5.914243688353407,6.776414288836182,-0.21865778823696813,6.046984003687101,6.672171470330092,-0.45715605542967175,6.064409980354285,6.727622697698648,-0.3546295378538143,5.864896055470034,5.901013754218133,0.1775153223032234,5.91544153663879,5.912074196426033,0.11373598728010662,5.94772233292861,5.915124564255397,0.04743124760303978,5.413281165089342,5.863984447183634,0.2589380499790192,5.331029869101883,5.791447800849555,0.27101527401851283,6.179955169257179,6.116865872302771,-0.32952609339867267,6.805082600544577,5.823984819460562,0.20868747462694368,6.193124353330246,6.700350208007767,-0.35813814429578217,7.165720699238469,5.30313629936327,0.7605041206441863,6.545947849904583,5.993220198634647,0.09611976464605765,6.64501333369748,6.001009786022705,0.10192670004989839,6.737888028798261,5.977534175219708,0.13011094320196082,6.8469293875120245,5.876574361545901,0.21651232831949607,6.45559892797835,5.955445095248241,0.12025833283746083,6.656558704343108,5.420821677222356,0.10155843629964606,6.543043282224515,5.463822000665106,0.1076248772081829,6.766683558283983,5.445149933016081,0.13115931729936015,6.842030073671751,5.522039142630579,0.16463223305435784,6.932165298320341,5.969948279216695,0.25594331759265404,6.548387143578815,7.968724312665512,-0.23112997701912857,6.829505554964682,5.766267972125022,0.24665045651455508,7.224506747668838,5.950124104505595,0.6929031935185405,7.040974377384492,5.850298172875201,0.36980128519067934,6.611906693914964,6.541614583702748,-0.08652138324132869,6.25039665315176,7.118412124325381,-0.3533900132389916,6.2458847102963775,7.258111537961444,-0.325384279231114,6.367118249141609,7.177979347085059,-0.3084022023750869,6.4526486190749734,7.239910104617864,-0.2513214439261765,6.339292576531345,7.2737257333616565,-0.29322391100578565,6.418799399120314,7.290339088608507,-0.2378433279191251,6.59845162719622,7.472018224642256,-0.15709290465417444,6.186476867111663,6.5671703481063455,-0.5117140782071445,6.194132089656254,6.414642665452184,-0.5240336547925937,6.9748075537493825,5.335280586689779,0.23690920637437857,6.403622604167985,6.180601264036406,-0.03248391814303039,6.4090865362334695,6.581089259417699,-0.2870979149351633,6.413894367627126,6.514966747592669,-0.25179386499815615,6.922531053161058,6.527479116287296,0.03831000824249595,6.183932511565146,6.2461048399335475,-0.4443054518298793,6.741421538298818,5.113455308077047,0.10107694738749884,6.875702761092706,5.185165753565123,0.17151130655051974,7.052310338992163,4.9987145214684245,0.6105035512394735,6.307128634772945,5.327184390164233,0.011624613741476003,6.449471748174898,5.565067696984589,0.13148862953913912,6.671252357624243,7.331165989237505,-0.1154801617682926,7.199968725483847,7.446957037215679,0.7129117178669374,6.336292952871588,6.67484232894732,-0.26215302367546345,6.258984567827868,6.728734066483714,-0.27246257724682954,6.558024962271169,7.3459504102586415,-0.12461414579951524,6.5366373668415285,7.338563917400987,-0.14992326941747172,6.928824044899002,5.085391638164256,0.22928480555252484,6.412410636696068,6.6697171678169624,-0.24473533313808749,6.55691144936626,5.152352858201039,0.04445375751374193,6.5700370363358624,5.009768173963489,0.042992905569805395,6.624619180461564,4.631450377754375,0.29194349177188234,6.987503602043857,5.054953712879127,0.39243695937993084,6.587733886809825,4.829655317474737,0.16307450765414874,7.033174784103835,5.285062441150322,0.3292307632249403,7.096851569895106,5.310956261782431,0.5310413531447281,6.2505681827391655,7.1951187263999525,-0.3508664288534496,6.3525682518899265,7.2285569900514535,-0.3072096027164022,6.435782972393314,7.266021910767301,-0.2539390122314845,6.3136210296562485,6.711315236882672,-0.23863951108733292,6.549781536183099,7.34140773501885,-0.13722126895697662,6.497080499865946,7.35588912043557,-0.2034296684159088,6.525720938016388,7.336268279756208,-0.15103789905146464,6.29455694542934,6.587821081016756,-0.377711725000281,6.406255583334662,7.307576382729544,-0.22471615519422278,6.330142902456482,7.2979192669586075,-0.2604041365905401,6.241700817776908,7.300595843228749,-0.2897982552002272,6.285843957095748,7.686794709272538,-0.28909246008413275,6.260938575711064,7.477502883199552,-0.34990130690931254,6.255588281997237,7.4066147076711015,-0.34557777858509603,6.250025005712381,7.347913709327822,-0.3115437846360865,6.239749668720169,7.30606263412069,-0.2883365238321365,6.406231998016394,7.31095980384112,-0.225147301959233,6.421147925054542,7.334061265731589,-0.248443231052506,6.435660042855673,7.370484858910562,-0.2745894994614961,6.449695451345139,7.4095936048390465,-0.2659002527882441,6.5388936956225265,7.068584208597272,-0.2027995875317551,7.2775058166441084,6.698286850012599,0.9742311479498565,6.467403022418314,7.324397717601124,-0.18399064239882207,6.479473702425372,7.340786654971118,-0.19964485020213807,6.2398189952617455,6.791860528182059,-0.29118297693063894,6.379737823828365,6.776183438599798,-0.18880183514702406,6.24834830399549,6.764676662111337,-0.2812646582267968,6.515107544795664,6.270604267961372,-0.017668870826745824,6.68253828976892,6.360253492112313,-0.0022761683456320983,6.432482457248984,6.59829296232787,-0.20781671629046147,6.880020303749029,4.765682285791884,0.44000653621468894,6.828432780336783,4.882359569971654,0.2700848376797457,6.775308637704029,4.985911624535129,0.13145571953301383,6.515732198376466,7.556221384393069,-0.21682186328718547,6.330544567573657,5.104988536172043,0.0008809615760488236,6.339532003247098,4.866412321289229,0.10142676277327237,6.3565820442352186,4.592447408404791,0.20890932402690465,6.810721635730538,5.938771704645799,0.17396397863918509,7.0382070333743485,6.077862188246573,0.29245624909840034,6.395444216381808,5.914795084506255,0.13925577067259565,6.939149411354208,5.614149816360791,0.2521897901278358,6.326538637001121,6.076138315893146,-0.05014436883247778,6.350406979088615,6.497898838939194,-0.3684820707883745,7.154024525497247,6.1948510845101294,0.3792094373794799,6.975955372571772,6.173384156646314,0.1858829956692532,6.852030963324114,6.223383601961829,0.09044825497831512,6.664369018222978,6.211707440005804,0.06003715910944428,6.521441989517232,6.1622869070477835,0.047727990439064276,6.407823649646195,6.092489373812588,0.03756000182193932,6.186934994051359,5.864598022811917,-0.10575543921856924,7.1523428208340585,6.5120771887514985,0.3038139869232214,7.01305364879454,5.587589531810949,0.30462575962945126,6.15602464769425,6.667689545152506,-0.475201816738849,6.392803375442375,6.313216505712617,-0.09947090111979595,7.269056555051153,6.002464213982583,1.016941211168919,6.324501008444065,6.006257876690704,0.0399414768478114,6.444353019404068,6.627693133609196,-0.11780124966891102,6.8818964086112775,5.7663405148463625,0.26598836271302473,6.351641992117936,6.417742348037926,-0.3222717095917342,7.2562618772439205,7.067027577591566,0.8712167314369058,6.386286680534189,5.865726901909031,0.17096778333771898,6.269262048939923,6.311050944671621,-0.39866710160498975,6.992243536309165,7.70821661061966,0.1554534346849673,6.99791401858615,7.923181777796088,0.30235768285848225,7.250857265827414,6.60045923807548,0.6395142520852293,7.107367763016301,7.524519143107437,0.30399096614856025,7.163823153177795,5.617489640368901,0.64390246135803,6.583521406025788,8.138675827867017,-0.20194890798421525,6.151177507436812,6.734274472156916,-0.3604243567470863,6.485134893516372,6.433937599915475,-0.08476765513582334,7.123826741634486,5.8892421789291145,0.4613037659267975,6.725149098106936,5.896736235132205,0.1448600755840226,6.648007954410937,5.920245079792762,0.12224567508383416,6.512349491971505,7.378527452440043,-0.19210692888060132,7.149418956075406,6.824161693610383,0.2813498646559573,6.403591157076961,8.362607704225073,-0.1992367303908538,6.717128660482494,8.201254109592277,0.013674827835316374,6.8508952945141655,8.090523184442569,0.14003646480839907,6.560001126059404,5.917179703124501,0.12339234367526633,6.479842491038294,5.897884768661209,0.14233146591759957,6.422182105525275,5.88229344387265,0.16854824460099585,7.08611667654997,5.576236417244539,0.40698793935320837,6.478753992864882,5.736428613629276,0.13900739895687372,6.560039005509957,5.670204970818339,0.12756771555181942,6.642061595380874,5.642101277335153,0.12937643698109944,6.720602849334073,5.653112047433367,0.14983904570990575,6.774719004747323,5.691030449495918,0.17572583094878141,7.23062892452599,5.62363325842448,0.9181982387356756,6.774278030766367,5.862391723493912,0.17902946176725776,6.436431925998998,6.982767241311619,-0.2337489300685016,6.337437198160907,6.635330488488432,-0.2860515397828255,6.253060364702846,6.92294415358406,-0.3062705228945197,6.860123586316589,7.882382036018429,0.034599083992257994,6.728971349079625,8.015776307904106,-0.081069070741971,6.399337223309302,8.228528743403002,-0.3034451983102993,7.108924394022007,7.730965722149332,0.5100893713964367,6.416279343598679,5.813052667089909,0.15942623190556088,6.255605434955977,6.082123269080374,-0.1806678820111253,6.5720975355045725,8.290373021435489,-0.11389595872148589,7.23459626094136,6.947858826154729,0.5681426222014431,6.330439505701371,7.30138059109113,-0.2600818709112855,6.3433771248314414,7.3385560556282305,-0.2846680464544069,6.3554935460618065,7.388086653404836,-0.31659140009880443,6.363604036719637,7.447631720259475,-0.31661974268297344,6.414498294716117,7.633428995804188,-0.2668668934839363,6.4845731341176185,7.3169118805240965,-0.18896954552096012,6.499699899606953,7.305565198317213,-0.18809559333929574,6.5157893749056015,7.295653646991624,-0.18636317800837135,6.623015378819321,7.1898098856697485,-0.1563326913297839,7.01661860538612,6.872381519456564,0.08234321954206392,6.25465916339879,5.9584432894947685,-0.07006286248206846,6.310023911267029,5.696550128677308,0.12034271288709866,6.37011858750798,5.733471872366372,0.15337981394951222,6.4648386550866,7.321206552568765,-0.1824150493332582,7.047112992493772,7.266551508368416,0.1617705031019771,6.212096955110538,5.672693579248948,0.0090355380808077,6.487982284667305,7.804230297169965,-0.24552191243616714,6.184329173736022,5.996677234527485,-0.2243182869559358,6.327108972879245,6.310157561403883,-0.21738692820402958,6.33160590689573,7.870751615285712,-0.30753818908227615,6.712443043919864,7.550429401991672,-0.11317189391756619,6.533827855141147,6.745620439657185,-0.11278108340709433,6.6109132517212394,7.700031790473954,-0.181637470871601,6.7827094246939685,6.710511906648322,-0.07963113687067466,6.6435796322294145,6.8856521918688465,-0.12482939533058579,6.881954299847027,6.964897431837022,-0.04518193746433864,6.376647432428607,8.062207937801583,-0.32777850171948764,6.388906080275196,6.416533064446717,-0.1691406693804144,6.81240048156727,7.683955179894361,-0.04557406292330769,6.684129226692107,7.838802800218184,-0.13351070206004576,6.785828404358294,7.36317912790031,-0.0747110574530717,7.135595100743741,7.09368470488763,0.27157855216882143,6.926471945431703,7.40870379510438,0.013513068231490262,7.198277014928059,7.260331416705119,0.473227707732129,6.734510325339599,7.085474870010428,-0.10761432411833274,6.321475655346198,6.193700406861283,-0.13581433548507077,6.31990330079498,6.556869281676023,-0.39253143466049406,6.37871865219653,6.6266232178077535,-0.30223370359550195,6.274749566323675,6.440777342213274,-0.44684350902435865,6.38916265994969,5.494748427921035,0.10280335471594768,6.549359859280727,5.343893873450692,0.09789529688694122,6.689548132240897,5.307016441571708,0.10494491724891422,6.808110097762286,5.347558531614951,0.13826590201194228,6.894501689165749,5.443595803483524,0.19055346938549567,6.9505461230240835,5.805818764094384,0.30421478099171023,7.249909564856998,6.274091321532006,0.6699712511031255,6.883991213697469,6.035456500706828,0.1945448824799307,6.7854932069562395,6.081753051054224,0.13545130919422554,6.657725105537466,6.096658972199773,0.09766387711872462,6.53010137485476,6.072208858928328,0.08012456920038245,6.427513102160519,6.0215640335402,0.09500737963752492,6.352796958006468,5.970344226680956,0.0945090169489083,7.279344042055805,6.350669276416023,1.0310376377355714,6.3751158161543975,6.6839476912121025,-0.26025453956235745,6.255305972884631,6.19204014339652,-0.2770323219996346,6.250125064638367,6.54928695920608,-0.4651521930292311,6.197075251493489,6.651546466857792,-0.4363317381503401,6.249025845865742,6.591779840952755,-0.42280051050802175,6.350386252596804,6.744813535889764,-0.2334808704190169,6.18276468095756,6.658770006607412,-0.462515908344464,6.176880501402932,6.722919928177277,-0.35925764286858425,6.348923248157557,5.859343857137698,0.1575832492279631,6.296008514562761,5.8772622666620595,0.09986607804098886,6.261503193936274,5.884805637621529,0.035327629671629945,6.804575873555116,5.727501928018041,0.2074811168659358,6.887510429065741,5.628795584298775,0.21442665807721736,5.5835407188415624,5.889560580725736,0.18437270892056096,5.683672187549523,5.878221760291609,0.18453629856417456,5.577049038664873,5.7569732126074795,0.18461970705950873,5.484635329330244,5.900568491997493,0.18455346269020598,5.590563783385901,6.026626300488509,0.1845276104118958,6.639078409973245,5.799800577049595,0.14891191488922928,6.740068598678156,5.7885564552418485,0.14840550058391216,6.633243545174997,5.663789764249367,0.1484195155339248,6.5369353994996455,5.808069017869161,0.148298048911385,6.641611330213935,5.936944914539929,0.14831657544689972
6.173565667988538,7.198614953731918,-0.3668264664538828,6.1437398566986126,6.59761892772665,-0.5211770834198061,6.159148960938822,6.8263036019641365,-0.3123220284966146,6.053264276776994,6.159714505174099,-0.3228873352893752,6.136920988530197,6.437685604977924,-0.5351248989656875,6.132491490860251,6.26071265718868,-0.4711252059473514,6.127728559232023,5.859824074955361,-0.1340756405489425,5.454725529694889,5.982461659697892,0.26106275540178453,6.1116719894823035,5.4367481216466995,-0.01431145488627045,6.104108643769101,5.219381877495273,-0.0033928703177972122,6.0847874393804195,4.642463160734062,0.20522563706639874,6.1757092746643085,7.252864083858387,-0.36287744783643006,6.1790939167839465,7.306561323295284,-0.337070696955167,6.181289981819533,7.348336861508235,-0.2991996236842083,6.181897923907264,7.354971047505792,-0.2953279676735905,6.182114943423215,7.402988411929183,-0.318215105422832,6.184306696812789,7.463255881281121,-0.3491532315579665,6.185445689967699,7.533533555458229,-0.35141179300424125,6.19868172461772,7.748451862586184,-0.2876003527386182,6.149384519936352,6.703067417033569,-0.48084989896314556,6.082426813188698,6.735511116060615,-0.3542728171547731,5.109167941433285,5.5695601130667,0.8489139650179793,5.722285800898236,6.0929867528804325,0.13085929859096662,5.626039801396853,6.118744526157775,0.14317113640955445,5.536217795149929,6.12096933550011,0.17763024924121978,5.419346677644985,6.048476193880361,0.27274558694535217,5.805021257620149,6.042779072282805,0.14630883574078557,5.563335892744144,5.576078603229594,0.1438601688814018,5.678642242050466,5.593339200128242,0.14029410078190407,5.458852493536306,5.621867565272306,0.18039634981001262,5.394352784319484,5.7111937322278195,0.21821121448738415,5.35208212542279,6.166773388303865,0.3161820295891055,5.852389719318692,8.08236225775329,-0.20646979396232676,5.424871333402049,5.938354958207635,0.3023150798624438,5.098806696761949,6.221057011598432,0.778805163643019,5.244449068802983,6.0764242833319395,0.4390094614951137,5.6932960896308575,6.665781020927067,-0.05437885565303824,6.061853794241118,7.171966825553041,-0.3467487702984534,6.080803478465075,7.3128721358419195,-0.32001371304815124,5.95688461624923,7.24670992778353,-0.2923639356050466,5.885035347100647,7.324729162375681,-0.22928513831416591,5.995866926453894,7.338082330075703,-0.2800896899501283,5.925000353292277,7.373915701476068,-0.22022416930638664,5.761592203161491,7.59603230162152,-0.12737551106953648,6.067366952275483,6.606564155986787,-0.5087722981905681,6.049066889384042,6.453745049158318,-0.5195646625501523,5.2623923429869075,5.570253210163174,0.30074573053993364,5.869482521326696,6.266342948273045,-0.010081726639400275,5.876063171052934,6.658557576641166,-0.2666974928710997,5.869458807273628,6.592932887118973,-0.23014007933152733,5.403197048202166,6.723193462011209,0.09166090081467126,6.049534702976374,6.29046373328106,-0.43739600762693626,5.457363538446733,5.318200492450648,0.1403884966361364,5.338208326466785,5.409120171911532,0.22336933542042547,5.179754976211774,5.246252414747618,0.6899583978284961,5.890022843625348,5.425533171064933,0.02241405249596474,5.7799835292268575,5.6736863642631885,0.15858254243995232,5.683513324132836,7.473699406530524,-0.07990226177617683,5.256225251974014,7.6981421396996,0.7924279888707252,5.9510703616016745,6.73552548821399,-0.24509742636950213,6.0290098307425986,6.778879088867434,-0.2653210672511492,5.7969516528043386,7.457608343612707,-0.09481920397515375,5.816916370360353,7.445727603025878,-0.12383006925577979,5.284234782381268,5.323570288255105,0.28735407241665656,5.884158645744818,6.745668635457871,-0.22486839593033972,5.633977182401621,5.3136509873000275,0.07179810203692145,5.612637049767691,5.179860611539074,0.07176387273257659,5.536000416330142,4.789861091309761,0.3376776734138432,5.227577238653109,5.29434163993788,0.4603399378384957,5.577183103216406,4.987019369209314,0.1992520087118166,5.208182376978384,5.531461330990719,0.39895651569002577,5.157318966883056,5.565724185331111,0.6090397160320268,6.068972321807387,7.248063066023716,-0.34469000424057045,5.977905327774418,7.295936708913365,-0.29271784988188765,5.904856702426753,7.347152596070196,-0.23415460352928116,5.9788186781213515,6.77025579684288,-0.2269776217204601,5.807509795976902,7.451505927289998,-0.10979322495669165,5.856776819136185,7.4518055866878505,-0.17897608912227067,5.829514640704391,7.441016411149796,-0.12581377449701672,5.97693305159865,6.643652934984393,-0.36435980071804674,5.940146447125737,7.389270191533455,-0.20809431887990032,6.01101589471803,7.362652963484332,-0.24831108477696515,6.092896926921844,7.350964091145049,-0.28415525774885037,6.078181997689611,7.758358587907059,-0.28085341270654246,6.081823182746978,7.533730453959456,-0.34070211343953827,6.080786950488695,7.461424868941241,-0.33674534733315725,6.084568264041462,7.407009021835631,-0.30236571924659844,6.092227184574603,7.356899790488617,-0.28057504206087486,5.940115546995982,7.393259182702479,-0.20738794999804527,5.926255401585683,7.420030911400376,-0.22951792228584955,5.91405919223229,7.454733194330187,-0.2553145003773024,5.904672738863563,7.496329799233628,-0.24604387758217622,5.789169131752179,7.1761153476245205,-0.17677649841780965,5.132756956766452,6.9699044096183576,1.066540255319521,6.154540529959367,6.767990026863429,-0.36882769898528944,5.885622449565986,7.418314876287489,-0.161757261294367,5.872165083754001,7.436736383874943,-0.17614181065090873,6.050241094314719,6.839536762183483,-0.2850065159019096,5.924353247086601,6.844012250744227,-0.17399553165287035,6.040723854350286,6.811925699728531,-0.2746509751789442,5.771125252494635,6.381357542865869,0.011040815241623361,5.616772996204967,6.504473001708093,0.03578512363235768,5.861745272557664,6.6800044225139,-0.18603660034753614,5.312674758782081,4.9804703382205,0.5051458895033881,5.357669300047031,5.0950264611206855,0.3242382054241071,5.417070487854336,5.201048040043403,0.17528625208008197,5.847570017684636,7.665301769239424,-0.19296850325659168,5.849462111676357,5.212967226140509,0.013912593945400365,5.819683728492566,4.961998887400071,0.1207185092784981,5.787359318338526,4.691818213332762,0.23234818104556465,5.46293957465211,6.102353085234435,0.2271077346214764,5.26153971498798,6.296364939456529,0.3602638942018112,5.860744970682816,5.989983326166309,0.1633424312138337,5.3157489623888345,5.821427789304532,0.31365917771617197,5.931615136882778,6.1483547551470865,-0.03217639943077495,5.917469704228001,6.5650343815965355,-0.3519887226797694,5.1718815512895215,6.447059123408614,0.45589256480279067,5.324540049304033,6.37944245342875,0.2491313529743112,5.443825688575852,6.402541378331855,0.142886579000989,5.623225733766174,6.350779349346801,0.09883597382187231,5.756550451757801,6.269248997685319,0.07766455679466198,5.857361765778517,6.179486276571064,0.06068455934827948,6.041905963965319,5.911848755043329,-0.09852327843177883,5.196848496827446,6.7569766457327365,0.37966904094879433,5.247659089259123,5.815865047341026,0.37379211023863335,6.108004215941193,6.701508038392462,-0.47322987307007336,5.88696552729881,6.3937456204668095,-0.07778176844237594,5.081552926636154,6.283309993939024,1.1118898785987739,5.9312662528596185,6.076433625231632,0.05777495058239574,5.8575543526337315,6.711344340161803,-0.09740584350693038,5.377163688883873,5.95153925310551,0.3235316344338452,5.916825831756834,6.486798127488433,-0.3051265200838345,5.179873546477111,7.330130217613727,0.9589543573279737,5.865362384258131,5.938479277334323,0.1956806857937414,5.979082766439603,6.367785199826891,-0.3869441351608844,5.435519661837035,7.907624179813743,0.21318787740520576,5.455978422165289,8.124443204225445,0.36293610418738875,5.1281327164182855,6.872418093280777,0.7244808491892116,5.3213878767652245,7.75409868164693,0.37170464478698123,5.127954861020279,5.87885639906122,0.7272218434025788,5.833252478493201,8.256927151244678,-0.17271383873449692,6.124124023165759,6.766792107879684,-0.3597532560837218,5.809533395171997,6.532141552776543,-0.05864896838771253,5.173725139263604,6.135375982042464,0.5373889173389466,5.539374997942418,6.032586341109782,0.19140647474970648,5.6179993001916255,6.037102790307642,0.1633790016072243,5.845465934430645,7.481954771428697,-0.16574173870897274,5.227797851207404,7.067599840787534,0.3540184300400488,6.019069690165129,8.446855876693146,-0.1834047222173651,5.7218675712350455,8.339598651884076,0.05328435441824208,5.595687250685761,8.257959071856948,0.18982457224948343,6.094273779215097,4.937929842144204,0.09094400545329404,6.226680835213778,8.443993662348662,-0.22292752644310498,5.699857696253875,6.0167223582152785,0.15847889451198532,5.777212578056301,5.985104339399583,0.17237536329428835,5.8341622358017915,5.962445920997399,0.19512612278190192,5.186503420828656,5.821945186826005,0.482783717112631,5.765862169928981,5.835333925605628,0.17034840685399077,5.681552962412588,5.788390520343128,0.16305986120460203,5.600588873594051,5.777516908404,0.17168241216499752,5.520500048916007,5.805499850327513,0.19702989414823938,5.471240211833412,5.852549609524981,0.2258487564423812,5.083537721017139,5.901294204909109,1.0106915943484565,5.488310737003685,6.010719469054686,0.22887303927264874,6.164527739339137,6.957243261103306,-0.3084541002632782,5.879972756074565,7.067126996941521,-0.21424555561110278,5.944166697728351,6.697204297064541,-0.2714162076712128,6.045801536137411,6.974736327582782,-0.29909607681044476,6.122622133138149,5.68068057270277,-0.04013416250695853,5.563464164213009,8.056789166646807,0.0823487447419424,5.691061579084995,8.159800138741453,-0.04317588841555961,6.009900615616187,8.310599958020838,-0.2873250361755426,5.351630121199169,7.958898992799409,0.5842860173197933,5.833148998988907,5.897175864359716,0.18718275712264346,5.9900203344612475,6.139027227607194,-0.16873924217533592,6.21878046250395,8.308429762861326,-0.3225594256275457,5.858164091240634,8.402836126730804,-0.0845681476843947,5.170604944766053,7.208844333896046,0.6507309525828421,6.01132274019257,7.371325120830358,-0.246394243733653,5.997856032480891,7.407080163994833,-0.27001397954465756,5.990086805670603,7.45609926750841,-0.3012914007818728,5.985262073782865,7.521276264452994,-0.30111902476734026,5.951885981305664,7.724572529754857,-0.2504504696326818,5.866828343902305,7.409338747897598,-0.165558493753451,5.848591877789546,7.40334699715587,-0.16230185362480307,5.832328349031237,7.394035997592359,-0.15858673057527153,5.7203919103873435,7.315142936075052,-0.12364684675674767,5.347023127435051,7.0847724082467645,0.14087355681251754,5.987212734299586,6.018567742708533,-0.057878929743585036,5.923161076964206,5.770127825050461,0.13756534535539466,5.8706150470125875,5.8145449650536,0.1760786742302654,5.885440641825801,7.413866694818157,-0.16067860872713938,5.350644191477695,7.482500913256919,0.2233209865982149,6.0075870582267665,5.729143473880763,0.018060908294350246,5.898264914281651,7.908361471281842,-0.22505359460046082,6.131777194837551,6.123451406387844,-0.35614223009195023,6.046916815239253,6.0409193156361765,-0.21840054515160032,6.128862522133251,5.998068021743162,-0.24054978510752198,5.939763788542147,6.380048239693474,-0.20182325431994,6.211150286277556,8.135461615609819,-0.34857028354321284,6.205947566756076,7.934745151838634,-0.318181106297506,6.049963711754596,7.942212922731898,-0.2949765236106106,5.668973016564101,7.695756362239473,-0.07892253004584548,5.780487273202625,6.849807102984728,-0.08710585452522993,5.775004655994181,7.828644166768523,-0.15371253826908554,5.545757671255926,6.871708827511757,-0.039329692450079355,5.688230264870267,7.016065610433463,-0.09308694404849738,5.473212789884029,7.148963475469875,0.0008885312766786345,6.020350608334609,8.142030408309521,-0.3120240533354849,5.893868113260631,6.493345361958076,-0.14890719756015808,5.587407453126852,7.849820097550152,-0.0035117518160460333,5.718627728560653,7.979199659440546,-0.10031609228276908,5.584789924693565,7.530012377881536,-0.03331746700391594,5.261339223448409,7.333654988228763,0.3410937321624971,5.466991803295982,7.599472995139317,0.064411269946469,5.225504414832707,7.512243366057274,0.5508761951951417,5.613846466474134,7.2363440121623475,-0.06948708784495307,5.9409818285406155,6.263770332819053,-0.11859567485565148,5.9472667712111775,6.619049245623003,-0.3778724319510537,5.904256665023378,6.6957778608421465,-0.28500076704055993,5.978380686747271,6.496941993339983,-0.43338011358331396,5.831101685740744,5.59616799921613,0.12631127556866245,5.661664776573291,5.487270552403223,0.1289255702674397,5.521443580785027,5.477129920286182,0.1442326209904467,5.411626316156168,5.539154026084289,0.18775073788704716,5.33993082904869,5.650940635029255,0.24675729780178052,5.320157979740222,6.007892107182135,0.36664164954408573,5.100268344760111,6.547771269571047,0.7572161232778383,5.401949904593115,6.217374865903947,0.2509670811770174,5.498346811704928,6.243430861363805,0.18421753486014822,5.621540598783042,6.226703112051508,0.1373234440489142,5.7417061731452,6.176458782462777,0.11153846473436416,5.836947559125723,6.107524186018493,0.11790240933550561,5.90154499898549,6.042123702088939,0.11326426842024694,5.104010494194933,6.62897178031259,1.1244719802702667,5.91690631581573,6.753298811684264,-0.2429351583508349,5.992103578092846,6.250794434145106,-0.2651407640957712,6.008622931181216,6.599212080928186,-0.4560187253616291,6.071895617803711,6.689968636448271,-0.4324172691331974,6.015713433048405,6.637697114626101,-0.4135546711760924,5.949075506713328,6.807947487674537,-0.21991543748671588,6.081997804410476,6.697804334467916,-0.45904074008644224,6.09921851858351,6.753924718963713,-0.3563333123623589,5.89867236482981,5.928714836331853,0.1780325909379852,5.949365105603819,5.939964639385552,0.11448279123324258,5.981429379781785,5.94224657803755,0.04750455363992797,5.444375782746252,5.894409584139006,0.25949740333443155,5.363153354470813,5.821079264585206,0.27149031408704877,6.213632357165291,6.142856687873765,-0.3302732522778745,6.837286801572744,5.853966703847683,0.2092553867641334,6.225841501456721,6.725740207589127,-0.3597362565210588,7.200835451428241,5.341104674675532,0.762862223730915,6.577842126076004,6.020041607037062,0.09678515736132451,6.677142208169417,6.028187743569592,0.10236478660504521,6.770227771143801,6.0059446803999235,0.13037728126893267,6.8798362802448985,5.908964263861115,0.21690604330908447,6.487010116750703,5.982731496877493,0.12059934391618482,6.690063492660542,5.453465091843966,0.10188390333573845,6.576667202537658,5.49510804694204,0.10813174788540349,6.8002555111886345,5.478571806573455,0.13131944329208411,6.875611585760536,5.555983099077874,0.16492354773691908,6.966353769127248,6.004043963116178,0.2560517918454018,6.5838956770772405,8.013917033131401,-0.22901206740005503,6.862486216691496,5.798670921651734,0.24719823097600477,7.2605079136304855,5.988850441176583,0.69413081360496,7.076826044646138,5.886282850013533,0.3703745244486834,6.643941815267215,6.575044586421705,-0.08713234195476888,6.284780983836878,7.155960558340132,-0.35541517878313,6.280385260727362,7.296978690032998,-0.32750014528431176,6.4010021207054715,7.216595236210782,-0.3101521028149776,6.486951909529537,7.279504307352909,-0.2524087428993932,6.3734952563624825,7.313310486519835,-0.29503273220419773,6.453625760285312,7.3306318057664885,-0.23907201334979336,6.63560381048714,7.515882395291635,-0.15633778050656583,6.220401641404566,6.591528727734309,-0.5135448411963658,6.228039722315314,6.439280914002467,-0.5256990569141193,7.01101451713008,5.370603878780028,0.2371445279303884,6.435605235777,6.210954824991667,-0.03277506979534288,6.441372062318421,6.6101277314159335,-0.2882919901632647,6.44621260357487,6.544742338247422,-0.25278801055304606,6.954383921189498,6.563765320453588,0.037300001932167225,6.21766877644045,6.271308527263851,-0.4455515758851167,6.777163053754548,5.145270431405582,0.10091225594168013,6.9117898888418825,5.219057785436684,0.17126195930933158,7.087671990190021,5.033517237717211,0.6128288444431909,6.34186430260875,5.356233521924943,0.011632927609448982,6.482946390384132,5.5945967635484894,0.13215923740717847,6.707324448863024,7.373508250927908,-0.11496138394060533,7.2334580837647975,7.491726398507854,0.7125855567970911,6.368098512770449,6.7031953291986,-0.2631189614198477,6.2916142241586686,6.757550813260038,-0.2739613812948557,6.595417832437382,7.387421214001857,-0.1243538219638232,6.5737942090781445,7.380247353645097,-0.14977198574822984,6.965781757422952,5.120277256687751,0.2293774344866162,6.444500880107996,6.700458152588473,-0.24593866892817873,6.591683228383082,5.181537841837851,0.044422043939066236,6.605468997899669,5.041393896373973,0.04315844533722609,6.659506857371535,4.662670408378267,0.2941380656566503,7.023880468830715,5.0878867346281895,0.3935545621923943,6.623469401393256,4.859377041358034,0.16421434933736848,7.070036639392139,5.321098996482402,0.3297886412312863,7.132704258357578,5.347211402644254,0.5327146439318454,6.2849527310697,7.233341669322466,-0.35302066574853064,6.386592599732443,7.267522243084791,-0.30898229935627175,6.4704117168187745,7.305795287520436,-0.2551527687388628,6.345558664633603,6.740378245800807,-0.239962592816225,6.587062581073258,7.38298668607823,-0.13707716372695253,6.534124191334522,7.397739701516904,-0.2028067138275528,6.562639980844384,7.3780397908868105,-0.15090400616310418,6.326485379890627,6.612550157867164,-0.37910920066188775,6.441502130306458,7.348070976670812,-0.22543270505868612,6.364733991665536,7.337610923445028,-0.2615384287654931,6.276352434490546,7.339581345672638,-0.29126677889034963,6.322272901736633,7.732653991597202,-0.2868009241636648,6.296510816813278,7.518327817188266,-0.3479695050756793,6.291269292477686,7.447595264356862,-0.34408361165062507,6.285651936331359,7.388954004159221,-0.31028693157881987,6.275368660592078,7.347482436990135,-0.2878895923252751,6.442301940641735,7.352870557290144,-0.2247005112137367,6.457481809035625,7.375802046606439,-0.24730732460271124,6.472161526492091,7.412342527952817,-0.2732618840988327,6.48626923224426,7.451626653378341,-0.264500170272093,6.571856124195627,7.105418725176553,-0.20379356426510234,7.312396417565232,6.741338305646208,0.9752544452514281,6.503974287986007,7.366418467668387,-0.18378176667854285,6.51633290267253,7.382733736178843,-0.19901107303439097,6.272831256913853,6.821568696034988,-0.2926811110648247,6.411919927016226,6.808631602175152,-0.18989344630323163,6.281161357009572,6.793971287125741,-0.28281824326823085,6.54698798721215,6.302217998918195,-0.018141125682431522,6.714979776357821,6.393610522225091,-0.003178127328483933,6.464643453062017,6.6293670145303825,-0.2087944673141231,6.915452632129313,4.798418630732628,0.44214955244249227,6.865015715685366,4.913391905384501,0.27115447728437375,6.811308415741107,5.019386536519643,0.13169661126395493,6.552257537246821,7.601367244954044,-0.21557823598922035,6.365781721646519,5.134143869567068,0.001217772889050358,6.374231829222913,4.895513305890761,0.10267306929492301,6.39089849688337,4.622817864286791,0.21108500680165557,6.843152077364778,5.969034475407992,0.17420042466441207,7.073176236296746,6.113716428299791,0.2926953709357507,6.4265788048502985,5.942099982073133,0.13962041732073063,6.973633264811308,5.64871905942143,0.25261704929736134,6.35899231639252,6.105286441738121,-0.050374919690153105,6.382627322616485,6.524159258792482,-0.36972683437427667,7.189411745318713,6.231865589543541,0.3792389542590697,7.009665690535907,6.20866965260516,0.18560093322013418,6.8846703540323295,6.257282742785914,0.09012397866321172,6.6966286923219025,6.243466073139572,0.05964781620485612,6.55330814165848,6.192446365876299,0.04768374519906841,6.439505119595105,6.121431400231092,0.037464678177811905,6.220525241923584,5.892015901994524,-0.10599019597843587,7.186026384591408,6.550113930571051,0.3033300682815214,7.048828371265418,5.623030991087953,0.30515470297834185,6.189873031814638,6.692748929518522,-0.47708417021419386,6.4246816806048965,6.343460330240961,-0.09992501251556177,7.30397864733393,6.044072566086488,1.0188038664945969,6.356261607251412,6.034002716824816,0.03989795953472608,6.4763323254013,6.660205344025524,-0.11845552390376284,6.91552089985784,5.7999751945704485,0.26651242893991645,6.384014235417101,6.44516846663223,-0.323307922883979,7.291181681969492,7.11097499967104,0.8715903486118811,6.417552373923597,5.892715466560015,0.17151535833851145,6.302473104640588,6.337034540467331,-0.3997953104913308,7.026103122350044,7.7532629409282166,0.15602347947746256,7.031953307381035,7.969697510237157,0.30198674352731103,7.286337547674699,6.640887014067517,0.6397892525671034,7.139896083906057,7.568379559921782,0.30388936961267643,7.199293319371184,5.655179342363158,0.6454583933785581,6.6197132391088935,8.185585219110207,-0.19990731153621374,6.184564676965857,6.760048693516484,-0.3621372370246766,6.517024921857501,6.4657350181107915,-0.08529384037559125,7.160487068045354,5.926846815697035,0.4619789022789125,6.756807772930589,5.923129458226783,0.1454692661905877,6.679737100461138,5.945734340357648,0.12285186456674446,6.549563477096817,7.420367219789333,-0.19149546981817864,7.181941099994775,6.863536821103154,0.2806405251846863,6.439741541518111,8.411633321811186,-0.19775160081252352,6.753882321111258,8.249440696552028,0.014643568122255821,6.886747848802578,8.137866795477,0.14037813296616417,6.591710535474493,5.942688521753809,0.12398308777623633,6.511309835068228,5.924073708703472,0.1427925873635703,6.453566115848808,5.909054089819705,0.1690490294500201,7.122467692116764,5.612815264469531,0.4077706878765815,6.511119404036019,5.765759409032356,0.1397024845621466,6.593173620687992,5.701541034717835,0.12800000359013758,6.6750445923844435,5.674720800002301,0.1297456700411134,6.753454749548375,5.68655375317916,0.15024714261267655,6.807614053716254,5.724403897001768,0.17626120057811845,7.265678295806874,5.663219484264552,0.9203599156124971,6.806048207606128,5.890343701949429,0.1795770472417214,6.469693109150062,7.017747152378251,-0.23513258365342002,6.3693661366980585,6.662637112376448,-0.28723702919261496,6.287311920046085,6.9548610766815235,-0.30781186711585573,6.895643493133575,7.928205822053347,0.035789769318653464,6.765029363268332,8.062228308091294,-0.0793803055873052,6.435382467399699,8.275604483162192,-0.3013047848497025,7.141882315502379,7.776555889901874,0.5094345400702662,6.447811505637756,5.840661682861465,0.16000901234708176,6.28878865880529,6.109639766995183,-0.18099602790955346,6.608885258756729,8.339230724757694,-0.11255697882231634,7.269065093749518,6.989418919469923,0.5680761595717417,6.36605479256063,7.342838794234913,-0.2596506688762742,6.3791183613701605,7.379767323722397,-0.2833574460411516,6.391390024528769,7.429523000096403,-0.3150001445389694,6.399546221568659,7.489078329248647,-0.31484627267190624,6.451291003969664,7.679260004596502,-0.26522472891056237,6.520465615375297,7.3580021346524225,-0.18962767374825612,6.535480204005383,7.346172415210072,-0.188690137761972,6.551352091584243,7.336052982019258,-0.1868170644169824,6.656770399369076,7.229588381468779,-0.15658500400109268,7.047836692682594,6.910944087615808,0.08153403452578406,6.287682721603141,5.98655987923256,-0.07021395950185609,6.342682796743414,5.724600076895326,0.12082420074702299,6.402239563110995,5.76167628025873,0.1538110885739026,6.500947512485388,7.362507804735252,-0.18271787925325833,7.079010611959025,7.308247895493753,0.16152658823271016,6.246051623531601,5.700083698365685,0.009288277806580796,6.523559221389106,7.849288327875305,-0.243567735207709,6.217980652168672,6.023367323327865,-0.22464701985539687,6.35956217227381,6.338555114294327,-0.21793508949068124,6.367329602564927,7.916032608145352,-0.3049066935066773,6.748384253837937,7.593718384928265,-0.11210324544899314,6.565649509760954,6.779572545267742,-0.11344635686655187,6.647106563440227,7.744325617352436,-0.18012976882140982,6.814260456044178,6.746312507929038,-0.08018323176052113,6.67527023519242,6.921578762505089,-0.12542651233304944,6.913204108733909,7.003318228998166,-0.04527945236322766,6.4122562354051835,8.107668026807012,-0.32528402660347033,6.420837848184952,6.4464813628429685,-0.1697783600925395,6.847862550633191,7.7282927616557835,-0.04445378618718266,6.719913736611204,7.8839381524453,-0.13182286164875193,6.8206790597411215,7.405246277224278,-0.07408932083326575,7.167732070561317,7.134496465883348,0.27104583278746025,6.960180929253005,7.4516942024992,0.01394950960731928,7.231546587366021,7.3028073168339285,0.4728799560483895,6.766537002157292,7.124556684609713,-0.10779351946658104,6.353893794983003,6.222510036304569,-0.1362267364640102,6.351827797935454,6.582128620819876,-0.3939273399205391,6.410765124492604,6.65499328260435,-0.30352977384395463,6.307830324810842,6.465470570488705,-0.4484164850083575,6.422643709256427,5.523992482185951,0.10334372112999407,6.583498287036442,5.374652155081722,0.09816518724786337,6.723813620429308,5.339188866630744,0.10502207425325216,6.842563537684102,5.380766428430965,0.13822877742904413,6.928881972242217,5.477905657264558,0.19067609988041848,6.98519422498556,5.840649825834931,0.3045797719303923,7.2859509367489315,6.313322643222814,0.6707335766933806,6.91747479410907,6.068594334173644,0.1946056936343263,6.818557729903081,6.113134356088134,0.13535257269151071,6.690107327728334,6.126314339339996,0.09760262972570946,6.562088808762481,6.100832511407439,0.08054891885205978,6.458959266402498,6.050075814550915,0.09506524850397413,6.384249938732439,5.998414390639482,0.09467716667813474,7.313933519368609,6.39331589308092,1.03256376613511,6.407115316143212,6.713595019380212,-0.26149113539829594,6.288501215737805,6.218906218845974,-0.277701217711244,6.283105909361109,6.573319928016794,-0.4667695452153658,6.229893730100593,6.676496179875244,-0.43807545117770424,6.281581742495769,6.615830601874839,-0.4243257018705117,6.382495098805442,6.775582835491049,-0.23470597771959073,6.2161402979290985,6.683805138473722,-0.4643691710369685,6.2099394323557755,6.748670259690084,-0.36091362781677583,6.3803184361769105,5.886438428573809,0.1579655840716279,6.32780115053204,5.90484161166571,0.10018103895403035,6.293883587176464,5.911765396553759,0.035283299686454835,6.837497353619677,5.760478361274985,0.20796905658064782,6.92135455691245,5.662407098295072,0.2149126705490544,5.612324814735635,5.9171984298330615,0.15491464538814903,5.713423571823835,5.905824307652675,0.15502159442009417,5.606402768937772,5.784252058779011,0.15510247146755884,5.51281094686078,5.928145339754399,0.1550383806461055,5.618779708119847,6.0547022107220885,0.15501331920365916,6.670947810065112,5.826133950926932,0.12562423049614888,6.773186278915891,5.815034336875994,0.12509950093080582,6.665626520278294,5.689834915794503,0.1251145467788695,6.567894440118012,5.834245594291363,0.12499346138669137,6.673075607372171,5.963573416429609,0.1250111458722886
6.172734576165708,7.191392202657251,-0.3675494082576215,6.14439571701368,6.596131079755308,-0.5203056143283157,6.159186767153753,6.8254505328544495,-0.3124026685033769,6.053394919407692,6.1579305980416335,-0.32127463219072067,6.137654491578372,6.435915292249404,-0.5337667430030958,6.1329537329512585,6.258910362853904,-0.46946627235464733,6.127108129518702,5.858628017326502,-0.13170578967677554,5.4509670249304,5.979196909896636,0.2614878908452848,6.109776730522388,5.432306916467292,-0.011281568205385404,6.101735524473622,5.214328537333229,-1.1524557257652205e-05,6.08206918792242,4.646737968632582,0.20984173942562312,6.174782225187236,7.246349062646479,-0.363674918385753,6.1779819012275405,7.301084710465017,-0.33801174792247907,6.1799570098943954,7.343498553087717,-0.3006984663210138,6.1800683342010725,7.350412151643042,-0.29645748156936047,6.1801796585077495,7.3977012806768725,-0.3198806768046714,6.182098027689266,7.457223155461199,-0.3510244371522166,6.182890225820008,7.527021341083837,-0.35381495147664865,6.195083469397167,7.739913635845418,-0.29111095218585203,6.14993607637954,6.701950219912038,-0.48004019615798627,6.083150829250522,6.734730559789822,-0.35393594932691014,5.104414458244109,5.570575655577775,0.8501177435091816,5.720637229872046,6.091551864187321,0.13139577617153772,5.624049388513527,6.116629280264372,0.14366638565295467,5.533840070816948,6.118438479803212,0.1780612758660174,5.415704871235047,6.0453213933989245,0.2730341965563829,5.803631655163939,6.041959399337271,0.14711020083557386,5.560858839158184,5.573013657894006,0.1451512184820959,5.676492114725181,5.590592843250345,0.14171787361985272,5.455956867644208,5.618657341853014,0.18157397296339312,5.391223578864718,5.708051478336182,0.21915024701717503,5.349033821298039,6.164541107194262,0.3162773603749954,5.848290298564186,8.076118787781391,-0.21088713302080586,5.420723083691524,5.934949448209761,0.3027528711119592,5.093717269704425,6.220089063340879,0.7784222864566964,5.240867892934419,6.074746203207056,0.43910009882259277,5.69218273708534,6.664421000577803,-0.05492661052666115,6.0597813435043,7.1651282849374205,-0.3475824736339726,6.078592996668755,7.307622679262972,-0.32112515237570644,5.952726862654118,7.240685169211273,-0.29336129673431605,5.879292322420468,7.319045271349392,-0.23038444067007677,5.992060253977859,7.332878932452041,-0.28123610462849624,5.91969227242431,7.368697348570114,-0.22144893683914366,5.755808169458057,7.591724464567324,-0.12932104796129873,6.068109838086425,6.605021223420153,-0.5077353494399535,6.049686742663339,6.4519603568375965,-0.5182718359562889,5.258993285614809,5.568103537748207,0.3021231032246493,5.868931261464816,6.265185462643834,-0.009434238408178468,5.876305958116184,6.658596225563915,-0.2664820428870931,5.869570478451544,6.592603894786972,-0.2299138036969487,5.40123630247367,6.721202142753869,0.09079413502840557,6.049991268508702,6.288666990918067,-0.4359571622676272,5.454374266936057,5.31396379180937,0.14282302547441614,5.33509350432738,5.406307304198153,0.2254012190591862,5.176187393422935,5.247835717200415,0.6921005661713204,5.887884404231952,5.418459609159308,0.02515580039671529,5.778004081545502,5.671337081104691,0.15990173400566537,5.677655992395959,7.47016406744643,-0.08145067025789199,5.249888393771277,7.699621419041586,0.7885985849743309,5.951301193307316,6.735942917400604,-0.24518651101873448,6.028953847432034,6.7790053138873665,-0.2653010176819808,5.788662845243849,7.451714397834009,-0.09617879186473016,5.808750059496426,7.439967169704892,-0.1251446470186099,5.280613902414199,5.321548568200758,0.2892984308733463,5.884097223140925,6.745961386780223,-0.22494952517372657,5.631271463131547,5.307389911944745,0.0745139651756073,5.609609907716154,5.174073668038734,0.07480076554290539,5.534001311506296,4.792763139033137,0.3415302469015637,5.224000464919482,5.294271599290164,0.4621748444891206,5.574487807180813,4.986705523023581,0.20261816103168614,5.204224599614934,5.530048580397921,0.4006713521571048,5.153120278858074,5.565683131854643,0.6101339604963585,6.066765327750297,7.241852997099384,-0.34561876673078584,5.973907927997466,7.290327191333327,-0.29379036664777347,5.899320642523706,7.341713773074215,-0.23532923743963036,5.978730066029924,6.770793889382586,-0.22698581732042022,5.799236499714188,7.445666974206767,-0.1111129251610671,5.849408928290959,7.446187684673483,-0.1805469613454621,5.821534399230975,7.435307349693782,-0.12711679302246412,5.978012922028523,6.643497058471812,-0.36380238022801514,5.9350104970231,7.384190819174254,-0.20969127205627547,6.007469692685992,7.357840714894415,-0.2500000528396089,6.090692871472573,7.346241440359979,-0.2858492851417683,6.07493294075374,7.75038673932908,-0.2844619284142197,6.078652609039428,7.5273344855852,-0.34330120115439877,6.077837427826017,7.455442684775697,-0.33890416037364723,6.081783335831726,7.401866964410602,-0.30427031567852014,6.08947835919779,7.352479192640572,-0.28188784559972485,5.934494095884385,7.3885762786360045,-0.20871830659368293,5.920434913283048,7.414916327817176,-0.23131916084666568,5.908109157869875,7.449265263087109,-0.25732321711030537,5.89859523897697,7.490672877621714,-0.2481718653242684,5.786390752055633,7.1735867775808915,-0.17768181933560628,5.127506710555638,6.969463247078813,1.0643224082022196,6.154877439153344,6.767046210464896,-0.36868983151297996,5.878663878753741,7.413099946065003,-0.1630335717965882,5.864971707253773,7.431279564456066,-0.17768966365923203,6.050022870247371,6.839179333642422,-0.28524983966137796,5.923637462208685,6.844706765024281,-0.17446624142609216,6.040632844534478,6.811813664397153,-0.2747092233723755,5.770270992448767,6.380301259740115,0.01130734421515348,5.615329104194031,6.5029375524184445,0.035626308744700644,5.861668607341459,6.679762926480595,-0.18610180858228206,5.310165119177009,4.98259334677919,0.5081929462069971,5.354595009082568,5.09496625660321,0.326808886675247,5.413755618536194,5.197690221923646,0.1778124121739937,5.843037227731687,7.66030382858718,-0.19548097119750737,5.8469421971213915,5.205213231280362,0.01724982756948425,5.817376256821246,4.962287793241258,0.12451099624721629,5.785420794144874,4.695596411279896,0.2367254148229298,5.459852859267245,6.099437216206738,0.22744848652563088,5.258331803766747,6.294747452726646,0.3598951439522269,5.859405132809243,5.989519186900284,0.16421531522303393,5.312352821358551,5.81902385656007,0.31434390854547817,5.9310459152627235,6.147073246144601,-0.03116647690276609,5.917990446974815,6.5645056397816335,-0.35134602075424715,5.168147623816837,6.445703212581002,0.455498528306819,5.322270380640827,6.377342187846501,0.2487663056997416,5.4424869856469265,6.4003848828860255,0.14262263050018875,5.62225742628669,6.348848192886457,0.09900899914004099,5.755706541139381,6.267710010630741,0.07810554317536553,5.856706775259654,6.178037922491546,0.06143848207913461,6.0413467565398795,5.910376941730091,-0.09649662724917706,5.193421114317907,6.7556473196824784,0.37849644804366256,5.244130413341396,5.813990920566257,0.3745147187489506,6.108529898287602,6.700263836221211,-0.47244307533743046,5.886665582629169,6.392705660389295,-0.07740238765665282,5.075720797753379,6.282654041914829,1.11112009428867,5.930711224121358,6.074925758540407,0.05899813993246503,5.8573424011397135,6.711318698984929,-0.09780345340971801,5.373385833828355,5.9483291934297,0.3239276520186396,5.917107393845398,6.486029904008837,-0.30443016481403534,5.174117838650737,7.3306704018518305,0.9559262899012442,5.863734930117655,5.938317188042081,0.19659491004119664,5.979408785189989,6.366289479746783,-0.385791422127023,5.430437027225781,7.9067392142826165,0.2091740853629763,5.450277891561001,8.124812039522022,0.3583307681104114,5.123779860056617,6.871597689968172,0.722807266393074,5.315806747750879,7.754460490732134,0.36791329958507274,5.123181581685893,5.878367253343047,0.7275682658345268,5.828427169367631,8.25034922816596,-0.17761046853501616,6.1245397700304585,6.765768494712774,-0.35948362557260444,5.808963371232446,6.531316631965144,-0.058721793052230416,5.169378655182287,6.1343312814687225,0.5375828773916254,5.5367057739372205,6.029848751213453,0.19193464114175343,5.615873156854083,6.034938067581937,0.16398285839959517,5.837936419821868,7.47626176656701,-0.16735111445349882,5.2242478921688384,7.066532296730711,0.3520621547568986,6.013737610262587,8.437767648674452,-0.1889493092806362,5.716949163325029,8.335885079646095,0.04823347786517045,5.590538617539673,8.256336321201196,0.1850166434807622,6.091714900430003,4.939064465536384,0.09503207295049611,6.220996176884965,8.433860524620746,-0.22837155804996867,5.698077897789901,6.015384850890744,0.15919215377268123,5.775655856895945,5.984502051775807,0.17318253301472006,5.832542577608022,5.962185119393685,0.19598994323430577,5.1822865289861815,5.820727118452232,0.4833462587333007,5.764017439298838,5.834004158021494,0.17140090644175895,5.6794932025668,5.786415530691635,0.16426327894145515,5.598274938632409,5.7749390720052105,0.17279053005539113,5.517683681922078,5.802478909923829,0.19798718209599572,5.467817574744003,5.849292217324281,0.22661142200596796,5.077819799600246,5.901443704785241,1.0109291160558085,5.485050577417641,6.007639192920674,0.22934450106814455,6.164141776132891,6.955049263138775,-0.3088620842182902,5.878465290555056,7.065532532634616,-0.215045656985618,5.9447000210320216,6.697585588868956,-0.27117719041003957,6.045023331545563,6.97280728560713,-0.29969104867883467,6.121416225451495,5.6794917661241335,-0.03755361360960269,5.558757682647317,8.054322924976653,0.07811909399192932,5.686226886678107,8.15598212717032,-0.047781329480273284,6.005153069775104,8.301765256981518,-0.2924474274208124,5.3453852569243585,7.960432004725056,0.5800482075061639,5.831499720231923,5.896692670664789,0.18818006056593803,5.989714543102969,6.137438306957018,-0.16733715402633081,6.2134835817375835,8.298121001935838,-0.32768457803599693,5.853123928137979,8.396307603982509,-0.08986631089883816,5.165786830293945,7.208748739400236,0.648235288011482,6.007210414784633,7.3669513525086145,-0.247747127183228,5.993596888520672,7.402170053813297,-0.27192526281761076,5.985699685849254,7.450605464095237,-0.30349777885678003,5.9807116386887795,7.515289913824055,-0.3035811823091213,5.948102235488346,7.71803374114467,-0.25357255308519866,5.859845043375952,7.403946933392133,-0.166757055633109,5.841489101647539,7.397831996959551,-0.16343334052408456,5.825037882895308,7.388421861049323,-0.1596751239527688,5.7160133209276065,7.312247306428746,-0.12467613104285699,5.3440773758762345,7.083123209532288,0.1391547773473173,5.986653483780011,6.017129410509576,-0.05635417642667192,5.921857709744516,5.768135361313897,0.1391205945007307,5.869007752036823,5.813468414546208,0.1773962141334958,5.878607857489736,7.408590234312575,-0.1621243260329184,5.346437451177792,7.481756159767532,0.22057486147639385,6.00689080629127,5.726740315652626,0.020132608085289657,5.8945771497272546,7.902406903199537,-0.22894974866777365,6.131909439132492,6.121752353035527,-0.3543624381324507,6.046682422825721,6.039294798190351,-0.21648477053800488,6.128667388033517,5.996522563122284,-0.23845877467784465,5.939821502624891,6.378828187785309,-0.20112282421554392,6.206435675792913,8.12564948559677,-0.3533405887303535,6.2018713792191456,7.925591087841743,-0.322480727809252,6.046337676585687,7.934257146450567,-0.2993055433781313,5.66435345596936,7.692447106142237,-0.08138205767613546,5.779584168478985,6.849220067883377,-0.08782735908876925,5.770729217659476,7.824321161610778,-0.1569028569390885,5.543819756244564,6.869639100391986,-0.04044064734236683,5.686267107072777,7.014354953301749,-0.09401274854527417,5.470464220357587,7.14686032532235,-0.0007657308154058306,6.016272213348162,8.133631079274862,-0.3167665588807086,5.893939010072527,6.492539143953456,-0.14859142011363138,5.583193367962975,7.846767014722246,-0.0067959877078155855,5.71432909190078,7.97494653965177,-0.10434986130834059,5.580057613621343,7.527180786219852,-0.03532189231586961,5.257135606135966,7.333214341814739,0.3385216177359442,5.462828809362195,7.597559294679879,0.061839344971943565,5.21985022294442,7.512881717693159,0.5476106836485791,5.610458486221568,7.233996373933303,-0.07068446513695142,5.94075770413298,6.262456221576908,-0.1177300666388214,5.948210686909689,6.6187895263814625,-0.3772163980722075,5.904676059896215,6.696060086756811,-0.2848054402113357,5.979016636341952,6.495705781812424,-0.43232740631511535,5.829276106983711,5.59232411577451,0.1280501104230112,5.659387314559554,5.483209776140133,0.13080698056685672,5.518865156015524,5.473556163197881,0.14599760865688471,5.408765057601053,5.5360392645398235,0.18927313732433365,5.336885107443551,5.648179829762489,0.2479303634009121,5.3166319840629575,6.005535522635141,0.36700432315440296,5.095686632600612,6.546713142689274,0.7561925281889157,5.3993046461974865,6.214893450215051,0.2509780907403686,5.496443004208058,6.241204052321553,0.18438102882291008,5.620003647742475,6.224799158845326,0.13770550769638779,5.740408785848593,6.174988354709923,0.11200927660736068,5.8359275547523435,6.106474348831407,0.11873250162050007,5.900551673889156,6.041175101641197,0.11421805409615407,5.0984930824608785,6.628120657945017,1.1229591649707962,5.9169910419893865,6.753668619908956,-0.2429410369086876,5.992207489351206,6.249175590900978,-0.2639170725057658,6.0095072866088515,6.598177292334169,-0.45512599587895025,6.0727495479002,6.6891077042494835,-0.4317294870550585,6.016787896265544,6.637022293151197,-0.41283685443526175,5.948679326329733,6.808575204404845,-0.2201029002826823,6.082636582775806,6.696669856668869,-0.4582999506177521,6.099783398889437,6.753035148692896,-0.3560398889454436,5.89726293840351,5.928255625382458,0.1790641821804461,5.948347508073702,5.938781877244792,0.11594197607385968,5.9807999799127884,5.94051279065829,0.04903679159326768,5.440547069825409,5.891114245568259,0.2601066838879034,5.35965739215105,5.817964839203969,0.272099611046294,6.213431869801579,6.141269299549383,-0.3285279943255771,6.835173095044707,5.852457777851249,0.21087579859038813,6.226207590880127,6.725538044943614,-0.3592983918018368,7.19684781190577,5.343171339664148,0.7654910704594666,6.574879628721287,6.020015223827184,0.09809089905399535,6.674409304661419,6.027628729071909,0.10377890901491128,6.767498689904938,6.005047850349761,0.13189220177941827,6.87732765976605,5.907394886753807,0.21848485984061175,6.483745960168619,5.98295931235166,0.12196640539622429,6.686834533729267,5.450601809382365,0.10416923986519841,6.5733648999291425,5.492514333514351,0.11027260620098718,6.7969665929930745,5.475658397040748,0.13364283261295976,6.872196686560229,5.553330443141468,0.16707996345572304,6.963316708907561,6.003208126404252,0.2575126479869901,6.5796687285724085,8.006950482268147,-0.2329765014623233,6.860401337601774,5.796761508999285,0.248903912418338,7.255935881004723,5.9893823657362715,0.6952808053467895,7.07297402386999,5.885466153002389,0.37201546561962956,6.641887524463659,6.575077139587972,-0.08696794554120836,6.2848862738190405,7.1495874117252765,-0.35599769344210624,6.279772537925221,7.292293681344181,-0.32827488863880305,6.401890993022168,7.211184227941801,-0.31073040235063454,6.487986338921023,7.274888305550526,-0.2530720425934844,6.373550697427473,7.308951388729765,-0.2957142571557898,6.454018060957792,7.326574385587441,-0.2398193552163074,6.633441241582856,7.512652605087804,-0.15801033179077717,6.220986121786297,6.59054690888811,-0.5124429760585679,6.228506617368346,6.437881064038924,-0.5243039524913625,7.0071353924583955,5.367684592883813,0.23988040402964653,6.433394335369164,6.210679645651983,-0.031637414069967125,6.440957206009884,6.611444276804764,-0.28767134533135824,6.445517911476984,6.545614982270504,-0.25212713265172787,6.951484012439769,6.563612890664215,0.03771603543637855,6.2179221895780055,6.269756223209602,-0.44395837236588814,6.773528157998845,5.140029258614162,0.10434100698596474,6.907973445840964,5.215273357497318,0.17459251371427084,7.083111717990954,5.03610981388428,0.6162518595919404,6.338458403077469,5.348745814543345,0.01465179796517988,6.479737566906905,5.592272762949172,0.1340277880254547,6.705658396656391,7.371402888333038,-0.11628428709468391,7.231558012506405,7.491799048672488,0.7096997270584942,6.368156855213627,6.7047821666296405,-0.2627792752471576,6.291822855457034,6.758327721698733,-0.27374023057153335,6.59548755344058,7.384213084035589,-0.1255248554369794,6.5737197012678426,7.377016506274905,-0.15088324194409936,6.961702147350074,5.1169664533773025,0.23270027802638035,6.4441439540661865,6.702066571768049,-0.24556104099968676,6.588037443549204,5.174653631765455,0.04776683038710524,6.601791382083846,5.034791159516154,0.04682876318688061,6.654843519096891,4.6665508223358,0.29865770773540307,7.019831390968936,5.088077436683888,0.39681275293223783,6.619845311741563,4.859314605118132,0.16825259444900123,7.066006558714661,5.318783056956495,0.3324337043810319,7.128607448355281,5.347547103137898,0.5353268992945776,6.2847311380110265,7.227683208412703,-0.35367164387621836,6.387056131380757,7.262634013160027,-0.309599877083027,6.471128966004753,7.3014524397877185,-0.25582992273608,6.3456980741181575,6.741825150121164,-0.2396861027145447,6.587076463405113,7.379767293981834,-0.138195009201726,6.533951786037394,7.394074262943194,-0.2041263360541629,6.5624062788241,7.374732562434688,-0.15201909776066572,6.326389411790988,6.613634851871639,-0.37827716609280837,6.441565539479275,7.344122687426443,-0.22657025894579738,6.364333044834597,7.3336021813347765,-0.2627521175029883,6.275346139847467,7.335347459174942,-0.2926086007769111,6.3188136131662676,7.724717508873305,-0.29007101258391976,6.294470219291952,7.512303549519771,-0.3501124531697132,6.289491509008812,7.441886257107741,-0.3457348941426302,6.284190317346975,7.384147007672916,-0.3117131535788947,6.274083506743347,7.34341667585571,-0.2887846332869641,6.442099896151325,7.349474154581619,-0.225644516535876,6.457124368224754,7.3719243170210875,-0.24867879491914993,6.471619511175466,7.40808891582186,-0.2748326003308039,6.485563060142126,7.4470366222895645,-0.2662661275987392,6.570795822219565,7.10400118547294,-0.20429673406551244,7.308749568535079,6.742739445878584,0.9741683037706457,6.503922233866539,7.362973842764236,-0.18483375515153647,6.516223928865042,7.379130231659106,-0.20030218900888255,6.272905623756568,6.821739483224763,-0.29276510569434266,6.41158051703109,6.810235732127669,-0.18997827356281738,6.281326768890702,6.794426962358166,-0.28268329817088383,6.544761735326422,6.302320378466033,-0.017267596533605732,6.712496581971708,6.3935675259893765,-0.0024091005707486423,6.463900068284065,6.630421120875902,-0.2083840194518178,6.910490093393204,4.801692425760653,0.44620716824960205,6.861008234628498,4.9136024419352955,0.27481623835105234,6.807517264380745,5.014899301466262,0.135250761845321,6.549464648617536,7.596469752917109,-0.2177541369671256,6.361923412261034,5.126084632315503,0.004838793543096899,6.370743170235206,4.896114111577632,0.10678671895932233,6.386890940474075,4.627265551841397,0.21576428231851968,6.840578428799889,5.967864454587558,0.17577200147684133,7.069558881429665,6.113429604224068,0.29387998720353203,6.4232099568615295,5.942306189327794,0.14099071940861688,6.970043569916201,5.646711426246349,0.25458885871637865,6.356918127788558,6.1046234924552305,-0.04897642733463694,6.382241893782966,6.52468601261518,-0.36876600786315383,7.185509969936692,6.232224130990033,0.3802927195985001,7.006293637055649,6.208325316121093,0.18658040210111923,6.881606104249124,6.256983375016388,0.09107196324014033,6.694000227972615,6.243075737116398,0.060761328417132714,6.55090109128434,6.192076276674214,0.048825017299789206,6.437076656145514,6.120916343403447,0.03876429069468658,6.219329903391473,5.890726765158889,-0.10379977110020494,7.182552334485744,6.550446457180296,0.3036444755641273,7.045024440680665,5.6212734630599295,0.3072821319513066,6.190453096460727,6.691864955948412,-0.47621984221912295,6.423006700224176,6.343352363243268,-0.0991208284460933,7.299504623531534,6.045222997076248,1.0193917384719466,6.353811820521596,6.033184889307104,0.041532287658095655,6.475544590762507,6.66148778465219,-0.1184026023620937,6.9124206723373876,5.798124693090082,0.2681910729943389,6.383405412343077,6.445301008634297,-0.3222995115890681,7.288482798949152,7.112366309343069,0.8695992278447009,6.414110092567331,5.892990598801771,0.17292085356077852,6.302209772380689,6.336093300226578,-0.3984170349468904,7.02299731060657,7.749952933643706,0.1527841157028218,7.028557780169765,7.966184957605603,0.2979242466430833,7.282788740217944,6.641766145058314,0.6395366849984881,7.137670683361476,7.566527823748928,0.3011824801664765,7.19497899999626,5.655692065799203,0.6473748139652336,6.614860137466422,8.177673847881715,-0.20450138225669856,6.184896936225532,6.759297320498825,-0.36182489245299376,6.515336925518291,6.466045395406936,-0.08481640692602457,7.156350183800586,5.926454326278287,0.4635921196240887,6.754240324090344,5.922297620311224,0.14701269106735626,6.676858439408319,5.945391668176088,0.12438305184999579,6.5493418327695245,7.4166853069613445,-0.19287780041900981,7.178994266000073,6.863797088066097,0.280136799544475,6.434125484686567,8.402077794175057,-0.20303710851322598,6.748976479937844,8.242922819578588,0.009910928359926928,6.882396865937199,8.132620541858765,0.13597016151059776,6.588531579826585,5.942894771710517,0.1254902124798511,6.507774773098904,5.924691092904785,0.14427741245234613,6.450043424098748,5.909556732967346,0.17048460190904682,7.118453235143648,5.611538691107004,0.410027890800328,6.507366823381533,5.764788449900245,0.14146492504399533,6.58967929751736,5.699979747880748,0.13004131173661723,6.671882602010512,5.672604741758144,0.13185776082203998,6.750723194220677,5.684062885800568,0.15233890825377946,6.80520028235919,5.722019805938844,0.17818228493848723,7.261604083767929,5.664900022404079,0.9220153798670192,6.803752348151053,5.8891484737787385,0.1811856621106062,6.468934799831211,7.017174690256684,-0.23554012517865042,6.369320373773737,6.6642637101057876,-0.2866936216524319,6.28701220896591,6.953376525653282,-0.3081888639403095,6.891865177775433,7.923574322337551,0.032039581544494954,6.760486695026938,8.055941077640806,-0.08359475171563756,6.430438136360883,8.26646108733816,-0.306151135350949,7.139634300486996,7.774835711739406,0.5060306062162914,6.444163346042188,5.840542845040782,0.16160479389807733,6.287647116624637,6.108404927775591,-0.1793657790294331,6.603594117630684,8.331146973509645,-0.11760011346630905,7.266182744768365,6.990095591323441,0.5669554365977522,6.3654254594827,7.339207180620643,-0.26051995293202607,6.378289521785257,7.375501059261428,-0.28473985762582943,6.3903082375784,7.424610161154098,-0.3166487930264474,6.398248892640488,7.483663755629047,-0.31682823613771444,6.448068315431893,7.672604087143016,-0.26768118073645714,6.520851428916148,7.354298447278078,-0.19043699255069435,6.536168935293605,7.3424154753169475,-0.1894864266159373,6.5523174237538075,7.332150656019971,-0.1876361425723863,6.655515056043622,7.2278936472633895,-0.15733110763133756,7.045273663483355,6.910574125289212,0.08110211968923384,6.286016035976481,5.985482783006567,-0.06839994335300499,6.339538607962905,5.722717557964244,0.12266764752841598,6.398990097056559,5.760652931462518,0.1555390556268338,6.501208075447614,7.3586479956731585,-0.18382355440169038,7.076639107334339,7.307143625633594,0.15979909568823894,6.243368771420426,5.697844834967212,0.011490597266150074,6.519738185849376,7.842770831223199,-0.24693250708023387,6.217422307529958,6.021918510360699,-0.22259905608250302,6.358463740098038,6.337992995653424,-0.21700366300697088,6.36339217488784,7.907927152368063,-0.30898819939555217,6.745765312356205,7.590657187665889,-0.11423780518282262,6.564425917213626,6.780360597543495,-0.11356966856521741,6.643709651986499,7.739666567706728,-0.18298416688490224,6.811905596727828,6.745743047494869,-0.08042581891506535,6.67358191368534,6.921217447228891,-0.1258360136074673,6.911086217099927,7.00248706398862,-0.04609325684709191,6.407852230089402,8.099288607996929,-0.3297789787774461,6.41964829726919,6.446603143911754,-0.16907732576170464,6.844508535936263,7.724471877177282,-0.047297281968185584,6.715834874729358,7.8783637258425845,-0.13534986516712208,6.818697815877807,7.403199264984062,-0.07558597784895923,7.165279111417435,7.134239740051816,0.26977362881365613,6.9575113258696755,7.449439790871126,0.012055260914583983,7.229455778663539,7.302463695425148,0.47089611636295,6.764848453184687,7.123622992301473,-0.10841770982981078,6.352368913862792,6.221813512762376,-0.13504043521671766,6.351663620513391,6.583036468404729,-0.39297884256570653,6.410548432974991,6.656589515158391,-0.3029710532863966,6.3079756532452365,6.46506861439351,-0.4470544449788493,6.419208027591815,5.520132816668978,0.10547241880803068,6.580145627537788,5.370576511082755,0.10068093984874166,6.72040850818046,5.335450101219414,0.10770226038186774,6.839021324949074,5.3774919051914125,0.1408682626712719,6.925215785391938,5.475129786139364,0.19307093462444483,6.981774997175983,5.839310018121999,0.306263020768043,7.281918255961861,6.314099208333819,0.6712774443850067,6.914562408353591,6.067726307894389,0.195897629348547,6.815725097778858,6.112472933407977,0.13667714941345666,6.687478060043995,6.125866324833251,0.09892344102369952,6.5594213509624835,6.100579188126846,0.08172088981237602,6.456113112587325,6.049912982383361,0.09640265247658479,6.381400856601553,5.998071407427764,0.09602045772734011,7.309681819825835,6.394575908741473,1.0323590450911797,6.406966663185318,6.715208585726632,-0.2611123733099991,6.287895621205994,6.217673684996649,-0.27625454390443915,6.283455576922905,6.573267940049133,-0.46568129081645404,6.230394103032525,6.67624651483226,-0.43728066462975307,6.281872617104088,6.616229785549219,-0.42340278802626663,6.382394156705647,6.777135065535188,-0.23454963062663955,6.216691876433889,6.6832225986435905,-0.46352842236958264,6.2103083252226154,6.748237430185774,-0.3605415207078717,6.3770498717638056,5.8863614158944735,0.15936385356019755,6.3249400411401835,5.904024992257487,0.101928883082152,6.291377558230325,5.9104742607207665,0.037090854626725345,6.83530452954872,5.758382274716969,0.20979509992778533,6.9179696503592485,5.660171612255629,0.2167992617043681,5.609345602265462,5.913723494033076,0.14487049494061086,5.710878038393784,5.902806888876038,0.14498590413112183,5.603523341026242,5.780815558955102,0.14506774769650463,5.509458970322629,5.924159250007402,0.14500258033270674,5.6156792370940645,6.051246001178154,0.14497840769595446,6.6686146949435345,5.82404817389788,0.12482563330228788,6.771012946889273,5.812880909495485,0.12426332210927607,6.663001795223001,5.687613412962238,0.12427959431136094,6.565114691472358,5.832371281820006,0.12415856279447444,6.671050901706432,5.961676977800303,0.12417637243910114
6.134894832619194,7.145106494532434,-0.36673134032603893,6.110994134131507,6.559233438363718,-0.5181285433172627,6.124242153860829,6.785522181503141,-0.3111271640668442,6.019004111931248,6.1214890218707305,-0.3196702581152471,6.1041634251716355,6.3993704303640095,-0.5315480536819245,6.098919194241327,6.222235374653604,-0.46713058410370895,6.091690794794296,5.821688941446951,-0.1303882949054635,5.413453230499801,5.948535428167587,0.2594903207975619,6.073926810376861,5.398861488154981,-0.010322123920904386,6.0657252473140355,5.181748899667199,0.0009253848272298322,6.044440595406151,4.614617632444041,0.21162145209680713,6.137085343237872,7.200156282577174,-0.3631293453094624,6.140716678637674,7.255760838141703,-0.337835569888637,6.143155656562511,7.298906329072621,-0.2981369604045737,6.143511935831977,7.306759466717613,-0.30155695579683733,6.1435933302943395,7.35453658815158,-0.32192210463771703,6.145698162531582,7.416075085616966,-0.3526225875444773,6.146957634738671,7.487795030742828,-0.354791455447011,6.161655047087261,7.704125804000018,-0.29121707006694314,6.116194097898074,6.663617552424999,-0.478270380159856,6.047092341311551,6.695776218909956,-0.35276748218224707,5.0738102037561505,5.541986867348187,0.8453649388117734,5.684463232802027,6.059040905589114,0.13067118974874709,5.588013650848098,6.084845092117674,0.14236858695865234,5.498102400377396,6.086728588536211,0.17616734739780499,5.379955125318417,6.014360343657494,0.27066782426637154,5.7674952232300445,6.0084599591227,0.14638800749581973,5.52986373336845,5.542575192234038,0.14475767507596718,5.6432283697771,5.5604527005068745,0.14138861815891587,5.425941568580402,5.58707368760511,0.18050604262224793,5.36090525119295,5.67581364320295,0.21750583887131825,5.31561315981384,6.132992772551347,0.31350654643001213,5.8157143023149125,8.035650447109486,-0.2119032313361658,5.383640009706616,5.904095479690496,0.30050061275240014,5.06400895391329,6.187635588284273,0.772349643656598,5.209756091578395,6.044184274248359,0.43532525169385566,5.65925522501095,6.6278325484458245,-0.05602276758588713,6.0227296935506285,7.120002014785591,-0.34720287211677775,6.042587800407627,7.263123467052981,-0.32135209796831365,5.917151437048101,7.1975452339029555,-0.29403303287009297,5.845430063949216,7.277997234070025,-0.23196332943981285,5.95761055372779,7.289919380846646,-0.28212487576669004,5.886859488298651,7.327350837722389,-0.22305076968355186,5.723113107660421,7.555556634646412,-0.1321684306203556,6.034356963897813,6.569110013783588,-0.5059641766164604,6.0159989427024305,6.416098420352599,-0.5163296989245495,5.2310046871674265,5.536644106279229,0.2994267547263416,5.8339698664458295,6.230093510204178,-0.009802039829889095,5.839973779024858,6.62291103941892,-0.26618003973340104,5.833463293015598,6.55697367105338,-0.22966125842864252,5.37127983220491,6.68494432953709,0.08801527602226507,6.015955389525201,6.252512686679559,-0.4341126348516144,5.426347469912449,5.28107192033849,0.14140386846456965,5.307296287929335,5.374379247653305,0.2230314474235721,5.144232478396534,5.219225337693196,0.6887939887462186,5.85500640804081,5.386855447963204,0.025682133881152154,5.742305065101767,5.6398562114811375,0.15973482510873313,5.645993639537901,7.433503496373784,-0.08478713103697161,5.2224596965923515,7.6556304121350225,0.7808338561298431,5.914781358821668,6.699906630881615,-0.2446325515408026,5.992397404563252,6.742186056173532,-0.2646600293856847,5.759135155161565,7.413057064630934,-0.09944844802057043,5.779507689300428,7.400727231555986,-0.1280401271401151,5.254520189931914,5.292079450393298,0.28667522336777057,5.847519188483196,6.709538308927885,-0.22486545565199903,5.601940314757033,5.273717145278844,0.07395297698813746,5.581472463418824,5.1452088549516315,0.07421161302407348,5.499183375956496,4.762918342869152,0.34129882840110937,5.193643200969855,5.263793803742439,0.45883905874037767,5.541281805667632,4.955495498860118,0.20158492138617976,5.177513531678284,5.500508534922684,0.3972328664288272,5.124035227946356,5.536463824684961,0.6060780265980551,6.0300030741479125,7.196568500354601,-0.34548029040837275,5.938729894405656,7.247248690946178,-0.2945311723346524,5.865796529202727,7.300509942778472,-0.23680935670515668,5.941768621000536,6.734269373728977,-0.2267322403237404,5.769818535339946,7.406741853932693,-0.11418184975177857,5.818414956296382,7.4059721764728055,-0.18311697973607421,5.792349093711191,7.395632223806676,-0.13006051931628,5.9443386154503175,6.607071248651202,-0.36292565834484874,5.90273283643243,7.342346696432976,-0.2094144974762763,5.973728085248657,7.3147032806496215,-0.24881370117896703,6.0555395157344885,7.302257067773225,-0.2839384461312123,6.041636056387192,7.715049797632926,-0.28504432198991625,6.043673773892311,7.488651814557174,-0.34456400028067125,6.0425185437159685,7.414631404889794,-0.3406910473828078,6.0464204800038015,7.359001859797346,-0.30655151456874624,6.054158665820368,7.309167029235923,-0.2869780428971534,5.902304087532001,7.346737713481498,-0.21307318748431775,5.888062555571294,7.373218045236879,-0.23352325609596314,5.875473545392507,7.408176966821722,-0.25912069890515427,5.865820447750878,7.4504206927880405,-0.2498933826575137,5.752849217910315,7.13430102266051,-0.17922928971036248,5.0991349483419315,6.932724780672866,1.055650923762126,6.120566551297285,6.727018840700075,-0.3670460968174185,5.84799184755411,7.372139211617315,-0.1667721216034233,5.834310081018776,7.390668589575566,-0.18023607762845426,6.014757320158141,6.80137696598761,-0.28447112469328756,5.8869601603968365,6.808241232313543,-0.17447645999690725,6.004707246015865,6.774683152265155,-0.27405261119876434,5.73607731775124,6.344959660247469,0.010399647934900185,5.582611985891904,6.467461182049605,0.03388315308706374,5.825712255441816,6.6433146319710525,-0.1861239339311719,5.2766327092004115,4.953974350596398,0.5065145709688637,5.322842273247383,5.064253494293635,0.3245981483966022,5.387936066549048,5.168229565063335,0.17621158109342844,5.809615429529795,7.623450326054707,-0.1974631441889001,5.815516171057845,5.1747450489781786,0.01778357721136743,5.782221195039113,4.930508112901235,0.12448477552363983,5.748943711689922,4.664754836293276,0.23772917214126096,5.423867080769917,6.068307022541264,0.2251518758036854,5.226010708509558,6.263485945381793,0.35638219508356783,5.822833461825614,5.9547206933206525,0.16367692313786367,5.281851593609545,5.7866893226309255,0.3117972404083138,5.895672937802221,6.111533907934545,-0.031098028365408797,5.883408077499861,6.528871161942838,-0.3504976967486642,5.137977242565298,6.411066243416341,0.4506258487725764,5.289383794317412,6.344948236463278,0.2457691511315992,5.408833737767453,6.366848344744468,0.14055982484704657,5.586926606383647,6.315358493448334,0.09748182795358713,5.7192097433995635,6.234130389942771,0.07728704298808335,5.819790094318407,6.1437832507065195,0.060883152673744806,6.005976000047609,5.873758549790792,-0.09556518694244068,5.164307280159911,6.71949270887756,0.37366528727312365,5.214921783992389,5.782847718203353,0.3713668977549056,6.073757595573527,6.662652242660837,-0.47080141188245367,5.852014090569208,6.357192391156791,-0.07758181901316745,5.047414479402437,6.250820538646226,1.1035554025401646,5.893645216108269,6.039437691916883,0.05885029920173845,5.8219645402405655,6.675183419932155,-0.09811212185909375,5.3391043870369215,5.916397110298221,0.32154117052151066,5.881929411433602,6.450597534623744,-0.3036303503154756,5.145727923145823,7.290370620322201,0.9475631831667061,5.827100602214312,5.9031258860072615,0.1961358209510976,5.944901593814993,6.33053284878691,-0.38441078427804365,5.402577073963193,7.862068902269079,0.2049218042860361,5.422394126595755,8.07799056125492,0.3527255354746697,5.09464004625592,6.834799388598727,0.7159599706738605,5.28944519715744,7.709632781966725,0.3625187752813485,5.093978180759338,5.848215682325608,0.7223264099043336,5.796622302985241,8.208537997060274,-0.17867867223717432,6.08937676450905,6.726039251205673,-0.3581527477607448,5.774478368310218,6.495066042561314,-0.05926101436472083,5.13860269474977,6.105143014666037,0.5327545570146571,5.500018026188971,5.998855412563883,0.1905291526176584,5.579766035655252,6.00326642123474,0.16294636990762365,5.806807320578277,7.436455116614205,-0.17004738969850577,5.1964934351255785,7.0275336216223225,0.3470130855770687,5.981647980632516,8.396844085736726,-0.19117662682360892,5.685670227000486,8.292033007741294,0.044766675398585816,5.560935355388955,8.210473614494184,0.18051362872893745,6.054905495711872,4.9064449824820775,0.09588416041665648,6.188762259000137,8.39267154856086,-0.22987545438222898,5.6622014903525315,5.98279428597746,0.15848494709539923,5.739848951500642,5.951120773327376,0.1726115383837205,5.796326712569292,5.927821251482754,0.1954327004213716,5.154177953514808,5.790194996404623,0.4795628296189652,5.729158788450398,5.798930621378391,0.17123430302631668,5.644954075176495,5.752579331008796,0.1642173774592957,5.563898042420313,5.741787067887343,0.1723377134003466,5.48290055655811,5.769913138552779,0.19709227282009656,5.432121121841371,5.817540679812494,0.22543423515708502,5.048042787532957,5.87100220486139,1.0046159711224216,5.447804906556227,5.9769117511054635,0.22759915382172452,6.1284303987399555,6.911367302140762,-0.3076392283955524,5.843274181676369,7.025931435889496,-0.2156074379843444,5.908643930764904,6.662225278726687,-0.27062949211551096,6.00867201311675,6.931453170695074,-0.2989526453703251,6.08554122896683,5.6428185415192385,-0.03646900026861835,5.528999095702472,8.010668773042699,0.0751348979883843,5.655331512134502,8.112423274780452,-0.04982730023492907,5.9728406000142975,8.261192360357406,-0.29247937590800077,5.318287753287623,7.914550480830318,0.5733881095240467,5.79584941258605,5.861073865419402,0.18775971049817816,5.954610382404555,6.1013703099368675,-0.16654536394964214,6.181026929129619,8.2569755560178,-0.3268092530637338,5.821095618655516,8.354413295304274,-0.09265032027332626,5.137717708468202,7.168283924683511,0.6416869436537196,5.973356455269185,7.324086491389732,-0.2525620634304943,5.9596839705585065,7.359697996646502,-0.2741654433797317,5.95150025715848,7.409527115315829,-0.3050774447906585,5.946500209615261,7.475890733629005,-0.30480322934591086,5.9143086997507535,7.681965090641964,-0.2548258469149611,5.82861032669384,7.363782713481395,-0.16912657021886904,5.809732523317756,7.358113660576475,-0.16601730398781606,5.792901719271445,7.348842545718741,-0.16235118405763457,5.6836971252746995,7.274271652450644,-0.12743096277294663,5.3160679692219555,7.043969591127522,0.13524390520852247,5.951350319990969,5.981011461657109,-0.0558885994798555,5.886029478978503,5.733739011924588,0.13889055785021395,5.8326493483919695,5.7791153537121085,0.17698543091199498,5.8479111670782595,7.36775819037996,-0.16320715348111514,5.31862618289429,7.440175700328001,0.21595575184178584,5.969823650008032,5.690904819112883,0.02070097769589634,5.861362672963488,7.863703217394944,-0.22986298193034826,6.0973869791866715,6.085007167055887,-0.3521734230922222,6.0116564767367215,6.002763774730324,-0.21514040155721195,6.093701380811961,5.959596150217536,-0.23672001914284835,5.9050497226637235,6.343106151262434,-0.20033963966101656,6.1735743379178345,8.085932947213905,-0.3523374168691868,6.168575718347639,7.887821681768777,-0.3217690437792167,6.013224391116974,7.896896450335723,-0.2991741596856591,5.632246900229979,7.653901136803069,-0.08432643124013277,5.745058911078376,6.8117333403435145,-0.08880048268878739,5.737728768553392,7.785381752979548,-0.15875415347852392,5.513324235819017,6.832195479789628,-0.04237656650367969,5.653791443228216,6.976324367025387,-0.09572151652044103,5.441249439396714,7.10813127503783,-0.003571216201540209,5.983512556408487,8.094377265690794,-0.31656524233514804,5.859068277307321,6.456909889375937,-0.14841966727162642,5.552179024806342,7.806227303182581,-0.009920143239401748,5.6825001268874065,7.933719590703281,-0.1064326975486302,5.548975010333945,7.4884975934705915,-0.03884011042868293,5.229753782798482,7.291812159089838,0.3334364758676984,5.433343109756582,7.556920348884246,0.057918641629971034,5.192966698749777,7.469518404009809,0.541494867524909,5.579632877170773,7.195883073303125,-0.07348803231836426,5.905766565121726,6.22676704704498,-0.11743373478859453,5.9144107998219635,6.582740730283318,-0.37633590919693366,5.868662114068458,6.660468871907279,-0.28436541006536126,5.94490016584197,6.460327742808664,-0.4311613716044492,5.795261801686711,5.560626913215791,0.12769618645005937,5.627975118928953,5.452099535425635,0.12986405030906067,5.489264318339163,5.441679616270166,0.14486787443167168,5.379648825104788,5.503740037875791,0.18750528586705875,5.307388035196121,5.6157423880196315,0.2454656176157044,5.284269151939024,5.9741036421539455,0.36419958877880415,5.066136990712172,6.512206002767301,0.7495510725984268,5.365030665259025,6.183053936837059,0.24858415451537355,5.461958975169219,6.20856681686874,0.18235919461402667,5.584464780890427,6.192255795003132,0.13615818724915912,5.704136060159174,6.142085390781092,0.11120341039300205,5.799504309540747,6.072737308847944,0.11792970998153965,5.863919101669542,6.006575034731139,0.11377115132285506,5.07081324537222,6.594110965486198,1.1145094728548894,5.88039791036546,6.717322903867729,-0.24263794097134284,5.95756700055056,6.213080639597319,-0.26280158943130183,5.975398456693376,6.562453517532633,-0.45374244452141616,6.037439957656433,6.652168778705804,-0.43032703374107295,5.981937145169858,6.6007117707892204,-0.4116231753289626,5.911737277327949,6.7719278783155215,-0.2198343273834309,6.047415777201466,6.659494994304972,-0.4567615811113741,6.063970982454163,6.714007864492722,-0.35479834987926706,5.860322751608826,5.892630641274781,0.17862303706943808,5.911621254519756,5.9034568187555525,0.11592210262635444,5.943616418093475,5.904172233240531,0.04908697431430667,5.404284572706533,5.859786190745091,0.2584700117599,5.327652757371679,5.7853320342717,0.26999297314010323,6.178388034981434,6.104416890383379,-0.32629658843607173,6.79843676953138,5.817783435226558,0.21309114870750911,6.1931796935496015,6.685070705149706,-0.3576692003955234,7.153649343147974,5.3126836731552896,0.7674710630687247,6.537721738745031,5.984770957635806,0.09993964842871685,6.636975145731405,5.992316010100889,0.10566515089223953,6.729577768358921,5.969503427057421,0.13371814950059277,6.838925516651313,5.873006365000447,0.2205356852589555,6.446719873877317,5.947806090945626,0.12324460326445281,6.645079606628605,5.42060273443726,0.10694025271031608,6.534103969088956,5.4621296179455765,0.11247509846306833,6.754113200855737,5.444673361714793,0.13626720406470322,6.829106774138911,5.521260195899394,0.16953183565667815,6.922876050726961,5.968115794271436,0.25938962638729773,6.543933421399037,7.967284810616789,-0.2312088465053831,6.8231799721031745,5.762762206642296,0.2510422538914845,7.211964905498395,5.954551121524063,0.6958590637786395,7.030490239768327,5.851864867388209,0.3737034186152777,6.603299971895057,6.536745005196677,-0.08518328756873367,6.24680793444904,7.102949160934061,-0.3546936392948732,6.241861435894217,7.246804591335742,-0.32765474696635927,6.364245863908392,7.16567573195534,-0.30940949101570886,6.450667505301915,7.231086178275057,-0.2516805355210936,6.335399380852394,7.264300116824683,-0.2948634661197319,6.415953481090672,7.283297869934777,-0.2388633397155012,6.597762292508335,7.474948271433225,-0.1565985054825006,6.187705558962445,6.553814994724492,-0.5102552355533089,6.1945969567758326,6.401268920499297,-0.5218768386325545,6.962420907678091,5.337304070047027,0.2422294291261122,6.396389536676598,6.1742590509827995,-0.030393722506512556,6.406773756506469,6.572680660329874,-0.28560207932822396,6.41086846915253,6.507217379008273,-0.25012770410590585,6.908553481297147,6.525381909858916,0.03960170812714392,6.183568721112178,6.233080829770197,-0.44131028825447394,6.729238624765743,5.109761209599355,0.10644232521050234,6.863447383404402,5.185341679795356,0.17657968576449815,7.041005833116397,5.004883730858312,0.6190549991977758,6.2999199631003355,5.317912910368847,0.016306464623574466,6.443042129354238,5.559603413550904,0.13589593107848671,6.668352710972284,7.332617202234568,-0.11454451027569462,7.181603343064029,7.448253743724258,0.708524604386677,6.334496187914771,6.665903023249767,-0.26095778620041404,6.2588493169731585,6.7195605375961955,-0.2724668471557127,6.557465607760117,7.343274164912005,-0.12411391531087555,6.5351378215582665,7.3360100661393775,-0.14955653460736498,6.915507709923587,5.089376180696533,0.23464983756351385,6.410208745615484,6.662672234283171,-0.24377828899132717,6.545169332051231,5.142848058549853,0.049698146768539994,6.558232429273956,5.008060613843255,0.04883355930473933,6.61527780961961,4.634288674834908,0.30193884933241916,6.976986232521969,5.056218290088095,0.39860380978009446,6.579909773763417,4.826992920425001,0.17012638561243001,7.020098166086825,5.2897664910878195,0.33521088853445563,7.0848217573820405,5.317302451901125,0.5372033623464906,6.246622297955932,7.181153531561497,-0.35264469881426935,6.3491807485061456,7.217488305154878,-0.30849373637789135,6.433539682866631,7.257862100446387,-0.2546104237970572,6.312596793620093,6.7026297754382105,-0.2383228519259514,6.548804237383593,7.338850304483933,-0.13687448306123853,6.496154871992045,7.352441037738993,-0.20303857561244126,6.5235912316869324,7.333429004898661,-0.15081531514001983,6.291063674406048,6.575680117666597,-0.37619315651869967,6.403144563066203,7.300766263936263,-0.22383436988042227,6.32601474213926,7.2892211020379545,-0.25987201352443723,6.237554669254106,7.290612661749754,-0.28983276178065526,6.284458585183954,7.689280596443453,-0.2897432903458759,6.257664813349825,7.47333965982179,-0.35039907736170045,6.252309914510164,7.400714379798771,-0.3466347619740467,6.2466322937670995,7.340768072255044,-0.3130847142739178,6.236703597331855,7.299363994426784,-0.29301093886615115,6.40392495032377,7.306549554683097,-0.2274479671778181,6.419209973571698,7.3292878831293224,-0.24831808297927788,6.434185840659951,7.3662124095815775,-0.2739933949424291,6.448629787796796,7.406253487158516,-0.26496318359624504,6.534148236252697,7.06249754111275,-0.20249114876647842,7.260396038577314,6.7046417894289,0.9727947525126774,6.465393477110983,7.320727898837497,-0.18501612807767778,6.47787253336693,7.337200995641318,-0.19933463670920468,6.238954082817537,6.782607688561342,-0.29131004449804676,6.378210726095717,6.770945432875072,-0.1885523024626835,6.247890338001164,6.755686113141573,-0.28140383863792967,6.506850389941128,6.265393717341736,-0.01590549426087634,6.673062166005138,6.356085712063261,-0.0010435010487563087,6.4290715552748186,6.591324990116551,-0.20659817767987051,6.869839704645933,4.770096049273834,0.449463032489544,6.819719993466241,4.8814693773006415,0.2767695306854589,6.761283767395299,4.988397068310763,0.13738255140072989,6.514175177567273,7.559379318431418,-0.21625613935461233,6.321857912666659,5.096576734669598,0.006665945416198914,6.332646962848808,4.863431222062616,0.10833131040034981,6.348567434092376,4.594871978462675,0.2185432389611101,6.8025893150849095,5.932855570378548,0.17760913159830524,7.02791631839273,6.0780029593736105,0.2957533164344126,6.386693599844252,5.90633418439873,0.14220700288616558,6.9271085627698294,5.6136568334182115,0.25685769634343497,6.320367108829697,6.068009290165779,-0.0476496469514865,6.347095907891238,6.486920170446421,-0.3664820028488172,7.141436603860986,6.194474865082288,0.38243875353202444,6.965360390147809,6.172225617396752,0.18856613595135263,6.841840723579625,6.220326888707148,0.09313730927665606,6.656429136222639,6.206958919243818,0.06230162075221404,6.514784922048482,6.156159492904744,0.0502736031631167,6.401590214429677,6.084918632728405,0.039860148932393064,6.183385226578606,5.853838326107252,-0.10225400223910064,7.13732903945771,6.511578408623293,0.3049586329726535,7.00118037946607,5.589045361357873,0.30942709524564427,6.1575074994393155,6.653512501321303,-0.47426518357273145,6.3862516421933515,6.306381541033526,-0.09764098000951757,7.253641726174221,6.012208388310462,1.0191294426958692,6.318530021534437,5.996321474432955,0.042610190699618786,6.440123352493367,6.623004571651986,-0.11688260413760092,6.87242076588665,5.76383033046418,0.27037386263215263,6.3484332046281295,6.407709792823642,-0.32009508008986015,7.2389771572051815,7.071171049259977,0.8682158986302594,6.3774603262716525,5.856787804388137,0.17432917796673805,6.267402875386377,6.299051755501798,-0.3959461288618137,6.978331383110492,7.707745715615629,0.15403552818140703,6.983953312905624,7.922497150708375,0.29747783929364696,7.235804915132566,6.6026009790998526,0.6395270452067423,7.0893477178813225,7.523294440117222,0.30193416379593446,7.1512032253580164,5.623731183101894,0.6484259945951192,6.579205069076117,8.137166477352245,-0.20279845302363947,6.151247979689008,6.7189572189935935,-0.3603054617184456,6.4783052091931745,6.428102675578096,-0.08324699519444957,7.113348374480684,5.893861554021392,0.4656550417284403,6.717199384201161,5.8869580184373005,0.14925090375609132,6.639430545346018,5.910032634530656,0.1265242668389995,6.5120253641797765,7.37537714044903,-0.1916162640183451,7.131732813177008,6.823203533658068,0.2811596552508411,6.401000461570803,8.361465340082852,-0.20387786675724415,6.711897320363384,8.201737275533905,0.00997807864298069,6.841792886483324,8.090247567705648,0.13580693935339508,6.550981896245055,5.907643992654911,0.12740442255557258,6.470212886066679,5.889524085961266,0.14600639286121914,6.413031134297241,5.873924908648077,0.17192945814401867,7.073596461441087,5.579874918598326,0.41218485959308604,6.468707802499478,5.729593249242923,0.1435379741488026,6.550476393794591,5.665997756636595,0.1325280901697136,6.632317811713924,5.638848419519514,0.1344169303310508,6.71155603481067,5.65024650019636,0.1549653617407572,6.766915693001598,5.688155614048601,0.1808668958678056,7.217630388470757,5.632788815992552,0.9228206945814239,6.7670135091537365,5.853981837396155,0.1834356743093088,6.434056609101287,6.975279090771885,-0.23369851747256953,6.335525042478498,6.626120408790157,-0.28492742901066215,6.253043178657942,6.9105176581915355,-0.30650901005920644,6.850897642483772,7.88241323394072,0.033559078513901185,6.72233437519514,8.014906996977663,-0.08195062438754423,6.3968257824354025,8.226179889784165,-0.30472105396080057,7.091583923636765,7.7307218015703345,0.5052330990523758,6.40651100947007,5.804351920963664,0.16319260600593405,6.251842967331346,6.07150496812831,-0.17765647782887925,6.568906527627681,8.29073498026256,-0.11775370115030354,7.217273395214779,6.948405352448417,0.567063840121936,6.327536961382748,7.295378521717052,-0.2636110047029951,6.340465829141225,7.332310188034428,-0.2851855351347338,6.352988438574401,7.383043927614401,-0.31632451732022676,6.361381350022429,7.444111193981897,-0.31588599572941556,6.413503079381643,7.636590533820724,-0.26649733980172946,6.482834739625016,7.312123647381929,-0.18924645353685307,6.498672388433198,7.300170085198781,-0.18816857933666478,6.515195464292856,7.28959951488929,-0.18614579976810053,6.617930983498034,7.187700787876122,-0.15553923955578014,6.9996217469104725,6.870483006493204,0.08259829382418163,6.249719571444792,5.948696789119289,-0.06707409625078728,6.302868727394708,5.687871804410099,0.12369937920445027,6.362544434050404,5.72531504206329,0.15685672316696475,6.462563948564107,7.316355445438285,-0.18148886736803224,7.0302289207049515,7.265711668158818,0.1609276176692284,6.208416165714718,5.661369696066104,0.012856356292367234,6.484187030078658,7.804706511912117,-0.24521940382947247,6.182085057140336,5.984957665108682,-0.22073629315673632,6.32253048796092,6.300799594483063,-0.2149574871376805,6.329099163870905,7.8706374543990485,-0.3077336977359154,6.707791897919644,7.551514757002235,-0.11254226897538833,6.5279729669107995,6.740864467139903,-0.1119968167483726,6.607334709674113,7.701007110915799,-0.1812272582476363,6.770288565284074,6.706809452479194,-0.07834794885257347,6.63479248896436,6.881529091819658,-0.12390490691554003,6.867846254304555,6.962789324718259,-0.043934234061881995,6.373818995060683,8.060125904739298,-0.32816219056765267,6.383486372432551,6.40911134834661,-0.16736469694022804,6.804813383069648,7.684715366686015,-0.04568690360814233,6.678224288486572,7.838624441162531,-0.13366339565995725,6.779041325934127,7.363395018805404,-0.0737907402873546,7.117387396178812,7.092478548736245,0.27076726920023975,6.914585239350142,7.409092297530048,0.013576431212742353,7.179840510366012,7.259076591503222,0.47116634823837655,6.724434923513311,7.084027090394235,-0.10657657698682835,6.316163156247307,6.185000978055159,-0.13345903933298867,6.316232412938967,6.545251440500106,-0.3907829800247694,6.376436469613509,6.6181101941125355,-0.30104991381295687,6.27355458317338,6.42822119733908,-0.4448625942722341,6.381334417085519,5.488089810526998,0.10692152172041652,6.539449586103961,5.3400040100419846,0.10241877693881271,6.677650957317471,5.304819111726108,0.10993674254059796,6.795623662674278,5.3462638867855485,0.1431412207689407,6.881665463243441,5.443306434537655,0.195189141772481,6.940247342562822,5.805298667078516,0.3082808345248578,7.236516045698473,6.276862482683266,0.6715361315174447,6.8751003572660165,6.032374223354114,0.19785217758960147,6.776713015918642,6.076562848578997,0.13841730750921966,6.649777637877268,6.090256395891779,0.10044995913209731,6.522735875845611,6.065189043443557,0.08333962378833645,6.419759743185903,6.014600957112023,0.0973827623250534,6.345324507355078,5.9623207227471555,0.09701270534711508,7.262152445396723,6.359437878736888,1.031316924709996,6.373290645041836,6.675981656852521,-0.2593596612658742,6.2524862691786165,6.1806263826964125,-0.2741420380093867,6.249654598672204,6.536083853686606,-0.4634271806903563,6.197472894445986,6.637861916979253,-0.43538402170862095,6.24826161098738,6.578272602691505,-0.4213169702017731,6.349257145062925,6.7377150726356705,-0.23307125800973874,6.183917146530012,6.644896826081545,-0.4616261497139503,6.177220667034388,6.7079803903588004,-0.35899893333780375,6.340994179160072,5.84970827112885,0.1605019366795931,6.289048090482799,5.867870660019956,0.10301630555704415,6.256302527085015,5.873109536051425,0.03805303791459617,6.797522866796077,5.724427913822185,0.21227691402686014,6.876132067775791,5.626359724445655,0.21911333487882753,5.5747217209482915,5.881449969490825,0.05407712645071213,5.676595458433541,5.8700675965172415,0.054118141629012156,5.568839186076295,5.747949485472025,0.05419703156056354,5.47421491064018,5.892317915182545,0.05413274488438949,5.581022651916292,6.019506758435664,0.05411094598369637,6.628109575212463,5.789442811614279,0.039642904591081746,6.7314876822784,5.777990110969268,0.03906853312132203,6.622470509741044,5.652505910513441,0.039084846039714315,6.524314500023543,5.7979146185718795,0.03896345717664274,6.63076417706391,5.927583136981018,0.038981666621707406
6.161660460968935,7.181708174157315,-0.36615965433752656,6.132438878682014,6.586729746646516,-0.5197974801187653,6.1474188645381425,6.81470210509685,-0.3116524235175255,6.04106426262114,6.148180911100406,-0.32184540115778226,6.125671503754666,6.426844062041496,-0.5335613188770854,6.121010330896868,6.249827025885753,-0.4696448426879421,6.115293189472546,5.848348923906175,-0.1329803734908451,5.438972205724318,5.965227367341552,0.2599143546658589,6.098488019658258,5.426413850430115,-0.013106909357211986,6.090889777406674,5.20973275668245,-0.0020003414223788074,6.072548327457925,4.633724485456342,0.2069702422852803,6.163796055238911,7.236277303338426,-0.36217768325755995,6.166911628484065,7.290427056001264,-0.33641535237641335,6.168756168281529,7.332657196066963,-0.29923800487556124,6.168889508507852,7.337881838913415,-0.29527754028371117,6.169058692881035,7.384989650483951,-0.31887490709704813,6.171033705373074,7.443989833100013,-0.3501377239373337,6.171844499975069,7.513483748151088,-0.35308771962658175,6.183533993149362,7.728082655407601,-0.290470593761148,6.137842025379833,6.692172473467376,-0.4794621960716879,6.0691366815597,6.724273774513106,-0.3533962257180956,5.094904598447519,5.55432082097167,0.8465733332876384,5.709925997558555,6.078361531195834,0.1302956132870722,5.6132313932205795,6.1039929637331625,0.1424615087770352,5.522736392523674,6.105805243798453,0.1767688266400269,5.403757123640776,6.03057268083494,0.27143038457193697,5.792804475488977,6.028139580146019,0.1459824905244823,5.548297212091687,5.56023152078904,0.14341377574617173,5.664628673845965,5.577540300866725,0.14016366373603448,5.443402183834863,5.60607546774126,0.17968631616859043,5.378742927312394,5.694986874029848,0.21727016989873346,5.337956947923724,6.149684214619755,0.3146035617389547,5.836620719053272,8.064503630834553,-0.2096071841568815,5.408415787408295,5.919688812520588,0.3009876024890278,5.082653427491914,6.204021073729207,0.7757568588277621,5.229774652958282,6.059622928099866,0.4369812813935141,5.679164192281019,6.651022675988067,-0.05482492197414807,6.048739928229944,7.155141209386915,-0.3464380927216725,6.067602552074051,7.296544218104555,-0.31965404683684623,5.941797482304423,7.229649720583836,-0.2923394403707026,5.868792991509787,7.307386355647055,-0.2294889019014287,5.981051841297725,7.32131825864897,-0.27994119640000936,5.9090517034981325,7.356821169231804,-0.2203044441382883,5.746085931353351,7.577244033470284,-0.12851077639672293,6.055503001859669,6.59517892894458,-0.5074091156910505,6.037100616861256,6.442286437392131,-0.5181771454599159,5.247525032925293,5.558209910906083,0.29929454901723435,5.855937846679575,6.252518204432073,-0.010023947284891668,5.8611556791381245,6.645273991714507,-0.2664117783621599,5.854586522342918,6.579413956272196,-0.22991540244389044,5.389186836383269,6.706459950406151,0.09048130711267498,6.037525728443027,6.2791532730815085,-0.4362271205435597,5.443012557958484,5.3083869605293135,0.1402187853131291,5.323708899546496,5.398544309362789,0.2226227091417039,5.167364975092806,5.232371919839826,0.6885109956282511,5.8761424753821565,5.413664804274612,0.023130586410840207,5.7668124508342276,5.658145184561757,0.158501417257138,5.66756896921297,7.455649217190944,-0.08057769814989704,5.238850390943474,7.682322583759036,0.7880637674317353,5.9358305071764805,6.722997722884856,-0.24481744968318825,6.014489412138431,6.766790667753692,-0.2647610209836624,5.77935790223556,7.4397035900183806,-0.0952974779024069,5.799473637453926,7.427923769593998,-0.12431313556561234,5.269659510494868,5.313586154031494,0.28645858080559355,5.868448887699922,6.732157336173704,-0.22475678003543775,5.61975574483221,5.303583844849946,0.07221483863864117,5.598225599578711,5.170220678273218,0.07235958178418404,5.524938298465342,4.778380350501612,0.33828668567365644,5.214979981341425,5.282227185267255,0.45910988948404,5.565467275321019,4.976024617851427,0.19995211514804861,5.193230111467668,5.5197233335385425,0.39699287907768366,5.142989879902953,5.552053678682714,0.6069346011377368,6.055865744625901,7.231421855204641,-0.34432801500374366,5.962986749721274,7.2789999419819935,-0.2926490889943977,5.888810155324285,7.329943794149589,-0.2343259351047633,5.963453082071935,6.757793786891593,-0.2266289646311688,5.789979956716334,7.43362012141314,-0.11025759265961946,5.840122692201587,7.43363302530601,-0.17994095522814982,5.812192932967534,7.423202378569473,-0.12631783149176995,5.9628089627528436,6.631978680760843,-0.36362238159679056,5.924313424348588,7.372335232876161,-0.20858448343916322,5.996393136154212,7.346174023848227,-0.24869977403488142,6.079517146490631,7.335030795472095,-0.28440473359305285,6.063239602518136,7.737964169814227,-0.2837381444743981,6.067833388379835,7.513595581889294,-0.34261867484772024,6.067026178192527,7.442213397181584,-0.3381227211043594,6.070893044755886,7.389060111801481,-0.30341485610149244,6.078517811676148,7.339806669599848,-0.28091855427194856,5.924210193205629,7.376014276109968,-0.20806357837490644,5.910407329132414,7.402175485137902,-0.23076363177676304,5.898327851640273,7.436142115586277,-0.2567700388954409,5.888962492948444,7.477175061146819,-0.24758316165238742,5.774115695757146,7.160304917183703,-0.17714386842915142,5.114929289532858,6.952222475826511,1.0625673843503467,6.142913972160658,6.757179418214396,-0.3679233207786361,5.868844607081267,7.400941729602948,-0.16239753040407676,5.855469005238635,7.418944093922392,-0.17709633012937706,6.036360793670046,6.827262611039864,-0.2846624082037995,5.90816563618773,6.830427649207687,-0.1740735596207054,6.026526593537276,6.799697028337919,-0.27413296603747733,5.7573922505977,6.367044554950435,0.010779756825585478,5.603306148954783,6.489258041204596,0.0352014109019025,5.846402586731625,6.66620267218368,-0.1859920632895525,5.301477642780396,4.96772060434815,0.5047016728630922,5.3459727744862375,5.083803307723214,0.3239678451063781,5.4025921888677955,5.192035784494261,0.1752238206960651,5.83276245508516,7.645992390266651,-0.1947581862549379,5.835325670027186,5.2022212572662685,0.014963811184857585,5.807874071712258,4.9513584681890634,0.12208051567060264,5.776049845921762,4.6815455955494105,0.23375977680509458,5.448363730643356,6.085962640979167,0.22602360179587092,5.247629697834127,6.279154706847383,0.35835055889203266,5.848459323878507,5.975517146580925,0.16310327925317708,5.300403035257506,5.8057621345792105,0.3120725841265112,5.918403441414155,6.135142244238266,-0.031935225032157295,5.903381876347668,6.552596799356707,-0.35132306747143355,5.157081289358399,6.429668580814139,0.45350180387654276,5.31125951045875,6.362503101543152,0.24757045938284358,5.431233812858507,6.386539469545169,0.14174771739748296,5.610950630155817,6.33565081736374,0.09817048708497517,5.74418117338916,6.254551284442027,0.07726834248577617,5.844930109178578,6.165279286036017,0.06062171021292436,6.02927082142095,5.899703549996796,-0.09772039661336057,5.181929527286816,6.73948459667502,0.3774215268397687,5.232550065249725,5.801209569486401,0.3720080077419511,6.095981080026803,6.69028707134249,-0.4719833596343341,5.872717208708124,6.380184302306722,-0.07764382672608847,5.06367681926079,6.26589524004058,1.1082089014831684,5.918829269878863,6.062976506480177,0.05788232128907619,5.842013829389971,6.697021469654725,-0.09758803089978062,5.361431996585897,5.932992009186561,0.3219955657305379,5.902680764835067,6.474131094346337,-0.3045335743276145,5.16265684640262,7.312944349059314,0.9547170957952046,5.853001135727258,5.924019860785797,0.19539408382284296,5.966131356725385,6.355848994119885,-0.38600436300043983,5.419881254664707,7.891496120946675,0.20998601198401817,5.439957561321526,8.109243578063454,0.3590872233178006,5.11258042258906,6.8545586457574155,0.7212276958704005,5.305128010696715,7.738414372298801,0.3683709245625622,5.112474323914351,5.8632916318495685,0.7245937748969288,5.817161648605399,8.23890332738651,-0.17623217255374313,6.111891579935442,6.755848883482917,-0.35882058767033864,5.795192054111385,6.518175665126137,-0.05878245742712182,5.158773491531704,6.118172908231355,0.5349836146245278,5.525396745103694,6.0175340139728,0.19053072757415734,5.604905156346249,6.022676215281472,0.16267079721870792,5.828814580749894,7.46352274249042,-0.1666245858382051,5.212696709186382,7.050498523923992,0.35162321739621044,6.002498111247569,8.426677192015223,-0.1870171834871839,5.706117198513111,8.322795836231627,0.04948382485493341,5.580120004116307,8.242108510998815,0.18608561651285957,6.081629083623678,4.929047995858402,0.09280735701673692,6.209817072276622,8.422911405946012,-0.22619124039022123,5.687372501912177,6.002461191776302,0.15792355360326002,5.765037807123141,5.970683921818194,0.17192321324403748,5.821885190278735,5.947930415832332,0.19475791742383644,5.171166605308878,5.807446809481675,0.4805005562010661,5.752874454327347,5.8189172949186485,0.17010654227075736,5.668103405442666,5.770743478420467,0.16274376246016176,5.586245051931907,5.759263673505311,0.17120419085930272,5.505055908643041,5.786994856165754,0.19627831412071903,5.4551307471292345,5.833948537904788,0.22485667319222086,5.06743256896888,5.885084873141026,1.0076122137075425,5.473392623071952,5.99467154178048,0.22785427438901862,6.152652109979841,6.944873708837079,-0.30802766176362,5.865144057359342,7.052441993566793,-0.2145720017437754,5.929317625691846,6.6847125896226745,-0.2709498489780824,6.032787849110947,6.961438005984462,-0.2990282270060575,6.109710105157484,5.669729654385748,-0.0390564348951779,5.548009742033862,8.040148966808411,0.07899517906598605,5.6753306607742395,8.14320232279952,-0.04665783591220439,5.993533848559114,8.290863002676144,-0.29078362517620304,5.33467362407126,7.943802767577924,0.5801344253868231,5.820527413995642,5.882190099840536,0.18692054990750595,5.977117587738267,6.126742526862871,-0.16803372006297213,6.202385146866473,8.28777825539729,-0.32578373198894567,5.842082291710475,8.384444184417777,-0.08831071999432652,5.154790489932515,7.191728046970825,0.647241030646591,5.996511421838853,7.354272650389991,-0.24696706797562304,5.983077394036837,7.389299550702511,-0.2712746865590097,5.97531498559263,7.43728052569058,-0.30289173318064866,5.970449142656255,7.5015863589250005,-0.3030331383400151,5.93723308864315,7.704564593769193,-0.2528391233221594,5.849955817009952,7.391979259121836,-0.16577336575932877,5.831693582625766,7.385869265847918,-0.16250040310556768,5.815252947785053,7.3765497876640715,-0.15876763845665182,5.704913193620051,7.2981686748402925,-0.12397443078036814,5.332184606513236,7.0679410026694685,0.13938146604245727,5.974318518309895,6.005929829868037,-0.05732012824815396,5.910569703117694,5.756383954746502,0.1379428948120807,5.85788310852972,5.799801611397704,0.1760730357429764,5.868711983737882,7.396649034574881,-0.16122262647775015,5.335393374540228,7.465808165294274,0.22097235500985857,5.995084824793787,5.716868291922584,0.018751366972639166,5.883114161946612,7.890070957667484,-0.2279732097488216,6.119959380510905,6.112381210981563,-0.3548905009929533,6.034442414930048,6.029174759107363,-0.2174076770071288,6.116737708591042,5.986804468427438,-0.23935442085751893,5.925897735639842,6.367204419845435,-0.2013645537551044,6.195277969426884,8.115477592085512,-0.3516999686756765,6.190455497908212,7.914812021596787,-0.32124539254192175,6.034450300642358,7.922971583188214,-0.2981695580654116,5.653853564858095,7.678057130282583,-0.08053763671513198,5.765104118794834,6.8352709103315386,-0.08747613944050081,5.760044717465411,7.810792307406308,-0.1560697951392747,5.531439351381513,6.855745803901451,-0.04012087444172139,5.673115134056764,7.000518879306957,-0.09356399335308391,5.458429842406317,7.13223106447927,-0.00017381479638401405,6.004345518576782,8.122845714914249,-0.31534692453966723,5.879173456440719,6.479912038352071,-0.14868923887209523,5.572340032040138,7.832326037074492,-0.005911770941290667,5.703345012194885,7.961985786397547,-0.10321271682779282,5.569390775636419,7.512414875691694,-0.03445583864557485,5.246054706021057,7.317082197372942,0.33848597913020334,5.4519757453225335,7.582175471195414,0.06261078593195772,5.209186850325757,7.496219056374042,0.5471889498773338,5.598508768338912,7.219515146500371,-0.06998385973347995,5.9273780989052,6.250862204847097,-0.11820870933575399,5.93323216497053,6.607074884404792,-0.3771086074376726,5.889336705841672,6.682830055029537,-0.28462226275931524,5.9653893828853635,6.485198333131124,-0.43227104685970014,5.817761321182383,5.58214555685542,0.12659858077205835,5.647537467739727,5.473476856817075,0.12900368942254048,5.506588962804284,5.463500355421266,0.14386099868603747,5.396496174811154,5.525585643757651,0.18697564908200878,5.324657694113905,5.636627584759659,0.24555884105582343,5.305192171719597,5.990456628551101,0.36491758744101926,5.084349572521375,6.530059433576416,0.7540534071241907,5.3881348106729,6.200502612273336,0.24955904784550556,5.485492890169271,6.2278516963282415,0.18315814662965446,5.609061285174777,6.2117361678995575,0.13659027112509914,5.72944385240728,6.161667629798307,0.11103746048365071,5.824600025961984,6.092905652226134,0.11772959630647792,5.889171105883175,6.0279840165486425,0.11327878378557008,5.085457156659379,6.611074374311537,1.1206381282383047,5.901434463848712,6.740222269217417,-0.2427038771609405,5.979250314476493,6.238694550753679,-0.26435902887661683,5.995693099966017,6.58762585031804,-0.45491401845768065,6.058903177630898,6.678657796334923,-0.43130531593289895,6.002344698299004,6.626222827657912,-0.4125843660792601,5.9333131727424355,6.794916852912542,-0.21973754655309058,6.0695280996434215,6.686459633340677,-0.457833748245423,6.086442952547104,6.742732793263559,-0.3554183060554808,5.886281350763245,5.914428325527275,0.177940403781473,5.936917660150773,5.926186997905011,0.11469207369111378,5.969018961196504,5.929280706220579,0.0479706193900148,5.427996369514026,5.875777223525644,0.2583404829823781,5.347571064994768,5.804097890840457,0.27020052708795417,6.201832430121877,6.131892613883853,-0.3288354354449117,6.825548543936974,5.8443727326948895,0.21084934066375596,6.2155557201890606,6.715156457317555,-0.35849886404966985,7.184193607300653,5.332222959750377,0.764303309750181,6.5637256900740955,6.011420794725665,0.09801872072690672,6.6637136546256555,6.019955644534726,0.10382434118749546,6.757061849412692,5.997410751483594,0.13201892145907546,6.867063234831328,5.898309929566843,0.2184899910215952,6.472198377947595,5.973057521223327,0.12169115862532558,6.677591791407278,5.44329716048456,0.1036613399296453,6.56306974218654,5.484390324211829,0.1097231116247391,6.787717914456989,5.469092759214512,0.13320208074047596,6.862648669703932,5.546422563210859,0.16675939343428997,6.951851847347969,5.9936919212467705,0.25764396400109446,6.56820477466584,7.995435544248187,-0.2310407070319982,6.8506767246523745,5.7876515209362465,0.2487278220798001,7.243732169002567,5.977688584997762,0.6954389075283521,7.061213056303668,5.876789820674465,0.3719064791959675,6.6313112627462925,6.562228838501182,-0.08581651623630315,6.273998884762904,7.13953395096072,-0.3545364952375178,6.268769223735891,7.281058112894749,-0.3266116197684747,6.3906658477318015,7.199531317742454,-0.30906384884159477,6.476287478221492,7.2624944292354625,-0.2514140720559269,6.362340369116404,7.296669672618568,-0.2939672798978009,6.442198260790853,7.313665533294157,-0.2381568007031192,6.620585977122559,7.499020634892694,-0.15656530686573963,6.209379056801982,6.580919410440356,-0.5119334983233904,6.217070493835404,6.428499344743535,-0.5240037011425306,6.995450516940818,5.366301782378426,0.2388419391677745,6.422965008468204,6.198868119176477,-0.031432902917788746,6.431880881558397,6.597760424401505,-0.28658802298094516,6.436415883019245,6.531956305828298,-0.2510688481164724,6.939823985427308,6.550952269898727,0.03891792247047609,6.206436969227635,6.260492810225697,-0.44397178613507104,6.762464279227575,5.141851828240118,0.10263660057607428,6.896547196273271,5.215960318758071,0.17299532287794442,7.070890259073187,5.026731181766802,0.6146945452968476,6.327648970018501,5.346024390057718,0.012877288392031967,6.468152290649931,5.583611940903501,0.13355290532787753,6.693404078353518,7.35767282616122,-0.11455118379135847,7.216851209505665,7.475785025131551,0.7120013676632082,6.358862769987954,6.691141595803654,-0.2618348168468933,6.2814781244469104,6.745528636718713,-0.2729304173128842,6.582231306215467,7.370424739848472,-0.12398203646028019,6.5605685376185825,7.363106081942403,-0.14947346400022926,6.949774320595909,5.1186531379502425,0.2312113475736481,6.43496061065669,6.687461118803973,-0.24441359816102426,6.577628917758521,5.17572633923106,0.04608777676124057,6.591635376585907,5.036006213208542,0.04514677269512551,6.6447148230234765,4.65619303047466,0.29654476529079654,7.006941433541502,5.083403645485714,0.39555741060626975,6.608365990574724,4.853345516129542,0.16662589638982472,7.053754606224841,5.317231503767253,0.3315827996914364,7.116160699675631,5.340423383669226,0.5344209959343617,6.273869128951267,7.217091365289634,-0.3520854500725742,6.375861498195292,7.250767658148434,-0.30789111796667157,6.4593532694785045,7.288892926515616,-0.25416782104111124,6.33601929519347,6.728148526788775,-0.23875223919025496,6.573845209615879,7.3659169799392386,-0.13676035160195435,6.520577939848757,7.379967168625794,-0.20290419427833295,6.549443231315881,7.360734633186082,-0.15066299681899348,6.31711365837313,6.601921212969125,-0.3774410618998079,6.429618399008534,7.330970370515686,-0.224982150108826,6.35296569094639,7.321142622329351,-0.26111706020859454,6.264179739171815,7.323886850213025,-0.2910091744703256,6.307118159579486,7.712553537221562,-0.2893246787885952,6.282905438374913,7.49820697275895,-0.34930083031590586,6.2779876214255905,7.4284585642651635,-0.3448193710494319,6.272686988987793,7.3712391188651525,-0.3106523718201049,6.2625889759341264,7.330602609568893,-0.2875611243604446,6.429586856159296,7.335402140833574,-0.22446386614780842,6.444378301802936,7.357926602720996,-0.2476059450882359,6.458563264481689,7.3938374196951075,-0.2737258437369123,6.472240674040891,7.432474542479464,-0.2651388406941686,6.5602330364039645,7.090860467055298,-0.20285531182305133,7.296182192221259,6.727352069845525,0.9753094685564537,6.491131256319549,7.348881690702103,-0.18361703011854588,6.503122557210411,7.3650853957320646,-0.1991163192536184,6.262267095495314,6.809202179202506,-0.29188395087446706,6.401834167010737,6.794986390557453,-0.18886872409458222,6.270838864775643,6.781774238024506,-0.2818569988419518,6.534160003977309,6.290078569044726,-0.016800763504515887,6.701124190704429,6.3815241565163845,-0.0017587560730219587,6.454735826479877,6.616093988637945,-0.20722166657291807,6.899142312506004,4.7924785703449615,0.4443628009721404,6.848316029140113,4.909416873505596,0.27340134219486173,6.79653629146772,5.017194129611509,0.13371294944361167,6.537041873384929,7.582889486600884,-0.21650834736238753,6.351972808078342,5.125164585669003,0.0028776452939266563,6.360340265721563,4.887437959533398,0.10489256397172717,6.377352614704707,4.615294500464846,0.21336176893019895,6.830300760927798,5.9596815609392255,0.17587294699442102,7.057921846738895,6.103136288623186,0.29428257397462654,6.4112719308792245,5.931937115944444,0.14066704997351295,6.959377684422894,5.640393012387403,0.2541854966860321,6.346214087443662,6.093605329972859,-0.04912924783340735,6.3729050729622,6.512965359938429,-0.3679665801833789,7.173040342563399,6.220502929338809,0.38123010185929546,6.994972356021693,6.19751894548863,0.18738836082922494,6.870636179390427,6.24604618527486,0.09182001318950818,6.682936870587183,6.2323415341640445,0.06112013427632178,6.539890049294501,6.181182617115283,0.048955017276423395,6.426089184308605,6.110158156993246,0.03868226400680918,6.207784709149607,5.880641991137612,-0.10481890424992792,7.170072447203313,6.537559462865602,0.3050059105728747,7.0335922736155565,5.615776327647707,0.3068737042606153,6.178679261898514,6.682004205885861,-0.4756031256102708,6.4132662992105685,6.331008283462309,-0.09843353831775098,7.287559524252389,6.031541189683123,1.0192852185742798,6.34281176102362,6.023008132081405,0.04115472324917823,6.466135698947533,6.646329960281031,-0.11711965214115937,6.902034218274745,5.789196045224485,0.26797330621756543,6.373967493475159,6.433428631819853,-0.32157054375913413,7.274465657404083,7.0962112812987,0.8713004179996654,6.401806208576184,5.882804468517733,0.17255625448148956,6.291604095935129,6.325994404199399,-0.39811950541870694,7.009080612226163,7.735675879478624,0.15534162129579446,7.013742501966899,7.95149348772841,0.3008209272061244,7.269648204065971,6.627693871445086,0.6408424919904426,7.123495129006319,7.551869961907417,0.3037496180305819,7.182936911511708,5.645824475961242,0.6469629696773171,6.603004423087262,8.166131106663531,-0.20220803373851792,6.173487595667175,6.749325965637162,-0.36106277347204185,6.50529327874431,6.453053302226223,-0.08385896656456358,7.144085440729123,5.916838127520737,0.4639226382778763,6.744357249999297,5.915753125195256,0.1470353115268597,6.666525269505428,5.938662194778495,0.12430509303516041,6.535722808780446,7.402528191543014,-0.19159390977523674,7.166277985816612,6.849970594959214,0.28205996632355196,6.4225771747991685,8.390613678975484,-0.2006176961500729,6.735546041817938,8.229887090685105,0.012581191936206737,6.868188741042761,8.118862713315059,0.13880651472551173,6.577603826855719,5.935055198279878,0.12524851098054063,6.496229727769051,5.915444148649315,0.14382106606617517,6.437912734592158,5.899590640934185,0.17006460461893003,7.106453387822748,5.605557878260587,0.4095021278906869,6.495977384975149,5.754645872065215,0.14107684938379667,6.578718579823094,5.689700579250795,0.12957944723279038,6.661839005744827,5.662469063997594,0.13149067954600807,6.74130189492087,5.6742782766224025,0.15200049875651808,6.795826577359874,5.712560542352835,0.1779394964765056,7.249022765079243,5.652643466460069,0.9212987015730686,6.794103190778799,5.881989372618115,0.1811808378719578,6.458705207303258,7.003630868137424,-0.23432394127409414,6.360112296947527,6.650943818864973,-0.28575182383986275,6.275924432332275,6.942010478385827,-0.3072324817681016,6.878433715098558,7.910188126651724,0.03449905604545806,6.747851337435303,8.043445911436681,-0.08121197152989745,6.419060147109172,8.255391634942546,-0.3040687429506034,7.124629237812999,7.75954736440508,0.5085848485132732,6.4322679983444955,5.830420398529265,0.16119063557667673,6.276619808781377,6.098322419699761,-0.17958756554398853,6.591138576710414,8.31888739045791,-0.11499914601675319,7.2525240213446205,6.975379945347497,0.5688183834176374,6.353499768734618,7.325752179615669,-0.25928499865475596,6.366185012308709,7.361955484828167,-0.2836615948182582,6.378037954792688,7.410575202513297,-0.3156019780471747,6.3857365606554835,7.469098657976109,-0.3158296331849253,6.43582660524485,7.659601695946817,-0.266731463346976,6.508336446812805,7.340836113497694,-0.1889645399796599,6.523563040399337,7.329264189125105,-0.1879503074416375,6.539727316867752,7.31919915268655,-0.18604540386059995,6.644410864658096,7.2144102231044345,-0.15568272315836,7.033276128240242,6.89710923249605,0.0828564673839902,6.274879217009809,5.975150460958537,-0.06901723270300726,6.327904897227088,5.7138563082618585,0.1221197538101195,6.387055625259967,5.750773987321295,0.15508505561334132,6.488594924487668,7.345069307241973,-0.18237526565702772,7.063477689502342,7.292799938523459,0.16209474817476477,6.232093492667766,5.689442142951927,0.010492991749320984,6.508205257235295,7.8307503283784845,-0.24556426248303617,6.205774569393644,6.01224198413025,-0.22331246254026751,6.348461515451843,6.326598736515475,-0.21650306035072553,6.352181421013073,7.896699257305011,-0.30764334530149523,6.733320120297873,7.577216075035732,-0.1125162891714705,6.55466859104527,6.765842231627751,-0.11225267787389999,6.6314711276412925,7.726785097291234,-0.1814410439755765,6.800912144916505,6.7329595281804515,-0.07903562134481151,6.6633817378257225,6.90748252859761,-0.1243792568152749,6.899675673411295,6.989037282184457,-0.04426431500232466,6.396751466985854,8.088375832643946,-0.32801964506494824,6.410319910338598,6.4337569642051,-0.16821154063529012,6.831834173530511,7.711169953152729,-0.04519883911876501,6.703716439405413,7.86599014292336,-0.1332511648190837,6.80641708899141,7.389242916950471,-0.07372979150571926,7.151963984209161,7.119945841584148,0.2719536867135151,6.944665812785286,7.435155684664664,0.014216021071942917,7.215315646254142,7.287722256679137,0.4732332002301919,6.754057393022808,7.109672909093799,-0.10681805553461798,6.342102763798711,6.210623565580994,-0.13475482677990058,6.342403137749406,6.571331818037989,-0.3921716172989679,6.40146210476632,6.64290182607525,-0.3019427369899132,6.297530567177119,6.454934403053486,-0.44665557182610116,6.407957064177524,5.513433402647383,0.10479230117217955,6.569766145703103,5.365672359159548,0.09968804985399657,6.710593497422155,5.33142829501447,0.10656433498132192,6.829092813178585,5.373633344177365,0.13991211623414188,6.914959617632804,5.470627247141629,0.1923310446554322,6.9705517387653275,5.83073080884108,0.306091831404619,7.269268972992182,6.301287750651083,0.6719929374303192,6.903311703668869,6.058073744072536,0.19622235244643238,6.80454028946177,6.103138439271998,0.13690133111207684,6.676370222882257,6.11653984890037,0.09902306252065467,6.548168613453505,6.090784395614903,0.08177082658464326,6.444741761452106,6.0393358578595056,0.09622186484606315,6.369897032157629,5.987557195511519,0.0958029363796258,7.297957194373813,6.379741268651521,1.0328363671261638,6.397702053760606,6.700975795936425,-0.26005829131809743,6.276912297019762,6.207676459826087,-0.2761708402020731,6.272879113614968,6.563015975966248,-0.465081255519973,6.21960825943316,6.66600911379063,-0.4366089951231795,6.271706293129678,6.605627497754547,-0.4227195226301118,6.372690008081035,6.762599053219772,-0.23353342101766766,6.205358060407121,6.673190130172753,-0.462869806074203,6.199243048952642,6.737974841209236,-0.3597419166602158,6.3649025087340245,5.876126703957538,0.15904388481599083,6.313351456718605,5.894010782592341,0.10142323139964753,6.280185584511104,5.901035876935619,0.03641136648340555,6.825785832189194,5.749076050084492,0.20956172929814346,6.907828783056287,5.652938822230204,0.2165516739749057,5.597927376276828,5.901300048297983,0.16699820506275107,5.699367387217725,5.890330664034127,0.1671303915555967,5.591967211536789,5.767934014189506,0.16721166815860392,5.497758040342152,5.911821739167547,0.16714785437589552,5.604380756477673,6.039250548789976,0.16712260665495035,6.660043213987094,5.816835466868964,0.13644889956962036,6.762139531257015,5.806080430603336,0.13591996317620758,6.654638633523399,5.680295075114482,0.13593493930881792,6.5566285489956275,5.8246519999749315,0.13581508544275162,6.662170205661822,5.954522871322998,0.1358327834902642
6.157914131451163,7.1750418176995865,-0.36642055426257303,6.129744223958953,6.58258563940795,-0.5206928268532308,6.144179770614403,6.809201876987914,-0.3119282233509346,6.038036424385462,6.1444476393541265,-0.32286001197474806,6.122986626206824,6.422838463717974,-0.5345879357923219,6.118094082460687,6.245924769435201,-0.47066314706708356,6.111653056855505,5.844509854653761,-0.133892963013051,5.435291293204771,5.9615427097564035,0.25905704891380765,6.094359766158615,5.426169073409329,-0.014202150516374188,6.086631681394918,5.210199185780241,-0.003224889898214041,6.067565013693865,4.629116327414936,0.20603309439501652,6.160059946275262,7.229568146991542,-0.3624985646742454,6.163254316807801,7.283581658054508,-0.33670729040775715,6.165128681759292,7.325613414714149,-0.29930983304915454,6.1651630606349785,7.330924951007714,-0.29610650968440644,6.165402996538207,7.378261797921729,-0.31962685329666,6.1674542694541685,7.437467951666511,-0.35086391157570324,6.168312308893178,7.507079445119076,-0.35356970367245955,6.180013302478397,7.722873499123559,-0.290209413400144,6.135009921751603,6.687611672177079,-0.4802685064527397,6.066927572040511,6.719212304972172,-0.3540388992265066,5.090065427713333,5.551737916854301,0.8458423689911299,5.70498247145349,6.07377254943501,0.12969100717047558,5.608845884842341,6.099093307604701,0.1416535465576698,5.518717364870699,6.101418895299577,0.1758192329271769,5.399866368602844,6.0275086099330455,0.270499932346411,5.787437697994561,6.024535553412739,0.1454674866522626,5.544199274020169,5.559592773722092,0.1425021743318181,5.660056443196991,5.576936916505935,0.13938017625665783,5.439483367358795,5.605263677618464,0.17861484431308033,5.3748170603057615,5.693784268925186,0.2161903735043404,5.334041206948544,6.146768213462966,0.31373092088058485,5.833394734408366,8.059080281446615,-0.2096093927496344,5.404632856471462,5.916823670980601,0.3001103505412142,5.079725980850616,6.201364732959449,0.7752337986153339,5.2258458715770635,6.057495584250602,0.4360680157185419,5.676049066430409,6.647198587581012,-0.055442321532964606,6.045053296158393,7.148717626095796,-0.34688278853062837,6.063872149463872,7.289885884383522,-0.32015466751960225,5.938005355762951,7.223309042936868,-0.2929863133667284,5.864585685601528,7.301032518598295,-0.2302677621072277,5.977068353261746,7.3148406507724655,-0.2806018605705964,5.904784260337843,7.350441408998999,-0.22100538572353776,5.742504149359006,7.572125710371104,-0.12918450068819323,6.0530879258969605,6.59106074849125,-0.5084189862990536,6.034700957217294,6.438364107223316,-0.5193067493704742,5.243542755949982,5.558330782493766,0.29783205618248676,5.852371157560742,6.248745269694648,-0.010729951218278412,5.859324285168339,6.641229555289941,-0.2672613795869165,5.852548423638501,6.575435549491733,-0.2307374948312074,5.385804692220485,6.703242600989212,0.08961906465025112,6.034872135369149,6.275380303632771,-0.43727763287843885,5.439732972320811,5.309939108299282,0.13853827429770732,5.3200056728362375,5.399471727759026,0.22084197415362422,5.161939480922017,5.229745725287752,0.6874364618586994,5.872651829309475,5.415586825737076,0.021930198909189708,5.761650318210084,5.657237017277409,0.1579505548951881,5.664140009024629,7.4505168836692715,-0.08139661568295725,5.235218412561098,7.678927985050703,0.7889433601068722,5.934178557163096,6.718514700286366,-0.24540192064210628,6.01239121557648,6.761711757586464,-0.26526489800408015,5.774423502980776,7.432972197443923,-0.0960550375007553,5.794540158843421,7.42124756838167,-0.12503531060045564,5.2656175752736045,5.3143933213804155,0.2847259379639848,5.86668172267854,6.727933795997893,-0.22544648290548333,5.616610139048166,5.305757777543911,0.07071679333065482,5.595142679861672,5.172319752699612,0.07071409069443142,5.519898780609134,4.77515635887807,0.33685709367271144,5.21019954389353,5.280862099847552,0.45758896807749094,5.561348603175123,4.974646947314803,0.19827000405737893,5.1889519662661145,5.5196828382962275,0.3955582405346062,5.138452620902229,5.550463033547594,0.6057915561609575,6.052136777002968,7.224908376882867,-0.3448184220975596,5.959116134114198,7.272613364257358,-0.2933341085160075,5.88459562370423,7.3235857772752215,-0.2350826624160225,5.961746834330792,6.753091970734649,-0.2271895769546953,5.7850526634938095,7.426907190791562,-0.1109925135030198,5.8354037499562965,7.427026084403311,-0.1807309021611218,5.807281113418156,7.416533365053158,-0.12705015668036276,5.960923889994047,6.627471558976147,-0.3645617896212075,5.920028068685214,7.365915484190812,-0.20917710524637317,5.9923694597352615,7.339527548421686,-0.2491645721991759,6.075727131763103,7.328143843209991,-0.284714903598286,6.059602722839554,7.73295438819205,-0.2836756364532654,6.064205911048663,7.507300759131308,-0.3432999546084972,6.063370074633534,7.435782670531295,-0.33902029937337896,6.067157480771664,7.382435250184756,-0.3043386165194469,6.074656373030784,7.33301776506513,-0.28190407239762555,5.919859397326377,7.369312546844585,-0.20894209340085995,5.906110711958081,7.395517128610049,-0.23161984120966672,5.893999320544355,7.42963100046314,-0.2575676781294279,5.884649340697489,7.470819758441885,-0.24830424978795324,5.770813721033693,7.155527508388032,-0.17783246749728623,5.112814932472304,6.948658353757082,1.0632576913805267,6.1398630730360155,6.752210295818605,-0.36839993593588816,5.864215396461321,7.394279489085335,-0.1631562799030714,5.8508226757016955,7.412299033531103,-0.17787474724739807,6.033811403808905,6.821983656477528,-0.2850322143538899,5.906407587874166,6.825859874711181,-0.1744417053991809,6.024217548812639,6.794460501584171,-0.27461067001980655,5.753962700247977,6.363242682715411,0.0100250226960612,5.599818206955037,6.485656548089569,0.03437665706277637,5.844301432719911,6.662149101145181,-0.18667923102770614,5.296047893842203,4.964893015678621,0.5033620237893802,5.3413614006767505,5.082499926382571,0.322292603851357,5.399150858252618,5.193364280092505,0.17350178111857084,5.829254228567873,7.640952219495493,-0.19526583644514292,5.831916442753847,5.204388797675933,0.013495625172599515,5.803614033344928,4.949157517786276,0.12058618944264185,5.771070130148187,4.677622772328869,0.23245977354553105,5.444521663213311,6.0821158728281794,0.22503326493482947,5.243979654161832,6.276297789877654,0.35753310010975853,5.842823857291968,5.972624167352688,0.1626810635693631,5.2963845203333,5.804326678788847,0.3110015604530357,5.914711518805611,6.131387963952714,-0.03267622046128512,5.90149033431113,6.548529781907579,-0.35232040308379164,5.154179165962365,6.426829994430492,0.45270707820168465,5.307756765919765,6.359480344507469,0.24673211006979176,5.4276624058219625,6.383233282700539,0.14095972444347313,5.607164184840009,6.331848323174437,0.09738451070186396,5.740208643180355,6.250724203726353,0.07660757227268908,5.840755394938164,6.161744511183901,0.059970557749914395,6.025532540807648,5.896086404789156,-0.09865085524485166,5.179056221767726,6.736500582083024,0.37669162386928634,5.228622682015326,5.800100225759136,0.37086993281431285,6.093405036131737,6.685673563060252,-0.47286491709249584,5.869762571298655,6.37621569470103,-0.07828801328299125,5.060856275458184,6.26285994684369,1.1084204325206584,5.9145106172508175,6.0596456964341625,0.05723631802881072,5.839792428305652,6.692891694501265,-0.09799174773754939,5.357258049548877,5.930671553729784,0.3210966845247414,5.9005477801360575,6.470202527241907,-0.30549053267575016,5.160043629173221,7.309451045782029,0.9555690863121348,5.847061769946907,5.921300087085615,0.1950528038027053,5.963702132885462,6.3519979254596155,-0.3870861306500954,5.416021933382483,7.887439447222261,0.21006652436227843,5.435800530300877,8.104920214815113,0.35972229140591566,5.110380478337753,6.851388338588144,0.7210172373178448,5.3011485014089,7.734954809021059,0.36844805740901704,5.108731366644665,5.86107545914862,0.7237799022812154,5.8140215217324425,8.233126920742448,-0.17614031506334932,6.1091412502506595,6.750832275884838,-0.3593537704500704,5.7922650651222085,6.514162365846299,-0.059369979383185174,5.155139983915145,6.116027768786613,0.5341218065833068,5.521373133017481,6.012492919750386,0.1897058814398296,5.600355735000927,6.017311692159112,0.16191486899778862,5.824051916827269,7.456994436829871,-0.1673942485132117,5.209441418061985,7.047477567011644,0.3510842183943115,5.999291073373478,8.420260452049611,-0.1866451319280262,5.702571294682684,8.317189001608575,0.04987297724487103,5.576271542016086,8.23702820690629,0.18654675149307826,6.077014907148194,4.925922411408234,0.0916389355072361,6.2063031152065005,8.416005349956828,-0.2256107226123763,5.682229027448347,5.997484033720206,0.15729482708204512,5.759373792035718,5.9666759056323455,0.1714833874789005,5.816011199162799,5.9447500614366975,0.19435687777293928,5.167245645516257,5.806208206006106,0.47947456929235444,5.747207609288867,5.816617126846774,0.1695897515560769,5.662886254401937,5.768273981592351,0.162071879292672,5.581463468471326,5.756604143863224,0.17037987257173268,5.500723246468407,5.7842572938802705,0.1953642056890506,5.451072629598032,5.831215973161734,0.2239835677402842,5.063575071543725,5.882304772998328,1.0073768881035157,5.469627195296671,5.990282733603748,0.22701378809425138,6.149205532503824,6.939150445950032,-0.30814012336830804,5.862212110726006,7.047471837199029,-0.21506251808460156,5.927660179087619,6.680285390522968,-0.27167064945035535,6.0296744791012955,6.955996811262998,-0.2993370272769925,6.105751349862654,5.666838392652732,-0.03990132392038184,5.544453176341646,8.035409709309876,0.07905377140399548,5.671907844363338,8.137845150550712,-0.0465544113452594,5.990336450597008,8.284743221452857,-0.29062305663032784,5.33045828349809,7.94009929005507,0.5808611862397854,5.814640699608088,5.87971740448963,0.18647772515673894,5.973867178576729,6.122942220159062,-0.16893313965075316,6.1989367248640885,8.281193602538224,-0.3253910447867646,5.838792934117725,8.378399873541827,-0.08800677707514779,5.152093872284005,7.188612162650259,0.647241199670302,5.992440366166364,7.347548569855294,-0.24793906376210617,5.979108882779055,7.382683780806906,-0.27221663792268397,5.971424129723256,7.430851450550012,-0.30373723239781875,5.966630783358006,7.495309693782485,-0.3037308311227886,5.93361990043319,7.699566770087837,-0.2531507535944494,5.845364312959886,7.385503564839777,-0.16654144648104544,5.827071169961779,7.379395584592807,-0.16333249402304528,5.810621236059074,7.370048827765538,-0.15961225650857067,5.701485853305541,7.29338035385174,-0.12482740345445825,5.328772644249586,7.064636923338672,0.13858525428472943,5.97061013821872,6.002222230639041,-0.058150178376649354,5.905435668409445,5.754601574354485,0.13741403358397328,5.852349670763438,5.797968019239996,0.17557709238901645,5.8641462805966595,7.390204876089907,-0.16186485623885535,5.331583833563535,7.462313135389205,0.22057851468376363,5.990648725384494,5.714897554069451,0.018005708123363436,5.879640052019335,7.884820922857472,-0.22799197454151907,6.116802725942713,6.108493065198653,-0.35579983179389707,6.031128419052203,6.025367092468406,-0.218393822185792,6.113329743271799,5.9828769507996125,-0.24025912285361925,5.923195938834411,6.3632892374429035,-0.2022694356443233,6.191788783627603,8.109380873935438,-0.35147727011041224,6.1870000927351025,7.909261438564272,-0.32100236643740876,6.030963686939539,7.917631262340783,-0.298078706709873,5.650521676893311,7.673252605656121,-0.08110501074683636,5.762625102581112,6.831061112111919,-0.08797267797546784,5.7566037857499355,7.805719427262276,-0.15635571974737422,5.528116764351363,6.852197674619931,-0.040803587552748426,5.67014019717179,6.9964335313361,-0.09419057661989613,5.455078126728799,7.128552983052505,-0.0008518374169536102,6.001016105083706,8.117164824372123,-0.3153240997544399,5.876668786065471,6.4758965285274845,-0.14938338831468737,5.568926638470979,7.827643839004771,-0.006226000258138344,5.699996102025792,7.9567895179742925,-0.1033104351058427,5.566149828032716,7.507990485324768,-0.035232122562525094,5.242298312272788,7.313989057372648,0.3381295149505617,5.448510687132811,7.578115513232901,0.062055157583777894,5.205776844781776,7.49310228347278,0.5472681901646733,5.595252978754499,7.21529231886272,-0.0708132265245971,5.924249866242175,6.2469833523157146,-0.11897612328903064,5.93138455728699,6.602793972272425,-0.37811816815363225,5.887605207779953,6.6786022580674835,-0.28541033722228043,5.963320384120027,6.481139307069677,-0.43346301013039,5.813177806824969,5.582335832441871,0.12584231889586758,5.643604360614555,5.474045597048965,0.12791587317299197,5.502909886207385,5.463765238878834,0.14260876899031874,5.39271771113978,5.525410860344204,0.1855923907705295,5.320688594877219,5.635974757005169,0.2442014353710636,5.301105169701003,5.98823289314094,0.3639946277007022,5.082059447037838,6.527048714416125,0.7536331212855546,5.384288440557394,6.197287255057713,0.24870858207263863,5.4816050104538245,6.224134292062569,0.1822901386098606,5.604934929619713,6.207503510949221,0.13577191629105015,5.724946571055276,6.157587532132141,0.11045753701430955,5.819759570952494,6.089454330334096,0.11716196613415156,5.8841794960631075,6.0248879368885255,0.11281632852564542,5.0831928755956275,6.60776530094201,1.1211011345346202,5.8997513361826535,6.7358831947738205,-0.24336172685600452,5.976394384052975,6.234920664309211,-0.26531263898184015,5.993656877007063,6.583272500695102,-0.45596102983258047,6.056663328968358,6.673777755846143,-0.4321618950253066,6.000333899269302,6.621579162928795,-0.4135392878018711,5.93160193205305,6.790327874236021,-0.22023689698870946,6.067105196231558,6.681746492739645,-0.458719263144007,6.083936520786411,6.737692383106824,-0.3560084327843907,5.88049665900519,5.9119300528946,0.17758618627422862,5.931770961525175,5.923410090580874,0.11419866820095431,5.964494279479405,5.926312598783365,0.047286436873152295,5.424088793317007,5.873034294301488,0.25748202190725844,5.343565229853572,5.802459476103123,0.26919337839576,6.198376635681029,6.127794655216897,-0.3295111381698196,6.818846584071133,5.836574064182792,0.21230233753216932,6.21169415265009,6.710247296910337,-0.3589046516222543,7.176475703306345,5.324794721842026,0.7669208253233564,6.558930824255901,6.0039870129242825,0.09884376639689725,6.658224179504305,6.011869802628568,0.10475734708346641,6.751107306890329,5.989445464735466,0.13311507380440218,6.860446456104962,5.890896985126936,0.21997726485461866,6.468166295084058,5.966820941514148,0.12225087906377449,6.671447154565229,5.440058855413255,0.10468893625434153,6.557845024765469,5.4815040225064955,0.11044852822689821,6.781036266855166,5.465043345205137,0.13439287797261873,6.855694292767879,5.5414486058519605,0.16810324567800433,6.945393793020018,5.986495327465617,0.25926338931416826,6.563614946068188,7.98836436661262,-0.23016834090553537,6.8438192561244975,5.780514293789902,0.25025153555779545,7.235948293337697,5.970723660131143,0.6983219867220675,7.054118419831754,5.870017547959996,0.3737513347148689,6.626466693088894,6.556375327829871,-0.08496537127643818,6.270022212611713,7.13261040661009,-0.35457808354635556,6.264968517885796,7.273987803058242,-0.32668302800299376,6.386674035175497,7.192353014060897,-0.30891134271696036,6.472277435634903,7.25494118970134,-0.25113312094551693,6.358377355579194,7.289503419391509,-0.2939064406971141,6.438091224897555,7.3062874729922935,-0.23793543763558694,6.616319911175336,7.492006456810272,-0.1559528534889632,6.206275898596582,6.576528511247933,-0.5127506351072316,6.213930928249444,6.424175658736863,-0.5249015532751651,6.988122438138887,5.36236617749463,0.24013029159811694,6.418440116309831,6.1937154331192,-0.03115553994401084,6.427221054141427,6.5925898922327235,-0.286545981606042,6.431759065732046,6.526778696996671,-0.2509576230521198,6.934619596625181,6.544394289653122,0.040341599028630444,6.203161745440646,6.256345866127674,-0.44477549556185436,6.755631710175989,5.1410510909228675,0.10280050416524002,6.889480132848796,5.213607349945955,0.17357183703061432,7.063807532962735,5.019553637453728,0.6166437317243432,6.322958518903168,5.347156031796369,0.012253902317069418,6.463764366543032,5.580371222941702,0.13422080453754198,6.688857906420715,7.35030675840256,-0.11382231351692525,7.212332870647373,7.469250506012111,0.715809911991204,6.354087874610725,6.68603668993469,-0.26172982744178946,6.277178748567121,6.740291569354039,-0.2730997005277201,6.5778427870163645,7.3618594930863805,-0.12340817811044406,6.5561404055126795,7.354717997889085,-0.14901147647364255,6.942528886712808,5.115870355048942,0.232055754609973,6.430146839707664,6.682309446829012,-0.24423579186466957,6.571659602978831,5.176299465673614,0.0458846331810668,6.585501397802111,5.036583356770355,0.04483826252323955,6.63896556308067,4.650214929914377,0.29687940768909815,7.000002488368306,5.077857703825027,0.3968940031003424,6.602553320142619,4.849699430425207,0.16653726103198724,7.046275022589192,5.312859880279482,0.33314383936736064,7.108778683493572,5.334168695279214,0.5364901440519867,6.269983536376566,7.210136203736321,-0.35217250229568203,6.371906159388411,7.243688553953199,-0.30780797329331594,6.455314325389918,7.281466640973211,-0.25393732705034194,6.331306855882375,6.723031225079681,-0.23877825725983898,6.5694607873880475,7.357437510201203,-0.13626380727474963,6.51640415503169,7.371989085562094,-0.20262235629004258,6.5449837441258305,7.352423924163587,-0.15025448769768285,6.312906278897748,6.596933806421029,-0.3777656056212013,6.425319472580017,7.323660264839209,-0.2246704737915986,6.348897380608639,7.313900245277124,-0.2608975497774647,6.260364613450111,7.316695677606384,-0.2909089877090356,6.30323435520461,7.70701337780685,-0.28884070441187487,6.279242913561466,7.491652640881332,-0.34955827529035377,6.274270868665304,7.421766832649852,-0.34526344500463957,6.268899169339287,7.364315434018235,-0.31112851161377386,6.2587659957306885,7.323486221781046,-0.2881208967021886,6.425361729948047,7.327701215185527,-0.22447574969103049,6.440216269150927,7.350307474629137,-0.24756913273518782,6.454591652773924,7.386310035965256,-0.2736176890173118,6.468404082307557,7.425048582824759,-0.2649087991029263,6.555767251466166,7.084427696108872,-0.20235119738448137,7.289431080507252,6.720376889386052,0.979172064565687,6.486673589828628,7.34086832457346,-0.1833540708076198,6.498784265015778,7.357135978812369,-0.19885444494404958,6.258237420517009,6.803711284050149,-0.2919420997819118,6.396979819389105,6.789746298255658,-0.18854798926802613,6.266686029216968,6.7763972673172175,-0.2820135655355542,6.5293220175708955,6.284451313227971,-0.016264056319465297,6.696135484667603,6.37542068320078,-0.000968588556502524,6.450012816268428,6.610869426925871,-0.2069406429961471,6.892691692819177,4.785761167687492,0.44550622572683685,6.841750077544116,4.9046655228353195,0.2740513194454045,6.789560079345689,5.015969281550121,0.13402576708784653,6.532857311953991,7.576433813230569,-0.21591420101274153,6.3470595432125645,5.126710444288844,0.002021539546004142,6.355312622057056,4.884034258177242,0.1042375680274327,6.372155406237138,4.609860575897607,0.21297487428778664,6.823941819938505,5.951857893984883,0.17719500346185169,7.051254945977698,6.095929018588388,0.29615536976619267,6.40774756974475,5.926467661837243,0.14121550685971362,6.952346204401037,5.634669434068947,0.25574465767066085,6.341904144312742,6.0887817935784785,-0.04910233423479219,6.3685957601504315,6.507977033129035,-0.3682411126924823,7.166150580975163,6.213785534254353,0.38338225443648466,6.98882505641073,6.190463764460518,0.18915447650401396,6.865061820165876,6.239269592083555,0.09323015035352508,6.677869558279415,6.225852519620318,0.061997965772516206,6.535148520773182,6.175131502130912,0.04957405896393858,6.42181354348657,6.104814525500197,0.03901217338944289,6.20401405506704,5.876621156998113,-0.10544864002256374,7.1641086190047,6.530761632990268,0.30732756431692587,7.026314504120291,5.610277621769369,0.30864143720790854,6.1755304403341915,6.677379659300882,-0.47632053126892254,6.408628528434217,6.325871412391023,-0.09809864455413712,7.279297906898654,6.0243128069473535,1.0229689616238566,6.3388508704158335,6.018196231981462,0.041217868672227216,6.461269033149453,6.640925158994801,-0.11654796971014757,6.89531379831685,5.782320259103309,0.2695563709777156,6.369665086429597,6.428515275565708,-0.3217700717994187,7.2689692034345885,7.089323820987892,0.8751932445801643,6.39845023255128,5.877400411513674,0.17324283163793602,6.287830470217324,6.321432956294579,-0.3986403425512305,7.0039796945492885,7.728126304837827,0.15763257267716843,7.008956036804911,7.944022779242792,0.30369696703495414,7.2631985659052924,6.620988276002933,0.6439610162410307,7.118764314427349,7.544818139677364,0.306480872592743,7.175279604923085,5.639028389015365,0.6495015659825288,6.598308961448489,8.158584207308598,-0.2011234059751981,6.170172349313133,6.744330371020626,-0.3614999881516194,6.500435883501884,6.447563321375764,-0.08326414850436847,7.136576153165844,5.9099779773595245,0.4660534232904622,6.738220242093926,5.9070371510351745,0.14820772477094699,6.661039666177715,5.929968219231364,0.12527558223489227,6.531647605265773,7.394562398583171,-0.19122513230171034,7.16118999570423,6.843034271796323,0.28448933699075435,6.418440116309831,8.383049616478427,-0.1996751958369039,6.73052581997934,8.221905798963686,0.014400778891113894,6.863155941245005,8.110913598809795,0.1410850081392122,6.572819890033251,5.927105819717174,0.12605256496927983,6.492231508064614,5.908617863090178,0.14456203077566113,6.434344643674302,5.89367343745191,0.17074161175717886,7.0988546480454,5.599755179016278,0.41147212360873664,6.491759514750501,5.749568292086007,0.14191766629890587,6.5737008487227175,5.684434647191609,0.13047778206509286,6.656184366213573,5.656765023963296,0.13254604298017306,6.735004384764085,5.668072451044562,0.15321771848463853,6.789261412863163,5.705953674691633,0.17932826193877668,7.240872351053213,5.645186863235999,0.9244982821272318,6.787610510603633,5.873679614447187,0.18251780913296162,6.4541124971940445,6.997477073458501,-0.23389558401121432,6.355421488496731,6.6458155540612065,-0.2858443257636616,6.2719610379551165,6.9361473079135,-0.30715260359346136,6.873187410679698,7.902398555505353,0.03637139284333171,6.742751807645354,8.035724132777093,-0.0797419140652589,6.414963552506032,8.248212801129634,-0.3033624892235875,7.120174564557073,7.752732985110446,0.5119883014445477,6.428646345029263,5.8251975212368645,0.16191793534282056,6.272607074327392,6.093821879999436,-0.17993482751204637,6.586463290094756,8.31099722285212,-0.11365873408140777,7.24725178117279,6.968714130360699,0.5720131021666146,6.34948397017504,7.318332255334377,-0.2595589894516629,6.362229222109236,7.35471011939674,-0.28387389692255643,6.374200949340485,7.403500190035087,-0.3156909196721653,6.381981318644288,7.4622021202698,-0.3157460019723375,6.4317891472482716,7.653641605756699,-0.2662679733248917,6.503969029205249,7.332991264681788,-0.18862771423885644,6.519276223604667,7.32137979941867,-0.1876035997623513,6.535498755569239,7.3111993548560035,-0.1856691053515292,6.639996213124688,7.2075470446611805,-0.15509559742277249,7.028297019284879,6.890250792645435,0.08463054654282338,6.270837994682691,5.970744072588582,-0.06931668787892917,6.3240794134958636,5.710260345097946,0.12235608603328259,6.38339658236005,5.746502842337294,0.15559866825569424,6.484051484330955,7.337386747183624,-0.18194783826135041,7.058666458594448,7.28561502530605,0.1643012016592106,6.228316339044517,5.68656900239048,0.010188146796127995,6.503777080482666,7.824125017832941,-0.24476454613499385,6.202102446333555,6.008067713845613,-0.2240083223213449,6.3441530957639,6.321761704293332,-0.21658984887755184,6.3482269925327515,7.890608033598034,-0.30714866434728894,6.728559061799441,7.569974881960967,-0.11160561464380278,6.549718001798493,6.760146086289574,-0.11153026536971514,6.626809049392604,7.7197879950306945,-0.1805200741536159,6.795998240044565,6.726618087776306,-0.07788450353976514,6.658542900330983,6.901313628350723,-0.12351965206249917,6.894667761944574,6.982207839067653,-0.042839327304825696,6.3927261497494765,8.081731663164563,-0.32748482127364337,6.405711337586901,6.428652074841877,-0.16801419857063535,6.826686400180811,7.7035339490967445,-0.043813742371524904,6.6987547252589685,7.858565489005054,-0.13212102965308248,6.801525360537748,7.38201769009048,-0.07267322777591165,7.147202090659283,7.113025907094009,0.2744815477972574,6.9395128565978945,7.427677850588201,0.015806703683776072,7.210669792536038,7.281073432582547,0.476424518415042,6.749280929119484,7.102926396134521,-0.1059156868968804,6.337777963003783,6.205784567164895,-0.13474626864202907,6.338180482339946,6.566343769325805,-0.39251481475312916,6.396800046518328,6.637746545446952,-0.30198339494995474,6.293773002125053,6.450233414054083,-0.4472925843377038,6.403493900105121,5.511654654596851,0.10510097916576783,6.564193657142244,5.364093715997877,0.10005003743575566,6.704224547626008,5.32906952016567,0.10710569735423735,6.822428433181722,5.370113600375901,0.14074801234378648,6.908055469118162,5.466042123166488,0.19347956736259808,6.963661151861359,5.823995693040991,0.30778342015098,7.261905776934165,6.294596662688376,0.6750341929264694,6.897176703643113,6.0508425555786856,0.19775212747818985,6.798779347842288,6.09597342463615,0.13810448719505092,6.67108402769079,6.109375456341274,0.099912622652372,6.543405896977135,6.084167861970718,0.08254558300015136,6.440596585463209,6.033645955469663,0.09664545440292613,6.366098278077121,5.982483026182371,0.09614381602315798,7.290225375780926,6.3726725218255895,1.0367193480302728,6.3929138011125985,6.6958762106468,-0.2599851890290213,6.273049702351856,6.203226205832558,-0.2765407215876444,6.269167038079011,6.558296247508855,-0.4657072620330614,6.215977903805945,6.661195803571458,-0.4372126800807551,6.267806923809664,6.600758456341153,-0.42323081819754876,6.367936115473197,6.757439466055838,-0.23342021100294236,6.201979255362345,6.668436138036352,-0.4635515543293698,6.195676461486485,6.732969585059389,-0.36017358129554267,6.361553820447312,5.8712648565434975,0.1595624228062816,6.309747003467473,5.889484586317482,0.10153650974070744,6.276476130295278,5.896844530620702,0.03625030578769108,6.81910729054509,5.74222123986117,0.21102324639432257,6.900874581459143,5.6470239844054975,0.2180596577235527,5.592698198555046,5.896656521144291,0.1670275181238084,5.693462325078913,5.885476224280408,0.1670874461444143,5.586569805850638,5.76403893384372,0.1671684804669553,5.493192124013331,5.9074317918789925,0.1671049489313849,5.5993129091051035,6.033995474039143,0.1670795788431097,6.6539569015597175,5.809012949280864,0.1365269869686037,6.75537386860834,5.797821192791752,0.1360306195687992,6.648310887454786,5.673146558227917,0.1360450672017781,6.551232821008431,5.817303988133927,0.1359257147573782,6.65634623341993,5.9460775873968,0.13594337421891248
6.166204085540843,7.179217763315044,-0.366497285337483,6.142320219187657,6.587065315187517,-0.5207140017964742,6.155253218395155,6.8131826077993365,-0.3116355437695102,6.050558911131836,6.1488197184565685,-0.3230410754594614,6.1358156982305685,6.426807463015258,-0.5345466454081579,6.130888704745041,6.249607152318288,-0.4704586951459893,6.123618735032993,5.849435277960291,-0.13416600108968274,5.442268550663935,5.974747202109759,0.25675349126632196,6.105925175433828,5.433649540292375,-0.015192688830053121,6.097840974853105,5.217573113190194,-0.004791157801142343,6.076640124754413,4.637445456094179,0.20486122636143367,6.168355520232617,7.234369529793481,-0.36280145734881647,6.171796811401818,7.2897680763766095,-0.3371561666128429,6.174011375887815,7.332681988768032,-0.29816237680923713,6.174025006184295,7.340258281458868,-0.297954963152932,6.174200765270485,7.388338076216232,-0.3195731514083216,6.176342156585905,7.4496493019356045,-0.3502043283746474,6.17748710149023,7.521112946380544,-0.3517869223708861,6.192141822358367,7.737659618711287,-0.2869397780457288,6.1474774929452956,6.6917524486105835,-0.4803307512271817,6.07843788912173,6.722731242973652,-0.3542294356309111,5.097581308972099,5.567223576260834,0.8421765633813405,5.714839687139853,6.084833367706978,0.12831065662983335,5.617835019243362,6.1111032533282,0.13982890728475453,5.527205743179412,6.113448381706795,0.17352728206935655,5.407463588602109,6.040915835064209,0.2679975891323375,5.798404882707008,6.034021057197376,0.14408975365719592,5.5566192055993495,5.570752029589106,0.14057348464822841,5.671814221532502,5.5878964317169295,0.13772572787780582,5.451742682793613,5.615913506131687,0.17628712566930785,5.3863760851794105,5.704542356841182,0.21368404105092198,5.342490834817778,6.159937018696119,0.31104701984978245,5.846317168294471,8.070801999284516,-0.20805452684040127,5.411775783977984,5.930379152299122,0.2976490212844068,5.087417053410116,6.216210773790072,0.771575214534771,5.234779927728216,6.072002954415093,0.43285777368219014,5.688420226949363,6.654947778578328,-0.056688543174625045,6.053553989437323,7.152282145318375,-0.3472357036050928,6.073166551304075,7.295815623709603,-0.32093808660764445,5.9471971446954495,7.22766988038152,-0.2940056520025878,5.874727010463062,7.3070591835376,-0.23175559477664956,5.987421225684137,7.320975716243739,-0.28183245215084946,5.915976233223854,7.357199305215528,-0.22254691715457123,5.753754183590416,7.5848797776184025,-0.13053288815760003,6.0655737587806575,6.595999615838182,-0.508575729579466,6.047483485815521,6.4428983867019785,-0.5194663813035332,5.255302132539004,5.569087698650488,0.2946872116630923,5.8643066488040585,6.256388583509129,-0.011814499432261264,5.870203545491746,6.64676099208199,-0.2679129826538577,5.86367893778195,6.58105005013566,-0.2313764124827948,5.398399800134884,6.713497793184451,0.08695579907132106,6.047570289282578,6.279529240012139,-0.4375496893899387,5.453044734799471,5.315825670598635,0.13583992703963818,5.332501979649972,5.40796217049967,0.21750760823258747,5.169424808258417,5.243458839665886,0.683944289840922,5.886182557270525,5.422039397227468,0.020766569348958163,5.772676263332849,5.666868217370304,0.15664323429707774,5.676075482642583,7.462057893420633,-0.0834622061230272,5.245629285034328,7.692493120480529,0.7862710056383546,5.945112068026014,6.723909187543139,-0.24582271087334143,6.023127580773709,6.767031141301889,-0.2656035889670212,5.787280408627205,7.440948868477176,-0.09824628029822022,5.8075988763748185,7.429034554585556,-0.1269096728832409,5.278354192114895,5.324671733014192,0.2812836982080224,5.877511536557132,6.733331309330985,-0.22608182693907025,5.630782366131366,5.310245857650115,0.06866707975019493,5.609575776960472,5.1791762093138605,0.0684915504510753,5.528422426486263,4.785338835898963,0.33448299197044407,5.219468083092934,5.292051922693327,0.45385928069486026,5.571291861068119,4.982836092822788,0.1955198326946811,5.200847663333126,5.532266887477665,0.39262808813080624,5.148066851058193,5.564564592371185,0.6023093505032509,6.060795981172385,7.229294037814722,-0.34540263049278225,5.968770675795267,7.277924066119465,-0.2944531651248492,5.895127618681569,7.329988211753157,-0.23655375057488995,5.972343248241092,6.758413924390391,-0.22766594537636267,5.79795580030719,7.43482743058958,-0.11304605845809133,5.847047106540179,7.43544868515546,-0.18194443851080763,5.820447941651361,7.424228081616272,-0.12893508337820056,5.974047752685125,6.632116314590207,-0.3650252133176368,5.931755453551595,7.372611583614346,-0.2095291097043359,6.003325629524287,7.346082722360004,-0.24910924885734284,6.0858233576618455,7.334894401101953,-0.28421504142651394,6.072210278398395,7.74804446986104,-0.28112934855133626,6.073893261321669,7.521290857618809,-0.3420740134520488,6.072959227320773,7.44761480083995,-0.33864893067816787,6.076825209832932,7.392140211550142,-0.30454337320447494,6.08447395831032,7.342039545993604,-0.2837825485322816,5.931484641082058,7.377506294818738,-0.21084606984696902,5.917394860133817,7.404116220467936,-0.2321408299982175,5.904825215935117,7.438988257936123,-0.25766039918376316,5.895146988050251,7.4811173522039045,-0.24828268795073147,5.782810388765771,7.162915928724895,-0.1791878567663462,5.121310579067841,6.965045632107931,1.0596985192944333,6.151583081721894,6.755409520092576,-0.3683720563962622,5.876522622678303,7.402002089745476,-0.1651178487153025,5.862877619825728,7.420369272944366,-0.17903836066095596,6.045106792539814,6.82704533670358,-0.28501301906336857,5.91716350378567,6.832054111967988,-0.17472299310259432,6.03522984927995,6.799794069735794,-0.274880821600014,5.765815561207216,6.371374481998916,0.008658773342757659,5.611621756200532,6.49479896877791,0.03232009512149672,5.855602628425504,6.667657671353968,-0.1873275537269002,5.303893422106383,4.9769187506903805,0.5003197155246902,5.3508792062252155,5.09197567019867,0.3189667601427146,5.413329996468724,5.201180170828836,0.17065304934475148,5.84068821454022,7.6540750537754505,-0.19531970496988263,5.845618794945874,5.2099501905377155,0.012106592426361239,5.813498642598607,4.957149440414108,0.11847564670807068,5.779895657471115,4.686847030918096,0.23086742851686848,5.452370393815721,6.094957808455559,0.22248318206757647,5.252158555740288,6.290531758807647,0.35441301868662684,5.854403162335259,5.980474796167484,0.16137327224029402,5.306814968549279,5.815982943478104,0.3083084511698304,5.926590647261692,6.138227543323514,-0.03357921897937414,5.913674147886774,6.553727044765348,-0.3528298642341184,5.163050851193927,6.440065437186202,0.44918041240907114,5.316705183413611,6.372199473627973,0.24388994379976964,5.437497588203903,6.39418729400238,0.13871016931560273,5.617099700617464,6.342111670224284,0.09558006652269155,5.750276305835926,6.260155567025802,0.07537933382366208,5.851372214828509,6.169892156814737,0.05875947392781294,6.037518304320549,5.901358098941005,-0.09935332714958525,5.1893013674464665,6.749392820272669,0.37324206268828314,5.23932634898834,5.8128092365503266,0.3677258951537545,6.105291007955493,6.690117530417002,-0.47300034191100576,5.881913046244153,6.382984625063823,-0.07911532971318082,5.069710580898496,6.2792250691854266,1.1047332878835516,5.925559049033359,6.066144796464769,0.05637450271300208,5.851522148089789,6.69920750340115,-0.09839855626670836,5.365409102272957,5.943763744750526,0.31864768117922665,5.912412269386332,6.475617554710342,-0.30596327795473377,5.168502611093937,7.324869676732884,0.952331956536998,5.85877203104913,5.928892373906758,0.193747647551515,5.9760535584197685,6.3568453033352,-0.3874130201226323,5.429098456036087,7.8973650851840915,0.2088863111994466,5.44833116306146,8.115766912604172,0.35824113677320263,5.1183506525795925,6.8663034601022455,0.7174766126419257,5.314107535858122,7.745174933759976,0.36634394450208235,5.117667702987539,5.875941182925825,0.720061526630966,5.826890767582276,8.24526477254107,-0.17434041444374496,6.12059137444637,6.75401922985161,-0.35940538379145726,5.80420170432317,6.521072441319257,-0.060309791247477394,5.1630426012776365,6.1325315141629,0.5306221064249362,5.529398068760625,6.025104691147343,0.18774657325240798,5.609458484672341,6.029338691664464,0.16012101116943958,5.835403963810109,7.465809811872775,-0.168797378635645,5.220913253211833,7.059124090565361,0.3478030646960752,6.012199669916829,8.43493393498119,-0.18497775114301546,5.714749296752669,8.329808479918688,0.050248132810232195,5.588588348609298,8.248276350679136,0.18595664406374193,6.086963280877994,4.933619961769404,0.09017377643984527,6.2196692821758806,8.431148299479862,-0.22330386939248098,5.692301991910078,6.008538500543883,0.15568243290473846,5.770456318466663,5.976518423268141,0.16999387430766041,5.82757658671043,5.953332212879526,0.19291980880460863,5.177767984472263,5.820148433820812,0.4761765148463701,5.758783762991557,5.82549222742502,0.16815258490643548,5.673952025927795,5.779115143651626,0.16046547880194667,5.592308343472316,5.7683371660560265,0.16846358209051374,5.510909647661466,5.796475837063067,0.19326556548653612,5.460103076224065,5.843992485360596,0.22193698380533947,5.071290977906157,5.897830004304746,1.003594425522455,5.476937927144986,6.003144131365895,0.22482037438539207,6.15947000169567,6.942426513791289,-0.307650116817144,5.87360968484371,7.05343380047695,-0.2157312532947745,5.9388600662458195,6.686019115480656,-0.2721333528744985,6.039768020623783,6.960484504475288,-0.2991848508094985,6.1174564062559575,5.672936568840031,-0.040425352044275234,5.557068287999166,8.04615124940832,0.07898391953161507,5.68465037389659,8.148799577431578,-0.04566819906745882,6.00347592147758,8.297940846748313,-0.2879121024189739,5.34248150882545,7.952115833992405,0.5786925303534698,5.826626770260978,5.887263654996601,0.18502846122630148,5.985844056904589,6.128357773903902,-0.16942307201518184,6.212121684846055,8.29429223159581,-0.3217990146927162,5.851177086373637,8.3922366725654,-0.08693164901065799,5.161352085822097,7.202032010086558,0.6441555264460673,6.0031584790464,7.356057229847305,-0.24984333447944723,5.989653724770765,7.391889127141299,-0.27253394459785735,5.981521459460347,7.441579449035385,-0.30338201814057214,5.976462108622158,7.507776059966821,-0.30287363946741713,5.945316163781202,7.713724818092307,-0.25192971140742915,5.857326502238219,7.392757879195896,-0.16849377947432728,5.838585203270153,7.386716070935105,-0.16545700322237247,5.8217352872847,7.377169841710888,-0.16179135019926869,5.713617264760799,7.30297655104981,-0.12691480666267171,5.34192984051002,7.074710693282319,0.1355506755588258,5.982575655285476,6.0081708412309345,-0.05894649258046221,5.917393784057779,5.761549637100971,0.13619462860363074,5.864000684517282,5.805747308205606,0.17421729341040865,5.8764828078649005,7.397230768593431,-0.16282353130212196,5.344590617859732,7.472723959108291,0.2181204111179203,6.001933187131246,5.7205575965132365,0.017270282007147537,5.892235126291696,7.897108261703046,-0.22635201169758612,6.129385785212108,6.112472022048408,-0.35579223431170265,6.0432860718836885,6.030139292236661,-0.21870595341029303,6.125630279839839,5.98718197811171,-0.24032940995461813,5.93545320950983,6.369073114045863,-0.2027176604756876,6.204562609371825,8.121918480620831,-0.34792031214770464,6.199418248526642,7.922432635178967,-0.3174528556668951,6.044016368821409,7.9308999188291835,-0.2951991100016213,5.6621973299817965,7.685033761385812,-0.08217561710565122,5.774562624627286,6.837678402726075,-0.08886957788647408,5.768355100656658,7.817639328920161,-0.15595867059096752,5.54133749109313,6.860821211381161,-0.04255146812406299,5.682871620205942,7.004328146563456,-0.09557056118435676,5.468734640816067,7.138101615290938,-0.0028577255360354116,6.014227714556257,8.129787465993974,-0.3125930496789834,5.8888078241109865,6.481992229158858,-0.14997293037540058,5.581230140662143,7.839104893724175,-0.006985985819600129,5.712517156358054,7.967982933863242,-0.10280036860011457,5.578276670630123,7.518854621469006,-0.03724824594922175,5.254339403177097,7.324878285341186,0.3352653665047492,5.461311868306638,7.588640304678848,0.06004090114294462,5.216670285394396,7.504752286300324,0.5446475021569087,5.608318920148206,7.2251045151071684,-0.07297552006906259,5.9363642872219184,6.253070682392273,-0.11962276618272205,5.944224663986759,6.607688671145869,-0.3786342124594439,5.898708799735697,6.68427730706731,-0.2859776315583421,5.975778800338092,6.48610929607986,-0.4341701380834114,5.825889299483005,5.590461079607255,0.12439389677963561,5.656499148669107,5.482619249933082,0.12585419921781726,5.515919140309899,5.472432755466315,0.14025516790526735,5.405236111203658,5.534578298807072,0.18282629403299144,5.332326579255795,5.646211144362765,0.2412876332481166,5.3099345129831494,6.001749536820777,0.36130331290330203,5.089635922200264,6.542103271403961,0.7498895473445047,5.392861954151842,6.209972402306358,0.24630221483947948,5.490795634361053,6.235622468129749,0.18006947689689673,5.614403054066488,6.218733096022908,0.13391990474164028,5.7348611579010065,6.168076457846788,0.10927985958019634,5.830748141486132,6.098550467654093,0.11585565936567008,5.895573114161259,6.032670223077799,0.11173471408728097,5.0924749694802545,6.624479761641249,1.1173301030022096,5.910559266449069,6.741183077487523,-0.24386918449953848,5.98871179954559,6.239927489665371,-0.2656552406168403,6.006183687480948,6.588242542372979,-0.4563086987761284,6.0687761610694455,6.678568364994241,-0.432389142567685,6.012742012239931,6.626253134951707,-0.4138800070047958,5.942127033096881,6.7958843267980935,-0.22061430700875498,6.078939340555391,6.686366329348885,-0.45891177154830826,6.095306457091839,6.7412426203616205,-0.3561524283471386,5.89224803920415,5.918781922146669,0.1763416132278519,5.943420835186449,5.930176850003997,0.11342506140593976,5.975639269145177,5.9317737468442395,0.046264305960516124,5.4322940431766344,5.8861660574379435,0.2552319870034848,5.3533294313635125,5.813864508451493,0.26667157201638536,6.210511875093358,6.13208458391516,-0.32918688198566587,6.829781439375945,5.845491100589377,0.21360712403246296,6.22404891165013,6.713731660376688,-0.35869820007030034,7.185438917582151,5.339571081834945,0.7692429093956274,6.567819336557676,6.01199808500573,0.09979959605892778,6.667657671353968,6.02019061057427,0.10573980480714111,6.7607404007843295,5.997845174263266,0.1341300197971655,6.870770610427578,5.900933407598047,0.22136545291971021,6.476225178979743,5.974410749001909,0.12262061314218081,6.678533213177004,5.451204286082651,0.10560095737087592,6.565944812099656,5.491982546230855,0.110945983978877,6.787917059813488,5.4758220362936845,0.1353905644116867,6.862779669770138,5.551814526090129,0.16922992757550434,6.954758345185614,5.996815010802984,0.2606797788731053,6.575274391348242,8.00248838809452,-0.22616194976739218,6.854874097811705,5.79023172650715,0.2516059021930246,7.244859836394948,5.983970608522606,0.7003110476853569,7.063146462795029,5.8815593759196965,0.37530433999666624,6.635320869031071,6.565068886204806,-0.08362352785570892,6.278600945083445,7.137023387100963,-0.35411209850627845,6.2733353463379915,7.281123598872153,-0.3266931654408375,6.395782756074572,7.199397775945781,-0.30822323939857926,6.481654341282957,7.264811003521626,-0.25014474786131297,6.366866440784143,7.298457749074659,-0.2936002851918109,6.44691860677957,7.317334274931487,-0.23728155908677326,6.627385166943577,7.507085219150489,-0.1536447932539731,6.2190910706515155,6.581469002406416,-0.5125599459462894,6.226451430750747,6.42860450999855,-0.5246475080800117,6.995799885271091,5.374334794315319,0.2412981922442385,6.428070776283752,6.201589052587098,-0.030760723630794625,6.438741863659586,6.598772305095836,-0.2857740738411728,6.44302536367445,6.533115884335426,-0.25019662369364004,6.94162160891494,6.555036270611459,0.04191801242519027,6.2155644107833075,6.260438216331757,-0.4443358284134456,6.762262689685944,5.15180729136593,0.1029107672761278,6.896849671898079,5.225185992466319,0.1739629919825772,7.072890690010219,5.031939594584207,0.6185549152839174,6.331350909845291,5.357021448249545,0.011797633901964137,6.472957494744656,5.588715684273783,0.1345965435960964,6.698663726309998,7.3649405962321755,-0.1116431019054294,7.218058369211004,7.485539307335645,0.7183219152061971,6.365867842220973,6.692230943755436,-0.26075115858361925,6.289454965385723,6.746107918820975,-0.27273617963823,6.586841491371634,7.376765237120638,-0.12166367889810271,6.564818519179988,7.369564136275016,-0.14741599436334565,6.9493880083724715,5.128642243806061,0.2326389186942601,6.441808680367599,6.688786783050133,-0.24341272649521212,6.57768121475301,5.185776501038322,0.045753326770269505,6.591485118167182,5.049165778490911,0.04461317656933233,6.647832763815738,4.6594917432666465,0.29741022207699636,7.009100902483551,5.088299794453206,0.39765645694640467,6.611832281275806,4.8581013041216465,0.16610141584131857,7.053751601600142,5.32572987445146,0.3347171730181919,7.117290304717967,5.347635554354975,0.5380558190407505,6.27837138219536,7.215575503099558,-0.3519560680730934,6.380712669855805,7.251532942597974,-0.3073415295950256,6.464526797679728,7.291768143039052,-0.253132495398791,6.343374266108753,6.728996875050327,-0.23830634216686597,6.57833905590418,7.372361933973554,-0.13463824154256498,6.525890392432945,7.385924078971211,-0.20088070900599042,6.553348983384033,7.367107095988479,-0.14872085985967784,6.3235048807609555,6.602707873858446,-0.37723334080410537,6.433934673306277,7.334965422120454,-0.22294380986654974,6.357266407758032,7.3234334739143,-0.25925978444984327,6.268756284104717,7.324728352079906,-0.28951159977630797,6.31524061678989,7.7226648578151735,-0.2854211881554942,6.2884204976212885,7.506634701982622,-0.3474755564702904,6.283124768746774,7.434532585755195,-0.34405002533139367,6.277441652498615,7.374853408693303,-0.31056798666691093,6.267406167369167,7.333143266696278,-0.28937733687232925,6.434294082702936,7.339969175696686,-0.22431851942321682,6.4494818199018455,7.3628616173269545,-0.24602868976159598,6.464260648206354,7.399608179253163,-0.27167299409453477,6.478461982370523,7.439249385721321,-0.2625765198176582,6.565488555859587,7.093682631214508,-0.20092086009315452,7.296032991069259,6.737379507385562,0.9817025552614264,6.495442462248573,7.354261617632063,-0.18240896708541826,6.507871140486309,7.3707714935895385,-0.19718398428729228,6.269886163944512,6.80950099298167,-0.2912707150792638,6.408868558079452,6.797038597694747,-0.18761857624952497,6.278661205341567,6.782281290910996,-0.2815976658103303,6.538735870789361,6.2929529298929205,-0.01558644719034311,6.705072835191725,6.384723563941069,-7.571946461928254e-05,6.461188092426139,6.6174795283227015,-0.20609777223848466,6.901834056105628,4.796553700365949,0.44675251584856096,6.851309416590158,4.91380007591935,0.274244389878349,6.795064356857214,5.028928733830165,0.13423568822226212,6.544281249304668,7.591387885495617,-0.21309103348103633,6.354647238681785,5.1365790219695935,0.001481575081327351,6.364669093514753,4.8919747430266645,0.10328678859662122,6.381077100940641,4.618395681995248,0.21281788951341624,6.833958049171045,5.9611172643217145,0.17835690188258008,7.059840757206602,6.107154771653135,0.2978561210852008,6.415510816769392,5.933078668386199,0.14147037160756665,6.960498134771768,5.645049699625859,0.25713473603924936,6.351850158367272,6.095665866488497,-0.048820919710215946,6.379420661226302,6.513596582391958,-0.36757670169474993,7.174679591971209,6.225016662700214,0.3856224295955679,6.997106241581101,6.201479292831231,0.1906992138091496,6.873252759154998,6.249577739573252,0.0946662089475056,6.687216429418825,6.235518447446085,0.0629164229169701,6.544952003368292,6.183854602098492,0.05033827099209435,6.4315486540382425,6.1123629796765675,0.03934878840942131,6.215318348062641,5.88186354674641,-0.10561901527188691,7.171224670505528,6.542652070183289,0.30926532936828155,7.034521405418858,5.621802511595097,0.3101404482061031,6.188425773107488,6.681793006187813,-0.47619337337096385,6.418579068245455,6.333150108980659,-0.09755586542865391,7.286933692092783,6.0407766625633075,1.025505754825169,6.348520061721986,6.024173526682548,0.04135620545584101,6.472191328605671,6.648777558577014,-0.11564850351924909,6.905109631564994,5.792264075450729,0.2710325495059784,6.380668909430264,6.434188627251221,-0.3211498045681011,7.275303462275168,7.106255503641322,0.8777693924489149,6.405945935560518,5.88348878025565,0.17355394857867074,6.29952990663656,6.326213722840361,-0.3980938370193091,7.0120285466906624,7.742834827069557,0.16107018869874448,7.017507208491621,7.959708626515822,0.3064575331298914,7.270645487799115,6.634952133642084,0.6461828985379711,7.12460331747153,7.55905251794077,0.30955461447647015,7.183671283343895,5.652768393045711,0.6512801362199951,6.6107633790781595,8.173619629937738,-0.19690151432734374,6.18215009765446,6.74754699117566,-0.3613851171004332,6.510364767358134,6.455295500042602,-0.08239209894440068,7.145678625365799,5.923052867941092,0.4681286766684264,6.748189049878272,5.914884016045386,0.14937188586260688,6.670146276537617,5.937642665554942,0.1263165532221013,6.541444712868766,7.408776347096064,-0.18933279900527464,7.166677173169366,6.855697654672711,0.2865124189309272,6.432110365730026,8.39935168732799,-0.19686201336945253,6.743393337669368,8.238482623966203,0.017566614852928087,6.874217640668982,8.12693156018939,0.14400206466923254,6.581173440188006,5.934611718048193,0.12688978789479055,6.499807026658292,5.915946103094792,0.14514531699562272,6.441817288975902,5.900429804012311,0.17114668801801236,7.106886084199532,5.612256641062892,0.4132339130170405,6.499038708367232,5.756117246569643,0.14258330324976395,6.5815687187859275,5.692249981568247,0.1312414393920551,6.664271618754713,5.665187027907093,0.1334335407907606,6.743916310623788,5.67696324537385,0.15435275040478225,6.799151293649156,5.71520842252884,0.18064637695359007,7.249489832894016,5.660459467180589,0.9270025613729003,6.7982014771997035,5.881896905103584,0.18377076372963053,6.464903424292992,7.004987422482675,-0.23249095823904897,6.367116090424936,6.652236784346847,-0.28527051509193757,6.283713741031518,6.9409443983950885,-0.30612984555810024,6.883560850214049,7.917491294012933,0.04014251778775135,6.75430259654159,8.05072026826524,-0.07569168731191311,6.428057863371297,8.262889463273808,-0.2992448196303606,7.126667948696246,7.768541566230945,0.5147354578394107,6.435766154722782,5.831063790457249,0.16231590364036838,6.283835696315813,6.099187504668529,-0.17968084531033418,6.60006431372534,8.327809848024296,-0.11051335657513993,7.253238881810057,6.982799451965218,0.5744726533343463,6.358229137119939,7.3289860262698605,-0.26015938401752703,6.3711205280539716,7.366135040634243,-0.2827517349427265,6.383547054139632,7.416570007146556,-0.3138605999968763,6.3917854922857895,7.477051219548696,-0.3133095145559672,6.443907028641502,7.669033228086275,-0.26293731914586554,6.512961697529598,7.346005244885275,-0.1874407434751367,6.528677429371104,7.333976866933638,-0.1863682431482384,6.545152870895366,7.3234069307053655,-0.18430451986267934,6.649091055396055,7.219623701154135,-0.15341579082215764,7.033708609318231,6.902083705746421,0.08663943271617867,6.2813800907973265,5.976591596438718,-0.06923805017955442,6.332752678230662,5.717156837541462,0.12214025728251274,6.391670710841747,5.753110690119752,0.15558305279898832,6.492775945826659,7.350334657477756,-0.1800831071933768,7.064582665613611,7.29900009139776,0.16687216651258932,6.239363625821512,5.692345393643607,0.009924554720549239,6.515129632053952,7.838451356877158,-0.24085128441474848,6.214070099858678,6.012745240468044,-0.2238902635783837,6.354945670436296,6.327719511909394,-0.21601542704178306,6.360110118034187,7.904938508338827,-0.3031721160584294,6.738920448271833,7.584310174702341,-0.10876663856487076,6.5596361369814655,6.768335345459822,-0.11020466847089298,6.638018232966072,7.734135110995155,-0.17707132729105232,6.803068210427109,6.736665710280422,-0.07588935463368743,6.66697400437789,6.911027332389414,-0.12174073042606647,6.900964586667006,6.993872274395201,-0.04043450429516007,6.404982488814586,8.095700246649429,-0.32335038006560507,6.416114136734641,6.435382354269264,-0.16740157350498494,6.836771629318139,7.718141034151845,-0.04051065909309223,6.709763091948916,7.873029984279013,-0.12842668228679474,6.810608633916681,7.396081519384954,-0.0700914289186728,7.1525303601911165,7.126180127559065,0.27690588461208643,6.947347050820589,7.44183627251643,0.018568637803906697,7.216006650898743,7.29493108920645,0.4791329889239967,6.756869396583993,7.115077175000021,-0.10386380074456851,6.3482560644006885,6.212123119614105,-0.1343709151110248,6.348730972625415,6.572088488892035,-0.39196123484281975,6.408347019893084,6.644196344191664,-0.3012925699122321,6.305555932448796,6.455289760970401,-0.4468507077870193,6.4116355082649035,5.520699787454273,0.10503320396050472,6.571556189945288,5.374556107287113,0.10011015608711567,6.7110005793925,5.339700928343518,0.10753946351664984,6.829465073020803,5.380629839137029,0.1414225534786325,6.91548946102657,5.4766642451393475,0.19437118877897602,6.972949051914288,5.834583276485205,0.30923939145211804,7.270387946934044,6.307795605375677,0.677204511760048,6.90663765953881,6.061034152668773,0.19916389694227454,6.8080016603688644,6.105363463742045,0.13924728818626997,6.680536866759572,6.118452135283027,0.10077844414315268,6.552821706125462,6.09265428835043,0.08343524257189004,6.449400038122965,6.04157798051953,0.09683214824753969,6.374793534263334,5.989395825213681,0.09621446939266012,7.296960568613929,6.389819860056559,1.0392573788784991,6.404748621622349,6.702188951410156,-0.25924303801650345,6.284676470393425,6.208124421057272,-0.2760998588231983,6.281342786828012,6.56354372776709,-0.4653209252665378,6.2285985611383685,6.666074404810206,-0.4370348318423055,6.279958235659249,6.6059820145497605,-0.42284026798987495,6.380013220431171,6.763927020624561,-0.23271310068612278,6.21489867840786,6.673077507664854,-0.4634311563979804,6.208001748388951,6.736468429673474,-0.36004697171080385,6.369506413997123,5.876947672713273,0.1595888355230714,6.318611604324615,5.895565581628993,0.1014956936589141,6.2865452557792425,5.9017809968238995,0.03602735922034729,6.829570528472517,5.751723269414887,0.2123578894254651,6.90933215393771,5.656596712896543,0.21941652228731917,5.602030331782723,5.907688295579954,0.08848743077895241,5.703849005180762,5.896035826857555,0.0884371578515568,5.595986730061869,5.774266703716864,0.08851650725022647,5.501472819501101,5.918699781675777,0.08845336064231496,5.608507233454839,6.04578328567564,0.08843013533449696,6.661032629880635,5.815277037597242,0.09023895189945323,6.7640166936277195,5.803998325952008,0.08979101843498959,6.655556837615779,5.678467958366846,0.08980763596338735,6.557264465393935,5.82354704064051,0.0896867455460046,6.663464561726288,5.953388886217522,0.08970474740138863
6.190989478687254,7.213682004455927,-0.36608950482146635,6.159727927479978,6.618126941606238,-0.5248167082533902,6.1755333989280174,6.843906012095288,-0.31316416058099233,6.068626025711956,6.179163470515377,-0.3272459738683953,6.15276746872287,6.457854850593624,-0.5394242975003262,6.148211689258996,6.280454642482171,-0.4757616198739754,6.142957846812755,5.878506879535286,-0.13981669344847308,5.467058544233947,5.99975371989689,0.2605722692847532,6.127364171563701,5.4726027059597495,-0.021756911152385167,6.119921047999383,5.2583596845606335,-0.011839262318577765,6.099017339475785,4.657626780961958,0.19748077503006897,6.193438102089802,7.268201515813609,-0.36206015417530674,6.197094828300843,7.322195138650004,-0.3359707255798429,6.199486540479853,7.364238845334162,-0.2975110527250805,6.1998683499542135,7.371533567480143,-0.29285106358804536,6.200354616737596,7.419941966062361,-0.315623837547921,6.202757134845126,7.480919100303372,-0.34661591591273877,6.204100671957733,7.55222454102344,-0.3483615686403821,6.217067065786049,7.771504205705554,-0.2829942332777094,6.1655357538616595,6.722969662079815,-0.4839938913931411,6.097980690733135,6.754120272420956,-0.35623864028416724,5.122478375204902,5.58948467159466,0.84916345149997,5.738069070320446,6.108909806837885,0.13052925677789262,5.640995092057244,6.136044934141133,0.1423665774061895,5.550390623198742,6.139267262025685,0.17660462162419624,5.431689659596362,6.066726343478206,0.27216813369151416,5.821650766234043,6.057613343759989,0.14509308201432408,5.576174289041802,5.602022430258363,0.14134595745751088,5.692952157565307,5.6175512699363,0.1379232696483239,5.471296269201727,5.647882070500418,0.17772605188102253,5.406725803530324,5.735498339925627,0.21610825973570988,5.36544787698059,6.186481965704101,0.3159074031221568,5.870517336185493,8.107128421177535,-0.20133407909076304,5.436611760037051,5.955458778104477,0.30162174049570134,5.113375461019969,6.243062527828094,0.7812426076910566,5.257433256288885,6.099206803422496,0.4386468123605336,5.709790675779821,6.685240402455926,-0.05368171421214557,6.0796646418923705,7.186647012090294,-0.34613847397098,6.099487037168772,7.328651320742862,-0.31899375640617045,5.974919534973087,7.262086801061971,-0.29164039437152783,5.903407701018294,7.341283451182305,-0.2282395353882672,6.014960182707324,7.354204460110838,-0.27901087536481145,5.944468788602401,7.390611074083925,-0.21881377157645998,5.780640826711596,7.616610585514776,-0.12474478696045949,6.083232039094317,6.626871098964318,-0.5124281614526615,6.064778394763735,6.473779907650614,-0.5238425087726438,5.274713376782235,5.60553183564392,0.2965351423056518,5.885352795450086,6.284135141735955,-0.011765304320694779,5.891336758466638,6.675836363062913,-0.26814684246704207,5.884938928387784,6.609941810950239,-0.23136875218874203,5.419514980130917,6.74464275271401,0.09226008906607852,6.0650874443193965,6.31026243610594,-0.4417740930988153,5.47304106646003,5.360614385153761,0.13347656252544488,5.3516036815588635,5.448474508365896,0.2167158455790769,5.193447031152775,5.265712758720621,0.687837872506098,5.907957357122673,5.466137879124076,0.015817909522011692,5.795912485290765,5.694865527308514,0.15699743316796927,5.702446606560266,7.494286754277383,-0.07725085133539097,5.272587490444807,7.725530743016425,0.8009104781896266,5.966537376220414,6.753121804625743,-0.2455372380278128,6.044456045194493,6.7963858608373835,-0.26663378735078375,5.817437894901858,7.4747496355139,-0.0923765398301408,5.837705494433268,7.4627320022096075,-0.12146115794390944,5.297299568376339,5.363671742529581,0.2815935823304062,5.899607616155559,6.762560422990018,-0.2256369950413687,5.651809305122067,5.357777468719743,0.06504386101805525,5.629714062880373,5.224480937465905,0.06453229035205532,5.550633756590433,4.807532384548076,0.3319108031609132,5.242367630746823,5.321513853200732,0.45622985905005053,5.594024962560988,5.013532283474805,0.1925112860903509,5.220565949563245,5.566824639489005,0.3951855029287072,5.170807170113691,5.592039553294316,0.6074719308705364,6.087233834622751,7.263340288770247,-0.3439425066846324,5.996532112407572,7.3118754769137615,-0.291866238277588,5.923834507896559,7.363828220050416,-0.2330292857169422,5.994325181606247,6.7875199566846485,-0.2280737319225442,5.828148010855276,7.468560720053094,-0.10749863760489295,5.87705708412557,7.467941180151302,-0.17688035290025533,5.850474499967292,7.457851324494911,-0.12362579929372566,5.992666111380868,6.662466547903199,-0.36671836483660636,5.960051657922935,7.405846712901361,-0.20637617036272235,6.0305459336087965,7.3787159079695215,-0.24666913652789246,6.111872072042732,7.366934564302191,-0.28257942069666225,6.096355479083784,7.781265561134949,-0.27651220700580786,6.100728278158059,7.552125846876295,-0.33802369441211416,6.099770152495986,7.478798977127822,-0.33445030892478056,6.103456414911647,7.42368225812062,-0.29996861353100734,6.110801564724054,7.373281246319384,-0.27821089896909296,5.9599443190329735,7.409205195485261,-0.2052095127925712,5.946178286494205,7.4359246547381215,-0.2272925758523307,5.934036024814319,7.470515872719911,-0.25283229785906075,5.924513120207591,7.512265658148335,-0.24343154526930622,5.806695721360499,7.1954451990909725,-0.1759423307676986,5.148099952120168,6.994028454647034,1.0745062326250407,6.170760060103281,6.787055301758305,-0.3706856264184803,5.905734937823803,7.434533571540029,-0.15966466275570348,5.892475343134989,7.452944712551766,-0.17399809659115612,6.066031882472012,6.857092126470169,-0.28560159126773954,5.9405044536261675,6.860807204695217,-0.17367166750045912,6.056251796766516,6.829401574441012,-0.2758333245465624,5.787201466113478,6.399688698558186,0.009971406921170599,5.63299078060514,6.524323557708309,0.0348987338835336,5.8774158409524215,6.69694466383315,-0.1865577485162878,5.327142661366604,4.9993142029263,0.5008486185004353,5.374016257901418,5.122472612043024,0.3187346617575614,5.432419419969054,5.243566728614884,0.16898849064180893,5.866811983296113,7.685674876659874,-0.1899625727748908,5.86649248800955,5.256188053125807,0.006353551098317314,5.835698473309556,4.985403731142986,0.11334618703005939,5.801763535386525,4.707699292536197,0.22564431155547052,5.47629329074682,6.120879894056691,0.22622906987483984,5.275420084507418,6.317048559216264,0.36080468538013494,5.877986393978258,6.004270237820476,0.16214505108562807,5.328015059995756,5.8462014756330145,0.3119189799302653,5.94741448471685,6.166187711549011,-0.03470695116466133,5.932955431962357,6.58355013152914,-0.3544619655367322,5.186784455825192,6.4685599237804,0.45691774644972905,5.3391383226162406,6.400427103673693,0.24955623299247442,5.459325101390069,6.423386820196958,0.1431571999200332,5.639135751956633,6.37026487559448,0.09802789411562278,5.772742053161367,6.287036173345857,0.07677773739312782,5.873545157356692,6.196550209503454,0.058947476948285595,6.057093218400578,5.930543548716777,-0.1035545524884585,5.212433407759375,6.779509161675433,0.38190303569119244,5.2601311364426175,5.844133581111976,0.37192139690645487,6.123894027718432,6.721368223473207,-0.47637746775018974,5.902726927521557,6.411423936930499,-0.07865208197573453,5.09583167587074,6.305141146382872,1.117352009353568,5.947464912383275,6.093527927787815,0.05540214185040087,5.873675188696545,6.7277336357665005,-0.09649678409379621,5.389281793121093,5.970278388673908,0.32283344049445956,5.93227465846562,6.504962935777313,-0.30745664923573496,5.196005875026223,7.3555235037854665,0.9673452802863861,5.882762974581549,5.952073280699278,0.19474590708350722,5.9944534119580135,6.387130048432677,-0.39052553630402315,5.453830646935457,7.932396557015193,0.22011043797411284,5.474411978591553,8.151261994437387,0.37076077264639384,5.144393878835554,6.895634712313969,0.7292800941940324,5.33875255096809,7.779679971223502,0.37858593080858266,5.141845480693009,5.90233935488532,0.727740879725816,5.8517812969229315,8.282601572036322,-0.16697605529766182,6.140056815202852,6.785798932469089,-0.361575080546531,5.825806005947457,6.550251302598298,-0.058600989352774024,5.187026508624031,6.158238150134739,0.5375381226772256,5.553101110269081,6.049951940439574,0.1908035441619306,5.632660479390057,6.053658373921806,0.16256784429513393,5.8656258525422755,7.498270539924952,-0.16350621536913246,5.244061279943466,7.091050564453342,0.35744935452538695,6.038184284281702,8.473824003514846,-0.17721725023420573,5.740724807352953,8.366225050873528,0.060023854362507914,5.614565591886327,8.284228224476141,0.1970316086012699,6.109035876003947,4.9602885920776725,0.08326787936759464,6.245955635090415,8.470802665900758,-0.21679076668347963,5.71540795762194,6.031906760207035,0.15751593763810262,5.7937448160297285,5.999153270468816,0.1713605833068509,5.851372112429655,5.976130159164902,0.19400333718304924,5.199268905241532,5.850374365029676,0.48139348971959545,5.781487651309917,5.849843793939363,0.16931235332448252,5.695829416132465,5.804069160334996,0.16124633551806147,5.613720208078475,5.794246571310656,0.169785484151009,5.532615230981576,5.82303464547979,0.19524986857484125,5.4829630700267495,5.870302298207952,0.22470419577426312,5.097273546932875,5.921949233567501,1.013638238262078,5.50125138365098,6.02816718854401,0.22831936418520593,6.181205791005586,6.975542392530894,-0.3084019878823935,5.896976732758647,7.08521464265751,-0.21377978475089038,5.959583401020417,6.715077732284316,-0.2728365479075062,6.062464485270066,6.992816029467132,-0.29906305420871165,6.1377861294232625,5.703930980941245,-0.04598930857024668,5.581911156492872,8.081437686319742,0.08860229351836091,5.709820572182059,8.184866991342954,-0.03716968418324942,6.028264441900687,8.336452556616257,-0.28189815192820206,5.368792311857414,7.9867107557310035,0.5922148152701667,5.850069637845423,5.910840378851709,0.1859915853989127,6.005391172805578,6.1577605280941725,-0.1721583534921633,6.237958527590658,8.334009696375587,-0.3170112962574898,5.877156498667951,8.42968394669788,-0.07821163345489215,5.187428128967344,7.233321419342729,0.6564921251057733,6.030573308627713,7.387443496237205,-0.24412339484277523,6.017320917891245,7.423309813784311,-0.26775589297814245,6.009501748014444,7.472507765543695,-0.29873095200554184,6.004545788997726,7.538270485328431,-0.298353284803781,5.970577712893902,7.745796181362131,-0.24691958643368586,5.886941266942471,7.426271358593922,-0.1640096365640405,5.868363354433914,7.420404459803001,-0.16086817304457676,5.8515399645193265,7.4110991145571345,-0.15709960547335744,5.738602162794081,7.335438164248422,-0.1220886897303356,5.363949454892535,7.107431631693859,0.1431852615656576,6.002732554192133,6.036814812940649,-0.06158099429027369,5.939860420286397,5.790266387639261,0.13530805484776595,5.887537393999137,5.831505052648707,0.1741732201702273,5.9058361533542705,7.430704670867907,-0.158732426297375,5.367859400028553,7.50610483810168,0.2280875319937578,6.022898217797841,5.75250507042743,0.01386122882936443,5.916564999583789,7.931640862414054,-0.22052027532557072,6.147320560353744,6.142789994723083,-0.3608676524261128,6.062153994923936,6.059824957130339,-0.2232344769338387,6.144207732544858,6.016845457036381,-0.24575331157350314,5.95510470384665,6.39835164500269,-0.20396408450598225,6.22991171281971,8.160493138974086,-0.34378397470830907,6.224488577493328,7.958841545683655,-0.3133583746337815,6.067872492296521,7.966356708771437,-0.2902170959990356,5.687332354339866,7.718119316842432,-0.07544453907775574,5.797146522327706,6.867896614199325,-0.08606188163236247,5.793573722161501,7.851215938418656,-0.14972598879300694,5.562661475428011,6.8927070260803855,-0.03781541439148193,5.705313059198906,7.036018131688595,-0.09170864339822363,5.490692910894454,7.1710591000031165,0.003942174380636308,6.0381695161793925,8.167326087774663,-0.3072391574119264,5.909412915694267,6.510724656863978,-0.14984802824822543,5.605594870226952,7.873247065484469,0.0013125473663807958,5.737224046710211,8.00299096763867,-0.09510934789657849,5.603017296077404,7.552187800866474,-0.03010653815072227,5.277898604312203,7.357803554703108,0.34573028002115114,5.4851934136732,7.6222239051831036,0.06876251307883678,5.242378076477725,7.537825281073422,0.5571986991740447,5.631463182510083,7.2578638441965015,-0.0676581809526577,5.956501910404238,6.281829156589867,-0.12067838098441801,5.962809330881143,6.637849922340258,-0.38047674317600627,5.919545274669502,6.713366073206807,-0.2864784248300539,5.993894745453549,6.516415779217647,-0.4373522621238825,5.848368784696434,5.623949100015152,0.12343964466262404,5.6774251188754565,5.518845596466634,0.12473591709413297,5.535380828287365,5.509026969616086,0.1395258001039599,5.424335865041139,5.5700649772544235,0.18315153974809326,5.352074099647084,5.679791977418872,0.24303298660574071,5.332864760715363,6.0286815507415445,0.36588070276517565,5.115603283283098,6.569958434637155,0.7609268317283308,5.415800982498722,6.236986714419126,0.2509393468182843,5.513161317867694,6.262939673142328,0.18355650317554176,5.6369997800859215,6.245050818675705,0.13624550291537005,5.757749907933239,6.193331483595075,0.11129208132405849,5.853440727345929,6.123397675401764,0.1163554129992642,5.918256487594728,6.057928156477527,0.11185132189347573,5.118610933387728,6.652051793995984,1.131475538027527,5.932374073008001,6.770476125828261,-0.24388827584806905,6.007364695550879,6.269990181303766,-0.26839983626850783,6.024274172696006,6.6187544058556105,-0.45934282193304377,6.087442028845563,6.709285034202562,-0.43528252159005476,6.031354217062065,6.656881323649022,-0.4163973154892208,5.964824636550053,6.824909189757787,-0.22042059063497718,6.097726391215307,6.717365707549537,-0.4620972531126962,6.114915021513858,6.772668288527275,-0.3582553192064934,5.91595050244864,5.943390356936142,0.1767340676429209,5.965924680073351,5.956576831508641,0.11239733645663195,5.997302575111021,5.960404291390292,0.044141556702356234,5.456134470895841,5.911908364787066,0.2585248835155504,5.375386449637706,5.843145919245282,0.27019037862420975,6.2293152255654265,6.162181593649168,-0.3345531003198235,6.855487806282622,5.870968303602378,0.20875277675415635,6.24245811622623,6.74429047944427,-0.3616074307950366,7.2162999207386145,5.3579175855928804,0.7629084589200213,6.591929768898493,6.036541062751485,0.09636620120134186,6.69275268396277,6.0454588353611145,0.10155136972060635,6.786850709511667,6.023666879513203,0.12936897020309784,6.897896753350744,5.926630001604586,0.2162461703984416,6.499423816818154,5.998651154990271,0.11924339870171392,6.707590664610684,5.481105530914226,0.09925494106755285,6.5923454369488805,5.521261441886005,0.10566087559279538,6.818210954866088,5.506151512037013,0.1285616210123998,6.893204098792288,5.581284772836351,0.16276192327381664,6.9837318455583,6.022658326184705,0.2556006866963844,6.6019872067693255,8.039406226354574,-0.2237192353896993,6.881160531259548,5.815905974435394,0.24643361231086677,7.276008438971421,6.008240335958586,0.6966844160369021,7.094236872576162,5.908221381976169,0.36991068375716557,6.660352187889525,6.593609010190442,-0.08622080194674199,6.302456953738597,7.170209033626239,-0.3545280617995106,6.2982001382971,7.312730586057281,-0.3261441068446598,6.419422485220725,7.2310550559345455,-0.30891326588782936,6.505789949506682,7.295365458926243,-0.25080951808959123,6.391254311151001,7.329386123882197,-0.29351864484704737,6.471318317133843,7.347452915971776,-0.23719195450621267,6.653142472381231,7.537839688978115,-0.1533854952794068,6.236468029850184,6.611706779275111,-0.5171716488998618,6.244007686375944,6.459062233006884,-0.5299184572557183,7.0287234095426125,5.409427645857847,0.23269817405722001,6.4508482865414996,6.228439224960103,-0.03439600494342135,6.457635850442293,6.626772404817173,-0.28934865954367506,6.46240774847656,6.561066596255974,-0.25361786635008643,6.971106198675971,6.583729509942566,0.03781736733793834,6.233469024488371,6.2908528272989885,-0.4497836724410724,6.792642687198185,5.194446939738458,0.09342743326293766,6.929094909777372,5.263949591383836,0.16401117866008966,7.1033916552179885,5.050455060633513,0.6104330254331267,6.35477421686398,5.400884118572614,0.004644079588174019,6.496301623871217,5.617780715818533,0.13056267636307467,6.725139492526556,7.395266268090179,-0.11192097510772514,7.252354981837196,7.517078618710976,0.7213791594580996,6.384193717456277,6.720270341135612,-0.263379154242428,6.307901700922019,6.774727898503116,-0.27521196114433283,6.611771614846228,7.405371252046498,-0.12156943109644097,6.589721757504316,7.398192513533294,-0.1470386331634049,6.982600104644678,5.166039594450832,0.22311851581341244,6.460745796670242,6.716641710338722,-0.24630155485941654,6.605543077647517,5.231419424168356,0.03724158863260709,6.619934413249953,5.091958831089307,0.03563996429910219,6.675130375732965,4.678783708410532,0.2881443388101628,7.039231094435096,5.115296394913141,0.3892097794326523,6.637767076888274,4.88670886360184,0.1573700913716143,7.087131614376891,5.359146579863179,0.32651222880956166,7.148742696424387,5.372387444275893,0.5311441196980567,6.302775368432309,7.2484100975322985,-0.3519831980960856,6.404711294134107,7.283069032666145,-0.3076345418339893,6.488713700864736,7.322227556435562,-0.253485223577508,6.361635981473943,6.75725903445829,-0.24082339934698815,6.603239253687132,7.400977561510419,-0.13445618748280214,6.550550987015908,7.4146297716021135,-0.2003145172225853,6.578299891059072,7.395882206015798,-0.14836880919564416,6.342634836765034,6.631194190767403,-0.3812220820956474,6.458590374128193,7.36498517479725,-0.2232281284508334,6.38209736732347,7.353883884231422,-0.2594585607643482,6.2940283294932895,7.355633003861132,-0.28938596250941884,6.339924709892311,7.756166991160033,-0.2822999073456213,6.314750498417758,7.536848425135248,-0.3450388581823527,6.309264688705961,7.465184947983563,-0.34155192012317614,6.303276763515619,7.405845272110892,-0.30758668057558775,6.292777723365951,7.363983825421099,-0.2852731585777962,6.458820180208044,7.369109437515574,-0.22212083595048696,6.474150190801219,7.392140473167069,-0.24463831984908646,6.488981687892022,7.428708455672716,-0.27031642527792094,6.503290178042476,7.4681702658359175,-0.2614378691838773,6.589319776963386,7.124767943015511,-0.20241858909181393,7.330212417216331,6.763091354277949,0.9831366139779449,6.520125814676052,7.383079341905746,-0.1812997412850957,6.532553352868855,7.399590800683733,-0.1964770393447023,6.289194477468843,6.838673781506086,-0.2931625444776235,6.427821573261412,6.824823462724864,-0.18920246575293947,6.29753449310029,6.811100653900175,-0.28394522252448967,6.562632735496084,6.31985233746949,-0.019118443907202798,6.731198016449892,6.412474273182606,-0.0042431268767730715,6.480920465216382,6.6455624737223316,-0.20887533399344976,6.931043578887077,4.815429357110219,0.43753128033969096,6.879327125387385,4.942083123905426,0.26546165927931953,6.826506305992988,5.0687804746123275,0.12499930034562329,6.569222190707352,7.623393106648927,-0.21223107007051725,6.38011700082344,5.1812028335471885,-0.006688913371328273,6.388855395019644,4.918961678651983,0.09526275831303055,6.40594244959011,4.6375907884984855,0.2042662002575101,6.8605442604345725,5.986882778437164,0.1732596914756484,7.090250205347655,6.132862948389721,0.29310808710035485,6.43783794860387,5.957912084076049,0.13830814080243123,6.991447998916548,5.674383610194799,0.25075292203896965,6.373914397853175,6.123068454779532,-0.05295879196609487,6.398769474238783,6.542249152331898,-0.37191889803548467,7.205754775293929,6.251424875711815,0.38104387432447795,7.026660197590599,6.227975290428994,0.1860935776054922,6.901183196411179,6.2768368176138,0.09037341334316634,6.712594529910506,6.26257227157266,0.05873947408045835,6.56827991374044,6.2104214197464795,0.046733032228697666,6.4538753873174635,6.139030251993488,0.035645232189255506,6.235730345129911,5.910768699525862,-0.11110439585308325,7.202835733803162,6.570664421967105,0.30565624647025885,7.066633488370397,5.652074770766033,0.30327644332497117,6.206132906914657,6.712616862162779,-0.4801739506367514,6.440637404485688,6.360656964350064,-0.10049201727189021,7.319584426319662,6.062480333965228,1.0242246263339465,6.370192836071016,6.051858826625671,0.03745835443309322,6.492331525733106,6.676076254676049,-0.1170181090780813,6.933280406090639,5.818753696797931,0.2657024063617964,6.400129580441786,6.462772988860523,-0.32535178464830933,7.309691958957563,7.134502643821224,0.879980788995685,6.428203382735773,5.908239031659418,0.17048433506566468,6.318437481228654,6.355916043310887,-0.40321214663308486,7.04286332720816,7.777405683467738,0.162991909452476,7.048899518879222,7.995453472298615,0.31013805034847564,7.3028006581429805,6.662560199283702,0.644756571560545,7.157192932526733,7.592399542468938,0.31093532526206424,7.214965028368823,5.676294458554686,0.6460451335118081,6.637929165816068,8.211919273194217,-0.19390975333959906,6.20108149552935,6.778924921140138,-0.3639374366197297,6.5330403400474735,6.48313496016767,-0.0849395508814929,7.1772523378353315,5.948413312709681,0.46298054771977126,6.773628575375053,5.940004859530943,0.14485322416971502,6.695265422541199,5.9622751578146564,0.12197742243511007,6.566160510960125,7.4374439682879805,-0.18893922883173117,7.199125698344757,6.885301363068269,0.28437570370189025,6.458475110890651,8.438675199621443,-0.19143897778358673,6.771300978371926,8.276353584166275,0.02157660129043335,6.903713944870476,8.16408358882354,0.14783220479524042,6.605619439542388,5.958485518682823,0.1228338823196947,6.523466287379085,5.939349660065036,0.14147998473968088,6.464517065723591,5.924445042857918,0.16773725416864066,7.139562699949348,5.641386266669654,0.4066150685980214,6.523791906025143,5.782105390223623,0.13850073396594248,6.60749606912863,5.718790573446199,0.12598709728642354,6.69101437026158,5.692454004260552,0.12771183603991115,6.7709206096880346,5.704589422185708,0.14838389247086947,6.825872358186503,5.74242854208288,0.17505722391636144,7.280670116534788,5.680222773769188,0.9231719051898186,6.823687399439835,5.90727478263785,0.17897750222152609,6.486389705837782,7.035407236529618,-0.23422791082563055,6.385472418997766,6.680045632418925,-0.28836232590569516,6.304005803493077,6.972752301787127,-0.3076073919385837,6.912899704507391,7.953187163486953,0.04237222660946186,6.782531219684755,8.087982477026461,-0.07308073095791216,6.454142653949516,8.301658187178298,-0.2956888580037565,7.159791398138086,7.802543154785326,0.517699923730365,6.4589909138786545,5.856326270458286,0.15868199863095006,6.304324218186788,6.1282077543834665,-0.1843611283717588,6.626887668054715,8.366395064148904,-0.1059976378526393,7.286383571140731,7.012537569410683,0.5742271766069941,6.383067739704533,7.359100986520698,-0.2570005271990486,6.396318689650531,7.396266176675862,-0.28064335850356276,6.408943616137627,7.446304109278839,-0.3119505872711852,6.417298039673767,7.506398759357413,-0.31161128111566894,6.468391351295494,7.701840545725234,-0.26151787807962473,6.537328852879295,7.375485655737388,-0.18771483833722885,6.552914603780768,7.363493956661542,-0.1868591663849321,6.569380677658973,7.353085686311439,-0.18493682546981738,6.67478818799651,7.250332832413557,-0.1545467949100003,7.064663207403652,6.932331645566617,0.08395018370420464,6.302709092070722,6.0048757300151925,-0.07408201279701086,6.355027795986574,5.746578378832034,0.11866102669155937,6.413887688632973,5.780297198184672,0.1519654724539971,6.517307628518133,7.379957148958809,-0.18034587045737688,7.09599031457728,7.330693641233072,0.16665702151429543,6.26055156293949,5.724819921362533,0.005160103830377949,6.541040329128169,7.8736641743253255,-0.23888011068919113,6.233473346859778,6.042228583128981,-0.22948169938394922,6.375526642388303,6.356420319975136,-0.21982453111536443,6.385590563816248,7.940653006799422,-0.3000158894682807,6.766038491182869,7.616612026305245,-0.1082585645280356,6.582010646912711,6.7969412855632925,-0.11196601106606578,6.664328769584747,7.767889262418122,-0.17580031160089435,6.830936736686033,6.766342497971887,-0.07852904072089284,6.692264255993683,6.940882737001814,-0.12363990328167888,6.930119311801032,7.024504775048551,-0.041947767485975875,6.430819137832756,8.133216093809613,-0.3203472214656046,6.437033267126775,6.46331256489127,-0.1703656386945819,6.865283020288046,7.7520045474942725,-0.039355647543584706,6.737422231277197,7.9085939780673975,-0.1263902484696099,6.838269639779451,7.427580316735266,-0.07052653588496344,7.18502468202188,7.157133860117493,0.27609525575140786,6.976878005295919,7.474051572531533,0.018576243780533117,7.249400640979931,7.326756681275755,0.4798099259197465,6.784159312915045,7.145588806087125,-0.10563332047507035,6.3695351152217885,6.240252986412991,-0.13811545758951568,6.3679632128198005,6.600658077561411,-0.3962794230925106,6.427061556288866,6.672028353852598,-0.30465903936670613,6.323907442245288,6.4846348230461945,-0.4523832636699791,6.4352747823590155,5.554530734612228,0.10054854578545849,6.598604230747448,5.409541468304921,0.09376870924917362,6.74074253291366,5.374427243382781,0.09992145298987845,6.860636471024606,5.414267981439405,0.13333758252603672,6.9470637281150385,5.508708194724757,0.18675996570988684,7.002660230348511,5.861294115996375,0.30368216091618094,7.301801469952532,6.333730751664862,0.6746190251727425,6.934653479407866,6.087209341184773,0.19451416494146345,6.8350148941093405,6.131792441071044,0.13458735569638464,6.705774548224153,6.144413765581966,0.09646586337958432,6.576506827320048,6.11811717833184,0.08029699756037117,6.47219936050581,6.066851692249034,0.09346411713902669,6.396910854533407,6.015368646805366,0.09323255509579155,7.330766401151771,6.413343069835584,1.0395263614141619,6.42331261948779,6.730190183516629,-0.26210049772564115,6.304313412258269,6.237765461667774,-0.2807997968312354,6.299250474549207,6.592802887922878,-0.46995073181254693,6.246561487482749,6.695772580786388,-0.4408325815518408,6.29786803609393,6.635059111201255,-0.4269965806259083,6.398533904997055,6.791993611091773,-0.23493229977865254,6.232580056768823,6.703371309721388,-0.4673283580843447,6.226501361778916,6.767323676281469,-0.3627418506784375,6.391413518497856,5.902860560837583,0.15671743580138003,6.340392966794829,5.922799299944378,0.09814546486915142,6.307876487088807,5.930915272657852,0.03177893287389906,6.856061961284632,5.778250555323055,0.20688787610282877,6.938988097534706,5.685197102864389,0.21355398586953236,5.626465800767373,5.930582450059447,0.14908519723179314,5.728379394216898,5.918268374116099,0.14911973117835378,5.620196561237904,5.797176058532327,0.14919865948124922,5.5258143397689405,5.942397292105189,0.14913702066398518,5.633301991346506,6.068814048868198,0.14911162673196407,6.688498750102211,5.839472263746226,0.12609534792660398,6.791516709446441,5.828382139306536,0.12558128964580945,6.683332795874595,5.702739087025531,0.12559662055689666,6.584488806519879,5.847492423893493,0.1254759881236208,6.690433011307223,5.977588959515052,0.12549382916185373
6.200659953907812,7.226501895187425,-0.36299929215004395,6.170962596028343,6.633846491840955,-0.5287193866288765,6.186543028488922,6.856464098472228,-0.31323141547923156,6.079338251083582,6.194085718626855,-0.33327160240156795,6.1640780510689215,6.473829172112199,-0.5441153923052632,6.159500622486362,6.2960166747991275,-0.4815740101178722,6.153997316421314,5.893053577898014,-0.14873460866018307,5.476853247433937,6.010352079658431,0.2567224444205605,6.139342761443224,5.503006219299968,-0.034000113910699827,6.1319877004132,5.291257028744311,-0.026046477688768506,6.109566022018101,4.665760036660068,0.18048921146030963,6.2028119154454435,7.281629492042269,-0.35837912833196955,6.206083878427206,7.335977706448876,-0.331794632069324,6.208218520354876,7.377793018097592,-0.2925653997860326,6.207853365244869,7.3827608595546845,-0.2872549773459784,6.208144190362128,7.430469168492566,-0.3096729347311246,6.21033367772134,7.490958627931111,-0.3406926718929921,6.211473163726678,7.561984905079562,-0.3423353963049391,6.224298334902658,7.7824599316286,-0.2758620567280858,6.176737242649444,6.73775910005291,-0.48678933256417023,6.108282205929757,6.768034499914821,-0.3576557639972001,5.1299450681709855,5.597172217006477,0.8418371421677402,5.748192360185799,6.11946057085863,0.12766459276823028,5.651115946355458,6.145990605066515,0.13907483299608367,5.56008984960476,6.1494155579362655,0.1728776713624675,5.440598613058263,6.077162475082256,0.26824695348131944,5.831822983483231,6.069708547945372,0.14133153532598383,5.586942461548166,5.621325495572449,0.1354047445009767,5.703727509038286,5.637200722227569,0.13219151709752475,5.481926449851624,5.665794676622452,0.17145731676044051,5.417256469558789,5.751217157900412,0.21033396643704935,5.373364248015606,6.196335102970515,0.3124680672011541,5.876923969471595,8.12260263825061,-0.19132278535182465,5.446010991171017,5.966782435850768,0.2972347260386311,5.119053920107296,6.253232908293437,0.7794691364925611,5.2646382315353755,6.1109328279041755,0.4344494712626021,5.717274691454508,6.697096264117003,-0.05294166700666151,6.087796715598193,7.199373612785477,-0.3432168697353274,6.106974575377715,7.3423534878657,-0.3146309211497367,5.980476113301241,7.2738854614385415,-0.2878395367337312,5.906967358725073,7.352494841148169,-0.22279132141711672,6.020479721583015,7.3670851692393216,-0.27394095566853954,5.948072927190603,7.402757070904855,-0.21238609215007517,5.785614264107789,7.629496023056386,-0.11553659227211166,6.094261981666481,6.642343203827562,-0.5159947954794919,6.0755957720312175,6.489372800401612,-0.5285163773464973,5.283302276219394,5.62592746026912,0.2865316806659353,5.894182960797542,6.296131417215118,-0.014911924833139606,5.899181111572066,6.689045532086887,-0.26955927476105834,5.892299092389097,6.622538229837375,-0.23276838647228856,5.4261558624769854,6.755796030526263,0.09268912885635525,6.075919071417153,6.325577640750155,-0.4473762598376489,5.485770320787301,5.388045143233845,0.12089383178284115,5.361925367286906,5.472514685138754,0.20404933848827508,5.203044646961829,5.273324737581137,0.6772358087963892,5.922093512249388,5.498909409893821,0.004250159062236199,5.806523363232977,5.713193758357492,0.15218824713393087,5.706494677554733,7.506907823753772,-0.06849261328231351,5.275411028930999,7.741253692930173,0.8121672070040424,5.975050745481017,6.766848106632506,-0.24602417998186438,6.053210897807285,6.8096997082772095,-0.26746107617934767,5.818341832079985,7.484520784578594,-0.08321172214518628,5.838895157550561,7.472967161433904,-0.11235070865391686,5.3074739568709495,5.387130812157998,0.26898493123699335,5.906445966300211,6.775088632721776,-0.2261220312529786,5.666539059025559,5.389461021348142,0.0528872275034774,5.6444962470983535,5.256085591641603,0.051238600216651185,5.562579543536627,4.815302600614608,0.31719372728927625,5.253558011062947,5.33634574667562,0.44442001891246313,5.608322437569163,5.02988318657365,0.17827196311169388,5.229000247439348,5.586591017796045,0.3856609869628678,5.179128791382404,5.605634289773163,0.5989366936620759,6.095029096057662,7.276601753600729,-0.3403061829925906,6.00200691425898,7.324268928464954,-0.2873442364816879,5.927353982949776,7.375508994534011,-0.2271259597381679,6.002486811784978,6.800884026807157,-0.22877535941645397,5.829143856317417,7.478533251085059,-0.09848198587464722,5.879037683537229,7.478880364934691,-0.16834528955190933,5.851911205261318,7.468282206939505,-0.1147690945041478,6.002945059798525,6.67714984664547,-0.3690550667109506,5.963975215736287,7.418227090851934,-0.199584667783065,6.036292886302442,7.391909221866068,-0.2407939734957563,6.119239024181214,7.380558382488002,-0.2773365238354526,6.103724983558818,7.792619326171446,-0.2689991838326903,6.10751436988816,7.562164596032906,-0.33181959666336913,6.106676533756306,7.489033986274215,-0.3285796569187732,6.110355507572148,7.434434637523177,-0.2939876148930358,6.117551805510865,7.384807460131721,-0.2724658120139087,5.963471503746593,7.4211613214394605,-0.1980464248202696,5.949833393378078,7.4472533138454216,-0.22006573800583612,5.937674666360381,7.481463873420512,-0.24499925597991268,5.92813805612571,7.523085782757998,-0.2351145396262897,5.8125902782721655,7.20842022238834,-0.17153027110708535,5.152047055432224,7.006204394640486,1.0812421415787357,6.181871063701994,6.800746913228301,-0.3721246969575986,5.907917411496465,7.446236508410639,-0.15150841861560585,5.8946101778432425,7.464207768696224,-0.1656870225934061,6.075235668474116,6.869817517752012,-0.2855213700848881,5.947064059910385,6.873051233261778,-0.17276118119937822,6.0652018411034865,6.842371709167448,-0.27649988293709826,5.795860978350853,6.410730946423309,0.007886837045916296,5.641400727643066,6.535313787473076,0.03306615450735253,5.8841606798335535,6.709064836250338,-0.1869725300647606,5.338696162077385,5.007090219040016,0.487782864773068,5.387715348994175,5.138246573720326,0.30555190493292345,5.445475887388269,5.270464836986358,0.15635683820479787,5.873032830433733,7.698246214795821,-0.18091518816935878,5.880648046438377,5.290406202904986,-0.007181034045807212,5.848563108160769,5.000502272401174,0.09868214238272947,5.813158217148797,4.715173605528674,0.20986387884638127,5.485608310269126,6.13113182302097,0.22225028657002063,5.282468048339615,6.326429188239895,0.3585980590266304,5.887991200236552,6.017649408655252,0.15821629453279742,5.336651726451594,5.860515443159765,0.3057564026192836,5.956734897122253,6.179043637375892,-0.039164796794280386,5.942241270186715,6.597855620691976,-0.3571758213680517,5.192752829567826,6.478648353583795,0.4562961295863717,5.346920811857524,6.409983316593333,0.24803810332604434,5.468074370135051,6.433689532727192,0.14196992532438307,5.6487106855221505,6.381105031934927,0.09580594827467377,5.782426734224585,6.298289873606484,0.07435177757038057,5.8832907302582305,6.209103263763708,0.05530940765628113,6.067484421366238,5.9450030263250495,-0.11176787446168748,5.217085077436726,6.790409992683358,0.38334710511336395,5.267967204899926,5.860212710810658,0.3650854707420292,6.134880075276656,6.736133221667839,-0.4791031241999476,5.910713085204305,6.423656427006978,-0.08023520171575929,5.101248639417168,6.314576080172966,1.118206428931293,5.957345052548164,6.107540349303102,0.05108125223670449,5.880189076774415,6.739060235751216,-0.09512627761737706,5.3984289710557665,5.981617042607409,0.3182889220003918,5.940821783820343,6.51872737433394,-0.3103131965102879,5.19940608556923,7.369357646396263,0.9762060138768747,5.892272030498533,5.966069445240715,0.1908767828437583,6.004418669946023,6.401810625643076,-0.39495868580701177,5.457307706767955,7.948965610238924,0.2315780015611149,5.477738712493183,8.169268162338769,0.38348295580399405,5.1483749372953245,6.907628391247705,0.7330765315707389,5.341231680810606,7.795473453562904,0.38904525679047053,5.148619937611229,5.913676181808434,0.7224099520955778,5.857880336669269,8.298364205084157,-0.15606362262053947,6.1507924669281495,6.799459488887881,-0.3627261474679537,5.83347520210845,6.561794027802324,-0.058880297408790305,5.193398345864074,6.169546717914047,0.5344875834993922,5.563240936142005,6.059772865031188,0.18731323926695842,5.642917997640675,6.063297405658212,0.15901314317623524,5.8676442667846755,7.509012878014425,-0.15462503506974515,5.247665013773782,7.103775139005125,0.3619504860296697,6.044309339937844,8.488031253764987,-0.16510138073003072,5.7461544194137435,8.384017614494928,0.07238513924206691,5.61903966788283,8.30261833428078,0.2096566749709647,6.119911602368026,4.97585646742694,0.06828378569346312,6.251742700186392,8.484425166641063,-0.20476221634045108,5.725588104235697,6.042183357815155,0.1537097342761522,5.803940576397571,6.010773162675603,0.1674412419944758,5.861291578181134,5.989017206788373,0.18988045423950234,5.206599857731494,5.865896068654257,0.47489188809986715,5.79150798304737,5.8643019428874466,0.16507825408938645,5.705962099548438,5.818479306484049,0.15619126453769858,5.623630807823274,5.808132643658502,0.16457993192623016,5.542372971090474,5.836179587038789,0.1901030608409648,5.492506566586434,5.882770059483783,0.22020382130243774,5.103411064885817,5.9301723886456905,1.010161740649156,5.511320714556779,6.0383178373670265,0.22460527994160595,6.191817571372404,6.988950454867444,-0.30729507406201295,5.904069932308712,7.0979016262771655,-0.21126674470163143,5.9687128507109835,6.729158470406538,-0.27411338501458166,6.071566797764084,7.006221714250447,-0.2979530839236463,6.149181743201795,5.723474390170062,-0.05576724410357524,5.586600038426233,8.098619308357378,0.1001739403758448,5.715263451747808,8.201978410701003,-0.025807149094095202,6.034466028276784,8.350638396197956,-0.27145182552605984,5.371415791895015,8.003631350828146,0.6040060623119333,5.859851163952726,5.92502990778816,0.18174333839954868,6.01524775607402,6.171726102167449,-0.17742061858613328,6.244091762486204,8.347360660012873,-0.3066817614155361,5.8832600601155915,8.445807487981362,-0.06605006905686055,5.190766486800445,7.246760065638253,0.6628910673621029,6.035794586690861,7.399397788222872,-0.23782023254800594,6.022700600735281,7.434619380029425,-0.26135045618689845,6.014924095862877,7.48335748410956,-0.2917335398216779,6.00995841935703,7.548826331411838,-0.2908670857405525,5.977505078542547,7.75755072425288,-0.23867015632431193,5.8890224386796355,7.437474229071299,-0.15663376027577935,5.870384373410559,7.431200200362995,-0.15350962287122089,5.853579661020875,7.4215813219810105,-0.14986403666286183,5.743224879553914,7.348333804855084,-0.11546120235531611,5.36804676693243,7.12033845933098,0.14704384939248538,6.012626721766617,6.0505097603038145,-0.06785557637844246,5.950812312166071,5.80836104601486,0.12984900602296198,5.897794460299578,5.847691354459408,0.16924535675627245,5.908315040875149,7.442302070347875,-0.1508274963458706,5.371145172989378,7.520623511541903,0.23611082312739473,6.034111697923002,5.772858010546445,0.006197862876364399,5.92332681280868,7.945893544422125,-0.21128907076134654,6.158416703562981,6.157879795654196,-0.3675161020977402,6.07263844863041,6.074268656917971,-0.2304379968695408,6.15517937980114,6.031376282024817,-0.2533651237256443,5.963844957836373,6.411705174483604,-0.20697287962902963,6.236541855844121,8.17372002374911,-0.3351706480203048,6.231470818377678,7.971149865647476,-0.305557835997272,6.074803399875511,7.97937090717554,-0.2819353087599816,5.692797752677392,7.732873166660386,-0.06580041747851595,5.803474390229459,6.879673819120543,-0.08411765839706542,5.799952375378887,7.86605158580362,-0.1399595313017641,5.568835530984554,6.905106223047163,-0.035413443696967965,5.711321436355687,7.048740635053821,-0.08805466170153914,5.495594508712363,7.184241325232634,0.009546670351540804,6.044698309511547,8.181495085320686,-0.29822512357853853,5.916980619058873,6.523192947102169,-0.15126046404331536,5.610904863579362,7.888896151341929,0.011731943385087295,5.743240395037837,8.018888483902789,-0.08450396124696931,5.607748364664005,7.566184188844644,-0.021514328441332366,5.281090417697315,7.371988783809476,0.35265125367839384,5.489523263770685,7.636689434393442,0.0777055520300542,5.245139958971579,7.552573862017107,0.5658524499722496,5.636413762449975,7.271134530056433,-0.06215035478242615,5.965379186618735,6.294952240436953,-0.12401079778640023,5.972848629239541,6.652547340696139,-0.3831900108386413,5.928016818855984,6.727136405943613,-0.2877710927021803,6.004058566388921,6.53144934950057,-0.4419214396598616,5.860635597953868,5.647241405277142,0.11684266676544541,5.68992377989952,5.542856476868547,0.11636862137328237,5.546874987204662,5.531172234998735,0.13044519074786948,5.434606388837031,5.5900866924064685,0.17407850892887142,5.361419490345967,5.697373016308706,0.23469208096301383,5.341038639324585,6.039961396187266,0.36118174792505503,5.120443097156236,6.580924980304869,0.7621964338087281,5.424382767407248,6.2470563023911625,0.2482615217842237,5.522437378375167,6.2732623155626985,0.1806027022638614,5.646834394443062,6.255527034962829,0.13319541175535085,5.7677563029373635,6.204390886553537,0.10913488781928589,5.863455086125405,6.135811725962464,0.1127177919236266,5.928342283193165,6.071558137959104,0.10818953705137942,5.123246709018642,6.662756529117622,1.1355668121405524,5.93999260749347,6.783615654025815,-0.24451881721610394,6.017316006163506,6.284312226717695,-0.2729770562298091,6.034965410363987,6.6337425741811895,-0.4626496300466308,6.0979525018889635,6.723800216074912,-0.4377572010430602,6.042059233943769,6.671616952913406,-0.4191235558827755,5.972045071502402,6.837728610397121,-0.22047471082698103,6.1085997321123715,6.7319707420739245,-0.4647021842395906,6.125386042416472,6.786421430839466,-0.3595387303426269,5.925709341653914,5.958169898972548,0.1726299423059317,5.9759600250039595,5.971707339108166,0.107982964620076,6.007445271786675,5.976141520083341,0.037997166422755774,5.465593336008165,5.923939854836251,0.2540185330733064,5.385149520943522,5.856755644497439,0.26502837007869345,6.2403702112958745,6.177458893064477,-0.34046747186035065,6.862785756107923,5.8839925352868505,0.205619288966181,6.255388478083142,6.757739435093949,-0.36290737192842903,7.222807766712868,5.3710145542642564,0.7570527802692733,6.600388613648745,6.046481868512303,0.0939231454281691,6.700308330114318,6.055617601941423,0.0987771296186083,6.794166904744023,6.035091699186618,0.12640286594805789,6.9058509662754775,5.9403970925510965,0.21323118988923065,6.508902825583671,6.009451099115261,0.11563755567548997,6.716845671025232,5.505894264260933,0.09361263842341923,6.602259853174927,5.5446937988252225,0.10001285447226399,6.826475193825084,5.530498213511094,0.12291331409037444,6.900738794735378,5.603518771581491,0.15773228134427675,6.992458397534923,6.036856134451376,0.2530779519636118,6.6086861501208025,8.055749665452298,-0.2140082495251937,6.888993212580289,5.8309021575536475,0.2428086184903513,7.284886300365317,6.023095704337512,0.6968844552654189,7.103251942454226,5.926027228661737,0.36674053086575814,6.670642003202696,6.6070277974670555,-0.08540424832919326,6.313578037648974,7.183046993795753,-0.35154730895599595,6.308374216506166,7.326417281750509,-0.3216794611659751,6.431539736140807,7.242749132631496,-0.3049984892708944,6.518297992336994,7.3062724104148415,-0.2454973300757388,6.402711967011453,7.341898126453813,-0.288427072929446,6.483466813404975,7.358839591597146,-0.2309657262871097,6.662741374458906,7.550999220811504,-0.14480825533722497,6.247998777833197,6.627530607408579,-0.5206332035221214,6.255520540109093,6.474983091125838,-0.5345321454125206,7.036029484643416,5.440667169847692,0.22355737588425054,6.46101987724535,6.241221758785615,-0.03716328809239654,6.47190236550406,6.639198251318845,-0.290359201709397,6.476448041468357,6.572887959632638,-0.25456243197048717,6.980178072422294,6.598034589994905,0.03856555069300287,6.244845887169914,6.306434420190555,-0.4551409927876574,6.798398662777782,5.233197727078393,0.08046133763878276,6.935774922385267,5.2996065240462515,0.15154953013768732,7.1094458679664605,5.0642997773422325,0.6010979013456491,6.36310346233191,5.437388351186986,-0.007562235306497792,6.50675663724936,5.63779500134435,0.12580753818301826,6.735957138966571,7.4086897589668474,-0.10407920797573864,7.261976786289655,7.536238583222404,0.7338762104368982,6.3985747451820645,6.7329023927597325,-0.26305357371795357,6.321302583691495,6.786759884884117,-0.2757160578284943,6.624488129258797,7.41431430230162,-0.1132552748975862,6.6024243894695545,7.407325118032018,-0.13872973751245699,6.988878289825941,5.202612017538017,0.21111107117616335,6.475402370016973,6.727942489457206,-0.2464196895124538,6.611470999072418,5.2715473126089085,0.024770484178164544,6.625923491934299,5.13304816495563,0.022264317729890865,6.683529236314368,4.690496769586596,0.27373075243358547,7.044583207012812,5.138336419196998,0.37880386471921706,6.644150938117222,4.908735762324651,0.143617543428207,7.094188734891817,5.390145145941593,0.31782181121768577,7.155280772426915,5.393195923071149,0.5243665266348457,6.313401233297291,7.261676579717001,-0.3482849078422321,6.416397345482153,7.295240540520221,-0.30302928570087106,6.501024568002747,7.333329249425702,-0.2477155706936752,6.37593585001204,6.769369553182633,-0.241233706665842,6.615948118247287,7.409998111169304,-0.12624644822059933,6.562153409709011,7.424171325320566,-0.1922611564071232,6.590869323024034,7.405043259419682,-0.1402619817561774,6.355934587108965,6.645597847199364,-0.3832709709945779,6.470472776031878,7.376370645129561,-0.21662382635133262,6.392975459611818,7.366501354053559,-0.2536100789383973,6.303721014630028,7.369146924475073,-0.2841316066949859,6.347419112211567,7.767925892269821,-0.27499618898792266,6.322635472008063,7.547131174586923,-0.3389064292547553,6.317438867369405,7.475591803993382,-0.33559031028822234,6.311833808595837,7.4166380166380295,-0.30151332369463985,6.301829568892225,7.3754000253213405,-0.2794270548815035,6.470280817021479,7.379646938013814,-0.21513000999221274,6.485117227904158,7.402215111443165,-0.2375489370951042,6.499593535229735,7.43856536449883,-0.2628417467695657,6.513412419027216,7.477943662695977,-0.2536911067490603,6.601545419264044,7.138147348273183,-0.19815906993974128,7.340583279397622,6.779431524919449,0.9912495384286683,6.532053370897954,7.393016233602729,-0.1736510889189922,6.544275242326965,7.4093334711370575,-0.1886052979561377,6.301680187256313,6.850584812540947,-0.2929544821176131,6.442003667158796,6.83579747388649,-0.1881428666253416,6.310500198628855,6.823008385231263,-0.28431350770272534,6.572269505226954,6.332356824748983,-0.02091891610788471,6.740048896819812,6.425821378252079,-0.005855740324647691,6.495140230518562,6.656669407866812,-0.208879728092879,6.937820079661472,4.828903906811957,0.4252622300351092,6.884279392069288,4.965887588593664,0.2531590474290012,6.831814685245919,5.108273906207522,0.11231958747976853,6.577761986535776,7.636325722584265,-0.20378104239491082,6.388448546558311,5.22006044209791,-0.020612417645674595,6.397522578876946,4.936543839417562,0.08075367371159783,6.41567713836795,4.646864342192824,0.18858680566425245,6.868036484527709,5.999416189269009,0.1702955385227503,7.099797401917459,6.147228235528298,0.2919234015355581,6.448288520623325,5.969545274464725,0.13458763326697926,6.999410055982944,5.695692292492093,0.24547220762066543,6.384344520648014,6.1365218299708575,-0.05709577996607691,6.411910123201474,6.556512990065107,-0.37427934213271014,7.21547507684571,6.266338079830449,0.38178806959798545,7.035554638670324,6.24154217156989,0.18559983821748907,6.90964035260482,6.290166254884449,0.08979819165583616,6.721050727993633,6.275308194489319,0.056776759741587184,6.5773095117255505,6.22252090993043,0.044490692434053784,6.46367338582143,6.151524942099409,0.03236443122819328,6.246679600874515,5.925416712410618,-0.1192890165692589,7.21313115629768,6.585693646247412,0.30844655750550115,7.074826854256461,5.676162988960449,0.29787934027186,6.217861934850972,6.7274524888253975,-0.4828292759116725,6.452174608108282,6.3733220322087885,-0.1016986185659951,7.328000582761093,6.07606484480099,1.026198346378338,6.380608536449384,6.065194624599336,0.03303154911479411,6.506081894111303,6.686643879505654,-0.11564096096338591,6.941239259327903,5.834943399877837,0.26189440018723015,6.4132899187950185,6.476342680507762,-0.3278160831249411,7.319876242388643,7.152132933316537,0.8904623079579221,6.439456241193727,5.92010536535597,0.16675225753651005,6.330408368628391,6.370978111660759,-0.4074289402882479,7.051125689675508,7.796182114270467,0.17483663651722758,7.056354046932427,8.01571177877581,0.32365676075159217,7.31383602841481,6.678591704174708,0.6505341119960272,7.166529137446045,7.611093937473025,0.32229717136966857,7.222571065376737,5.693307237870406,0.6428606227203695,6.643893308919054,8.228802156627808,-0.18288336564269825,6.212836361360677,6.792434943747942,-0.3650378869177879,6.544296891839416,6.495471468059062,-0.08489225991130227,7.186650194318017,5.9659301667106135,0.4613921541984345,6.780489464427888,5.9502313835819685,0.14194297619169666,6.702552662905073,5.97141759646653,0.11892302705095943,6.577519511996325,7.44702094241178,-0.18063340623386356,7.209797131380224,6.901471991557052,0.2900335795111885,6.46356297330793,8.453483683446077,-0.17943145236447391,6.777011831077841,8.295511520993529,0.03426850302931291,6.910155611001153,8.18426261466234,0.16100461642703504,6.613848837189954,5.967516715148065,0.11947110926538984,6.532865949265282,5.949238392610883,0.1378132414853641,6.47490876113309,5.935347343771897,0.16384998253142352,7.147746742093962,5.6648626651114355,0.40176051158761056,6.53337904271037,5.795965617661033,0.13467008182689685,6.616192036087568,5.734186208105616,0.12130335711758507,6.699439463014618,5.708762463983977,0.1230376522017272,6.779035338841596,5.721361397754843,0.14385559785886626,6.833833863107184,5.758856910019167,0.17106955369602497,7.287884036189367,5.693140536624534,0.9210531592575049,6.830557570222931,5.9188821679024874,0.17592888824774436,6.498711678422564,7.0480709434686695,-0.23169678070911437,6.399533818583644,6.693223887989932,-0.2893104857953247,6.315799277626448,6.9859909665153905,-0.30642138092516175,6.9202053146809135,7.972308836214021,0.05444070969339651,6.789269785027605,8.106441998856344,-0.06140353117127423,6.4598681231829564,8.316632785340737,-0.28531348966220743,7.16823295407594,7.822543282281235,0.5309710712332346,6.469712878144847,5.868868546713781,0.15469668142501272,6.3152284521481565,6.142681837913585,-0.18939566302162794,6.632009169884278,8.383519675708554,-0.09382254848789216,7.2972813678939366,7.029709270308551,0.5825846815983732,6.393415666364988,7.370176719617326,-0.25063261698069444,6.406123930173733,7.406866148368057,-0.2741704179489448,6.418293121122447,7.456651367200406,-0.3051080673761022,6.426087667255227,7.51649278456625,-0.30448111102646613,6.476205566928906,7.713968090737747,-0.2538601984619329,6.549911332068379,7.385625090051954,-0.1805838265951932,6.565416712885794,7.373544662104289,-0.17985714717882967,6.581977146609988,7.3630720712813185,-0.1781160866220466,6.686810580751527,7.263860293872893,-0.14848725170464253,7.07511334947123,6.948017000025899,0.08833299888388134,6.313248965059719,6.018973997992046,-0.08010036584602533,6.365565733548006,5.764765783617464,0.11346398972855924,6.424868078053819,5.795831390683837,0.14701365283293133,6.529790275196407,7.390212621740323,-0.17294823524211253,7.105948750055207,7.347736278311436,0.1753228259327811,6.271728808430752,5.7454259133197665,-0.0027586449018402633,6.548286175333723,7.888411923913441,-0.23019940120107027,6.244344340131466,6.056938222200935,-0.23659717040397654,6.387524112376653,6.3701186260164535,-0.22277003272987322,6.392683912844144,7.954046750811176,-0.29186679708112895,6.7748374983773445,7.632421593838933,-0.09935008622078188,6.594506441115804,6.808786820502192,-0.10988579890349172,6.671977056470508,7.783545293852811,-0.16653298856821713,6.841174491128907,6.780978021758867,-0.07634305913278887,6.703861015107529,6.95443391551638,-0.12019094427859828,6.940692969963722,7.039998561926102,-0.03680233321332071,6.4372783002411555,8.14804947518553,-0.3114677920711909,6.4498090380478015,6.475522885636284,-0.17135395161427466,6.873259068581308,7.769398059116489,-0.02907962230525325,6.744575088222904,7.925867745404938,-0.11608696347145225,6.847994809201391,7.4429465041685,-0.06260339338203906,7.19527391677767,7.174174301942913,0.28412779547873146,6.985845914781969,7.490587699617783,0.02747161604374202,7.259624205936645,7.344871326163752,0.4902707094757459,6.795747319152947,7.15990222168479,-0.10055572727276087,6.380745650028241,6.253849197747876,-0.14112848094045372,6.381208949594693,6.615212034823953,-0.3986956622749622,6.441376552948132,6.684952330932815,-0.30559421168850476,6.336216932818998,6.500088587414448,-0.45631308837112505,6.444385113528408,5.580471783101766,0.09424334397247712,6.606676353714934,5.4394140239019855,0.08544996601056441,6.748572309871776,5.404058205118237,0.09068349885405429,6.868430505654317,5.442267429643029,0.12453524594973828,6.954812781984272,5.534311775129339,0.17897490699487545,7.010974503883859,5.878266600068765,0.2999744041845804,7.312195717021439,6.349193650582135,0.6777573816338549,6.9429019418841404,6.1007575570522,0.1926071877811319,6.843042844053429,6.144556685691843,0.13225124494515653,6.713904223933554,6.156121133592759,0.09382206362901957,6.585250552892582,6.129392645520739,0.07834353046220112,6.481813512304133,6.078623095522285,0.08995785681016238,6.407184756283833,6.02796540133816,0.08959738678995915,7.340323485248209,6.428251175199498,1.0448104322324736,6.437867888630238,6.742191476902048,-0.2624102449245264,6.315639792884726,6.252615897188583,-0.2851049777954136,6.311686591911171,6.6082647062784226,-0.47312064225931777,6.259482400887629,6.710303910012951,-0.44321211142714945,6.310894941405879,6.6500359972518215,-0.42954874329410786,6.41289012446509,6.803494958008749,-0.23472884003102962,6.244881248040251,6.718044332364602,-0.4698718622971377,6.238859075326794,6.7807644132360165,-0.36393285971976747,6.402781245451297,5.915744792723128,0.15270824136111363,6.351316024452749,5.936722087812537,0.09335786763744297,6.31883309597125,5.94581813046883,0.02568397520782606,6.864077510350834,5.794167264826769,0.20294764892342418,6.946598235309943,5.704953953918636,0.20925897793755469,5.633434789536715,5.941241784361893,0.14226847435624007,5.735018631859357,5.929254810142975,0.14214909759149066,5.627718596599234,5.808074189974884,0.14222922333913487,5.5332624954258804,5.952581438158526,0.14216630444357412,5.639747426542224,6.079370003701844,0.14214143005583094,6.695433581560765,5.849656408539545,0.11896090242196097,6.798021239610718,5.83886629153396,0.11842629477387377,6.690750070367196,5.71358200628078,0.11844096457371689,6.591938808939115,5.857418841228855,0.1183222079772929,6.696995233058899,5.987312668508063,0.1183395275872537
6.231894660785138,7.262419217312987,-0.3675986947734911,6.207469520623501,6.66647175456374,-0.5293417905709337,6.220935359168991,6.891159552064538,-0.31443155805092415,6.114929221280434,6.228718167210521,-0.33166603867507627,6.20075690306728,6.506800929290631,-0.5439156587385557,6.195748904637724,6.329918598773453,-0.48018045894806793,6.188459138283193,5.92881758541943,-0.14446123694868046,5.505935005419646,6.046919195988143,0.257054012991818,6.172706456383596,5.54542220658843,-0.0280507242462143,6.165255726419486,5.335506083042364,-0.019259130764728922,6.143060874830212,4.71198453888643,0.19332264243134412,6.233897280107917,7.315820707444038,-0.3633775238082146,6.237199934349501,7.369022080655072,-0.3369581931614627,6.239549858037092,7.410710930474695,-0.2959728340724427,6.2392032787335845,7.415077974711153,-0.2984833135226284,6.239111195947924,7.460754661705027,-0.319108905867503,6.240982579174605,7.520213313973114,-0.35018002591985326,6.242381947492115,7.590434051182549,-0.35202897756242857,6.25753572875427,7.810930269282557,-0.2850231168604133,6.212626881681764,6.770568080976483,-0.4873612395252803,6.142126270808828,6.800788636144264,-0.35864103817899484,5.162441200292901,5.6420826667938035,0.8440574593623575,5.782243179957214,6.155700868549979,0.1291642787370704,5.684045952317145,6.182530311997038,0.13943026313904175,5.592212950276529,6.186239725630396,0.17239667078295223,5.470633220630565,6.114555089647359,0.2675964043579297,5.867334561989432,6.106060271404899,0.14330508138246825,5.621389417165961,5.658905176648056,0.13841333067235903,5.738029304144986,5.675386182627933,0.13572814543505926,5.516047072901591,5.702359188213264,0.17324310055226996,5.450989859771507,5.787047798690883,0.21125893708183294,5.405158734719794,6.234944268631484,0.3111081262713352,5.909520078802576,8.151130483434024,-0.2034966573384843,5.474679062709169,6.0031001160561654,0.29742347781907386,5.150666204709293,6.296497623008009,0.7764167621720004,5.296812824001908,6.151688379291378,0.4327751351718186,5.751897914245075,6.732827189959369,-0.055999022254097905,6.118576279641613,7.235457087647221,-0.34843219767107725,6.137841158499769,7.374517320281191,-0.32050927114430655,6.0121409054608455,7.308493237901677,-0.2943022021944205,5.9387773900274485,7.386801308900494,-0.23059747763688365,6.051509559106359,7.399162879079368,-0.28070524084366116,5.979318830332844,7.435394917522007,-0.22008177759004058,5.816959477742985,7.665867979170687,-0.12599634994911146,6.130420156049139,6.675461789677112,-0.5167419471208975,6.11184046012365,6.522697173328501,-0.5288044295117034,5.315865259897872,5.666111198421929,0.2869475201949787,5.928924169431178,6.332024901862762,-0.01462890910066599,5.9329370212204315,6.724016244988187,-0.27125012421984285,5.926592372276198,6.657466493162977,-0.23408855718495153,5.461207061142591,6.793217546003621,0.0876062458374787,6.111904265518438,6.359823027212511,-0.44682609818996694,5.520785348525906,5.429512093812294,0.12347920899819144,5.39550889381941,5.513181268095913,0.20501189951570523,5.237603592822537,5.317803348764557,0.681753845860275,5.957699314888619,5.54311179874193,0.009601822582590963,5.840274549047572,5.750678361131058,0.1562027890796221,5.738259873639787,7.5442063175973235,-0.07852823473099195,5.305548725128083,7.786842282627471,0.8017174138587116,6.008630158624896,6.802079970327417,-0.24734127302327677,6.086714185680649,6.845211692142815,-0.26902264526003433,5.851876254979425,7.51681857694587,-0.092947936738764,5.87241687920269,7.504868116526596,-0.12174071591370973,5.341754298833111,5.430335038392799,0.27023657914894167,5.940169870262567,6.810352919810727,-0.22818970765210062,5.703129203318547,5.431923647710759,0.05684951349962861,5.681591982332372,5.302797842539154,0.05563593647683206,5.598385397160967,4.860889291381017,0.3263375178326406,5.28735149904067,5.379509691076313,0.446479926733443,5.64321013712216,5.074043901243229,0.18426944768090908,5.2619830541219965,5.62879881863572,0.3863288409196451,5.211933159870577,5.649932180475338,0.6002471216007254,6.125692756344391,7.309959311859193,-0.3459180022817064,6.033200311047414,7.357395722638869,-0.2941039432439961,5.958796695172842,7.40890117745889,-0.23492321603715546,6.035839896726117,6.836395671742501,-0.23051001711703928,5.862622751102728,7.51062582834491,-0.10805317854531364,5.911811272524509,7.509652796074393,-0.1784768989327343,5.88545529410923,7.499782536537468,-0.12431619031238607,6.038611443562221,6.710261106982237,-0.3702663312614076,5.995151268975926,7.45029855263414,-0.20580649873084056,6.067507311726846,7.4236235472449215,-0.24600299112066323,6.150597162028242,7.412696148326169,-0.2817269655124027,6.137365518284076,7.8226574108200735,-0.2790021171559352,6.138835217548114,7.591298324257405,-0.3422105825669354,6.137848409112813,7.518634855513415,-0.33884305799677206,6.141688333780965,7.465254392160192,-0.3041277571702947,6.1490883094537665,7.417504754897011,-0.2840629091117177,5.995316582953332,7.45355262776833,-0.20936514492921307,5.981627062995432,7.4782808435552095,-0.23024416885814444,5.969526877416796,7.511201527020611,-0.2551215206920753,5.960205851817962,7.552058006462772,-0.24535952187116572,5.8459358277124,7.242935369940899,-0.17845311918776624,5.184241256001924,7.051862139573822,1.0744117015897776,6.217004076776484,6.834185684886662,-0.3731876938895358,5.94031343240084,7.478319996865648,-0.1621069292941786,5.92734426084887,7.495560504561893,-0.17567769780531614,6.109437606960838,6.905072028373544,-0.2876080057269641,5.980565935776428,6.909445598161741,-0.17516308554451163,6.099058354388219,6.877868453293411,-0.27830737247731646,5.830674012315887,6.446586038082045,0.00687156317291219,5.6761293704649525,6.571855604706149,0.030237628095683092,5.918548179634429,6.7438727738707405,-0.18875123286878923,5.3744161354128375,5.0522231812870295,0.4945406606125469,5.422577607496923,5.182196945654142,0.30943602161253847,5.482106590711538,5.315333427431087,0.1594257092358873,5.90483110734696,7.731888436243678,-0.19150593335864927,5.9164966186736025,5.3360147135474065,-0.0011417452383124453,5.882942231628147,5.044260558042007,0.1064321114048976,5.848301702748687,4.76114007001886,0.22109060976246311,5.516404890655317,6.16852865314759,0.22140123055690522,5.314337555729481,6.367232428682271,0.35594070595788263,5.924090548245333,6.054037485344182,0.16085494101587267,5.369406686860674,5.897988341286597,0.305594057709468,5.991324395411254,6.214654878150197,-0.03797777930789366,5.977230291245493,6.631905906998634,-0.35823634068030563,5.225363107881499,6.5190174872086235,0.45193515203882423,5.379626063415671,6.449552263878384,0.24500952118462788,5.501752126754509,6.47197115941072,0.13967429158430703,5.682528761537669,6.4186370999809785,0.09446044294246907,5.81618257455531,6.3350745097091075,0.07451526965090971,5.917273884391929,6.245292343568014,0.056197371837185386,6.102065183617603,5.980433974619025,-0.10825655824120045,5.250910642942362,6.830527025544613,0.3770316517111934,5.300888756124644,5.900321226033534,0.36463312606395964,6.169851890028136,6.7689468438998235,-0.48002071887944026,5.945847462806744,6.458864226210912,-0.08049104365652529,5.133629076708935,6.360732254088241,1.1153664268386863,5.991556777559317,6.143113804305433,0.053276796580317407,5.9152839536419775,6.774313022613757,-0.09682574019552975,5.429095546092911,6.017772456612192,0.31815828252292505,5.9755651879599165,6.553391918589366,-0.3108653213670211,5.23033594083779,7.414942388247229,0.9676330108813723,5.928790033089863,6.002238743226528,0.19414844194073483,6.039670758127963,6.436203160202903,-0.3949244426834177,5.488728938135361,7.987504448745361,0.2193616784239333,5.508820749411195,8.209329704216351,0.3705380706434008,5.180817516522503,6.95026219923216,0.7262862048504655,5.372490372588326,7.836652544117783,0.37756391468312717,5.1809462149040355,5.957624996104917,0.7215805569848489,5.890803708821205,8.324671731460482,-0.16922433498175243,6.185232615478571,6.832570973361742,-0.36362927868800493,5.868241613681248,6.596971728290888,-0.06023070660828838,5.224706927401009,6.212638482662635,0.5320640785546701,5.594546560084771,6.096028323197092,0.1881044215398417,5.675711735153612,6.099175089258228,0.16027670462560623,5.900560133733337,7.5392186208842915,-0.1648075674005286,5.281526356521046,7.14357224372334,0.3538957611814592,6.077662520356403,8.510233770852745,-0.17964551649011604,5.778941250776934,8.415016545173799,0.05859185280774855,5.651378677777635,8.337775764415072,0.19611961172943462,6.153327017839343,5.019791551671453,0.07778519983659128,6.284535561607864,8.50399751857352,-0.21829309666839428,5.76000228697511,6.07781985865946,0.1556598427825312,5.839883741004495,6.046730680048997,0.1701022256142318,5.897787499305276,6.025351159896531,0.19279697298564735,5.239478963886392,5.907588515487629,0.47447322952307297,5.826877591326,5.895752252223799,0.1687632639666454,5.740261767901262,5.8485920898011035,0.15984353714163607,5.656598394108078,5.838339360426103,0.16746535891542116,5.573813069554534,5.867624223980544,0.19211269637961106,5.522465678098874,5.916304477427934,0.22182840495603112,5.135066873275579,5.975010153531391,1.0099295527067536,5.541317272013517,6.074822455227032,0.2251255306051695,6.22531255426371,7.022460903680024,-0.3095632245551308,5.937705024358227,7.132126425971935,-0.21650627371634054,6.002520067012638,6.7642223444402925,-0.2752596226005634,6.104579696221295,7.040499703872423,-0.3014545920899321,6.182984925434902,5.761885271182662,-0.050269633142986915,5.618689651398993,8.13370943547298,0.08743356795620047,5.747622227732973,8.232672327850505,-0.038816471313603385,6.0676399979455535,8.373706902416382,-0.28445648145101743,5.401548654485139,8.047662785172204,0.5922061917348259,5.896300761100584,5.959240070160488,0.18504253296765263,6.050032609229277,6.206732133276917,-0.17579163439185436,6.277127610260714,8.366321427969668,-0.3186019520667263,5.916453840056642,8.472200680129953,-0.08042351665801073,5.22284569503259,7.289149327361341,0.6545316457678844,6.067405078082925,7.4320248325791125,-0.24941460848140098,6.054205337036152,7.465678553023271,-0.2717212781187143,6.046179270926993,7.513273027167308,-0.30192472637134427,6.041239790790705,7.577873814206266,-0.3011298779163855,6.010079193641758,7.789237885177239,-0.24924480818717465,5.9209078916496285,7.470406677789325,-0.16536538878344278,5.902400339323928,7.464656216584054,-0.16251394925485851,5.885645260170985,7.45558352448198,-0.15885484807857667,5.775858290110586,7.384465161377687,-0.12413251189163,5.402731954533936,7.1578922044854245,0.1390816219424497,6.047302753418176,6.085813659540573,-0.06542409981465622,5.986069151076895,5.84574513658934,0.13416513984441036,5.932728566095414,5.884069339425851,0.17295953360774863,5.940132892136042,7.47468453948534,-0.15841603871133156,5.403533147275308,7.559774833925601,0.22578583487182877,6.06804893252124,5.811072342481833,0.01109779469789831,5.955935965796296,7.976653906324875,-0.2222540159417194,6.194145794093675,6.192461476683532,-0.36511200639735625,6.107512569197631,6.10935567503344,-0.22772079691163963,6.1902819424024775,6.066464673571105,-0.24994698474416355,5.998857782364067,6.446396072020289,-0.20680629029512373,6.269658753763994,8.195167806818628,-0.34647729644539516,6.264715285790531,7.996226936237405,-0.3155953494189984,6.108229654827692,8.007376928976612,-0.2927890898847813,5.724213623520118,7.7693813562946845,-0.0769271804154859,5.837684267537569,6.915079324497002,-0.08770351734309836,5.831391823007253,7.899731427478785,-0.15111044562801484,5.60366456851837,6.94095168702224,-0.040886527002233455,5.745430004879092,7.084061387041336,-0.09382724350660354,5.529852602668196,7.220779671662063,0.0019549114926634887,6.077794481513806,8.206752836340481,-0.31043162141615555,5.95226969331055,6.5581562964206395,-0.15172391546604244,5.642661628245374,7.924706889170469,-0.0003273388476739588,5.77530651845793,8.050887132792912,-0.09680899581103106,5.639381088373574,7.603043592327532,-0.032099118200737395,5.313715090599645,7.4121900555356905,0.3432714378879493,5.521346908506171,7.674454155137503,0.06669965824989689,5.276333104928214,7.595210029994694,0.5557514235227391,5.670082359186178,7.307466551094634,-0.07021727051007298,6.000300654359841,6.3299737034325885,-0.1233640148834534,6.008531550287496,6.685923699238433,-0.3844021717685034,5.961911558536585,6.762012357584453,-0.28941363495660094,6.039604052487958,6.565298875330376,-0.443013408637062,5.896100644180568,5.6873645579074275,0.12102309781675348,5.725327317683691,5.583053975879231,0.11945116490879405,5.581624154986936,5.570087342041827,0.13276259938369356,5.468548669380388,5.628081370475007,0.175080711782881,5.39465875943999,5.734830333669931,0.23460137945066079,5.37308782310316,6.078257795687324,0.3605555625532877,5.152529249730973,6.623944008814915,0.7570625648244076,5.456390841428052,6.285304126590538,0.24684886576491977,5.555629982162557,6.310795831930961,0.17927092036464268,5.6804148453046635,6.292595343067679,0.1324848329296075,5.801674822915384,6.240999980645911,0.11005664754930831,5.89835558483728,6.172296071685301,0.11413172999082925,5.963382707923231,6.107891776259837,0.11057786466543268,5.1559671279058295,6.709137987021707,1.1306024119262288,5.973556768146703,6.8186483461944745,-0.2462881894531195,6.05248657921405,6.319012226632528,-0.2720196861618103,6.070433296620791,6.666875613710296,-0.4636383665532952,6.132437276598006,6.757045687649249,-0.4387254867154483,6.076947609910256,6.704549799087404,-0.42013251310482225,6.005299226992439,6.873507934608693,-0.22237979141986866,6.143188485619787,6.765059790246886,-0.465688250809855,6.159377654424639,6.8195873005836845,-0.36050163611877223,5.961514950003073,5.994296421698028,0.17599708730990846,6.010876398545956,6.00793047446614,0.1118478208691885,6.0414203310555035,6.0115409172314465,0.0411238712885987,5.494878183058056,5.959012038380252,0.255016092246781,5.417426409459747,5.892484038394174,0.2652637235344845,6.275569453517538,6.21210483754259,-0.3374984544659107,6.900669456133171,5.91673806408797,0.2157978435056011,6.291375789953662,6.792055997793958,-0.3628998443576034,7.250897268124618,5.415327719514134,0.7740962940999013,6.631177945449007,6.084398339874366,0.10162128433381018,6.7326045961389145,6.092796724963339,0.10667448580406218,6.827067032999971,6.0715364773954485,0.13467988805420947,6.940739969121353,5.973738033472806,0.22292481093912683,6.53814750466416,6.0481634011865095,0.12243319477575217,6.746820148073164,5.54204124572597,0.10483322660876333,6.632432301505635,5.582709934290289,0.10986528801035865,6.856407363744199,5.564383284760039,0.13414515534220758,6.930476001296134,5.63588774300893,0.16877156818439745,7.0230453030913775,6.072575490244668,0.26273260249528885,6.641238896108991,8.082225007430788,-0.22104216660406226,6.926786889379299,5.861374558067188,0.25330911667087536,7.312177999450686,6.064319942232663,0.7093871103959342,7.131392663931872,5.963177153043431,0.3778438110047949,6.7022390287102525,6.643124055500455,-0.08212711050267629,6.346083840555259,7.219178736301927,-0.35507856275060845,6.340558148354355,7.358935752849434,-0.326032674870468,6.464324662894419,7.278712794945673,-0.30801268095565143,6.551891041689238,7.341763400915804,-0.24838062574498176,6.435791325381999,7.3745912765342405,-0.2921830066087924,6.517489057978929,7.392181263779211,-0.23448543761645257,6.697199127583303,7.584994641276871,-0.1485000323377323,6.284542087159604,6.661070772907195,-0.5205086859136355,6.291871731885878,6.508412740570333,-0.5337588187210638,7.065076381846682,5.478687564130595,0.2355560132905787,6.492989236502938,6.277851946503819,-0.03297448528000492,6.507120681325875,6.675095633718384,-0.28827433706571626,6.51114694674926,6.608759774977975,-0.25202417209046746,7.008909507900613,6.635284692677182,0.04403355363227622,6.280876902265815,6.340595851542185,-0.45292019313719584,6.827091685084321,5.277041852353274,0.09100974024579049,6.965157858669945,5.340242908544069,0.1625537256648551,7.13663775740797,5.10896756656206,0.6188365152211609,6.393977765018017,5.484339779529119,0.00025061418275775616,6.537208550274949,5.675893363010367,0.13494098942737698,6.7702671805351535,7.444052874557959,-0.10598852116467655,7.293298853206475,7.577695449125382,0.7368786254465813,6.434070029845331,6.769363754149859,-0.26144240122042395,6.357365069390564,6.823572962574023,-0.2758352306436013,6.658485929356976,7.447530268573906,-0.11580667824942921,6.636133739464645,7.44033838549547,-0.14180060183398466,7.016505250125605,5.245775758784535,0.22313883997292216,6.510719160579659,6.7645943008894545,-0.24475833275898157,6.639511075020583,5.317439730520396,0.03420786553967815,6.654366131025322,5.183855523387978,0.03234797566758085,6.712472543960685,4.737250025099877,0.2904529650201402,7.072403126327738,5.180892197836857,0.3928939991330824,6.673759345734358,4.953728315981501,0.15616914170346433,7.121973392526291,5.429688646239918,0.33145794608071083,7.1831069364075635,5.4358440541837005,0.5393105678125945,6.345629227117394,7.295337725594474,-0.3522894784942034,6.449300667605754,7.329273494886048,-0.30658319993584265,6.534873127813447,7.367574858291471,-0.2510240179955321,6.411677961581257,6.806088109218192,-0.24058129990061095,6.649843923669721,7.443129871517446,-0.12918564538738472,6.595248257570307,7.455700984413294,-0.1968657224698376,6.624300738976685,7.437703512715246,-0.1436506410685166,6.389969626127242,6.680783014590172,-0.3818937315532363,6.504540913204787,7.409094043765863,-0.21885592550594202,6.426060277615521,7.398695939599329,-0.25589871843590484,6.335851775427434,7.401544705464353,-0.2868911240203951,6.380517726962962,7.797071447510077,-0.2832673355954546,6.353480915982843,7.575913248439144,-0.3475156295496408,6.348282951491533,7.504749206472672,-0.34414291625951776,6.343028432218478,7.446649319089048,-0.30998221935641634,6.333729520989428,7.406768047101318,-0.2895336326024807,6.503588182650793,7.410940049846889,-0.22242179965919287,6.518002401382451,7.43270348996004,-0.24364991794803156,6.532130220898867,7.468453362635246,-0.2687608754709768,6.5457403466439334,7.507381904068983,-0.25921528479126765,6.635829938778097,7.172442734742311,-0.19939704743252515,7.368074425530209,6.824800491362388,0.9998200229393743,6.565615727120402,7.42498811261982,-0.17893110452361521,6.57755023619098,7.44103734459292,-0.19330057337789117,6.337341776407996,6.886736678107641,-0.2936263997423795,6.477781075642952,6.873227335883887,-0.18749326283472192,6.346448546391377,6.859598358544904,-0.28472076629647464,6.6036618689466735,6.368954449280243,-0.016600866260626058,6.770330985929941,6.462519985307744,-0.0014187499885916527,6.5296164333564795,6.6928741369025015,-0.2066727657242836,6.96514698275038,4.875016385836129,0.442757416680274,6.912560461525484,5.010059416313019,0.26669789479460615,6.858886348343974,5.155996130358006,0.12386699217613874,6.611741952123011,7.667756038807369,-0.20874456042713596,6.419550677224534,5.268985696199982,-0.011853113858480806,6.428905418174024,4.980927540693808,0.09189426405629691,6.44653093342291,4.693735470915752,0.20359825655376465,6.902489360007238,6.034909280541907,0.1791742719585815,7.128121187326378,6.185055700520295,0.30186363995644777,6.476773965491128,6.0083158445494345,0.1415812254730693,7.029218475037118,5.729574364274268,0.2566136288820524,6.4165184708494944,6.172843492970129,-0.052826057688798195,6.446424349411162,6.5915272429560785,-0.37226611831346584,7.243163039190484,6.305022893825254,0.3922342386624014,7.0646290190218615,6.279671850377887,0.19423116690393477,6.939155710171218,6.328517780333335,0.09721854215719351,6.75183974748359,6.313329196128567,0.06271013870683768,6.609057050112783,6.260075618503616,0.05005911612488482,6.495640060631858,6.18892390257932,0.03730296815060476,6.280136614674013,5.961357974230668,-0.11439274073133372,7.24100163144204,6.624701697878023,0.3162929943428348,7.1033639690873205,5.7132891248465825,0.30987849027355424,6.254260626842253,6.760752926098694,-0.4830495718459472,6.484910603449209,6.409490451625855,-0.09812885662487943,7.354451248681663,6.121860082289283,1.0394968276392615,6.412472628770891,6.102248624127619,0.038252549219557584,6.54020812889129,6.723658789765112,-0.11340123072663685,6.974261728408109,5.866042502744975,0.2725341171572887,6.447996282319121,6.511651589417129,-0.32529771194762036,7.349289537255572,7.196143538660843,0.8965462785764837,6.467060319195956,5.958598028375434,0.17474656048329423,6.365762729418233,6.405512040248561,-0.40503632890003627,7.082342266688581,7.830527226218132,0.17370647137120193,7.087538055995979,8.05004823686371,0.32119869115397104,7.341301536864895,6.720016806833065,0.6591353772038998,7.1972485320887625,7.6477827750548055,0.32356091822557087,7.2503752239854435,5.735325550540843,0.6567604389013071,6.675611877367124,8.252865285178304,-0.19087889127932978,6.248416632728714,6.826085299993801,-0.3655394526944713,6.576908556936577,6.531587875043168,-0.08145064529928672,7.213814007710603,6.005057781578071,0.4735647277086481,6.815677044969005,5.986335248575613,0.15132322846269322,6.735520792705249,6.008465932239447,0.1278174547059643,6.61052674937682,7.47836640078913,-0.18481458049099608,7.23803033021657,6.940054786188686,0.2956611936605412,6.495598007076202,8.47449912446493,-0.1913294262473571,6.808016047226616,8.323165779131225,0.027135337181668245,6.940784197860921,8.21459799965419,0.15597336382219093,6.644655384975367,6.005326779322007,0.1279016864371875,6.56151260519875,5.987936183935749,0.14587017834122526,6.502642702709843,5.974332221211768,0.1717990729900415,7.174862989376429,5.703598680513152,0.4147760320858353,6.561475627072225,5.827877088334128,0.14431015229937416,6.645698748192412,5.762297106003566,0.1318445358233168,6.731046439395739,5.734372457456197,0.13395389776500385,6.813330746587936,5.746359896001996,0.15493275357228609,6.870216156286674,5.785455201535748,0.1822511942237542,7.315961369337093,5.737192220869045,0.936571928396455,6.867563156973841,5.953433416704127,0.1858062377737704,6.533876893581189,7.082610539371212,-0.2326384798924644,6.434982156966278,6.72957819025431,-0.28780422544246986,6.351431892736582,7.020182036000265,-0.30816245143134346,6.951446949403565,8.003545705044113,0.05062145781186866,6.820613987390728,8.133797167890814,-0.06740093414479673,6.492487494080287,8.338537078784702,-0.2954869750239911,7.2000726458694375,7.860766632979828,0.5312530974856882,6.496976348615885,5.90484923387957,0.16322333110856,6.34901598847029,6.177952999982302,-0.18562986661147285,6.663448248924353,8.407851489363626,-0.10331505019907614,7.32568734167444,7.070073504356671,0.5889194888419385,6.425916715477248,7.4009421795203885,-0.25939383113747844,6.4381064461269775,7.436690602072987,-0.2815239710053339,6.450046755687991,7.485973018933689,-0.3121063091058492,6.457864366672132,7.54529100930872,-0.31122434000353255,6.5096772474852225,7.7436358794977185,-0.26013948871456616,6.58452895124592,7.41918182169411,-0.1837759301724297,6.600141696313766,7.407716427287485,-0.1828080639637063,6.61676880214648,7.397785987662295,-0.1806722259553254,6.720934009383142,7.2989695576682605,-0.14979954611872567,7.10386861175519,6.985133297606422,0.09213419703810055,6.345914901271332,6.054960488384695,-0.07552390922892326,6.395192242702903,5.8043408733316975,0.12081070017089307,6.4542013569622565,5.833813165233328,0.15499787314068836,6.564212733496371,7.423096427676616,-0.1753194268882749,7.13638616113534,7.384434708802901,0.1771474423856854,6.304591482349131,5.784976298544185,0.0039405382532214815,6.581195119368245,7.917087944983736,-0.23645991549735376,6.278951139441304,6.092120242766326,-0.23273287381103216,6.421496741765569,6.405353976884199,-0.2194483912243075,6.4258565353889825,7.980971646392633,-0.3005766108247897,6.808580869982751,7.665865803986774,-0.10269788708002922,6.628081208617875,6.845068130004542,-0.10824474200775516,6.705361867748343,7.8144787193063365,-0.1714526409646113,6.871247918522849,6.816862520201714,-0.07335120072030485,6.736301683730098,6.990049938311622,-0.11912764028895004,6.970940947633914,7.075886320834121,-0.034478236934913385,6.470279591387533,8.172535743262795,-0.3209561581476461,6.483324894376466,6.511471774213636,-0.16834779251013596,6.905572320673587,7.80183074991222,-0.03238831569945078,6.776720226144396,7.954886115843898,-0.12146153332426349,6.88164384750547,7.4776775925499415,-0.06393002036425774,7.2248110125145795,7.212330532281781,0.2880580195571789,7.017773382347017,7.525457682387907,0.026962177814367553,7.2897337267726945,7.383890912824595,0.49414006424186074,6.828011062818312,7.195676599180803,-0.10032514661951546,6.413998157755367,6.289500781420459,-0.13748362081478016,6.415234387279385,6.650299987230194,-0.3970901101670253,6.476648529885464,6.721068145724458,-0.30403612754795,6.371874271153099,6.53459252908864,-0.4550374174624026,6.4737954136526135,5.622564016479104,0.10256924534391097,6.635865466782014,5.480966794341007,0.0945740509856037,6.778055064005814,5.442857572181252,0.1008041742309895,6.898347809836452,5.478444306062967,0.13503174671033985,6.98472508809204,5.56909799589196,0.18947786891571908,7.041197212847265,5.912433737654345,0.3107834347559544,7.339522961485179,6.390728040251655,0.6885074746965272,6.974311032576809,6.1369536834631715,0.2014928371329203,6.873650771685662,6.181776973301757,0.13991506858278532,6.745029246651273,6.1936592779584165,0.10049189939044671,6.616270685030352,6.167137260504428,0.08498606687775237,6.512090251506297,6.116905013334949,0.0956124407352638,6.437298727833865,6.066155797455427,0.09540290934737237,7.366574998752691,6.474665487217905,1.055861280014454,6.473337174908227,6.778657589949778,-0.2610114429076157,6.350421157278236,6.287432906580284,-0.2819007309856376,6.34764127223713,6.642443222935615,-0.4722336511027471,6.295966878133182,6.744831304915169,-0.4431266088332129,6.346927086852287,6.684556233618317,-0.42866752693334514,6.4486488374930895,6.840406710878494,-0.23396497954888126,6.281396046159772,6.752014487257953,-0.4700072597348952,6.274847292458347,6.814883102840676,-0.3642048414147114,6.431377877222059,5.954243672711804,0.1599441054103742,6.381558914996094,5.974951423565734,0.09983142518754422,6.350917099210451,5.982774472509659,0.031047606540829924,6.901290108609746,5.822673685883035,0.21392079573747994,6.97756220746578,5.736363113267453,0.22011692040513867,5.666476266788699,5.974768345586371,0.046428099745065954,5.768941205266521,5.962564113710553,0.0461234861968217,5.660612696019941,5.840965169940021,0.046199634627409,5.565077530959011,5.986355912822789,0.04613858219976116,5.672795538587279,6.113798125645555,0.046117493111977444,6.72959776690953,5.881716152962391,0.048595630862807555,6.833172774244402,5.870241332758809,0.048099502000724034,6.724101802222107,5.7445200529420575,0.048118025051235115,6.625091055798491,5.890530723240095,0.0479995624960858,6.732260917080625,6.020828590010278,0.04801692431560154
6.242807202566516,7.280901102189065,-0.3609133535829864,6.21251551319775,6.688693781581208,-0.5327662442508124,6.227511744186679,6.908906258006495,-0.3126529277520178,6.12101439166679,6.251557424910308,-0.33955316152548676,6.2058402730282785,6.529907168780471,-0.5489913411266688,6.201258172035002,6.353237361692615,-0.48760356181355335,6.195964316568212,5.951539841282118,-0.1578201382871624,5.517319499112406,6.057331975849166,0.25248593445999473,6.182852056093873,5.582081167121503,-0.04673474970400967,6.176221845289053,5.375234786056772,-0.041007968897814946,6.153917784185313,4.722452802072286,0.16342522746235036,6.245102247603565,7.333499757781871,-0.3559474589625695,6.24848671275314,7.384394560318689,-0.3286885563133044,6.250796283391691,7.424347227245316,-0.28854608062832193,6.252086883084994,7.425801966235573,-0.28455228919206155,6.252377395115,7.472393559327921,-0.3066990198745511,6.254529362977273,7.532047299569432,-0.3374824916391116,6.255866444595377,7.60255166413168,-0.3386253841221586,6.267776711545563,7.8235325448763335,-0.2689716524015201,6.21798149704232,6.792110980302955,-0.4894201244586823,6.148300734085139,6.821705440799705,-0.3587499014170279,5.1727003297974115,5.644428680161248,0.8334823731336533,5.791933984556763,6.167343071371983,0.12473955612658819,5.693990758760411,6.194244485350573,0.13518122802446167,5.60195073741379,6.198737980174697,0.16825506939808965,5.480891106249794,6.124865128624525,0.2635952506649528,5.876377116318717,6.118684485186139,0.1374521696415225,5.625419751757855,5.681025206861227,0.1291166078280597,5.74458669704636,5.695517399478095,0.1260464517290747,5.519960616605202,5.725353711239825,0.16443291837018265,5.455956095574308,5.808305063727697,0.20365864703047623,5.4138725229075835,6.2460231707386855,0.3082563913179087,5.920546565360887,8.169251302224902,-0.1836906090473943,5.485708158847337,6.012688992198086,0.2923437310518233,5.160022384807934,6.303238788768367,0.7768719279764786,5.304701007151486,6.163888883335207,0.42937541857429007,5.758400180933126,6.74884139227373,-0.052632592164123,6.129484269901626,7.252579810663819,-0.34133869839366116,6.148918798428978,7.388943252428514,-0.31155415678352805,6.022496678331102,7.32367246208683,-0.28550010738620973,5.9485933230177785,7.40016282702736,-0.2199294995510586,6.061719433782338,7.412542997186082,-0.2707384648615105,5.988946896545815,7.4478322197510325,-0.20852270356662447,5.831000589791871,7.6744098147537585,-0.10999923673096638,6.135978666332419,6.69694287067324,-0.5197869838152118,6.117361929169535,6.545147429874606,-0.533587303875618,5.322332182252573,5.69722306823427,0.2750891094733795,5.935933535030175,6.347599975750342,-0.018595845262601014,5.939946958724713,6.7413418242191145,-0.27092981696502483,5.933208532188715,6.674575623202974,-0.23408451664310073,5.466997731554776,6.808194452564183,0.09200822957115033,6.117650262359317,6.382539131319135,-0.453072848001948,5.52854379453174,5.473795713056925,0.10655895014875137,5.402327937975167,5.551624975315747,0.1893241706711481,5.248345304730623,5.323404171643297,0.6652546640677646,5.967992990101529,5.582402909194736,-0.007939441993524941,5.849644925597605,5.769353937024516,0.14735025494762502,5.750891897517611,7.553475466902702,-0.06377146456369637,5.309637169681332,7.798178107457527,0.8239284311018465,6.015697970548877,6.819321063313428,-0.24580951408540125,6.093525417107512,6.861156248194496,-0.267971950574513,5.860994867469917,7.529131285068242,-0.07800422766814373,5.881401521877677,7.5173328652496085,-0.10698006776287272,5.3478362333668334,5.466604814034192,0.25444064919314313,5.946930867926067,6.826854040251493,-0.2263764381181994,5.711865237686629,5.478304096622587,0.039364621213545746,5.689150828340505,5.345909049187779,0.036450575612247564,5.608224707841815,4.871276304803954,0.3011869626377222,5.298151413434992,5.398370074706368,0.43083692104774557,5.654971361730179,5.09701613574015,0.16234813141484936,5.268131352814283,5.656601497358553,0.37422863203454365,5.221021922028448,5.663183047398347,0.5893418279643863,6.137030319881042,7.326412716809865,-0.33794240849661544,6.0437875787301945,7.3718103054588875,-0.28468163513417144,5.968828212187797,7.421854634027862,-0.22388602374096972,6.043056214694653,6.852811290132563,-0.22921167665729528,5.871712945676965,7.5229709774719575,-0.09332535550938102,5.922276564499575,7.522291905601818,-0.16368003828741925,5.894361263536262,7.512514723231953,-0.10972450994446542,6.043291892578996,6.731086023279815,-0.37135930372442677,6.004484932470706,7.462598946236256,-0.195299254152052,6.077301772791805,7.436176150827101,-0.23666449043208085,6.161011361677994,7.425761294551372,-0.27328906969995714,6.147892564682981,7.83427567974597,-0.2621067169549553,6.15197571126472,7.6024979194061295,-0.32804659281574733,6.150971265920973,7.529867006784234,-0.3254700007683665,6.154405844395724,7.476345975496159,-0.2910106212778792,6.161337461431676,7.427855160007644,-0.26958009353436474,6.005640444070056,7.465197576344663,-0.19427308849481148,5.992769308580623,7.490393684707117,-0.21634712308104243,5.981207292926407,7.523745918312,-0.24047169597781914,5.972263516942623,7.5650589078191315,-0.23009528715356156,5.855012135351973,7.257774165760333,-0.16915788092383915,5.189561648018982,7.057747191459964,1.0881670978245064,6.22298120907873,6.855269021906417,-0.37333460395845136,5.9498359882261305,7.490947110124279,-0.14694967744187523,5.937334892434919,7.508040837969855,-0.16115200487192896,6.115631203750772,6.920839039639008,-0.284928910803462,5.987887980196441,6.923757232980422,-0.17135872516553477,6.105482165982499,6.893517109496982,-0.27679958983505143,5.83770088662393,6.4614407461087175,0.005085442164835011,5.683277401373851,6.586807581257596,0.03022442335088005,5.924647868944502,6.760726239421291,-0.18719014419635396,5.385260356212293,5.060583022057049,0.47308926304690174,5.434717124200579,5.204244126015505,0.29051734092942927,5.488127397777214,5.356817412774481,0.14194338349228558,5.918453789324729,7.741918274006566,-0.174766522062519,5.925618179124724,5.378614167245822,-0.021764141375238324,5.894003933739354,5.064602619132225,0.08261606075199034,5.85828838477037,4.771176027184805,0.19334796655300757,5.526603900451372,6.180023195201686,0.21738908532991452,5.323131090335091,6.3768494532114595,0.35559532660744847,5.9331090318184385,6.06841355723376,0.15438601373745886,5.376110679827242,5.918032910021257,0.2985034712418,5.998675418150653,6.232059710016429,-0.04409503370479642,5.983224172694726,6.651752271845597,-0.35998893522500514,5.23337885122477,6.530028457552999,0.45430747873697047,5.3878677016816,6.461119004035485,0.24551232935720566,5.509713531026802,6.485623693766524,0.1399133058532281,5.691301706782665,6.432322725341177,0.09266389593106024,5.825639190278102,6.348708279144816,0.07138547279669387,5.926459937731667,6.2605226261563045,0.051156405215400734,6.109411341188335,6.002673226823578,-0.12013169488690183,5.25681663552561,6.842820581420644,0.38354973321355074,5.307555650986336,5.921293181278004,0.3571167698833452,6.176021391988348,6.790194327184988,-0.481925594972088,5.951942200443677,6.4754557727163,-0.08197646901280324,5.141156896719356,6.362641962383997,1.1188697709307214,6.000682856277997,6.161378859395952,0.046220072463662235,5.920828362029994,6.789479667591173,-0.09332962807888483,5.438258465846357,6.029989346725004,0.3130714239489934,5.981868570934709,6.572374943606879,-0.3132096668220222,5.2354356763972145,7.423382727305695,0.9855333737336834,5.9376123314235745,6.016564422678371,0.18726256793758447,6.045800827098138,6.457441848015679,-0.39962902936434763,5.49622142607323,8.002870704959799,0.24088914814718693,5.516100801146529,8.224089805569056,0.39556199712177237,5.187282218003545,6.959960842159816,0.7363164485875878,5.377052665084538,7.851796460275654,0.39817088593623906,5.189944397618516,5.966231397779578,0.716255321925516,5.901803092324913,8.344554250211578,-0.1474745850179668,6.191552891392565,6.853616008455681,-0.3634287565340471,5.874516386766526,6.613061879689347,-0.05928514742937654,5.233837133952105,6.221343447509569,0.5302019762684546,5.604928485721355,6.108079343530756,0.18343608192547972,5.685627280556565,6.1111587710488235,0.15514513528961693,5.911253811801058,7.552191403730074,-0.1496025288971327,5.285818451481147,7.157578745451357,0.36522264562308415,6.0889360533134855,8.53064681499269,-0.15426458878741714,5.789912747107993,8.432431960448282,0.083340871244667,5.660926132065235,8.354052541032637,0.2210812208762675,6.163970226703609,5.039666519036627,0.05260128268401411,6.295118251249614,8.525440839414975,-0.19356800671948507,5.769321254421141,6.089645628946776,0.14983448459609092,5.848746880284848,6.058868058207826,0.1636912502360773,5.906769032337834,6.0385707089513545,0.18588137615304906,5.24648203319817,5.92588254507203,0.46756930751425707,5.834100716292076,5.908197625245391,0.16112170537504938,5.746979063613463,5.859173720181814,0.15126819550855092,5.662477103165432,5.848883057798913,0.15922866770764646,5.580009816347558,5.878263991953609,0.184519657753025,5.530371478340517,5.926539102259844,0.21532349940406445,5.144798101875449,5.977061686258216,1.0062200998953723,5.552273543422736,6.086285131039677,0.22053730518883757,6.233375729512358,7.042636934499257,-0.30575406140819833,5.946277215858553,7.147799384241267,-0.20946954582192182,6.009382239016539,6.781746963632477,-0.275092241556203,6.113403702760698,7.058143014100848,-0.29682848781879445,6.191719935809818,5.788705669623316,-0.0655102414779785,5.628278390133118,8.1497543136111,0.10915149766153019,5.75825819317846,8.25087574101572,-0.016923710219264677,6.078216522546287,8.394334939113321,-0.2630138861611549,5.406525473668722,8.060632485605892,0.6158423353415684,5.904291691001955,5.973331148652896,0.17758116375261246,6.056950678809783,6.227477609023153,-0.18307886560983358,6.28762304087545,8.38880794774245,-0.2978349758252525,5.928051217376027,8.49106309834417,-0.05549445340721867,5.227905967719487,7.301444660390967,0.668992192118806,6.078802630566826,7.442844854475897,-0.23454152838030454,6.066244158649687,7.47709041257305,-0.2582565020110246,6.058908729892027,7.524889083150074,-0.28770184812987293,6.054441381150603,7.5897270105670485,-0.2861665601400462,6.022682606030306,7.799921179637566,-0.232332184392106,5.930392381197841,7.482690758231498,-0.1525972199570731,5.91227496158653,7.476951693078722,-0.14972335239648732,5.895557446819813,7.468097612684202,-0.14620385589359086,5.786444396609754,7.396542320853405,-0.11228257050180716,5.4073207503508645,7.17366294399266,0.14924282734185487,6.054609514987969,6.105802455495581,-0.07442997645646679,5.995281148220066,5.867082910198738,0.12453442739790087,5.941905009806956,5.9014780819913435,0.1641996349404623,5.949265132087168,7.487255428502973,-0.1461206287362445,5.409069269631466,7.5744838443526135,0.24221672003555905,6.077957603699544,5.838077825982864,-0.0013412212904118281,5.96756448485727,7.991245139799018,-0.20372408032598469,6.2001890877645796,6.215611645157543,-0.37409274957175864,6.114354403378894,6.131789482859727,-0.23796898023181887,6.196984740073609,6.089299919631069,-0.2611401062638661,6.00490109095369,6.465328523350277,-0.21018468203703675,6.280021793610333,8.215959100129252,-0.3282512903156401,6.275003198291972,8.013016111327696,-0.2987715820707426,6.118423024359133,8.022810724419362,-0.2750868852406497,5.736745051076412,7.781274664991606,-0.059877950844355966,5.844441128860115,6.93050873255777,-0.08243836044426105,5.844396099495465,7.912853373622096,-0.13286057026664078,5.609570141680782,6.957462438701762,-0.03416426012125506,5.752651310999337,7.099823501325939,-0.08581404781824124,5.535895564591089,7.236756346669446,0.013170013925459478,6.087953759512026,8.225939640920123,-0.2913990903330033,5.957879176916895,6.575186373777266,-0.15257767848380469,5.6535267906609725,7.938722017334014,0.01890036655436688,5.786824604229025,8.067119619235934,-0.07677280845282801,5.65057337273592,7.615817169701847,-0.0166898650572988,5.318191659544907,7.426905185669522,0.3583565753639021,5.530200439382852,7.688376906876391,0.08358422046230203,5.280677477970146,7.6091782435361255,0.5740848170360215,5.678309282520704,7.321795754372989,-0.05938338248358553,6.006870762517133,6.348410504314059,-0.1276663286513884,6.013507872982666,6.706472391537524,-0.38597777828933844,5.968612507005518,6.779478790958202,-0.2888862520584575,6.045454028362318,6.586572992793366,-0.44701866808162444,5.905146522650249,5.713825830749134,0.10985884906209104,5.73249050239697,5.613439035640392,0.1069039558806363,5.586887688657959,5.601636984421383,0.12007202643948879,5.4733537716312775,5.6580064861636705,0.16340345040822607,5.40006884380183,5.761211247963475,0.22460465517894565,5.3812265966756545,6.091229645790386,0.3556682269699782,5.160569273704421,6.631786106303334,0.7626185907192812,5.46548307445833,6.296815567784926,0.24482043410449122,5.564516083507242,6.323809945613119,0.17664305955446763,5.6898309896307575,6.305118401602509,0.1291443313002982,5.811382675545577,6.253344073894847,0.10675992546325969,5.907385280981486,6.1857506398732625,0.10871672825162376,5.9723372343702374,6.12328183806099,0.1045917638249398,5.161738947765233,6.712467107276706,1.1396707046342065,5.9804683029500785,6.835624598437386,-0.24486092421867336,6.058723528472897,6.340342985240783,-0.2777806353426316,6.076003547157714,6.688213710451623,-0.46621438664181014,6.137995546100738,6.7775679480808355,-0.44025173505268206,6.082574566136421,6.725794346653249,-0.42194684439700814,6.0126494099339975,6.889151439966062,-0.22010117400379048,6.149390154197664,6.785859161417218,-0.46740752862754725,6.1658171569343745,6.840195805229536,-0.36046730413566486,5.97052407616296,6.01061764142414,0.16879517211512574,6.019815252294142,6.026113553104681,0.10354178979899017,6.050764951410872,6.033175174274061,0.03173370710958332,5.504255536263057,5.9689298913983,0.24914620362379092,5.4247478407508725,5.910657898999507,0.259016236361996,6.282114206506454,6.234780355177439,-0.34613271429507503,6.90819450353298,5.927799198189996,0.20576826368587411,6.296627461245498,6.813003152940864,-0.3635712436062643,7.263242328445128,5.413786095578657,0.7559429420172674,6.64076002291023,6.09552486615403,0.09383981713533118,6.741678818173923,6.103763787325011,0.09830159962086688,6.836300765187225,6.083170478937972,0.12582318869476433,6.949797278790044,5.984174873312922,0.21321588001887284,6.548874699219588,6.06045861157211,0.11387160321718502,6.762726414747885,5.565082218825718,0.09128493972738073,6.64574956702559,5.604782503426277,0.09688144971918257,6.872633652219974,5.587534804204798,0.12051341180695356,6.945837599821057,5.656710076229768,0.1559398445654508,7.034061019373469,6.082568029615746,0.2537613049679751,6.651595395349394,8.09971216388235,-0.20427786888318436,6.934630371983485,5.8723876598666545,0.24251002370460376,7.323946269675111,6.067330310501873,0.7017808777779809,7.144221728591739,5.9744804868716095,0.3673385491403814,6.7125128629214315,6.657438318552897,-0.08270542724559582,6.357040890445474,7.2377912957763435,-0.3492802305701754,6.352858969773532,7.374161274061714,-0.3183453974987311,6.477000570435859,7.295932194621596,-0.30182751896763393,6.5657411014016835,7.3575948255506,-0.2415726230902816,6.449171696801473,7.389244658659646,-0.284730590950478,6.531684376124035,7.406124860163166,-0.2264782988987204,6.708092722384885,7.596541696510923,-0.13769067320928202,6.2890828638262315,6.682539284225523,-0.5240675877923464,6.29716345594086,6.530854237998292,-0.5391289570255038,7.080253158424559,5.511049523224793,0.21730715185895177,6.502184332037037,6.292699738599811,-0.039079357691893975,6.513882525205319,6.6929701186629025,-0.29009550838335907,6.518402166112144,6.62592284725773,-0.2541668189086098,7.0222350009119845,6.647030725077919,0.04184382364211739,6.286606248770427,6.363298519571812,-0.46024785964804,6.84195412929115,5.324021872847098,0.06893230864362417,6.980460097277142,5.38081479587312,0.1408170592734499,7.148878636432741,5.1126994276800435,0.5957105325496965,6.404944871633377,5.526053743294548,-0.019139695698305436,6.547691588977386,5.69734689898706,0.12349311199222057,6.782586543399196,7.455773366091257,-0.09714017564778082,7.315315883543697,7.5846357872411865,0.7517887107731855,6.440199959034801,6.787074227982719,-0.26130966996512994,6.363232428084985,6.83991691368073,-0.2755120087433099,6.674397684584594,7.462922867149714,-0.10644974713059702,6.65235072662741,7.454948311926039,-0.13229288025488026,7.03295489481922,5.284504610825443,0.20123495963513863,6.517830583693105,6.781390360115645,-0.2451733608284443,6.65392602811012,5.3665096203755684,0.013325681846225592,6.668944773781375,5.229001198072611,0.009754393913995347,6.723876240975131,4.747306469379368,0.2614147536134838,7.084475750780701,5.200091619686601,0.3709504761309498,6.683614905016622,4.978507926479684,0.13069652799812137,7.137449166892215,5.458503886077464,0.31292103858096043,7.196593058521064,5.447334787943832,0.5211636023048998,6.357437439366433,7.3129402214183195,-0.3455862793236349,6.462354406443088,7.345590868470737,-0.29971477022941256,6.548774472569235,7.382728473826602,-0.24365080543618273,6.417716506752532,6.823318508846316,-0.24067466856253378,6.665933616590359,7.458114166773033,-0.11981879300395784,6.610726889248171,7.470625793625333,-0.18675165260106308,6.640731697987305,7.452116545913551,-0.13416849854860896,6.39713518198673,6.7008248376742,-0.3844452819385501,6.518837934157153,7.42225263550897,-0.21178147687071636,6.439682847621389,7.412089072139197,-0.24913453775008598,6.348493300242612,7.415138722174189,-0.2799276781181451,6.390256583396254,7.809432543499974,-0.2679971661108675,6.36753926892983,7.588233052452741,-0.3353370149050098,6.362506874290045,7.5172035873962555,-0.3326921752268298,6.357216650223628,7.459146937039706,-0.29877791432514667,6.34729275927861,7.418876885720296,-0.2767747374387345,6.518482056920395,7.42452879726407,-0.21104048962418132,6.5327890481181345,7.446856099330211,-0.2335475233126358,6.546895586015169,7.483027752186305,-0.25816233526004834,6.5603339462431896,7.522281737680768,-0.24837087694745905,6.646544843707733,7.18797429287085,-0.19434573919856543,7.385907401714947,6.823683101443973,1.0054908239150468,6.581083767986395,7.439124121651591,-0.1683363787221129,6.593100798107609,7.455517715504851,-0.1833083474172863,6.344057907824489,6.902772822772985,-0.2918453667428483,6.484537905054375,6.888547901223723,-0.18572008523576466,6.3527180714389795,6.875565644882813,-0.2839515193925093,6.613133055136699,6.382560919721385,-0.021501067695800367,6.780635755117703,6.475608291532054,-0.0058270188046731005,6.537446682239212,6.709200299499284,-0.20746744131387862,6.976455388943504,4.882962877491035,0.4159630228589517,6.92254797665552,5.034249559097121,0.24263156213590722,6.875232282328381,5.199323941647309,0.10123872163673608,6.62137633398813,7.679794455229927,-0.19668295387247145,6.432267528055476,5.313360444485901,-0.034354145479461674,6.438976177108399,5.002019791348175,0.06624112321815724,6.457606713592708,4.703467840911368,0.17389202411156893,6.911511424635577,6.045792111737238,0.1699659923366823,7.140255513102076,6.193420883745506,0.29453330660423,6.488016786613701,6.022834035425946,0.13282603791869899,7.043342152452098,5.749228716145825,0.24339867276889046,6.425460104912352,6.189974684789555,-0.06063569359918413,6.453518483050443,6.611442275122062,-0.3756988271726471,7.255922151569042,6.3135708491155444,0.38632734596794455,7.076444545711175,6.288859169563127,0.18833448923955098,6.950172039308752,6.339630504487192,0.09191570829846901,6.7609150722407945,6.325496367947307,0.05659575500784481,6.617256147122564,6.2731468264202315,0.0437121053722758,6.5042520514106075,6.204050718923439,0.02995331377959646,6.28856139473237,5.98337959663078,-0.12710920374509413,7.256144393271997,6.633509568921347,0.31496685607101865,7.1177756922201825,5.733849735557362,0.2959079278237117,6.258773017455591,6.782202341239512,-0.48533162156138937,6.493897476381105,6.425286523974423,-0.10169300982365856,7.367987893424078,6.116996610291802,1.0346286358146306,6.42150260478359,6.120810306965711,0.029473421382998126,6.548311105881376,6.7379864102725415,-0.1126250456015557,6.985213600368121,5.878562129924402,0.26147589731729926,6.455121383176004,6.5306966352220135,-0.3292744827638235,7.369332964123008,7.198377528665378,0.9068855938303186,6.478989125281252,5.973616576722378,0.16547503949282116,6.372168578127981,6.426714390601904,-0.41101950674334625,7.098893136549843,7.843089814736364,0.1893697674421077,7.105106462591604,8.06313597302447,0.3410813909808344,7.357444485575072,6.725482772501066,0.6610175007176169,7.217486683719123,7.659308273153952,0.33745157934341874,7.263038243744048,5.740938592229555,0.643791362935865,6.68646991199151,8.271866687743831,-0.17197311271649357,6.254112478214213,6.847218933554941,-0.3655735069880739,6.585921519566076,6.54648596405286,-0.08329811150525043,7.226125785211438,6.0128872666585655,0.4635568370623174,6.824374520075389,5.997640105903718,0.14195624091923859,6.745024790479521,6.019556333447399,0.11857338154907189,6.625837872488953,7.493818095260817,-0.1745372104769589,7.256007126337819,6.94965347533519,0.2991866738298666,6.505646509154638,8.494488961458021,-0.16753467900055702,6.819370450358528,8.339924941013425,0.048491093517606255,6.9547483300614275,8.229963232535711,0.17675222852824346,6.655034331504594,6.016353801456616,0.11863152934757785,6.572953062546591,5.99956910578296,0.1365901659774879,6.514190467957126,5.987707136457763,0.16233867842574798,7.189247461842353,5.721085726378994,0.400417179423254,6.573690236822733,5.841615173088228,0.1337674103771814,6.6572908836976685,5.774908527038239,0.11981170042510027,6.742984669748801,5.747252508061706,0.12171882111708278,6.8246693897858455,5.759364680872747,0.1427079861893848,6.880014836622361,5.797968282560032,0.17066256301737964,7.327973492691075,5.733599168931481,0.9247443669499139,6.875565644882813,5.964798084051534,0.17605325204479763,6.54236069322677,7.099113199412573,-0.22870042087698875,6.440898640466966,6.747580570063502,-0.28910007345179267,6.358169529682049,7.038861730669325,-0.3048025664211704,6.964870495466925,8.01774419461605,0.0677079479627875,6.832713667896722,8.151158212996105,-0.04928078692167204,6.502454508224943,8.358609222223286,-0.27569732364370064,7.220804331101796,7.871216463201506,0.5488866660108571,6.509391209221421,5.919804307124221,0.1531828740525641,6.356642888964365,6.198541884554443,-0.19403148688860697,6.6736481635471785,8.426108239835118,-0.08096950438504597,7.345076662177625,7.077624750833076,0.5955129843692922,6.44016073991075,7.41404421810114,-0.24738347648922251,6.452510406306321,7.450186819754234,-0.27111395166029373,6.46431245752533,7.499459838883541,-0.3012444068524055,6.471843981903246,7.558772953769869,-0.2999211018594741,6.518800893873327,7.755831621403647,-0.24700876136301897,6.599666369985753,7.433115606590984,-0.17542310194658575,6.6149037259595875,7.422467614411175,-0.1747739210407832,6.631313297974498,7.413274361221623,-0.1729479054065529,6.733332407551839,7.312418026044383,-0.14332944362294883,7.120263927757187,6.9966191026661715,0.09519061296391457,6.354651428998672,6.0748102689944625,-0.0857111089657339,6.405961663738399,5.8266349202609495,0.1098251110829813,6.465359753393503,5.8527087380940594,0.14407691064952813,6.579552043308187,7.436554542746184,-0.1674094183838691,7.153842760745475,7.395474689143132,0.18666521392401003,6.3133638592941645,5.813095970242539,-0.009543274083947033,6.591041794094939,7.932123036572419,-0.22132382111757515,6.285997626067564,6.114471334470972,-0.2436461754007045,6.429294137428362,6.423935643034894,-0.22441877287224626,6.4358756874681555,7.996435863495156,-0.28432752820509644,6.819517158933682,7.677956966640137,-0.09123364619708274,6.637375557760657,6.859389935052057,-0.10653300833232189,6.715096241148263,7.828239566042512,-0.1577494281129839,6.884262848781129,6.830495608547623,-0.07206654761110316,6.747844209730733,7.003974867265933,-0.11578743927006774,6.985424947869951,7.08850660519704,-0.029706906241958042,6.480267378213281,8.191036073075006,-0.30353902066066135,6.491782548802659,6.527887383891851,-0.17110728473393902,6.917499603854084,7.814552091748761,-0.018530392107871742,6.787933417311463,7.970591187025714,-0.1055394004490692,6.893964498023192,7.4899811576245074,-0.05490691552278311,7.243611704297522,7.222422483108931,0.2955764263619716,7.031832065823245,7.537126176134018,0.0374599176724379,7.310726519749671,7.393624127511991,0.5049569801784517,6.841556854090116,7.208163426396143,-0.09519411386083867,6.422291344945058,6.307483895806836,-0.1433451267333187,6.4225586160126635,6.6703501257265305,-0.40022539609094515,6.483239316280246,6.738916048768561,-0.3053236950712467,6.377708642540203,6.555793969494265,-0.46007296232747524,6.485109487473412,5.65111554081192,0.08950334065898809,6.649461584488997,5.5130649504329625,0.07872826081417761,6.793740752791291,5.4754697886298365,0.08349443408802819,6.914380230931891,5.508727242684929,0.11798026038655965,7.0002054736766,5.595357566892795,0.17359569049283624,7.0533255983632674,5.924996846520547,0.29966799325333104,7.3529161293073475,6.395092882415785,0.6857115225857108,6.984400166684104,6.147116171282788,0.19373035301250346,6.883485002820787,6.193234229766227,0.13227642547193066,6.753974739843942,6.205102372472062,0.09300170127688895,6.625060026528611,6.1790833887846155,0.07838617155071892,6.5218352920267435,6.130153173850716,0.08768055356665372,6.44746566490526,6.081742975450528,0.08734016652212086,7.38242997271577,6.470704448465546,1.0564904831376951,6.479982676423875,6.796096805354643,-0.2614397648835672,6.357380789520581,6.308604545962585,-0.288810333094366,6.352724607959654,6.663457727814629,-0.47585593620766564,6.30062272793816,6.765163810679638,-0.4452466808760996,6.351903911474887,6.7053858765453,-0.4315417758605486,6.455004452083926,6.856927845597753,-0.23330517273010393,6.285751417122134,6.7728776313563825,-0.4721839095408897,6.280100231858435,6.835672532922337,-0.364519561117964,6.442863954349959,5.971361840229491,0.15081236397646905,6.391996750455992,5.993627045349218,0.09003418330506772,6.360073836038741,6.005081571552331,0.020283114450703646,6.91002618188217,5.834494360092735,0.20260501890789917,6.990686847013442,5.754598104740418,0.20826176475342265,5.674968757315669,5.985508323530651,0.1545019802388118,5.777421819237831,5.97325924692547,0.15419741922860433,5.668999461379112,5.851884410208917,0.15427659510490724,5.573846603630972,5.9971037480683185,0.15421374918216602,5.681624024783077,6.124601488957294,0.15419037204225144,6.74041581712347,5.893256228402126,0.12417370451126755,6.8430203084412735,5.8818467315636624,0.12373045805111055,6.735154644260054,5.756941084262419,0.12374715114470974,6.636597711800315,5.90190404525534,0.12363058319266969,6.7427377345232955,6.031612582692664,0.12364812739573179
6.21670490391202,7.245997687060029,-0.35942340631653885,6.187699684402214,6.660552855211668,-0.5383117567500219,6.201547388886821,6.875125410774397,-0.31392427378567567,6.095592968677774,6.225843940702691,-0.346990845680863,6.1813356821950585,6.502858750088765,-0.5556875736293032,6.176461481049801,6.326954519613448,-0.49497045486019736,6.17003748200221,5.92752374728053,-0.1665729485376109,5.4867385262570885,6.03296458007838,0.24672019994703084,6.15760584752258,5.574950868754468,-0.05796747441475053,6.1515642379760775,5.371547484034975,-0.05424877717717182,6.129957424030816,4.700379817140557,0.14861943617741966,6.218887921479672,7.2992503043477575,-0.35415581474350094,6.222061248341259,7.350996494943105,-0.32649108186966025,6.224072226776096,7.391239194951824,-0.28552051356556724,6.224302817042348,7.392697913313255,-0.2807054056938708,6.224294142800358,7.439238113007202,-0.3024952371094674,6.226164164802847,7.49899930320193,-0.33317415612920703,6.2271696540202655,7.569914122889662,-0.3335749558053541,6.239298412883721,7.78913824071989,-0.2615390355186715,6.192779175941252,6.762175937253374,-0.4942290330617135,6.1226211838672056,6.790196630297237,-0.36216740337793146,5.148542842403813,5.618318103013577,0.8248644825233071,5.761279369542073,6.143074323627708,0.12035805550748627,5.663628728905346,6.170012904983237,0.1299283082942014,5.571818021688837,6.174323280399101,0.16233273508951496,5.450840898632196,6.1000789974939496,0.25764902200177703,5.845470478023278,6.094503628454445,0.1327589009458837,5.59644564040735,5.664124606405812,0.12138193231079135,5.7162661978652345,5.678525293817325,0.11897715684308077,5.490684222082595,5.707728575185917,0.15612952260759266,5.426636149210728,5.788848279148923,0.19568400961212268,5.384870758305896,6.219732214366764,0.30271179950000016,5.892185608264036,8.133322765814224,-0.17603606088223814,5.45534716734635,5.987485890748042,0.2862244825171226,5.134362263882815,6.2738696043375395,0.7734360763975552,5.2767557289876725,6.139070438095515,0.4231151124132893,5.731035540561351,6.719346867424435,-0.054953796525218264,6.10309112802521,7.218111444767021,-0.3406082074069306,6.122287225550565,7.35645909883673,-0.30972618914308125,5.995308611316628,7.291108082532514,-0.2848431998367957,5.920906023495148,7.369186380397542,-0.21861683053419312,6.03463834735583,7.3808662472379805,-0.26915210598331185,5.9613684709676305,7.416818811728814,-0.2062781053183851,5.803730025564168,7.640583895241158,-0.10565570100049375,6.111237686961449,6.669162040387408,-0.5258606052259129,6.092656014910433,6.518350946284103,-0.5406884086987783,5.294333718955017,5.6834269633955525,0.26376542429627703,5.90817440481334,6.319863326786074,-0.023546059053064235,5.912855604074306,6.7132336953815095,-0.27512450230726365,5.9058309137688605,6.6461940933031105,-0.23815406973283734,5.440068935786781,6.778621577214186,0.08859568074368532,6.09262999218446,6.356373934178308,-0.4607119879014794,5.503240187364091,5.468623817566571,0.09292101019131474,5.375090911888164,5.542694615631908,0.17549499374348412,5.225092666544735,5.299630066543821,0.6535221804815834,5.944954636560784,5.580004698994282,-0.01927378309917268,5.82109802658999,5.751440971990904,0.1417012538172507,5.7241127725992955,7.52080345615248,-0.06050921932597786,5.281121764122976,7.757135347748808,0.8319535971468704,5.988772208549908,6.790618053887284,-0.24840702376581042,6.066574737804983,6.829839361901602,-0.2705465581508278,5.833231122574441,7.499292781722614,-0.07422712078183773,5.853270428706638,7.487520389634275,-0.10295421676052416,5.3213583198769525,5.457609698798916,0.24090023535472763,5.919238039045691,6.797860323095995,-0.2294894733185466,5.688462360871138,5.476291847486324,0.026588293891285517,5.666392920686373,5.345475604025014,0.022486132755131904,5.585876437968467,4.8499053162954935,0.2860006012349103,5.27468366943215,5.380157753490964,0.4183586008533736,5.6332078008173125,5.082087667379535,0.1474460190564629,5.240979540750649,5.642423460078901,0.3630133452745685,5.19631984443493,5.64199733794111,0.5800253280946283,6.110536519067202,7.292946298981037,-0.3367722723674467,6.016696400651626,7.339673717731283,-0.2835359418726235,5.941184232708839,7.390893670979196,-0.22214306802760383,6.0158434335225435,6.823129835721818,-0.23188521311751692,5.843815143510057,7.493078410189797,-0.0894902966583677,5.894014066190319,7.491342838938165,-0.1596564377761589,5.866187820737746,7.482633177126031,-0.10582833874636277,6.018203188770755,6.703063869500947,-0.37636456235106885,5.976758021966079,7.431480449253545,-0.19246333584633646,6.050102352264698,7.404552710700506,-0.2341052091594887,6.134188285561765,7.393407755449492,-0.2706982444398053,6.11934376610173,7.799939117705273,-0.25532177257185806,6.122997067686801,7.570143267448915,-0.3236531590317124,6.1223804736519645,7.497171929555895,-0.32184326940469016,6.126195694420861,7.443598365314513,-0.287387373083997,6.133358449744658,7.395199709274065,-0.26620964045803897,5.977368833172922,7.434125370207201,-0.19073804266789512,5.964426864122841,7.458841177052619,-0.2125738430482079,5.952653387754253,7.491736071241742,-0.23623500663826064,5.943473509740876,7.532765235857615,-0.2254732315093504,5.827591419573506,7.225539487325032,-0.16866836529682608,5.16143276600195,7.0222188693312,1.092422561005802,6.197437966743741,6.823046707569407,-0.37595048024187355,5.921598517147403,7.4605442198967875,-0.14315161418509711,5.909152425597788,7.477388874989171,-0.15716817272928812,6.088647069403744,6.888363026905661,-0.28645471135662504,5.960258890846324,6.893591426265537,-0.17248160951318592,6.078523506147132,6.861524199333026,-0.2791283426611138,5.80973513100896,6.433135915821251,0.0007661371761350144,5.655938290527117,6.558261133683181,0.025630402882602824,5.896766330888609,6.731605739917751,-0.19023719554962126,5.36309082094757,5.03859574089181,0.4590416089998071,5.412860730076043,5.1880843745182865,0.2765531770701334,5.463780699121779,5.352018873899977,0.12809271218961304,5.890730142743351,7.706797998623445,-0.1695572717983232,5.903162138649731,5.3792614151519285,-0.03518503808062968,5.871366704632926,5.047746704765218,0.06782969224763605,5.835402935912855,4.749253026503244,0.1782042712477422,5.496506807018833,6.1554878867698575,0.21126516196620912,5.295091630848952,6.349591399795102,0.35064039746340675,5.902224597661239,6.044741670714464,0.1498964585350697,5.347275147811329,5.897020775320335,0.29066555888131507,5.971232168391272,6.205087202472514,-0.04983650200708903,5.957375428237925,6.624375483282575,-0.36544170383769126,5.207314446158105,6.501012582251751,0.4496747378218498,5.359378968229062,6.434017797090303,0.24090723799800134,5.481107497498145,6.458659150025301,0.13562527484577752,5.662189889015143,6.405411592712069,0.08798306240309418,5.7961136796696096,6.32203333299074,0.06701200375769123,5.897147274682699,6.234281086745617,0.04612108867036811,6.083039894810275,5.978383719485831,-0.12874148449975126,5.2301410753833055,6.8123043817174604,0.3811287542294138,5.279676057124531,5.901592823702918,0.3486301192928969,6.150877527151816,6.760594333797075,-0.48697677943904444,5.924580287831696,6.447139033808191,-0.08579579807113405,5.11532338699354,6.331578613447975,1.1182046671192614,5.971795632693916,6.136156615640148,0.04096234302189283,5.893021588335887,6.75962209584062,-0.0944505851375486,5.4082886816934606,6.005629513578528,0.3068617466173807,5.9552899958926675,6.544831238521124,-0.31858299682064967,5.206795798772413,7.38490193832414,0.9917368392392132,5.907051813329048,5.992613813471527,0.18300972224847245,6.01992827864665,6.430746885006321,-0.40639686632658206,5.469615572567504,7.9629700502129355,0.24860598919147145,5.488685893583994,8.181374452175044,0.4046903899282923,5.160802437750628,6.926445840658703,0.7372187668126314,5.350419199106198,7.812058479473239,0.4048289067300809,5.164844634518281,5.940350782624235,0.7098545151027488,5.873887656211465,8.307565878948328,-0.13884333956221498,6.165861557337201,6.821624854736437,-0.3663029611928431,5.846697521838208,6.583945564217558,-0.062127072755804286,5.206765077498696,6.195316391723523,0.524041137790026,5.574078023154156,6.084992322111675,0.1779865116311014,5.65486557593427,6.088161311852267,0.1498022842776241,5.882967780441949,7.5210398292467255,-0.14547749697011908,5.258907391811618,7.124639981636048,0.36537630818518346,6.060729744410269,8.492729139895188,-0.14385618174970655,5.761814281131499,8.392978248416467,0.09294012063070044,5.633185753785587,8.312933789033554,0.23043697613182446,6.139491861685562,5.021917703530997,0.03875952604511349,6.266174828838316,8.487209430575124,-0.18210844817538707,5.738551409819517,6.066202468252883,0.14475151487059518,5.817780851882057,6.035080733697354,0.15892830970530916,5.876026218288915,6.014745057630475,0.18129816328651632,5.219689336638046,5.905151792906341,0.459620524295997,5.8039432673464395,5.880772112938061,0.15599019259561753,5.716963751491985,5.830425005290459,0.1450455920043336,5.6315481291830976,5.8204037258039865,0.15241326500057384,5.5482815503274,5.851090663979733,0.1774792153042642,5.498936679056469,5.900515049135578,0.20882591542225437,5.120141928419358,5.9481004949894,1.0014966264723417,5.521399351544812,6.062695183074655,0.21488817147182823,6.207095289493354,7.008434775954525,-0.30556271111176214,5.918939139123763,7.115463356463417,-0.20967628479657419,5.9830685330142925,6.75351253806519,-0.2787310668957755,6.086663559401877,7.024891258717827,-0.2972499184598743,6.165608558612473,5.7704527418739575,-0.07464891144592707,5.600893357988067,8.111071166547655,0.11740061336127633,5.730792661785611,8.21294580160709,-0.008407311394204146,6.049881881947436,8.357436987566691,-0.2540313887190584,5.378691806594541,8.017982092917771,0.6241601875915681,5.873898860440703,5.947833762048187,0.17270236219509694,6.0306171133396544,6.20116716794623,-0.189684212622716,6.2590077363935235,8.351567417153005,-0.28775905531762846,5.89981532694833,8.452709801617727,-0.045766215604240004,5.201158987185475,7.265109933579475,0.6723225157161139,6.050635818147125,7.410819127685267,-0.23122158842688686,6.037813119924415,7.444827216263191,-0.25472489888404687,6.030183401240121,7.49228616275465,-0.28361337755372773,6.025435338030477,7.557134795876906,-0.2814823828488477,5.994493955423005,7.76474916365612,-0.22657741281858476,5.9025018119781905,7.451928529039554,-0.14991619017668126,5.884494085605558,7.446340148637064,-0.14730177589961022,5.867743040041323,7.437698435053858,-0.14400694188263816,5.759244898368512,7.36449289262709,-0.11078189565233217,5.380541950125801,7.141413797085508,0.14847690979762765,6.027898099902329,6.080102218189434,-0.08140642267401492,5.967082627878985,5.848161300174134,0.11883468693621838,5.912246238574461,5.880588146722508,0.158747528562988,5.9211575765128766,7.456253361525403,-0.14272610195494537,5.382223668791743,7.538417227368036,0.24575162143641627,6.0509260438270625,5.821529931555775,-0.009012890384117308,5.939140364439787,7.955557187578409,-0.1966408643425467,6.175016496904855,6.18981403088744,-0.381674327907952,6.088542978499857,6.106526127853516,-0.24599165397650188,6.171484634707654,6.064035353462214,-0.2691268287000109,5.978135057882098,6.437723866980817,-0.21527584683913006,6.2513136837477985,8.180092110067424,-0.3196298468117269,6.24627250344422,7.9778789036344016,-0.290687063772917,6.08947835092785,7.987804405032227,-0.26758026104925237,5.709502457673009,7.746339530737919,-0.05495926310480614,5.816749339938666,6.899732789594933,-0.08347045177894352,5.816668018920004,7.877240348058637,-0.1266081179318269,5.582696605425387,6.9270646032540375,-0.03564373945152307,5.725192715727134,7.068547272949875,-0.0861061055248472,5.509089517879801,7.2047205836939225,0.013987045791168063,6.059173440826442,8.190478069144254,-0.28367005378590116,5.930616837403703,6.5466210237852,-0.15626908980587226,5.626217446053081,7.902277824711209,0.02513671370815917,5.759324773680175,8.030551069562254,-0.06938204272638838,5.624014911440949,7.58218962101346,-0.013466479737691791,5.291250025927334,7.391479182313566,0.3609974424002679,5.503934126723345,7.652465438207879,0.0875536987191419,5.253961628169937,7.570426626020611,0.5793667182001491,5.651070595063351,7.289919711379792,-0.05880804008848714,5.979925565999673,6.321043746550305,-0.1328096023421026,5.988188504349286,6.678942971085389,-0.3914501082747508,5.9418434751001294,6.751419154331442,-0.292785823729566,6.020202962976355,6.559688769344145,-0.4541838527716565,5.878749930273986,5.70144047259618,0.1026936619578122,5.70635912923164,5.60252664546956,0.09756802074068413,5.559594930443732,5.589735391374067,0.10963251341022456,5.445067467733905,5.644083131713116,0.15262799766818663,5.371236657030309,5.744409414577217,0.21446909715565396,5.352235368522995,6.06672581418632,0.3492874641937524,5.1345798427860805,6.6002545848670175,0.7612531938783452,5.436228415145411,6.270762779997881,0.23974886526549716,5.535257898831906,6.297904483186691,0.1713749885733917,5.660132286529606,6.279406662141585,0.12397663753542265,5.78134831266774,6.227895398933485,0.10284190339808245,5.877199409518154,6.160481358742487,0.10393717327902169,5.9425460887013735,6.098558113731585,0.10013627404507826,5.134588155601321,6.67942511436937,1.1416489746595473,5.9531109540192615,6.8068128636838665,-0.24793253821108635,6.032664595876202,6.313863642742527,-0.2841698843914417,6.051128442806845,6.660542012409179,-0.472214349029515,6.1126942367623815,6.74747815705368,-0.4450729169107677,6.057573766032663,6.697444406397991,-0.42725941223770714,5.985214685053484,6.859263836440957,-0.2222654335715191,6.124222304367984,6.75611625636939,-0.4724112362513657,6.140133032739372,6.808402418528657,-0.3636246760323642,5.9400106800528505,5.987619618645398,0.16441543414497817,5.990605003597187,6.002975195529383,0.09866182232545308,6.022425014632965,6.010238427489572,0.02525324842209048,5.473438021871393,5.943290266378823,0.24280822975509747,5.395252741688481,5.8889327675175345,0.2518718413009591,6.256818935997877,6.208720987013106,-0.35236501296669254,6.875970426514989,5.898415159720336,0.20773183147283728,6.27143358804516,6.78051473052865,-0.36600049218176217,7.229701677773556,5.3866497007674825,0.7599550393504289,6.612551768595792,6.0659436867001615,0.094463235073785,6.712752274951027,6.073478711576057,0.09903920832497688,6.8065887790991075,6.052988706287095,0.12691311693015514,6.917579319637239,5.955912372755498,0.21549816946848468,6.521057309785193,6.03253737366034,0.11302418720692062,6.733927545357254,5.550198557807338,0.08986135204248036,6.617325493104658,5.589000972218857,0.09477985055373746,6.8425673663159134,5.571902956974995,0.11956386540355915,6.914269373464299,5.638350903464281,0.15597841234249737,7.0027242333106665,6.0534712109978255,0.25689070350274884,6.621069151377132,8.063387412617939,-0.19304988628261188,6.901634617151387,5.844533659888285,0.24448172596248516,7.289215652071549,6.03700930683328,0.7102964948391797,7.112427371766683,5.948560952668405,0.37092750681080694,6.684532797194877,6.625539277416324,-0.07993028806108686,6.330651915261972,7.201154024528758,-0.3470717826836041,6.326006858675967,7.339805277068141,-0.31525301405227785,6.449735523577399,7.259053866962988,-0.2981685974898707,6.537246336753782,7.321708639715103,-0.23633801326189985,6.421043299632757,7.3542037959191555,-0.2806368701464758,6.5022689016334,7.371190130297387,-0.22099662237783682,6.677302816495653,7.561527576591682,-0.12861184524250005,6.264079999397569,6.6540818706866265,-0.5293366269902995,6.272526542535984,6.503387878850196,-0.5453115086097438,7.048675307402747,5.502537212336097,0.21512481563613622,6.474697100612553,6.263388228598813,-0.04053661619460851,6.488957554445216,6.6606215262940935,-0.2907879921927459,6.493403103465434,6.593615175476658,-0.25463546835268996,6.991560483868673,6.615156932606991,0.046416840226469955,6.261753133983571,6.336628467993544,-0.4664658565769474,6.811441294639389,5.32597265518924,0.06120753533727761,6.949724614747667,5.378377726749129,0.13461612618251909,7.117489514821738,5.088332037332569,0.5954149694497645,6.3760218151406765,5.526948336431594,-0.028764418937876766,6.519464140672906,5.678838289382488,0.12186490009954536,6.752128996467679,7.420774988930059,-0.08829641374771421,7.280506713112915,7.54386248277768,0.7712336321421114,6.414860010800407,6.754314905449328,-0.26109597150199176,6.337893461617183,6.805962787968781,-0.27669135503434417,6.641576505150076,7.429080575636126,-0.09779683775694585,6.620055710771221,7.420962930839857,-0.12403439804784491,7.0019775256459695,5.282687826229043,0.1959778721487285,6.492907225964968,6.747588753639062,-0.24483000581407935,6.623429990905593,5.370210566488162,0.004624442201911486,6.638956884068894,5.234666138288439,0.00011897649531565357,6.697077919673886,4.725751613536519,0.2526113881981793,7.053633359553915,5.183344262697135,0.3678298536749197,6.655309275928307,4.96486143113036,0.12098057919993394,7.105603634734021,5.449119423023797,0.3122584353075454,7.164624622945545,5.427205757768115,0.5224900297157254,6.33093238241967,7.277469282709182,-0.3429685951519545,6.434738482029028,7.3097577028124565,-0.2957939785665808,6.519906527014431,7.347357650428019,-0.2383469134929268,6.392345292860121,6.7898265293056355,-0.2412797334418195,6.6333280238704475,7.424144209089936,-0.11149407576785529,6.578912335302471,7.436587409225553,-0.17888216100039595,6.608682333814453,7.418200184765828,-0.1261177634838777,6.37138832421066,6.670734969601717,-0.3869963367959783,6.4890479111326185,7.387554810666287,-0.20588071660718751,6.411020935866036,7.377533892606564,-0.2442480861580333,6.3211413317727,7.381146714395679,-0.27599590220057646,6.361019713617811,7.775269573483805,-0.25994810273439817,6.338021406686545,7.555111528932582,-0.32959237186221546,6.333403818533512,7.48370372315838,-0.3275740293573549,6.328525280267258,7.425485825184492,-0.2937124089697101,6.318961205619044,7.385048677584482,-0.27204595961076206,6.488385054473832,7.39076934017733,-0.20446963880918947,6.50233323559483,7.41281492619662,-0.22671848219679241,6.515866498807275,7.4486453284460845,-0.2508481903893725,6.528674017106502,7.487960607415302,-0.24052112128355724,6.6188940851979705,7.1525977864254795,-0.1892952157888609,7.35091698105819,6.787137514288528,1.022527235822036,6.550189028657362,7.405428809141563,-0.16083642834612422,6.561826969994846,7.421651087371117,-0.17561723504695423,6.318633030130398,6.8681368631439135,-0.29208933179389324,6.458787095094664,6.85387640931125,-0.1841542591132181,6.327416422999451,6.841183824718401,-0.2849583594348906,6.585279228923623,6.352163312545336,-0.021438972162941706,6.751804435246528,6.444950233412545,-0.004701947062354498,6.51245029316995,6.675735670109338,-0.20680511069766208,6.947170773334914,4.860697157612138,0.41121829916639663,6.892461606246253,5.020024550216533,0.2362002419027824,6.844488710916847,5.201975088786098,0.09397433198012722,6.590775084078213,7.644453330022496,-0.1876270958043737,6.4038820347077134,5.317633817222208,-0.04581461008128366,6.412646633385787,4.985613470812791,0.0541937951328872,6.432499804741935,4.681391178569479,0.1619502552317388,6.880345858745783,6.01615353767371,0.17168488942201152,7.108737927506651,6.163196396485567,0.2994349916421649,6.4603347244365,5.996390361578215,0.1317929879575475,7.011320407123422,5.729191902711583,0.24443571181942528,6.398168600649858,6.162052842249797,-0.063594787254925,6.4282364148035205,6.581475573810714,-0.3782801241240087,7.222574342271221,6.282266993438009,0.3937707390773175,7.045599565763555,6.258438127836136,0.192885098273961,6.920535790449059,6.309482427683739,0.09535266677352765,6.732491235454298,6.295772065363984,0.05763831064983501,6.58964309549843,6.243648545242042,0.04379093088457338,6.476997943300578,6.1757863358815275,0.028404003053705794,6.262500564501767,5.958873180688315,-0.13461093067299343,7.222825172435451,6.600381084229381,0.3234740043097644,7.085984667911621,5.715737430530553,0.2972769576985796,6.233470767972988,6.752288747091007,-0.48975154295249773,6.467043527762784,6.394869497279406,-0.10205607128774011,7.332161824167361,6.084863654188813,1.0472295795210316,6.3944740964153315,6.094212318494259,0.02642062011593069,6.522723487100901,6.704122127023809,-0.11029071669961042,6.952475072312209,5.8525399852456745,0.26367653590504453,6.4298584980557765,6.500502970534799,-0.3317688611592028,7.334612297529726,7.159662233673382,0.9253092230045927,6.450999794347539,5.9475110079607845,0.16476720402362327,6.346955875936937,6.3986688152713205,-0.41569366589345846,7.0651072131470745,7.802516090430002,0.204987631108898,7.070292241296999,8.021018800468005,0.35918877258852555,7.322470527303284,6.690605489441846,0.6738999175864487,7.183246774792518,7.618927927257948,0.35358317923708554,7.229520241545251,5.714992891426354,0.6489265038252447,6.655509506347592,8.234029992472415,-0.15929762007589637,6.228672466445149,6.814891474391178,-0.3680496237278552,6.559023021271361,6.514760532953465,-0.08201846499072386,7.1933985293355995,5.985718513942443,0.46930043621746137,6.794402914809213,5.966888903141194,0.14323979101741632,6.7161214951109045,5.9889876188926765,0.11920914763798753,6.593301457057995,7.459882808944999,-0.16622970607133944,7.222491936972309,6.914726216875808,0.30988955403390556,6.475177798189535,8.455907705498289,-0.15471350907554526,6.786706693602991,8.299704124290782,0.06388857072942936,6.920923239924643,8.188686838173181,0.19343584487285304,6.626771742632498,5.9866629220391765,0.11860497764766854,6.545039420328901,5.97125313114275,0.13625155963533833,6.486232396753147,5.960837896499201,0.1615853949280062,7.156719497078047,5.701963095676118,0.40293887072133233,6.544466920357516,5.813224706276457,0.1331104336382244,6.627183769127056,5.745947646823563,0.11873128500207177,6.712763840607015,5.718555113470523,0.12102418759619173,6.793958359907192,5.731455879871149,0.1426654048501825,6.848581507429445,5.770397082154518,0.17161079693834122,7.292876905045111,5.703735171029462,0.9332299805790115,6.8444916023308435,5.934494946427033,0.17774978840469194,6.515439292389235,7.063297187985022,-0.2253279605451785,6.415393476682833,6.715625617610438,-0.2902068857468865,6.332122922132889,7.003788273661523,-0.3036871321729981,6.931883144679856,7.977966368907808,0.08259582163405606,6.800575360839075,8.112361460043767,-0.03540066302053059,6.472541551477871,8.321271181293588,-0.26444413855370336,7.185750739313824,7.829223358665779,0.5677368186078444,6.480930989189848,5.892752325407426,0.1522906509757682,6.3304386734797005,6.1716017369745275,-0.1987064408057471,6.642070214090046,8.38686724493404,-0.06687695439378179,7.310138646606547,7.040656693535871,0.61025998587158,6.410937084860126,7.380034965713874,-0.2417074594108126,6.422921273023737,7.416126318076558,-0.2651351187314446,6.43422453319108,7.465268790367706,-0.29465528100275856,6.4412080208470694,7.52475457337923,-0.2927655838315878,6.488747926930441,7.720644980254553,-0.23847885684570677,6.568767809294381,7.398416407345605,-0.16877352918637703,6.584053992242441,7.387749981111077,-0.16803554094201448,6.600652877145089,7.378441796601588,-0.16616093333763995,6.704559453390839,7.277337723372324,-0.1364368812012015,7.08815178270229,6.962196006169754,0.1033353525625752,6.32791013193942,6.048677246590981,-0.09076595237112076,6.378180978542854,5.807037441749862,0.10657859291104026,6.437585079108966,5.82999526888517,0.14199699125512014,6.548558271163116,7.402015494918235,-0.16031232567543005,7.121097276636358,7.357711081097383,0.19918754498782343,6.286883135884044,5.796603051488583,-0.0158903218782676,6.560596673339169,7.896433554169995,-0.21119350911309867,6.260268392896168,6.088827059925051,-0.25065586618023555,6.403312426150326,6.394573127344725,-0.22691550495367427,6.406653455023733,7.961433263673588,-0.2752409720773259,6.788089512347003,7.641441922344735,-0.08097258068674323,6.610559584351934,6.825040337520264,-0.10316286164632321,6.683784643823182,7.792025317595784,-0.1471999665020791,6.854631791217939,6.797844420319012,-0.0671496960547072,6.71970540276005,6.969597303148294,-0.11074687114137764,6.954655921319364,7.054043217487974,-0.021720001226289854,6.450809683877243,8.15521293833118,-0.29367787012595037,6.465795882623126,6.4965482390405525,-0.17155195214567012,6.885399327558848,7.77661335813886,-0.00613281968105414,6.756252152827244,7.933457387546676,-0.09344276358813641,6.862708956218252,7.454097089537221,-0.045264967528165806,7.209979342900767,7.185601831492985,0.3083022355171283,6.9993029676988465,7.499485783606906,0.04894410547854098,7.275764071304517,7.3545941368087355,0.5211358540416193,6.812226313539544,7.173457892706045,-0.08841399038719713,6.39567475607754,6.278751756871289,-0.14572659906270274,6.3969007156122215,6.640612218582113,-0.40307530931931057,6.458057013060449,6.706685365532053,-0.3062022557451993,6.352594856084372,6.527466128909301,-0.46498418761691596,6.456479746725146,5.6395237332667705,0.08569502777550805,6.620199558617567,5.505056356780888,0.07405034921752003,6.764345943458039,5.46713618506517,0.07897855542537997,6.8843866098064375,5.497939864081042,0.11457207632423244,6.969093474259337,5.581099099192105,0.1717939273545349,7.021048569515959,5.899483537192187,0.30219992886586317,7.3178073993798,6.362250010273488,0.6966882355761902,6.953444418854667,6.1175474751561625,0.19690204034748457,6.8538279781268026,6.163484092178258,0.13414469016599487,6.725300288844032,6.175193596012164,0.09367734649051303,6.597043669623471,6.149719515846062,0.0791376340208456,6.494159931079121,6.102252617966112,0.08637960392302961,6.420025521905851,6.055167025307002,0.08570344224202245,7.346979598047925,6.436234065918919,1.0717243739090627,6.454872120542874,6.762826505402674,-0.2615584622064631,6.331708004224335,6.2812521071251,-0.29314530781039816,6.327360763280011,6.634566271914616,-0.4801788392406368,6.275412173704881,6.734393063010753,-0.44907097443662414,6.326371176839575,6.675654710517426,-0.4351105499844821,6.429598270796056,6.822769131825706,-0.23298401820385078,6.260475128996945,6.742496250737038,-0.4763904544078986,6.254820246072527,6.803027279908438,-0.3669864417655299,6.415300951434933,5.946332395330302,0.14944604174295253,6.364769877571778,5.969237454160168,0.08693259249722786,6.333331533183589,5.981288506272457,0.015610834525898263,6.877732020492594,5.806937326540219,0.20401476065563182,6.958100318243159,5.732805808780946,0.20953356640882143,5.649151780449666,5.9581781570488115,0.14014917440856056,5.752107442917188,5.944993670649741,0.13991493599105467,5.642994514343288,5.824126059898233,0.13999337689030625,5.547070047862703,5.970614128649437,0.13993073711676424,5.656006961609543,6.097866342932829,0.13990693942421953,6.707754465857403,5.863367969237279,0.11833282330521125,6.81055724480984,5.8510675326677575,0.11799728374654087,6.702406072816655,5.727571265166326,0.11801311875600821,6.60387824945862,5.872723500650967,0.11789582448117342,6.710210722047761,6.001436963283037,0.11791380546196659
6.234584589825755,7.268974619876395,-0.3575670840253459,6.2011884150931635,6.68862315556907,-0.5398585117822731,6.217139812006919,6.900411984032873,-0.31323385699066564,6.11051139997223,6.255626827231379,-0.3497087245823339,6.194686151948898,6.531563582246368,-0.5579283119395998,6.190440279283362,6.356326683890583,-0.4978325591525591,6.18592097067746,5.957955904075727,-0.17191481260499442,5.504672007021939,6.057656667875899,0.2482983515223821,6.174952345409114,5.616615738125534,-0.06595503122687164,6.1687931464552825,5.41604032174672,-0.06342129501834307,6.145337129714007,4.7278742266236184,0.1380683207915664,6.237223935679852,7.323638598533057,-0.3522435147341008,6.240851132331773,7.376928869839441,-0.32426485756636314,6.243176425766298,7.418602102798731,-0.28272516941481796,6.244025745358259,7.4201273966517585,-0.2790064723574545,6.244649498431775,7.4689948234903545,-0.30058930331527406,6.247283767225971,7.531764690925633,-0.33101848050660526,6.24894251522496,7.605727299559161,-0.33059552061907344,6.260715491840433,7.823051573903279,-0.25604451700776687,6.206863842767884,6.789463719316951,-0.4953755341459678,6.136711204942703,6.816731157455116,-0.3621273944230359,5.167242990430971,5.642431862426368,0.826113257773153,5.782589903339611,6.164364499633321,0.1215186694310282,5.683828758268206,6.192996216296233,0.13114035524080522,5.591023004460332,6.1985933121896295,0.1636977271483729,5.468676377620184,6.124555272951862,0.2593182233641008,5.867860574960561,6.114755096754951,0.13250300185344194,5.612709303179075,5.698761842024734,0.12038013874829422,5.734371614874035,5.710746241920358,0.11751514704669036,5.506825768361247,5.742383940691625,0.15547576862086454,5.443324079005994,5.821057698265875,0.19582161106874857,5.403011860747229,6.244510967225913,0.3045878959651101,5.915276687961825,8.170719207078298,-0.1685467046661317,5.472608560513283,6.0121723761668555,0.287512020945131,5.153679624906227,6.298902960530751,0.7781257942094915,5.2946409292251895,6.1662212529684375,0.42514252464932223,5.748687835852627,6.745695836501483,-0.05151069381484775,6.121328438737826,7.24104353747978,-0.338264986235244,6.1416482830490065,7.382314905099822,-0.3070404785442883,6.0145063731326385,7.314446218935688,-0.28179824333580283,5.941642585320478,7.3933727415635655,-0.2151021993506105,6.055240350010298,7.4063758172635525,-0.2660628481222868,5.983456525368445,7.442071174836895,-0.20266333459753563,5.826716806819487,7.66927903421915,-0.10062676059590174,6.124905590085011,6.696991600873981,-0.527142244635784,6.106447576168848,6.546772277826077,-0.5425877034642559,5.311355335712594,5.726350585525187,0.2614974379992502,5.92623080734474,6.345326870968562,-0.02361779136199548,5.929327813884172,6.737884417197106,-0.2739963888496321,5.922699712183797,6.671047824781359,-0.23693888330346555,5.457803128548544,6.805856820442069,0.09260494362280515,6.106878400966137,6.3855009206686,-0.46304844316961086,5.522292306054485,5.523513338960606,0.08643482559037025,5.392691648557631,5.592253103544847,0.16999863047050454,5.243652741936641,5.3258046481900125,0.6520332944422431,5.965773125734276,5.62842788063167,-0.02649132510355505,5.841630307630684,5.779807311866887,0.14062281854861752,5.746330266823019,7.548124428514261,-0.05568433737038981,5.305084441440948,7.78512448585644,0.8441840552101032,6.00457491867258,6.81504484827381,-0.24651528355216393,6.082198812788791,6.854316631900065,-0.26988000387701044,5.858213073207806,7.524701775309476,-0.0695827491840501,5.878365737189399,7.512918644574202,-0.09845985329792238,5.338809899772814,5.507560491458307,0.23633459984805125,5.936434972450893,6.821854636189203,-0.2277369615533364,5.709105263631021,5.532004358997406,0.01993292389935546,5.685824768103456,5.402082033491128,0.01542286562859572,5.6028873681540174,4.879269614332809,0.27954445938336175,5.293555163700709,5.414679307046194,0.4154763012381841,5.651993779455082,5.119259334662235,0.1408042554437299,5.258045481460879,5.683846890624994,0.36154752165294773,5.21448575810134,5.6729181565415825,0.5799505125678446,6.129335687495516,7.317392364266642,-0.33431877343107996,6.036564022518404,7.36430802422055,-0.2805419203302832,5.962610117416134,7.415637099816718,-0.2186735256781775,6.032028757438527,6.847170307442681,-0.23087576317516578,5.868828842813053,7.518494706933724,-0.08502121572243557,5.917781854375689,7.51799062741501,-0.15545012266873215,5.891221940799402,7.508184648863926,-0.1014987569665715,6.032205003946509,6.729589951907891,-0.37623663454889,5.9994840781807115,7.456976697411104,-0.1885993233691452,6.0713919281429956,7.430649240648842,-0.23050568177311767,6.1540885303942865,7.420314522573814,-0.26740686373832356,6.140872218178469,7.8335705167232765,-0.24942804268118182,6.144133141223268,7.6052906724077,-0.320153753642656,6.14314819160253,7.529538037512037,-0.31900633810509577,6.146548371147462,7.472838883129462,-0.28483167329924647,6.153476382029115,7.4223250382944945,-0.26389313030900524,5.999890605619904,7.4602557528126905,-0.18726228871047187,5.986890068449868,7.486059547110909,-0.20892486803999077,5.975109113597409,7.520215104945792,-0.23213693658612625,5.966048374910321,7.56274055867413,-0.22095201496674255,5.846879262273745,7.251944710380874,-0.16503953288342613,5.181491033748039,7.047253611658263,1.1026040469498062,6.212131655062006,6.849864050367143,-0.3760594134267309,5.945552646738295,7.486127724772432,-0.1390784743882396,5.932923822882418,7.503496346692757,-0.15302363935060606,6.104342046898597,6.912932739042293,-0.2850793839584199,5.978143744829489,6.91689502164766,-0.1699918875003239,6.09410741943304,6.886019244508634,-0.27831288704485807,5.827673469963635,6.458400247900065,0.0017790728312156762,5.673566206973194,6.584461469351854,0.027299268923870326,5.914180043023272,6.756216229910023,-0.18830795906100406,5.38148621470963,5.066905780907532,0.4547733795021589,5.432454819052848,5.225227003615561,0.27173476265288016,5.482236116673571,5.407063717195131,0.12241926959453141,5.913310415191708,7.737471926922658,-0.16400340468565375,5.922602160104276,5.432540766424024,-0.043544565842537054,5.88874397292072,5.081500514886391,0.05976798777264721,5.851468924423986,4.777550719222106,0.1697828327592784,5.515107903647846,6.180128770625022,0.21284306635291692,5.313666485908825,6.374084063540449,0.3540392073577328,5.925199438890624,6.064733364083216,0.1494108805877779,5.364393204612487,5.928715665519001,0.2910505730378033,5.989329958379294,6.231501363877482,-0.05116230891096908,5.972427700675563,6.650888995798458,-0.365377642042775,5.225789831970268,6.526817981827747,0.45439350662744515,5.37797796631824,6.459117563934608,0.24445295462196076,5.499809996872739,6.484551458154345,0.13870625110154586,5.681597390441844,6.430525013162359,0.08925886083107865,5.816306658140219,6.3458592369638644,0.06757845512829232,5.917362271639609,6.258207424249482,0.04558820144616383,6.099526092935639,6.008307282993872,-0.13335437266826505,5.249045304845465,6.838717728002272,0.38707627076413353,5.296929232651866,5.935600884038634,0.3492246586524257,6.165006385063625,6.787828906028923,-0.4878845589169316,5.941721279748939,6.472988816877617,-0.0846512306485329,5.13387075040934,6.355241643660375,1.1250251594273926,5.991889521863523,6.161560511979586,0.0390880603542791,5.91091259233003,6.78349889922789,-0.09147756433949594,5.425869872361628,6.031364387885806,0.3080543492741031,5.971043113911212,6.571244431841766,-0.31857442536639974,5.2290971738484435,7.41108225179151,1.0030664743607285,5.9301611770021605,6.012213717940332,0.18261592894709874,6.034870823041517,6.458891272121891,-0.40763727542059747,5.493061133676154,7.9954714293084415,0.2589534230109673,5.513620325096938,8.21505281942556,0.41671628245714826,5.181317325770007,6.951901349663048,0.7451744515198072,5.373908702807822,7.842090548530938,0.41568876712885033,5.183330380020639,5.967425708731957,0.71228630009353,5.897730368944974,8.347677954034694,-0.1304841452486386,6.18044499892741,6.848472935954349,-0.3663141782708879,5.864386415399933,6.60958638821192,-0.05976874139872622,5.225354292760215,6.220949782815265,0.5272513560927573,5.59310750019671,6.109033250246852,0.17933900409743492,5.674934837263571,6.110870420636637,0.15075871533146323,5.906742875563005,7.548396413866084,-0.14100082152403748,5.279048552975841,7.151857727381112,0.3728645828224258,6.085770887076075,8.535741681582484,-0.13505243388331534,5.786660617438573,8.432487338498952,0.10298524757607193,5.658015535144458,8.349977862169716,0.24140986917852736,6.155280914176681,5.054049939944665,0.02940627428129127,6.291813934320818,8.5306435881479,-0.17419427650773683,5.759698528188721,6.08719536502536,0.14514728354348166,5.840408186783156,6.054663741064432,0.15881225826257775,5.89942538165754,6.033927940488529,0.18087473538833843,5.237263624698734,5.937834065100675,0.46071997657264824,5.825057333526227,5.90147361268034,0.15573558262819412,5.736185213199995,5.852340365491229,0.14415624825049708,5.649278277702474,5.843707550424345,0.1519386104531204,5.5650857560161535,5.8754025474430644,0.17746422040003718,5.515692853477835,5.925121107109299,0.20946949604157172,5.138897039711042,5.971547556077061,1.0055784404083883,5.539820492714547,6.087343325056752,0.21633626488817256,6.223515148653666,7.033884987645425,-0.3040298953503978,5.937477945613353,7.140620017938029,-0.20646213134101116,5.998269935570171,6.778324649894796,-0.27791356721748894,6.1039329809294545,7.04968914982206,-0.2951557386146622,6.182382985220937,5.804081823193584,-0.08061008362385945,5.624368408593917,8.14624270129698,0.1268218058227176,5.754698349480795,8.250910642915725,0.00046921160751404697,6.073750585114011,8.398693702505561,-0.24638611317549367,5.403665350885877,8.04854556292191,0.6365134022891554,5.896427015139036,5.967879380298799,0.17217775444386998,6.047027842973765,6.229799098222201,-0.19175359415785953,6.283518743737331,8.393839307946212,-0.28087415043753583,5.92483243998923,8.494217133948856,-0.036451448519603954,5.2232045205394,7.291531997015245,0.6817639679191991,6.071779960578264,7.437424214439202,-0.22825940008329776,6.059038716110299,7.473100714361484,-0.25162738423236614,6.051437632144666,7.522728249596643,-0.27986982186048087,6.0469165103030855,7.590153780960873,-0.2771721124829716,6.016700388304016,7.797181777826353,-0.22069535145640493,5.926289556180734,7.476993368716785,-0.145939690200574,5.907818486967684,7.471307061627991,-0.14340885516913154,5.890645694500671,7.4624700762236715,-0.1400474335368345,5.779769959211903,7.391232398168281,-0.10670436394418613,5.400002977461788,7.169334418147896,0.15479340270403086,6.0451620234602546,6.108376133636846,-0.08431360049877426,5.988297864630907,5.876351594997361,0.11684400052561941,5.934319289060841,5.904548497744491,0.15725390685658092,5.945374586994634,7.481540238505006,-0.13856649596160045,5.404018569196112,7.567322967881656,0.2544232803218838,6.070319943209674,5.855649520605084,-0.013066639526662571,5.961837679016955,7.9901448681783265,-0.18962976253997524,6.189657686764382,6.21988505082466,-0.3853628990403202,6.104232527463596,6.136434867825249,-0.2497344115145652,6.186727497907401,6.094351843602545,-0.2735027581015181,5.994159692933411,6.464904686927145,-0.21551067601815774,6.27477604658831,8.219553995674675,-0.31384831723132733,6.268661090585042,8.014104239144043,-0.28517185897804,6.111732795525486,8.023483744663467,-0.2613441969189435,5.7322316341258865,7.776724127603582,-0.049112780291386125,5.834885796199727,6.925146694574855,-0.07982658448703933,5.8397546966445075,7.910014357059708,-0.11992347534258223,5.60060341649297,6.954726370850657,-0.030928114486986534,5.743640150369915,7.095402271873772,-0.08173049894888967,5.528312611155319,7.233113169914874,0.0202209209721774,6.082153119249684,8.228974117673305,-0.2770753083631683,5.947299880638411,6.572436815624161,-0.1551718816538165,5.649017534411859,7.935002195302455,0.032764468920716175,5.782647201587062,8.06611509135545,-0.06165892060030947,5.645842921385373,7.611082147165866,-0.007708621590700494,5.312881354859893,7.419464477687581,0.3698299742557909,5.526012703020298,7.682324176986886,0.09512247970381572,5.277206305526154,7.598092126762767,0.5899503260129946,5.670609907522438,7.317597622545485,-0.05411128175631,5.996873744097476,6.348035119778454,-0.13323711298346008,6.002400849093669,6.705558776809292,-0.39146561570275623,5.957669412838473,6.776091468832756,-0.2917727168123412,6.034462482366647,6.58739383409165,-0.45541268107162053,5.8996893887723765,5.736793735093809,0.10036991576199623,5.725230005875673,5.643165134934885,0.09420856925715765,5.576458370193741,5.631656890728521,0.10598925779062666,5.461264232812285,5.684410444273973,0.14981966323884593,5.387610599538428,5.7814896319297,0.21287434466837665,5.370109974060685,6.093250846898362,0.35048163895587886,5.15402957939224,6.625325273904117,0.7677695892916686,5.454764145550834,6.295533968639495,0.24206009549295388,5.554333993734995,6.322964597988753,0.17301737322494973,5.680125405717774,6.30333523382407,0.12490645097700617,5.80221709162148,6.2502219343199386,0.10401727332812095,5.898588392068194,6.182264762254678,0.10337471926716046,5.963935592697355,6.1210941686881215,0.0993198596476659,5.153299933355081,6.703627318164209,1.1504073764302831,5.9697201771599415,6.830963606945346,-0.24652008862671282,6.048137543209206,6.342653436283703,-0.2856016411648134,6.064841070282538,6.688033491326316,-0.4730028803918982,6.126383014516118,6.774381224940488,-0.44567188834319066,6.071276606353822,6.724452692582645,-0.42767294037001397,6.002364947027228,6.882893226198341,-0.22059206501904988,6.138207487024869,6.783084756198846,-0.4731999791101864,6.154596961678629,6.83496215426429,-0.3636169675331903,5.962699328611532,6.008735206614075,0.1635838672804657,6.011700209596089,6.02741225940024,0.09649813628244801,6.042154953410492,6.038018600179957,0.02220192203241415,5.490409820466576,5.968056352101052,0.24369316354164128,5.41250124834879,5.918561908364719,0.2528245730893101,6.271710952996825,6.238347416506452,-0.3559737258380248,6.900689771738868,5.923817028009089,0.2032634929417806,6.286735423831566,6.807313211339301,-0.36661481274643704,7.249680341665158,5.404367798387854,0.7511702779389766,6.630122370216016,6.090872606982016,0.09177253245354873,6.732151691274934,6.099241777581199,0.09558180629943099,6.827688903309389,6.078963275043496,0.1227651669657132,6.9423035305678935,5.979891704023876,0.21071215178316222,6.536739282168004,6.05691759301321,0.10992741302874288,6.756963283009699,5.578063083769502,0.08414212506717242,6.6373477517489965,5.61685508523514,0.08972648864628602,6.867085437550347,5.599445846835609,0.11327922451194217,6.939464728789126,5.664654516258907,0.1499300326280714,7.0261359436484,6.076622387782133,0.2520202444076295,6.64614412067411,8.09979558144248,-0.18838946400476722,6.927651135694448,5.8683548630066085,0.23945957554782957,7.312444406746265,6.057052860394851,0.7050774643361188,7.136385024686566,5.971896059974531,0.36490683539876817,6.703230582197682,6.650391443928189,-0.08021243537313172,6.348595046956075,7.224634479880689,-0.3457509524007174,6.344794504973259,7.366219174626031,-0.31350137724963023,6.468589181826517,7.282908973421026,-0.29720140844206616,6.556874176439945,7.346370771591346,-0.23560864827858782,6.439949486926618,7.3804886141241095,-0.27932789104697214,6.521344185960512,7.397331397697576,-0.21971541089923013,6.698535027083797,7.5896417232051725,-0.1270631134934002,6.277683751322874,6.682019351226791,-0.5312422878218502,6.286261081377986,6.531879085254483,-0.5478955429359873,7.073129210089362,5.533619589340103,0.20598604364808978,6.49133803665305,6.288681388362081,-0.04313379996494532,6.503883451667702,6.686036756196795,-0.2920437275499875,6.508391880859532,6.618794724283263,-0.2558742315120793,7.012987083799835,6.63996171230359,0.04428111634117936,6.275882845646665,6.365665572930802,-0.46970668991314685,6.8331467427026515,5.366263738538762,0.05088580180267132,6.973261991253874,5.413835427161269,0.12366768235940216,7.135551661568578,5.108873120693928,0.5849396758690225,6.39247970214926,5.569347585155663,-0.03675000910684542,6.536458593284922,5.706507622197537,0.11787026925438816,6.772694915759182,7.447386131258665,-0.08731099806946278,7.306556467849986,7.569582984831743,0.7746189057448607,6.4302472254563625,6.7796446854689805,-0.2614031270785053,6.353469024460756,6.830840306919186,-0.27707462839978875,6.661617548662928,7.4561077948738115,-0.09663232705540402,6.639855819339946,7.44803817080877,-0.12255299572584473,7.02498852811084,5.317832213557356,0.18518647383990747,6.508066223731615,6.772416402758914,-0.24543423244044868,6.642904231163186,5.414319561087515,-0.004636231496346047,6.65830440443058,5.2783515451809,-0.009828301890493538,6.712762399514127,4.751744749041073,0.2413305401175788,7.071948431015311,5.210912233225511,0.35745552470020625,6.670659067051819,4.9978370953711515,0.11043323778679699,7.129406968500177,5.4790752842382435,0.3029039213247397,7.1853547180174475,5.4507601585248535,0.5138005018418844,6.349378364769327,7.302355563429285,-0.3415096581552707,6.453676406309592,7.334995256236671,-0.2947454260459902,6.539253877407399,7.372816451319867,-0.23740352494616435,6.407771806570196,6.8148968882424175,-0.24175361333234052,6.65329842336848,7.451230916192045,-0.11024120479568647,6.5998746979161345,7.464386303689054,-0.17749751594018962,6.62843678632898,7.4453357243530505,-0.12475806030214036,6.386674446799936,6.697560956877132,-0.3885419091633275,6.507806568382407,7.414305459534189,-0.20430021044114857,6.4298729736122535,7.404667023959829,-0.24237426123975622,6.340162775755269,7.408613350091223,-0.27373764011826385,6.383006633668809,7.808201898987977,-0.25516897349480044,6.360995403116421,7.58997245739299,-0.3273687544013751,6.355428044288158,7.515834327545751,-0.32612879584785687,6.349334121818765,7.4547239334037325,-0.29246956594915946,6.338773111931018,7.412411716191224,-0.27092034784773605,6.50787402074966,7.417704913784849,-0.20327623092242433,6.522792598620757,7.440788129270558,-0.2254491794319174,6.537555963517747,7.4779202947958,-0.24910333750199629,6.551413435869597,7.518694162858394,-0.23846356518945122,6.637426808824593,7.178148919429798,-0.1889119025347286,7.378120528327565,6.806992631271285,1.0224437081042719,6.569408712040524,7.432238360397764,-0.15940531098950633,6.581907708221798,7.448901996286162,-0.17418434904239527,6.334587438690019,6.892583157665979,-0.29158438962164923,6.474330611279947,6.878107734594787,-0.18350359847366735,6.343179274630562,6.865777006684508,-0.2851281826636263,6.602978957398283,6.376608087605373,-0.023623245234935697,6.771187754262942,6.469540767910764,-0.007292323927697971,6.527824690276631,6.70055134515865,-0.20741707191126416,6.9634763209423935,4.884400708656747,0.3997767627602168,6.9085773469417555,5.051303613185517,0.2255381639728557,6.865871294939806,5.241912398332105,0.08373822681971423,6.612504972360556,7.674265432335917,-0.18506944080956234,6.421355842981678,5.362624937178497,-0.05521644323619211,6.427882766131176,5.017447239237639,0.044199390409317835,6.4478153033013585,4.708020746529032,0.15114266798645434,6.903424856436808,6.041455044438465,0.1670368799799894,7.131996994343811,6.185466936463482,0.29476417036982006,6.474895615517469,6.020689144150294,0.128698640742977,7.036435122304124,5.754824550684041,0.23800375128674728,6.41422620029254,6.1886226918389085,-0.06689909238305168,6.443243048213635,6.608386751486809,-0.38020206765124953,7.246026309125191,6.304468868770471,0.3894861063121834,7.068282068472728,6.281400159170192,0.18922326909895174,6.941968444614447,6.333453803743618,0.09252167077425513,6.751983412541375,6.320273756241377,0.05461947505346958,6.607166806522096,6.268306421686264,0.041158316524215616,6.493326068251314,6.201194217447336,0.025348691975097728,6.278299526159402,5.988577102925446,-0.13994835153970972,7.246309899185359,6.623834068881852,0.3206568358817459,7.110343333867287,5.742569616025137,0.2900885381829569,6.247660194952895,6.779564177804841,-0.4911209126182817,6.483573036182052,6.420253395688953,-0.10341972151016429,7.357367683336281,6.102179219380895,1.0434129627738231,6.4101565741349855,6.121274041667461,0.02311812027252638,6.538353061922159,6.728009535690227,-0.10959359634027127,6.9779328863625265,5.876410343833355,0.25835689113807997,6.444766166183848,6.527190057789043,-0.33373908198455976,7.361021715876248,7.181761610196288,0.9268491071605821,6.465392084677613,5.971523258718965,0.1616157019456085,6.361576363827917,6.426826737671828,-0.4184709959544388,7.090771267950054,7.834584478114875,0.20904753343366325,7.0984840472335025,8.05476641188882,0.3643769172716317,7.346980018779431,6.712633297133794,0.6720389503411751,7.208139837557558,7.648333260951639,0.35680049331123087,7.251386959086068,5.735945503443255,0.6418479869871495,6.682330502469277,8.273693586573021,-0.15391697523867098,6.243546325844778,6.8416645986274975,-0.36833020169494307,6.5761321899376055,6.539530214524851,-0.08266606622918672,7.217066759451547,6.007457963401911,0.46364472572259235,6.816119009089945,5.993764770202564,0.13935354224071728,6.735705633205431,6.015477179515081,0.1155048126495775,6.615023919365579,7.488197714623379,-0.1648436694319441,7.2457528731848235,6.939342154057237,0.30896151108421904,6.50241255488504,8.498529733687374,-0.1476247867805207,6.8154031436439455,8.339242056362531,0.06971917816979716,6.949663816835379,8.22592352996725,0.19891650972170438,6.644561528573632,6.012050526729238,0.11502949558181962,6.5607588525582585,5.995738658562532,0.13284854791021095,6.5007153662896595,5.984892245378939,0.15815309042971004,7.18057720465088,5.727532089893509,0.3956471638325857,6.561551599197041,5.8360041999664265,0.12932197450574195,6.6465372301692796,5.768000246420653,0.11391591955511546,6.734307265849921,5.740909054790469,0.11580804231869193,6.817867693578603,5.754230897322794,0.13724417117737162,6.873745089551535,5.793501230360506,0.1665819164827263,7.314853834316287,5.720725203155201,0.9267608025830233,6.867870205952143,5.960989810013537,0.1734700248467223,6.532590598934854,7.088295113307051,-0.22464825056713456,6.430752755563619,6.741242529674289,-0.29110025569540304,6.348241103351569,7.028699133603986,-0.30268164129596176,6.958350666325492,8.012556461168598,0.08698015055441524,6.8276881780151175,8.150152762714798,-0.030514229277391072,6.49825009106073,8.361823368212342,-0.258438600070857,7.212552527905545,7.859288001003183,0.5718589483510897,6.496160518264452,5.916529996463028,0.14864812033403435,6.345970932281681,6.200164299581763,-0.2021549033131932,6.6701404816476755,8.428245092304772,-0.060558127885141026,7.334343941980838,7.0643836117632555,0.6104460541850208,6.430659917896863,7.407199026261739,-0.24062952053869918,6.443781941857381,7.444812787183277,-0.26405883738460384,6.4563969851221,7.496041772169973,-0.29292262554895976,6.4645659745023405,7.55807981768528,-0.290487903341218,6.510750537830547,7.752209181225873,-0.23514090146978903,6.588045873641755,7.424832380591173,-0.16779612708960523,6.603700625198455,7.4137150699971635,-0.16731588028734554,6.620594904665199,7.403970016164888,-0.16551452130221722,6.72429893019708,7.303077231229457,-0.13608402899189065,7.110339707395929,6.987956453195069,0.10255648533436786,6.343864677717158,6.076897636958179,-0.09501590111043132,6.393563291790926,5.836108642341527,0.10275152149707144,6.4526087731418995,5.856273998972871,0.13808785840600574,6.5674990122235855,7.428752596128792,-0.15883589832274042,7.144187740459684,7.385342283389187,0.20067274180387595,6.30231619537257,5.830311002582054,-0.020718530922652214,6.584254035190196,7.930029577776846,-0.20678461530649012,6.275581123229708,6.1186608064071395,-0.2551046489590941,6.41903852778414,6.4215473206693625,-0.22881336624862467,6.429904886560201,7.9963882012676555,-0.2701763092523764,6.810416020232906,7.671178579916287,-0.0789488254267278,6.628092996844275,6.849631956200254,-0.1026938832679308,6.7069948594669215,7.824012588813057,-0.14378016050526285,6.87494690215946,6.823400238281833,-0.067150843157972,6.73897671037003,6.995094799415465,-0.1101799174297422,6.975875951808468,7.080540992250126,-0.020790078652675962,6.475167600869293,8.192783384112508,-0.28860188891533456,6.481680018133359,6.522023061398664,-0.17271373557780756,6.90954634008852,7.80862982260818,-0.0031133929485846496,6.781278048168466,7.9683860400324305,-0.08939430953628684,6.88407327997812,7.481892006226698,-0.044190777539843414,7.233209634052987,7.211490697092025,0.3089876670088861,7.021818992144254,7.528497240232391,0.05072481480619917,7.299891738788898,7.380690245931595,0.5229345405812875,6.8326702243662565,7.199561782208174,-0.08818692122864949,6.411525204425363,6.305628614310647,-0.14811654762934093,6.412106890431129,6.667557708746758,-0.4049050918997445,6.473226713398678,6.7321538671577486,-0.30723322549694737,6.36683547259078,6.555403279657282,-0.46809318214434475,6.47309470984126,5.6721435422595885,0.08087069658816001,6.640069781150047,5.538479060959353,0.0673177685012923,6.7871224694084535,5.4994825265091425,0.07120649040171455,6.9086404475433785,5.528516781492754,0.10636491489238716,6.994354999258505,5.609437138073068,0.16398288112431406,7.0457130866255335,5.9229546531202395,0.29644184401620655,7.342165515405015,6.383046524853743,0.6930465549453335,6.976246577181219,6.141382100051355,0.19289350743279862,6.874792414479624,6.188332574130297,0.13027656376158217,6.744520134487333,6.200196937823982,0.09013044355735916,6.614490102781733,6.174337295866857,0.07687700534101831,6.510165950647694,6.126760892831585,0.08335517511620102,6.4353518465393895,6.080449040358725,0.0829894568125051,7.374053803347096,6.454567792969302,1.069884027801848,6.470119552739445,6.787868071919586,-0.26215095080334455,6.346922518365927,6.309931059929362,-0.2960767716777212,6.34163729900929,6.6622616099760466,-0.48218424458251863,6.290277035759447,6.761395556303018,-0.450361097132199,6.3410955041884565,6.702970926848474,-0.4367443318167137,6.444956193282988,6.847465502211193,-0.23299636496699716,6.274879763669139,6.769579776862961,-0.4777278099237794,6.269828089067934,6.829787179636925,-0.3674372057885679,6.42964885768235,5.971278471902323,0.14635854764238249,6.379905275363748,5.99609586599126,0.0837310248742524,6.348732127573395,6.010460681686045,0.011371147298255686,6.903467648798828,5.830403840248809,0.19893813255717438,6.983696074644103,5.75806407754783,0.20391689241864505,5.666496763708593,5.979695874570563,0.16136554341826867,5.770985920289405,5.965434413309471,0.16117770353466543,5.659747175217736,5.844765029472236,0.161258596511387,5.56309772441789,5.99306885034903,0.1611939773248829,5.674035109719738,6.12044357972656,0.161169113330637,6.731302371682973,5.886329105643661,0.13371349532717927,6.83583903503857,5.874195295128103,0.1333307212753794,6.726183970008787,5.749014218274816,0.1333459751205275,6.625380396268754,5.895369898738281,0.13322759349614624,6.733340448585972,6.025963121445724,0.13324666646894287
6.222118942233629,7.250185966541324,-0.35870984553536217,6.192130401379784,6.675489601690979,-0.5434960478313489,6.206760423858057,6.885094381986648,-0.3150773721860003,6.101314625554406,6.243842747823179,-0.3518743127713746,6.185736148126152,6.519012883026796,-0.5613975581913618,6.181397759536965,6.3440297616276355,-0.5008431471058191,6.175754450861365,5.947150483081104,-0.17406788506496532,5.493052051877445,6.053075307265533,0.25037002305421274,6.164960980335271,5.619962771791238,-0.06815868670114605,6.158908526349557,5.420897285023697,-0.06590724469473837,6.133539344669543,4.712340161120063,0.13884639153557218,6.224640435985514,7.3061983215713635,-0.35375472922844786,6.228473367182737,7.361604562221641,-0.3261201090611471,6.2311570707566855,7.405066656420569,-0.28318546834054464,6.231498145873612,7.409989434859776,-0.28182628218921507,6.232005775718549,7.4608291793585915,-0.30204788180664405,6.234719893634134,7.526522708992007,-0.3325526744281661,6.236735205843065,7.603439130689387,-0.3314464658997214,6.249662025189679,7.817347540326659,-0.2558450797729173,6.197639017970995,6.774775771662195,-0.4987582258828445,6.1269336393264355,6.801063176799241,-0.36453328677006225,5.1569837149051425,5.6338270045961565,0.8304082008408541,5.7714207620098605,6.155280529882886,0.12339116505807732,5.67235690639299,6.184236431423063,0.1324767028413491,5.579566732889692,6.190379404282697,0.1646838386652274,5.45721671591943,6.120647284570515,0.26091662598140986,5.857522676957037,6.105896328876686,0.1336186436952733,5.605524287250178,5.700720814497737,0.12232785116101096,5.726178342598695,5.711774979380716,0.11944909072862665,5.499756603830872,5.7438164882950415,0.1569397113894194,5.436027333761497,5.821221711911583,0.19734003862261748,5.391058643425063,6.238783828997598,0.30595988124023515,5.904094999663819,8.15915984296236,-0.16776885766669522,5.461066302589455,6.00971495628089,0.2895009928035865,5.142223345248427,6.289585193493872,0.7815130733104384,5.283289768741157,6.163398262495935,0.426649171060425,5.7396424819808916,6.733765652719982,-0.05178221004177097,6.109107214372338,7.223116478333617,-0.33937499143656147,6.129683240640597,7.368544825322753,-0.30865336085256667,6.001579119893057,7.299315266398568,-0.2831499396825315,5.9281940205050025,7.3811841567258,-0.21616223907897836,6.043699362305011,7.39444118892447,-0.2675877538406422,5.971830997168341,7.431627066481355,-0.20386325864186627,5.812742990029346,7.661759354928863,-0.1012793276857549,6.116211135597496,6.684197517361979,-0.5305807243817229,6.097961082313458,6.5345879225487815,-0.5460067698372381,5.304579083735896,5.73118584670389,0.26162955263239535,5.916721658424518,6.334799008940879,-0.02399817432949294,5.918956750459324,6.725023701952388,-0.2754848919579509,5.912437219084188,6.658591538307794,-0.2380113680494696,5.449142070290367,6.794721062416985,0.09184811529527559,6.098056670244317,6.3734570854631825,-0.46605013598098044,5.518466492994418,5.5300717367818155,0.08485584344366778,5.387206884302064,5.5986832328348815,0.1682392955693111,5.2324130925417816,5.3175167653473805,0.6557135178334372,5.9596178286237045,5.63570146943727,-0.027808953861039022,5.83228529075745,5.778082951130294,0.14301849695336932,5.733599079882569,7.5386609279090395,-0.056151143093475187,5.295363538219958,7.766235515055095,0.8459271186610102,5.994400973191286,6.801272456435742,-0.24747998170716626,6.072007510783424,6.840220917505577,-0.2720367338640388,5.844511131944436,7.516168798117666,-0.07016041542155953,5.865539390506793,7.504294894312476,-0.09896900315186295,5.33406940870769,5.515141915793124,0.23573830334705453,5.925475195607974,6.80836044633909,-0.22902307016650522,5.7058123201179285,5.538969017937054,0.01860712054014249,5.683035598986954,5.410784878504971,0.014091099975749638,5.590838867221068,4.86776324009183,0.28170267866687876,5.285511463982623,5.411394251564192,0.4167618849811348,5.643972359984989,5.114573450021152,0.14085301393260688,5.252026722142534,5.6889073773003265,0.3631170284687268,5.206175653823138,5.669572183755748,0.5828022847503481,6.116948321306691,7.30122919746871,-0.335676616545419,6.024133888745183,7.3507835739578775,-0.2818935829719738,5.949895377413821,7.404249089951334,-0.21976246888107423,6.02134011422055,6.833177100812701,-0.2326611142281807,5.855531985881813,7.5100069973322565,-0.08565119884421565,5.903934962294731,7.510564593595597,-0.15600907553179968,5.878810543649794,7.499354012098486,-0.10219921442709672,6.02425554611173,6.715483012641333,-0.3785222093238037,5.988643972810043,7.446979791648997,-0.18875719740565444,6.060624219274875,7.419649609084403,-0.23082292482579062,6.142746924524577,7.407922707930459,-0.2679270638395273,6.129444994964443,7.828584915410449,-0.24959049714174142,6.131335753202861,7.603728066934936,-0.3210814212038871,6.130334252381822,7.524656571887295,-0.3203502776295255,6.134051319420429,7.4648257686798605,-0.2860250680450998,6.141192172346145,7.4126716901317415,-0.2663248571414438,5.987771008789969,7.451077037958062,-0.1887449773576754,5.974124745433447,7.47812045673008,-0.20931853698661962,5.9613355147751905,7.513997069294603,-0.2322146525122941,5.951333541282645,7.558282523170697,-0.22101871244303953,5.835591040032969,7.238926142776801,-0.1660058102445171,5.170100623886985,7.033346917842054,1.1061524067428643,6.2021649616669405,6.833857802744572,-0.37858740554274384,5.9334097180202106,7.476707638145954,-0.14019640133605826,5.9200212524166105,7.495158281254596,-0.15352650489569927,6.094674160963714,6.898825733084654,-0.28680040745965235,5.967032410624152,6.903329952250859,-0.17084407800006132,6.084171074985154,6.871985800741205,-0.28049264499004906,5.818318952662751,6.447451557910459,0.0013626319679548359,5.664346710202157,6.573606626264777,0.026020761992915104,5.903727130960213,6.743141959756,-0.189140918227056,5.36972768974832,5.058012550615165,0.45766781669946627,5.4247367335798415,5.222082354499163,0.2724458565444339,5.479645120423566,5.414537791017649,0.12181308163989327,5.900056047509557,7.730636252320259,-0.16438067964161368,5.9170884409016375,5.440141235543364,-0.045104813750519765,5.878935821771298,5.073949665632826,0.059450663538982755,5.839022791580983,4.763373978084561,0.17144221540405832,5.503613794086306,6.173852106207084,0.21395645252960355,5.30059987403842,6.367755844708273,0.3554846580576309,5.915358082107804,6.0557568383865075,0.15080330114814464,5.35550101937223,5.928021672569061,0.2925884784443686,5.97953849824479,6.22100519800893,-0.0517811690747209,5.963681039836177,6.638202342995304,-0.3674593093694915,5.214696376462874,6.516966432325236,0.4557381806046996,5.3653585247420015,6.451283764956691,0.24555530152074667,5.488032237205397,6.475244472958526,0.13962315662238894,5.669996898312176,6.420849871243166,0.08926594561071625,5.804759949500688,6.336099584121347,0.0679917812124988,5.906141812440874,6.248331759818567,0.04552984229429126,6.089208993431985,5.998133609476207,-0.1353256825642141,5.238751948244576,6.827564930629729,0.3877754333210103,5.2881328905713145,5.936106094236508,0.3506789205224013,6.15564188122757,6.773509955729312,-0.4911062581355452,5.932326026061654,6.461684745645471,-0.08488201471308959,5.123583336655546,6.343995726531042,1.1300369883717334,5.980767382477114,6.151255698672955,0.03923080640987673,5.900895700584029,6.770478659679515,-0.09127227947884035,5.4152337001203374,6.029436122303858,0.3100148552351812,5.961730539140973,6.559169952101196,-0.3202144540592101,5.218158542352525,7.394689572714504,1.0056860516934938,5.920596952454735,6.003454670960657,0.18470514264439228,6.026001474151879,6.446956962783366,-0.4100251988274667,5.4841149424176825,7.978755003090954,0.2605493003910469,5.503689829940397,8.196756314131342,0.4173710317431722,5.169968828406559,6.939504915023818,0.7473361789009288,5.365732186653539,7.8242095951207045,0.41702977558849785,5.173626877139371,5.96075112492517,0.7154822250933637,5.886872516636509,8.33471142288973,-0.12999803583168645,6.170353008616874,6.8326817815346175,-0.36872990017297297,5.854923699049077,6.597704922954969,-0.059840624505255104,5.213060519373411,6.217996350639865,0.5292705994600573,5.581651563593793,6.1011835542249715,0.18131759825142818,5.663763406578623,6.101936671255977,0.15253934000131722,5.892002040183747,7.541701637921724,-0.14165845087273748,5.269852785021136,7.138489296880328,0.3732084572384226,6.074555436046494,8.522702468546536,-0.1357427935352325,5.775315608116844,8.418205308041555,0.103387670667356,5.647183607556137,8.333801889244594,0.2418894455350596,6.144192329903314,5.045167198255077,0.02884024104902695,6.28074765479542,8.517637756513023,-0.1750971978100159,5.748878303724587,6.077876030417336,0.14686026505565858,5.830284823643842,6.04558505148649,0.16053295992336425,5.8898082247554475,6.025114751262969,0.18264209304432835,5.2286598179536075,5.93770429547442,0.4625254668088884,5.815408227753014,5.8950445605739095,0.15833682494892104,5.726463658089288,5.847531927804858,0.1464518778411141,5.639351552509176,5.8397042176638445,0.15408319597030065,5.55469649124272,5.872319254163321,0.17952279001936375,5.5049958362533,5.922656437874139,0.2118912417914248,5.128670859445285,5.961052009662076,1.0103486788890574,5.52814477099383,6.080942085714717,0.2183447849074745,6.212256729882414,7.016966622417685,-0.30527046686675013,5.9260164984740085,7.126656669681647,-0.2076400681372595,5.988522315443496,6.765010595543821,-0.2794899447939307,6.092773988762408,7.0346757349111835,-0.2963824412663694,6.171937450985951,5.797239279380007,-0.08220327836234763,5.614415413121991,8.13119313167637,0.1279125262360314,5.743980146419086,8.23692786622557,0.0013141764368494629,6.062779654700633,8.386129039879645,-0.2462226971781509,5.394329271377501,8.029441951730595,0.6372580319650404,5.8869767943792635,5.959641363530924,0.17427743625808764,6.037420611134499,6.21857205067799,-0.19298481352288235,6.272423539149836,8.381323573901037,-0.28060923329965665,5.913424236885399,8.481066683147796,-0.0365694496829272,5.213096002771987,7.2763111618563086,0.6835079264429234,6.0596502361915086,7.428057726244984,-0.2301980504094098,6.046522464944794,7.465269673237558,-0.25230237471519695,6.038141865521885,7.517373785367274,-0.28007478723832085,6.033062670468546,7.587609190018446,-0.2771754450769792,6.004095182512508,7.791533005786964,-0.2207806025451958,5.9140527999458925,7.467534817538506,-0.14712074443021952,5.894637225641275,7.461630814506018,-0.14460109500039006,5.876696022755048,7.452284197660646,-0.14116263374084656,5.767883646492605,7.37995165173852,-0.10742793534529023,5.391595963460645,7.156493862978298,0.15395975085599373,6.0351583634375165,6.097933564575786,-0.08542964258543985,5.978662275545255,5.870883986898462,0.1181789864640925,5.9248868229275,5.898398103814858,0.15894013324359066,5.933988314662301,7.472039036704712,-0.13878688669082972,5.395328961821062,7.552553040527124,0.25465699692301297,6.058637511030104,5.850020834762132,-0.013178627295924733,5.94981680703126,7.980791315678633,-0.18907855072292587,6.180281118708302,6.207792339020733,-0.38795416283756323,6.094540917181305,6.12500667353845,-0.2516468596599946,6.176948575846103,6.082417905435092,-0.2756246757290002,5.98498773445471,6.453154246967351,-0.21656866882287434,6.263596862716254,8.208697563978728,-0.31339684403225854,6.2575567192973915,8.005683281855346,-0.2843749089735578,6.100226226614405,8.015223971166401,-0.26063966085693646,5.720084974081969,7.766150065238115,-0.049217861260514424,5.8250285736731175,6.9115468935497235,-0.08011097419371903,5.827345856845442,7.899981858251748,-0.11983369410904891,5.592178546555068,6.942697696744687,-0.03140227594156894,5.734384421632689,7.082403802600163,-0.08226565152390738,5.520011107058971,7.220655813265005,0.02041518837287864,6.071042217511953,8.21807676761871,-0.2766429451714327,5.937944713603549,6.560477044640585,-0.15565380026652714,5.638453243204404,7.922509471441699,0.03308507272458832,5.771411710122469,8.05393925561702,-0.06085238790362464,5.634701778993709,7.599739443274573,-0.008015290706206197,5.304091730118717,7.40422012391168,0.3702530386346882,5.516438508143138,7.6692716973131425,0.09517387489936041,5.2684316387006085,7.580392301238637,0.5911784940078728,5.660896492803863,7.3055632411519476,-0.05489220093758117,5.9874013297088835,6.336816493602784,-0.13386473056888112,5.994288005636635,6.692034279390384,-0.3938356719298823,5.9476128534890815,6.762985869372002,-0.29346302654473627,6.0260224745306274,6.574986133903302,-0.45884908800410823,5.8921428875515645,5.737748102987517,0.10180382798581886,5.71920150987252,5.646768306962597,0.09460848835543319,5.57075852230639,5.635218460726038,0.10593340084773334,5.454799499910299,5.687253054360584,0.14956526319469626,5.380204344215697,5.783321821477225,0.21297242185123091,5.359244517922022,6.090755779949512,0.35219183035136375,5.142408365826717,6.614534191993975,0.7705462591407911,5.442957820824225,6.288819041745023,0.24353503340346866,5.542673412333313,6.314288156261843,0.17384030930107391,5.668646718788801,6.294226277197444,0.1253885319002538,5.790845026126375,6.241087353301087,0.10550720404474533,5.88798191595526,6.173161990312326,0.10376701263823174,5.953582030110791,6.111932851540592,0.10011600174786736,5.142589041499059,6.691405716329891,1.1548390693066448,5.959078698210644,6.8172950212703824,-0.247949752033087,6.038913086327674,6.330932042647063,-0.2871549472590743,6.056645371652896,6.674827003533892,-0.4760677239792769,6.117489986248223,6.759915469168672,-0.4486532230836284,6.062962140750454,6.710356747773557,-0.430399368006886,5.991271192606666,6.869065299793085,-0.22193053168974333,6.128967779461142,6.768824698815268,-0.47638662197209325,6.144551508795024,6.81939940405125,-0.36606199214252355,5.952950570446332,6.000163766780461,0.16521576151295272,6.001356443463217,6.01872520499078,0.09762983298652866,6.030814905791392,6.028332154117543,0.021644337090036686,5.479496669470339,5.965733645821163,0.245883160882081,5.403680233128822,5.917537776591771,0.2546573137390717,6.262125387901827,6.226464572332728,-0.3581768251462906,6.892224372647494,5.9186971423289245,0.20493950542304382,6.277819912337386,6.789970631913721,-0.36906798816706016,7.237141834734111,5.398321877868317,0.7552119998234297,6.619196276076296,6.080939913261743,0.09336471942577983,6.72202426854621,6.090080871225572,0.09659901536519919,6.81794168810566,6.070622209936968,0.12338916232799187,6.933319941406686,5.975961916498506,0.2119618917725185,6.5247177445366615,6.047516000104928,0.11081313756239168,6.745725730493142,5.582927517640554,0.08560430441009603,6.626956278099617,5.61958838572871,0.09124102218019023,6.855536710972658,5.604402215289079,0.11416792543785637,6.927783082926813,5.667954068365574,0.15089389922607824,7.016558925409555,6.071368809609052,0.2530274761547245,6.634585932944495,8.090775368245083,-0.18739501281662627,6.91947562275403,5.865730928444005,0.241063347661957,7.300697670641058,6.05068090201263,0.7080490867237634,7.127094781031414,5.970184277814009,0.36630028307811513,6.691980692217024,6.639297259294227,-0.0805212623046158,6.336024272418246,7.205145947332242,-0.3467722390726529,6.3317199189256534,7.3513114800305726,-0.3150860619978965,6.456270992834128,7.265165029797428,-0.29832205706698567,6.544397271877627,7.331578365516247,-0.23607811119974617,6.426357039532393,7.367001659560183,-0.28056757198793547,6.507257015833197,7.3857607909911405,-0.22031934099342343,6.687853031566321,7.582091883615339,-0.12634157117916847,6.2684725713410225,6.668899103518689,-0.534671317553556,6.276743823964238,6.519366992861566,-0.5513407302612215,7.062103677859609,5.543423632760352,0.20575673244650233,6.480480808776988,6.278193574248924,-0.043829385844713256,6.494289644031068,6.671349630473423,-0.29387237552231615,6.498780828479429,6.605086194009814,-0.25734094942386454,7.0006225345428845,6.6311129047899735,0.04370749086612219,6.266430465545412,6.353462552440979,-0.47252060612645297,6.819716582185462,5.380096807793481,0.04932317431288947,6.961401792700301,5.426620250308347,0.12180731106168094,7.12472970389366,5.100999963839262,0.5883609130193984,6.379910719098106,5.580310073882314,-0.03812476194689101,6.526300738603756,5.7051439287529115,0.11984893522444502,6.760617895630284,7.438585433357251,-0.08632812727052946,7.286946043315295,7.558202142410657,0.7763126734849223,6.42080424973071,6.763707847910379,-0.26256275696306247,6.344108694085693,6.81482856299384,-0.27930019460447814,6.648128280633758,7.446091258382609,-0.09566672753813048,6.625586908574971,7.438403671458421,-0.12158966974420213,7.01296641234146,5.3314642755163035,0.1843576067428398,6.4988083462171,6.756682134992288,-0.24700373928176034,6.628346648003012,5.427576853767922,-0.006053746708383108,6.643928929034911,5.293968099259624,-0.01124764473290852,6.703749594128467,4.738812586835401,0.243343201279916,7.060308507552049,5.209310865540194,0.3583615515382407,6.659247619105958,4.993171708774065,0.11032512768337628,7.118159481949129,5.488606126866044,0.304025696572054,7.173441892779886,5.449980637138351,0.5162599596361946,6.336437762634308,7.284841660534428,-0.34281556857478285,6.440707539728003,7.319289523193014,-0.29588078566711074,6.526058872172644,7.359438626606509,-0.2379375725375072,6.398660436566177,6.798455509079385,-0.24370663455870048,6.639482641948013,7.441504486003389,-0.10936170136367944,6.5872554241497685,7.455256113329152,-0.1768170677293347,6.613772385151074,7.435754002981067,-0.12401589238128802,6.376083581108814,6.6824892451733815,-0.39097781004251403,6.493166485843481,7.403808806148592,-0.20384205459565077,6.415793124870559,7.392759710322552,-0.2422555264909062,6.3269455914396735,7.3954658625772325,-0.27402206169598414,6.372504102758564,7.803455427708573,-0.2549319932619787,6.349190785742997,7.587918402491753,-0.32788979830569903,6.3430152260887525,7.5105269377440464,-0.32713527823214783,6.336482659995772,7.446111534610366,-0.2933735712675859,6.32607009289113,7.402010015086074,-0.2732087269841041,6.494517751593343,7.40756932224668,-0.20394033546300824,6.510035583187012,7.431517719681661,-0.2249861320571875,6.525650451013522,7.469965068265481,-0.24828664065209477,6.540475270108468,7.512252589556437,-0.23741822049839736,6.625342869690886,7.164733252957895,-0.1891864492206372,7.361500284478886,6.799543183868395,1.0258864246349888,6.555412332607073,7.422191379064047,-0.15929632501246163,6.5684738440380785,7.439370413031876,-0.17350993804098833,6.324201783333443,6.877520486768105,-0.29328431965790186,6.4651230145524075,6.8621916585831775,-0.18446522236907018,6.333321016767531,6.850321375532946,-0.2873349440398621,6.592039165598635,6.366101883844026,-0.024339280562282357,6.760129093711121,6.459855540241318,-0.008648600350150332,6.518266283354712,6.686049895597856,-0.20860006605460663,6.954158110333814,4.874443532987047,0.40241016278072633,6.897368017139064,5.04867281320421,0.22603210027503914,6.851709572983366,5.257003811906093,0.08306736587534806,6.602013621353509,7.667632943619714,-0.18423627750721072,6.408616064395275,5.3746595200749185,-0.05675940163906226,6.416912662303188,5.009643971374335,0.04378556056616245,6.438184597674136,4.692621529625565,0.1527252997129244,6.894005784086219,6.035189501930145,0.16774402155066373,7.122007620317171,6.179625037910138,0.29613403484661743,6.462304618894068,6.011489488285196,0.12982813190534062,7.0258468860246275,5.756798705192494,0.23908729801458842,6.403540490096893,6.177871868360076,-0.06777193915489783,6.432650635798228,6.594696799736895,-0.3824852387725666,7.2339758465999235,6.296259693181159,0.39169295440591045,7.057873187768134,6.274643786089319,0.18998316240429386,6.931406734487536,6.325431391716758,0.0931403457670533,6.742045595155094,6.311445863620788,0.05437063684348995,6.597192948204083,6.25870811937364,0.04128386216051704,6.483168857256884,6.191142659427581,0.025035350901715214,6.268184359246465,5.978019953615926,-0.14194962746041617,7.232903378981732,6.615376379596917,0.32124573558976843,7.099942739610694,5.745990389571078,0.2910473719861804,6.238781656544624,6.764775246471632,-0.4943726317009096,6.473001053187319,6.408787688180226,-0.10402541007869254,7.342883810793225,6.09632232862003,1.0481494511564742,6.399891493251474,6.110440376347417,0.022668756158466013,6.528559365545781,6.713837017437992,-0.10966250689657127,6.968756994319458,5.875055096608646,0.2599345414588265,6.43464494762841,6.514310246488959,-0.3356669310259097,7.342615150775433,7.172457771582639,0.9293441532888774,6.452412716352208,5.962666142221798,0.16340601766669166,6.351807143274749,6.414475894217291,-0.4209638163678882,7.075537402900169,7.824887400448609,0.2104841485260736,7.082199592020602,8.043407203598806,0.364991357531529,7.332443725950911,6.704398433416718,0.6739684591366667,7.190729549396418,7.637826164664699,0.35780805125394494,7.2393751163914395,5.7321953131858345,0.644674107526907,6.67052844324923,8.26382283404436,-0.15312692064164343,6.233942879620414,6.825257061420292,-0.37076388189964965,6.565713380459047,6.527530346987071,-0.08303301962012545,7.2076529580643,6.00533673938718,0.466356542369196,6.80656020697459,5.985088391442508,0.140931606944887,6.7252887412152225,6.00555941581702,0.11695190129438832,6.603231643320963,7.4794145145516255,-0.16411982687669782,7.230660683361516,6.9303965438546005,0.30927633437259516,6.491173622315283,8.487082205432952,-0.14829084796879174,6.803289216946656,8.328840006651854,0.07010460487835889,6.9359544027132225,8.215103403648222,0.19941450491565443,6.633134734357827,6.001659862728593,0.11644638732812886,6.548250479302608,5.986014580560446,0.1343427381123285,6.487783871524766,5.975774361391746,0.15964623703445446,7.170010141231872,5.73027486475677,0.3975407452176947,6.5497936450651775,5.830080250988785,0.1315019277178347,6.635861886991257,5.763879091510431,0.11570647473785632,6.724128651327078,5.737720585249845,0.11737494125164842,6.808427068230293,5.751866874865895,0.13873474781945241,6.86495212216221,5.791396105030794,0.16843813159073326,7.301421097481418,5.71452602899686,0.9313391892700505,6.859016256486102,5.95389196673509,0.1750885985169936,6.5216821035809165,7.072972460088803,-0.2254620802962532,6.421190222209101,6.725928890691577,-0.29292604595493077,6.337921548015586,7.0124479202316525,-0.3037711122391571,6.9450164282189935,8.003192202445097,0.08841783467896251,6.815206569811325,8.14056581795743,-0.029312752399598543,6.486893165805404,8.351064200576428,-0.2581087757718818,7.193812260166601,7.8474932219456255,0.5724995170397701,6.483321653116059,5.908420353535162,0.15040033375117606,6.336089446007468,6.188653028319315,-0.2035861351093635,6.658690746993609,8.417758506879892,-0.0606859406667766,7.317654390254543,7.054736889824592,0.6120239044449141,6.4176216061237215,7.396785265683475,-0.24213511375887556,6.431019847765705,7.43593793733287,-0.2641748075886846,6.444475297336005,7.489508455220072,-0.2924948366692995,6.453564116428456,7.5542004840324495,-0.28969864076478846,6.500725173891207,7.746624057907316,-0.23445094392217958,6.573753628916021,7.414506688743826,-0.16786678777341627,6.590098440941814,7.4024220570001535,-0.1673148149951179,6.607596825496829,7.391769071766383,-0.16536707512556745,6.711568976533079,7.292051307804322,-0.13564858601720137,7.096000461613777,6.978944350465789,0.10218387147796747,6.333456433002914,6.066005023216112,-0.09627008109223706,6.382210622646638,5.831204857478354,0.10376203410016618,6.440788644639035,5.850240252512512,0.13941711303563098,6.5525881437408025,7.419050012063565,-0.15804082823120616,7.128788570200185,7.37598620090988,0.20129048594790566,6.29325446656705,5.824706688557462,-0.021032105614499016,6.573316965868236,7.922178534438651,-0.20572824163093636,6.265757005123455,6.106970968947852,-0.25707751687104197,6.408889793470006,6.409505321812655,-0.23010993028564974,6.4190489077276744,7.988970601125947,-0.26923221022312727,6.79846347474029,7.662568231586203,-0.0777712479980923,6.616983270646726,6.835789837589497,-0.1029017879818777,6.695760760391878,7.815723993804048,-0.14264308123864983,6.862342281989379,6.813601851214491,-0.06723994276058745,6.72615554995187,6.983234220938555,-0.11016636889338172,6.9619210089611006,7.071222911293697,-0.019903428604318762,6.463905716735946,8.18334793437548,-0.28793623828958703,6.47141009345932,6.509618472215994,-0.1735982052579185,6.8969023880516245,7.80000846898974,-0.0018996229002488983,6.7692903279027075,7.9597359014541,-0.08818950647693165,6.870918402179954,7.473242575652337,-0.04319968564086664,7.217226234169965,7.201785886732371,0.3096036732504045,7.0077561459586875,7.520228388575181,0.051667002144990655,7.281806743729674,7.369803399745722,0.5240564860251424,6.818798358728428,7.189414491196124,-0.08792949666902916,6.4012818631548685,6.294220483989513,-0.14909405588165206,6.401325312214349,6.653152440211754,-0.40745011790222113,6.463534227277383,6.717162318790278,-0.3091800449204639,6.356796543605161,6.542254509094218,-0.4715923350744144,6.461555122618019,5.675023230343146,0.08191743673080053,6.62809898836397,5.545851348958858,0.06749167009152636,6.774826462231589,5.507702712658971,0.07099409990778244,6.896861835596108,5.535951842831589,0.10585341610776673,6.983096632250198,5.615219220722391,0.16372918136144146,7.036293488225863,5.921579987425495,0.29772945262915695,7.329083665351042,6.375318153510955,0.6955641805196219,6.966536747379974,6.135314238749346,0.1939593397194935,6.864826844040706,6.180333257579679,0.13072048959415186,6.734457216916723,6.191351939064082,0.09028684010049237,6.604073106772913,6.164852357686569,0.07808248583120328,6.498984314907998,6.117453778698655,0.08350966372303441,6.423920271446495,6.071007458264368,0.08356146314863451,7.358579059379775,6.448398023256155,1.0741865716071353,6.4607839018122295,6.771911754491399,-0.26382194238843015,6.337228535516863,6.297914378196396,-0.29781184743414163,6.331845197047158,6.648273834983019,-0.48529693784517647,6.281300906152812,6.7459922180579595,-0.45336866804212395,6.331557709103591,6.687870411190113,-0.4395504188251566,6.435911487712284,6.831141512376012,-0.23449891892535663,6.266029285896203,6.754553131077715,-0.4809178610221637,6.260679258372099,6.813072496839813,-0.3698841063343132,6.417236357796322,5.962343532955152,0.14770494192763303,6.368710999865866,5.987071116856828,0.08426934902982859,6.338785460148269,6.000124662626928,0.010708131028990656,6.894952249431915,5.828169940673599,0.20067052218043493,6.973151142534978,5.7589168468421965,0.20525439795568928,5.654325184632845,5.970821168610902,0.09693591529906619,5.759611307642902,5.956028574235072,0.09673344720782803,5.647920431189837,5.836490797639723,0.09681201759038967,5.550062649049062,5.984783885950645,0.09674916354731221,5.661473279068474,6.111147871865967,0.09672456504332475,6.722392137249817,5.876066011392572,0.0989452306326,6.828155837838671,5.864036415124243,0.09856722381511457,6.717666327880258,5.7394299436649305,0.09858210285501498,6.615650108671647,5.885017965947658,0.09846344392616652,6.72415110000781,6.015331109294316,0.09848207949933457
6.27329696266739,7.307071950835391,-0.3523638307456956,6.240147514988688,6.743626911793692,-0.5466380892336825,6.25585334072105,6.94849572205046,-0.3137144623247115,6.147735714557033,6.304926021047213,-0.359843121073639,6.233216757628159,6.585763227509431,-0.5667443075307499,6.228630784915709,6.408184091971391,-0.508204349441369,6.223064292425096,6.002979916325046,-0.1862779769781816,5.542821036013669,6.098213994109248,0.24519704065562012,6.2129271478435655,5.674106724927118,-0.08472410861347197,6.207037463193929,5.4736013735938585,-0.08507696167817227,6.181542489854875,4.74265269633281,0.11158705158583179,6.276007253572058,7.364232460224588,-0.34652316296555014,6.279787069770469,7.421083638969482,-0.3179510473511418,6.281925390804544,7.465403278853136,-0.27488307032883774,6.2821479045934865,7.467398607419562,-0.2716414365588903,6.28302774600157,7.520476535946704,-0.29255964779724897,6.286293956601895,7.589099788456807,-0.3230387932173681,6.288522742258359,7.668896151385487,-0.3216026445383821,6.299229668050265,7.88007705771418,-0.2438106383995311,6.246072947755235,6.842655032067728,-0.5011477897153299,6.1734269377624,6.868144898532937,-0.3651395876097193,5.198819095627819,5.6665036841026195,0.8200567862861252,5.818393420318809,6.200523280828439,0.11868896901505764,5.719525072240768,6.229349395020985,0.12797443978955297,5.6264070641117465,6.2360277269029085,0.1602876824732897,5.505028710456821,6.166172258689444,0.25651492182827434,5.904370559706267,6.1524712457177895,0.12801845237864673,5.646918822908581,5.749729312817949,0.1123500048590886,5.769512247761818,5.759353946131503,0.10959889316147811,5.541164949781207,5.794142700314321,0.14752676746137686,5.478259572093539,5.8712371622025055,0.18921933112577538,5.4351706888064335,6.284374501589732,0.3027118394177855,5.953410410129144,8.228660593492043,-0.15164925717461392,5.510719956579924,6.0553669577763545,0.2839623624711294,5.183656787183203,6.33162475750678,0.7810655309000804,5.325395882079844,6.208438205734162,0.422795805740001,5.781381716906777,6.789501229986324,-0.04944724330433918,6.158862863111009,7.280319956977159,-0.333125849397842,6.179420948549148,7.428039201145827,-0.30032414790999573,6.049479826563641,7.357995508153518,-0.27551240133600885,5.975890139239665,7.440515293948184,-0.2070731786726629,6.09225317800249,7.454160131307547,-0.2586677883333883,6.020311187046804,7.491530774995514,-0.19371872636757906,5.863935426934838,7.718584574786628,-0.08819272468697671,6.163232158461767,6.751770186915609,-0.5340525178232822,6.1443265114890595,6.600339704568731,-0.5511864899457047,5.345702636369488,5.783813318410212,0.2505616292410203,5.961075827769888,6.388036745101039,-0.028036432476326152,5.962380998813886,6.7869952140354375,-0.27619904788266797,5.955541435629155,6.719262746234514,-0.23907709071209815,5.487663515501666,6.8464705963830506,0.09558169858306576,6.14441697611145,6.437068570436446,-0.47259343416665794,5.559953503432192,5.587852355245239,0.06978742025941227,5.428290635407649,5.654061880310363,0.15432350358129998,5.27422537093366,5.348290362301888,0.6401183206289675,6.0058558158529625,5.689991656020745,-0.043294585999704226,5.878580117237633,5.825694061256367,0.13404085875188246,5.782260463984751,7.594818757609352,-0.044003637815429354,5.339570375212234,7.821603352193516,0.867223234755616,6.038359973543729,6.8643833211696865,-0.2470675699924684,6.117268834753559,6.902647667780458,-0.2714143174640693,5.893813921916074,7.576029839181664,-0.05761672535252583,5.914841474971213,7.5639367619176525,-0.08647875865106293,5.373867045622455,5.567672543248304,0.22147811948728965,5.968505964437077,6.8700249576611565,-0.2282452516978949,5.748312155326072,5.596671926374863,0.0029550785148239047,5.724561179404949,5.465001398039552,-0.0032763060805670544,5.634382541950198,4.896774136419089,0.2582829717100714,5.327893508166556,5.450664944050949,0.40229581099184464,5.688928696707663,5.1525373218577295,0.12074682258826375,5.2922530003818,5.738607271137817,0.3524260935692206,5.247334032374812,5.709108143927894,0.5720531764747384,6.166833234075616,7.359626789570165,-0.32840459012559764,6.072446532572915,7.409995156746044,-0.2735745251003349,5.998116713318175,7.4638960215155725,-0.2102207684488203,6.065757257389896,6.895684810070049,-0.23202249166083866,5.904895838158855,7.569706070255237,-0.07318868943409136,5.953177682592512,7.570627496207484,-0.14392756132813164,5.927917625450309,7.559048024541558,-0.08977019584026721,6.067541015468474,6.782049571493646,-0.3804685534106033,6.037454962543125,7.507231493854031,-0.17894386777810609,6.10935099163421,7.4798382225516,-0.22173458030817314,6.192094020771225,7.46809460136924,-0.25931948471217353,6.178654917472458,7.890565117484175,-0.23701341211091306,6.18135864239647,7.668699901519174,-0.31114563638524606,6.180076087508069,7.587200031386616,-0.310878255061811,6.183486020129449,7.5241746421636,-0.276561886709618,6.1905699837053145,7.46979956767993,-0.25618370458178175,6.036672516514792,7.508694977987213,-0.17742645368921353,6.0229102210570025,7.537238025458086,-0.19871210906039993,6.0101196907364995,7.574973445849238,-0.2212073639793501,6.000205424720616,7.62091196474163,-0.2093507988102664,5.880776437767515,7.298962235170167,-0.1580512707038742,5.20980252216074,7.080415028097343,1.119106108014119,6.251004728782306,6.901113416966859,-0.37841946587754566,5.982825638697334,7.5350289377435935,-0.12795845801024466,5.969251932795092,7.55430884561377,-0.14164581465407333,6.140217666704376,6.961106052679589,-0.28476831379827416,6.010649711286228,6.963887110264676,-0.16803019339039751,6.129532627514661,6.934327065345322,-0.2794246770747632,5.861327638283764,6.50040985628442,-0.0006023230594033574,5.705905039697221,6.625577875108742,0.026001539886694798,5.946137492221028,6.803794640323951,-0.18870076684438103,5.4123520821386535,5.087197059676297,0.4376454093558111,5.4685222227787005,5.260474748330373,0.25512126963520954,5.519313730930275,5.468662661809427,0.10591110328571864,5.950661088117234,7.788730405255828,-0.1510946939923239,5.961888915041289,5.494454563384874,-0.06351158527163829,5.925189095710481,5.111698746052577,0.03778353671815696,5.884377878158067,4.792454565288642,0.14572889708409437,5.551100737622578,6.2192180868667055,0.2096252476823257,5.343526743334985,6.412521286972268,0.35432854086759763,5.9625342050292245,6.103779392269752,0.144614561252222,5.398073627645856,5.977268265624301,0.2855160832412609,6.024939109080121,6.274553253633161,-0.05771235954475634,6.00716317555718,6.702430490042714,-0.3700744692387668,5.254714194633665,6.562854520995964,0.4577476151091434,5.408496757162684,6.497708320020627,0.24523910396920623,5.531605976274226,6.523517730877827,0.1391525772870712,5.715457812000247,6.469854700518774,0.08724888776602771,5.851469183103467,6.385887480765869,0.06468176043727802,5.953259392574025,6.299379226498572,0.040693209439115474,6.135718510847284,6.053308158063575,-0.1460196583143493,5.277622901147131,6.876304223829795,0.3933248119333113,5.329263609463722,5.984680528233033,0.3430856897030799,6.203477972124244,6.841061687428213,-0.4934036259037858,5.975811347471777,6.518310178663148,-0.08702603199892521,5.163232210018431,6.3835222686224125,1.13275295164535,6.028331897196451,6.203825969099083,0.0323855881633232,5.942576542044529,6.8296325037639996,-0.08905867608215959,5.461529818155334,6.076161418518158,0.3046382935829409,6.005445442061879,6.621277157778183,-0.3234108654546175,5.260339780950194,7.445625086006409,1.0228093444993613,5.967544048270777,6.051308816953414,0.17794027587346647,6.07110743729552,6.509807233711889,-0.41531856728101296,5.530303723443853,8.041489289767032,0.27988447810912875,5.5520495218275645,8.261052035181525,0.441056618695652,5.21109747945705,6.987002280392147,0.7563541891136454,5.4095239683588545,7.883713151891535,0.4360037318031239,5.214601524467851,6.000861658009647,0.7096318106831953,5.936805045046725,8.40695833913536,-0.11134055372865406,6.218444030702545,6.900099337732003,-0.36893481562383895,5.897480657336496,6.654201173454316,-0.05974934675061302,5.255360578951709,6.260797524156029,0.527185915565427,5.629613451332749,6.145813341331245,0.17609670581483802,5.710851411792419,6.146179577141243,0.14703755630531695,5.941345055894574,7.602732223408262,-0.12912991559398154,5.309164777894894,7.19105763860081,0.38344319343236277,6.125482147002487,8.596803456094722,-0.11394194738815078,5.826439300060975,8.48903455645895,0.12535097713951354,5.69742689956178,8.402259285644922,0.26473452647533313,6.192167705665268,5.084563736656,0.005996086879155482,6.331465714864191,8.592498361443724,-0.1537628873855915,5.7953654318234,6.122163408556904,0.14086847549958464,5.876748938187641,6.0907025122372485,0.15414765841182054,5.936846629590889,6.071753456836862,0.1759879567602008,5.269092962719838,5.984058219177399,0.45517425225943214,5.860500324720938,5.942516718665207,0.15017645983622974,5.770745557795289,5.894385527009966,0.1371613296600124,5.683923595563252,5.886917818342348,0.14502840042198614,5.600669149488371,5.91980499157146,0.17113285863570318,5.552553643231367,5.969548496254782,0.2045186246217096,5.170110804310403,5.996928270819196,1.0062816768547214,5.577130473608502,6.125927174580374,0.21314632320545734,6.261772937060347,7.0793681189591995,-0.30191297843780884,5.971285927692056,7.1876331149113035,-0.20163317250387902,6.032551998875606,6.8283769423516345,-0.28020536761521236,6.140341690783459,7.095782341049149,-0.2925716398313662,6.219512826442879,5.851034004496567,-0.0959460421139164,5.662884369653611,8.197545140710304,0.1473317145186203,5.793658276852491,8.306751260556627,0.0204510391497526,6.1127142328375825,8.459327871304914,-0.22811769384449965,5.440815243511529,8.08911161792133,0.6601593806874283,5.9331434165001475,6.007700126864269,0.1667738226297222,6.083246476424133,6.27616994398168,-0.20023359268938742,6.322660005249288,8.456058012937559,-0.2630006288123718,5.964824273171824,8.55362556729204,-0.014955918925880772,5.254983035063912,7.327916021208828,0.6969609727184254,6.1084718797795325,7.485321545953887,-0.21953397365202973,6.095350132212538,7.5243876717582605,-0.2424863393771594,6.0871098264875725,7.578931273078803,-0.269868120213441,6.082275440840253,7.651759671423231,-0.2663654203167323,6.054309834890523,7.851555896845499,-0.20798300016603982,5.962982150820737,7.52745179606502,-0.13599537792463925,5.943344761781439,7.521535117939349,-0.1335883190537647,5.925096077651168,7.51220194121164,-0.13033518341839492,5.813910314636657,7.437928297569191,-0.09755866292234043,5.430086795894135,7.211031351760446,0.16293186899977888,6.08113113632236,6.152353058065957,-0.09387807738646888,6.025503053863246,5.920810680942143,0.10893665245611647,5.971861545329682,5.94671712240239,0.15045427149352156,5.983161598040968,7.5322471506051,-0.12775917593758554,5.437184256208019,7.609722074594706,0.26941385922525507,6.106929603878464,5.903628968668691,-0.024688147117784782,5.999501405683468,8.04555290224052,-0.17453150597782813,6.22748246785408,6.269500366740632,-0.3965910225336359,6.141177758987161,6.183410146575186,-0.26150328884142643,6.224178320476624,6.141575365593633,-0.2862856480922629,6.029149726564993,6.512839257668769,-0.22068707840788757,6.313693064331578,8.281095055914765,-0.2986610397259964,6.307356892997243,8.073264988381537,-0.2714821431323179,6.149450894615412,8.081693518885345,-0.2470508586597537,5.769766132347235,7.825442262217842,-0.035182396692461676,5.867252341496905,6.970558146612536,-0.07623314429705899,5.878003040493193,7.962455310148009,-0.10500458758121432,5.632149014196592,6.998327867472656,-0.02604646441754651,5.776500275064746,7.140844666300489,-0.0757502882351249,5.560008584714373,7.277129619931098,0.02958210536044363,6.12044312162468,8.289042810723775,-0.2613016357201966,5.980871894675071,6.619534254690361,-0.15741396020632092,5.6867907404502915,7.98482049937373,0.04960462735285584,5.820890681628818,8.120604979367569,-0.04415028089992799,5.681738947887872,7.657515847799501,0.004669133963777239,5.345039472323096,7.459609895253141,0.3840442998421249,5.561639136577613,7.727649275860792,0.10969851139926372,5.311565373378559,7.635886777960809,0.6084836994044198,5.70353690934014,7.362904673024992,-0.04607557803897801,6.032223335066036,6.3937805190694,-0.13849388175529365,6.037507490388384,6.757991818365144,-0.39627786173395096,5.991160786365127,6.82577608445792,-0.2938966456086003,6.071078619935968,6.640497242269036,-0.46331989842992,5.9376265221823,5.787955722651589,0.0912387241512969,5.762010250084101,5.698236703842851,0.08301385304058591,5.611990724025145,5.6882688156515995,0.0942124180334825,5.495962550275843,5.740286703079284,0.1387085642443904,5.421881143955973,5.835128281130858,0.20377254227097516,5.402906918963066,6.136717269460607,0.3470573328502777,5.183349645199121,6.659026439684056,0.7749915428211598,5.48807498362286,6.334798314824495,0.24095482438883434,5.5877677270501,6.361186261532947,0.17096283849420274,5.7148821943626205,6.341317604063829,0.12195368631075357,5.837731692461494,6.2883447312272045,0.10186050878082509,5.934784182111077,6.221589864990819,0.09863391065061207,6.000671609347287,6.161559292500957,0.09439001299121004,5.181423988983004,6.734307596580704,1.1629335729309995,6.002569907310666,6.879846205617728,-0.24745986453820065,6.084482339894526,6.391362049527279,-0.293276821594256,6.101954414423714,6.74219188024336,-0.4792435870482603,6.1634152763667664,6.826963797403493,-0.4506343326057589,6.107741596819755,6.777706540065518,-0.43287071029655,6.035372817121341,6.930810617926611,-0.22050681032088199,6.17599058843239,6.836022662050406,-0.4784933325639832,6.191859834127779,6.886477846081643,-0.3664444394741024,6.000107664564163,6.048936309275894,0.15831035335731183,6.048562413155129,6.069145303409084,0.08948979654823716,6.078804590509441,6.081832966699289,0.013039305182257373,5.528206986953942,6.01193226617463,0.2393084731346376,5.447790503629846,5.966569000143161,0.2480050005225677,6.310214553689999,6.287809239026928,-0.36656146440019316,6.937822355715247,5.968189703035415,0.1965431923803458,6.328592003996494,6.85656761552723,-0.3699556432277041,7.290282738294567,5.434151502697733,0.7407508656348779,6.668454458354593,6.1258286848705135,0.08666343255668667,6.770580262392082,6.135226062297983,0.08968414273613132,6.866997311024715,6.117509587377661,0.1163252273776864,6.9824878039135205,6.02574854858449,0.20421168782452281,6.574596683071511,6.0936247384064695,0.10346849008555548,6.800338016284564,5.635212773726649,0.07298723580012108,6.679087699252456,5.670206897193361,0.0792797137249779,6.910744981037774,5.658444672399138,0.10193787563971637,6.982440382942107,5.722333123301891,0.13971311368787587,7.0704157691096166,6.120421964575896,0.2460754457554352,6.686191360770294,8.160496230074548,-0.173034063413435,6.965882438831102,5.917247177328722,0.2320876043023573,7.35832088897276,6.09634779649575,0.7031022620990837,7.183479037815425,6.020315564367243,0.35805209025954127,6.74630145458145,6.6945235902244615,-0.0802062180528896,6.3883271073567744,7.262504262793571,-0.34093150088241686,6.384041710647749,7.411000481340023,-0.30711453463542904,6.510142098725414,7.322739110237216,-0.2915899573274617,6.598103623378202,7.389772665874836,-0.22849302627353374,6.479137538061444,7.426345178136232,-0.2724282599076618,6.559597794589922,7.444980160795176,-0.21143957860833945,6.7376139326183795,7.640828772735569,-0.11566971224278975,6.317229939245666,6.736591828296053,-0.5384478947083181,6.325270347337285,6.5853926143789945,-0.556851198563651,7.117730225726425,5.602569636111968,0.1906421198580072,6.531745634194882,6.331090724413316,-0.04893171122929004,6.547560163384794,6.731774587153783,-0.29546778446630895,6.5517383157430835,6.663956761604314,-0.2592781965490817,7.058864020473132,6.684032612240841,0.04357401635361643,6.314737055256095,6.417244415725117,-0.4796398713391837,6.8739922690850035,5.4428470497482735,0.030187212914668804,7.016599532535227,5.4879432992330095,0.10349842457376064,7.1769050320706125,5.135899126872024,0.5689684422842487,6.4285911598544105,5.637934007932414,-0.05533134801034365,6.57558595749055,5.755601852962535,0.10925344962356127,6.812539067452718,7.496690176685372,-0.07725896478204898,7.351207013707233,7.6186853677453845,0.7936982041022795,6.473606064134336,6.825358050356069,-0.2625474849528394,6.39547964895284,6.876061282545473,-0.27894422055957974,6.699202216219521,7.50592486370322,-0.08578331756607542,6.676663393283084,7.497643702987499,-0.11137939104827137,7.0687056959250825,5.391383258132728,0.1660311486613081,6.552634936879514,6.815978182210353,-0.24718172230202157,6.681495225493482,5.489384531987296,-0.024424670045000964,6.697075568039948,5.352374402270754,-0.03122708300236742,6.754233888768925,4.7713431135917705,0.21744435030783055,7.112516837084495,5.254813413896931,0.3400775586202592,6.708523720092727,5.036795862597132,0.08784532047428026,7.173872278560327,5.545688545677413,0.28834535974680087,7.227807432339955,5.494550499657811,0.5014427116798555,6.3890055920247,7.343448213230474,-0.335931825791466,6.494237834466518,7.377985271488094,-0.28838999929585324,6.579148366773862,7.418374807171626,-0.22973493135807335,6.451080373159214,6.85954711163885,-0.24367421191253966,6.690573788082366,7.500976302947803,-0.09929709749554759,6.638499725042392,7.514678775026271,-0.16650367128319726,6.665016073150365,7.495050140627849,-0.11378765824197522,6.429408259669546,6.747812359686044,-0.39361923232987006,6.544406304009051,7.4632977877223485,-0.19523622025137544,6.4677353478732655,7.452459542317295,-0.23406136544620712,6.378798410316159,7.4556360178486365,-0.26593569056183564,6.422281981996111,7.8654925555674104,-0.24301822940749204,6.402434481575778,7.652112775271914,-0.3184456161650298,6.395904249035348,7.572482750519886,-0.3180044187425267,6.388721066196215,7.505254404122765,-0.28422630121442816,6.377580785680925,7.459352362900692,-0.26319642270780674,6.545363478078211,7.464938553333278,-0.19372385603996758,6.5613479932118075,7.490167969232412,-0.2154926809530674,6.577581286056977,7.530056301725766,-0.23857682226222293,6.592849379745516,7.573674840785897,-0.22742384295795257,6.679011825698193,7.2243464309801295,-0.1831351406984376,7.426334234835137,6.847820270184838,1.0343548007377157,6.605844914573209,7.48008554115636,-0.14880613055362482,6.6192708859106615,7.497908530874012,-0.16330600450525568,6.375676651290295,6.9382863516816995,-0.29166790554922367,6.518232846002072,6.920468468837892,-0.1825734985682514,6.384796068869937,6.91132278733562,-0.2865674152969299,6.644579823131091,6.418525511506704,-0.027925654351277453,6.814316989104046,6.51213523863162,-0.011239099379129109,6.5720607554309645,6.74430685556843,-0.20909894329526063,7.005271756794499,4.908129999965962,0.3791957790975566,6.947401391940903,5.094383525505759,0.2053701502382087,6.907035201966376,5.316781315457411,0.06346903178935728,6.651390204179567,7.726990489134839,-0.17292655687944297,6.45837736632974,5.432288952851267,-0.076934188124222,6.465457682138574,5.050344763683558,0.02072140565753604,6.487585766507224,4.723584723727185,0.12576774592217516,6.942765809596819,6.08321182263733,0.16050477020877307,7.179113390231699,6.228251417144396,0.2906729086956529,6.512438003295265,6.059170119683769,0.12218587808160324,7.0804938198652305,5.8112941361214085,0.2282865854580746,6.453627244100856,6.23160006727964,-0.07463697833773024,6.485481734483249,6.658124711673781,-0.38590037490210943,7.292707773817345,6.345989664078232,0.38789456354133767,7.114452342271599,6.323257509489107,0.186026041668272,6.986774659729359,6.3744291149654,0.0894650088313285,6.79437756495451,6.360499022224145,0.049794790007935325,6.647636651903786,6.308347626523095,0.03607922301578762,6.532827561896531,6.2418568586198155,0.018890501614980307,6.316404084789654,6.03353944941113,-0.1532771188096679,7.293791890179214,6.667388580827884,0.32222666348481305,7.156047100182455,5.800244320228508,0.27980983567623935,6.287648737277527,6.832295373697255,-0.4968741114578944,6.525013315360888,6.464397641039117,-0.10702731999746683,7.402794464625159,6.1367654199854265,1.0462547287373904,6.449018655232808,6.162973167002505,0.015211004709582325,6.582441570850222,6.77004987706565,-0.10868631304428333,7.01976141699844,5.926914854293252,0.2508964486574569,6.4868095216828445,6.575534888752105,-0.3395785668888451,7.407587630505018,7.226254213137791,0.9423628582914282,6.502942865711341,6.010311928059078,0.15509602084374344,6.401721707897753,6.477327516060236,-0.42690113954891634,7.133036985745503,7.890559281056924,0.22656762084139997,7.14099714296242,8.11262658331549,0.38570635929310254,7.3940908924871485,6.7558943523218264,0.6784184153566513,7.252012555256544,7.701572848456861,0.3732155614298987,7.295332706973469,5.776265723644597,0.6347598876504336,6.722403473648943,8.336253670756879,-0.13635276789958542,6.283673400766209,6.892393794653908,-0.3710880013085682,6.618635444893712,6.582812913534065,-0.0841505770426163,7.264900845733501,6.0539293727891,0.45872854526109763,6.853270763683838,6.030519098308752,0.13295341380259804,6.7733467289090425,6.049322243027865,0.10897073627932038,6.654689244683178,7.539670356514928,-0.15365150509912814,7.2930696323069055,6.98558621723038,0.31510649582115596,6.542284033149917,8.560904321627406,-0.12738991932051386,6.8560934058130885,8.40120435141931,0.09015937268511443,6.991103829642767,8.28684247765016,0.21982604579856171,6.682432701620669,6.0451160028634305,0.10833263923200086,6.598447243032604,6.030475689881073,0.1260869369367346,6.538047516519119,6.022020165901229,0.15133760107882963,7.226569380209343,5.782461091171503,0.3861718599634554,6.600484156143192,5.878922277785222,0.12160532455921125,6.686566351221169,5.81371260566353,0.10430760189487426,6.7746088563020646,5.789594664379003,0.10597872376707168,6.857604310917684,5.805244314499075,0.1276499823113413,6.912816183158462,5.844661720268616,0.1580018206620486,7.356818738509042,5.7525198545973195,0.922872930234393,6.904767020425967,6.001540142677572,0.16683301904908604,6.574167705668565,7.132651051993532,-0.22076051251794762,6.473907369691167,6.788168335912883,-0.29426921941381656,6.387794533370124,7.073252272753589,-0.30045884170764703,6.999422927135619,8.07136450175794,0.10506234769230938,6.868279865913116,8.211588314229546,-0.012502624607877447,6.537768827117884,8.42411451703959,-0.24112059260188828,7.255717227454098,7.913527081396308,0.5922821877295157,6.53412470785306,5.9567196643804445,0.14130226339530427,6.385107588174458,6.246645647179237,-0.2114839445748644,6.710153542402561,8.490624253331434,-0.04055632983106304,7.380733499169895,7.110535370032791,0.6211661646266038,6.469133901753279,7.454112710336133,-0.23202787211721065,6.483059617174096,7.494850242994503,-0.2550435266003431,6.497157507198816,7.550440753453189,-0.28316295432609795,6.506638783268018,7.6172284495928615,-0.2800546692397088,6.549894004731777,7.807344960419394,-0.22316072042636545,6.625085426559441,7.473905494250988,-0.15843127683441788,6.641888500614987,7.461771561996219,-0.158240840596811,6.659952972510148,7.450896838920848,-0.15674437836980767,6.76529100019589,7.3506613077592675,-0.12843498177659687,7.156915998289444,7.035152805212657,0.10729568165829174,6.3825198622420585,6.120845835104998,-0.10546304350148687,6.431348871730494,5.882049143684929,0.09382053956117732,6.490320132674304,5.899507356699396,0.12954573823706925,6.603250622660153,7.47864394362537,-0.14873152231855138,7.18917393170556,7.4361642374325845,0.21230735958667424,6.340329788751602,5.879896231582728,-0.03321483675256601,6.623999121537354,7.987432300568539,-0.1928271437093614,6.313727353341677,6.165849796083828,-0.2673639737431592,6.459988220251008,6.468573604737187,-0.2347562422672319,6.469422075348796,8.055520060878365,-0.2564412597327748,6.84988052900443,7.7245552398643715,-0.066616929345858,6.6715886197883645,6.892677590928987,-0.1006392021807435,6.746196398890932,7.879671426020238,-0.13002689010784316,6.919309938028573,6.86958795517074,-0.06493064644193441,6.781739511295938,7.040860831064107,-0.10596034814064871,7.020450844967461,7.128749400376258,-0.01435540670317034,6.514766008214996,8.253971719372691,-0.2736791020214295,6.524026959155473,6.567083742092699,-0.17606746668222328,6.9500307024174655,7.864706096995342,0.011607188283277897,6.821547592914592,8.027522719355458,-0.07378656415024867,6.924365743134727,7.533345858035095,-0.03389212164711605,7.279345273626247,7.260223678845254,0.31930835866515184,7.063846870238649,7.581502948836262,0.06267264445139913,7.344876678800149,7.430120617014205,0.5373205523071227,6.875042096436772,7.24728869695029,-0.08203436489653648,6.451697575341004,6.350938224833649,-0.15446306486808442,6.454664669044717,6.718036366958404,-0.41064641607243496,6.516718293130445,6.778506860152307,-0.3104034981826148,6.407346564660876,6.60762210667113,-0.4764371774823013,6.511404955671843,5.727465896292417,0.07027506971521165,6.6806861507658155,5.600547314069507,0.05359005791950686,6.8296748178615685,5.5642483843354995,0.055871542410309734,6.952411235182455,5.593050058488932,0.0913330132294344,7.038400047424416,5.671732758142786,0.15067123383701322,7.090250867122041,5.972510118307946,0.2888444654709347,7.388821328232928,6.423833012538056,0.6952774826361355,7.019184340254,6.183931047707335,0.1880278564204512,6.917032272293882,6.228354284174694,0.12487243570202182,6.7849677851191315,6.23859283667971,0.08439473234940326,6.653797730420592,6.212058979289983,0.07245659968970566,6.548829586311881,6.165441246176259,0.07682488050525801,6.473467448987125,6.120377461818107,0.07650272567998519,7.4217861988998175,6.491705554593003,1.077696747862656,6.514118894343544,6.832506214631696,-0.2641496754274067,6.386439752694492,6.358516825619034,-0.30448137120493923,6.3825782265145685,6.715304919004949,-0.48906716045631443,6.331892503606918,6.812523017277778,-0.45568462046427677,6.383054624888929,6.754476100499841,-0.4425842123344178,6.488731165355227,6.890972624618297,-0.23378005421241912,6.3155928214017685,6.821603768526883,-0.4833078834780673,6.31087188130914,6.879822859908724,-0.3704527654785143,6.467282295207909,6.011106411718617,0.13955417363873468,6.4178557814796555,6.037578257068802,0.07559937327345381,6.387054036662657,6.054052667314776,0.0011203944558700464,6.942124532152619,5.880693268679188,0.19077733802216934,7.0263076997138105,5.813197540958632,0.19528450756745963,5.700029946115713,6.0120526424866805,0.17047249881021737,5.805287722926754,5.997392266785648,0.17040248448174966,5.693047025686629,5.877413926117549,0.17048164102634095,5.596201729204456,6.026391285135503,0.17041928700864015,5.707992291992849,6.153040297374759,0.1703921681406127,6.769340751154657,5.920304006101418,0.13924802339131412,6.874961116008665,5.909196555489414,0.13889434957903166,6.765002826600373,5.783700967185632,0.13890754993597818,6.662364146518205,5.928533368525287,0.13878899750744284,6.7704598860800305,6.059630832659892,0.1388078747018327
6.26556647739754,7.292943920096549,-0.35348025191920146,6.230883468631348,6.74004429450441,-0.5475713123404116,6.247134181710436,6.943239799616924,-0.3145199964301024,6.139372893392943,6.3043247378715215,-0.3598452588023046,6.224141190273799,6.582999502525582,-0.5674413533313277,6.219824674335052,6.406711154771872,-0.5085598064246082,6.214943993699144,6.004433298792429,-0.1856236015889228,5.53444183014942,6.09847969958823,0.24681232881603482,6.205874353742065,5.679959148374231,-0.0833560799840342,6.20053301149297,5.481151226458827,-0.08338992234913463,6.176603390035852,4.7541218755298305,0.11514884371420163,6.26863876964371,7.351952340281821,-0.3477377896637679,6.272843764653947,7.411615308138994,-0.31925708475936876,6.275349705518083,7.457923462583516,-0.27632692566181627,6.275691557253185,7.459915532502563,-0.2735033232639834,6.276608507109811,7.513624157451322,-0.2947040986677535,6.279984748553289,7.583207385681062,-0.32542620112262416,6.282455702459462,7.664228433585036,-0.3242672581400832,6.292477279231131,7.874463606197788,-0.24652933534875715,6.2367911622624765,6.8384086690288735,-0.5020608423150836,6.164075872400046,6.863885005585962,-0.36591738658026796,5.1969284778352005,5.673091135636501,0.8230957018759727,5.811027217407597,6.199003789871982,0.12015848181268164,5.712226963698505,6.228242682200062,0.12929463343463982,5.619283016526032,6.235566618733754,0.16156151486224915,5.497438384285794,6.166507465978509,0.25791770405571335,5.8971574545166785,6.151017719235127,0.12931021356435796,5.6406330787283006,5.753225482824587,0.11412228627832989,5.763632645028813,5.762358536642975,0.11146667139025013,5.534614578254364,5.797535736190402,0.14915218071042385,5.4713519626492175,5.874053306599011,0.1908335377439471,5.429195229435552,6.284952896584106,0.3038402275117442,5.945595440027228,8.223569303917246,-0.15459750438080935,5.502176565957497,6.055948678813851,0.28556906316619907,5.180570981644828,6.33400534054389,0.7827516393099214,5.320553071561832,6.210425573857149,0.42409641541569176,5.774482975367244,6.7871301798686625,-0.049553388408359475,6.150258939584294,7.267066691312796,-0.33421617319567004,6.172219815761008,7.4198430744200765,-0.3015341177558207,6.040233703528579,7.348022138670588,-0.2766587095353165,5.967243984714623,7.434113379899439,-0.2082971092544689,6.085046894415119,7.447610327828817,-0.2598182521016498,6.013716140524598,7.486956077638602,-0.19488045366026155,5.857128001236689,7.714534576871845,-0.0901133918000835,6.154035344359479,6.748338390226632,-0.5349522728314958,6.135426656092643,6.5976225931644095,-0.5519287375086521,5.341382702764393,5.790477481868744,0.2521731462272767,5.9540367725308805,6.3869712215308825,-0.027642902790079506,5.954313752614758,6.784152643966976,-0.2767500036287525,5.947698301979826,6.716665717635217,-0.2394452280340735,5.481784636176958,6.844914056525211,0.09546439760185745,6.135814428210072,6.43548209653719,-0.47297702238922773,5.556168366597274,5.596687272841272,0.07119795264594617,5.424226716957256,5.662168280249792,0.1556997871693827,5.272538574021632,5.35669970140283,0.6434237781732743,6.000594209050892,5.696417596516228,-0.041821265003934245,5.872604992318314,5.827738592099871,0.1359510957999187,5.775692940996814,7.591454103231041,-0.04573086109638627,5.331819965368515,7.8184990513553405,0.866048570607047,6.029899430820111,6.8612427613647595,-0.24743257286899453,6.108497631885112,6.898600085730286,-0.2721641610031826,5.888817438412129,7.575191727832633,-0.05909879177102742,5.910029739467416,7.562686805940512,-0.0878249178854381,5.3705789547374545,5.576996904457398,0.22333008941709415,5.9607138147897265,6.8669777068909434,-0.22881568453388557,5.744267728243495,5.6052441351957,0.0044996087999594975,5.720735718985733,5.474662603546514,-0.0015046466854774802,5.631214298086544,4.908099477527192,0.26189719718845234,5.325189936834432,5.4590340023137145,0.4050060186937695,5.6850227816444905,5.162751322169565,0.12357084911249404,5.288639863634417,5.745894621788798,0.3539357657117497,5.24456467889242,5.715636005415074,0.5747964045685217,6.158784095008067,7.348665752918125,-0.3295471682110345,6.064183005149552,7.4018058397999775,-0.27472586233157253,5.990442160081816,7.45840890662526,-0.21140641569770294,6.057327019178621,6.892266717443936,-0.23268928289606966,5.8999808291348375,7.568676135806888,-0.07460143653846316,5.947642177068093,7.568708207185021,-0.1455075806437385,5.923155679863389,7.5575131095316594,-0.0911675846049326,6.0586025853543735,6.779138575553833,-0.3811215659460531,6.031626911869559,7.503138274591678,-0.1801510468584817,6.103044768707509,7.474348381557464,-0.2229629996940865,6.185582647018192,7.461482656661344,-0.26063297444047695,6.171501125332841,7.884886804091081,-0.23966416985695446,6.175010754553555,7.664493022454635,-0.31360534714818555,6.17376871754585,7.581844352110401,-0.3130591087113869,6.177218577380043,7.5179632691337535,-0.2784843636243624,6.184229817976937,7.463115381366308,-0.2578393022918394,6.030765358029707,7.5047855771957925,-0.17883891065602964,6.017060675037421,7.533713231376988,-0.20029381984235098,6.004095455979593,7.5720006257083785,-0.22290569032804733,5.994057843518857,7.618495377262039,-0.21118583386116743,5.873441399282129,7.293943963978339,-0.15916390601118277,5.204783778792964,7.080081081161746,1.1194335958131585,6.2419123782343835,6.896352173681132,-0.37928440898345805,5.977427740614353,7.53224742361731,-0.12934540552402826,5.963854623161908,7.551934147526397,-0.14314896767290228,6.1314046137167555,6.956222147706255,-0.285593708926952,6.00309942102007,6.9602492923468455,-0.16862171670012113,6.120717555848822,6.929808452233728,-0.280223916996545,5.854378245009246,6.499002376509838,-0.00028376484848308543,5.699405701394798,6.62424839706959,0.026008925296907872,5.938527345623644,6.800929619205433,-0.18908316483723803,5.410209702475651,5.097331177490003,0.4410784834728344,5.4656356039444525,5.27031690219095,0.25790913953996186,5.516037232470703,5.478738948596741,0.1078299297223261,5.9434707112259035,7.783937768047064,-0.15320808253488716,5.957216212335813,5.50273125502021,-0.0617467361785771,5.9204933910308535,5.121135793461898,0.04060728191035879,5.88040526170678,4.803905765579539,0.14943726975070457,5.543738885333261,6.219197095776582,0.21095686973261984,5.338520332266004,6.413113768079192,0.3552807591322111,5.955475611177129,6.102523973260324,0.14603149667246146,5.392060582479564,5.98023034172622,0.2870426609907372,6.0177822810454185,6.274018743325555,-0.057255234199586155,5.998717304535141,6.699793986052277,-0.3706378242153472,5.250570408895342,6.56351249583487,0.457961148480138,5.402807774181498,6.497836144577722,0.24591717747423303,5.525375834667128,6.523149937559271,0.1397477615771277,5.708524541761514,6.468808631787338,0.0876898559275966,5.844201049164134,6.384509014364202,0.06527989503963978,5.9458636733716155,6.2981466242111335,0.041345669585855706,6.127982451890951,6.0542569136173245,-0.14541813156566386,5.272760158088734,6.875549511592001,0.3934171355395785,5.324504046679356,5.9887329014063075,0.3447358813369387,6.194132584870522,6.836965457012879,-0.49432476123881847,5.96843973689252,6.516625598794036,-0.08682818250341644,5.160230803406278,6.386514204392484,1.1346843561223259,6.020879355720146,6.203057903626003,0.033224230856708704,5.935355923663244,6.826554650333866,-0.0892598216378145,5.45430821185629,6.077016294220059,0.3061550384512238,5.99732438627122,6.6189420417784595,-0.32376172393107155,5.253966694950154,7.4436546148940685,1.0223628276146475,5.960788526522878,6.049975020189062,0.17960220034441302,6.062709908440297,6.507917490735912,-0.41569872549762465,5.521800969347711,8.03784395314784,0.27786605569863376,5.542680165407387,8.257416270167102,0.4387363161944784,5.206705874796084,6.986187748307034,0.7567190192324006,5.401584323995212,7.880463140593571,0.43444563047079066,5.21182125960833,6.005138140216402,0.7119918835067893,5.928807531364409,8.402865072265902,-0.11467295502979251,6.209276835404014,6.895454175093402,-0.36974761569247644,5.890367797986887,6.652092184448875,-0.059651060674701585,5.2513980691196664,6.2626691199411875,0.5280804333952378,5.621843260064508,6.14529589381818,0.1776683509101024,5.703272853592201,6.145128976872896,0.14856887113164244,5.935662059545424,7.601053649822277,-0.13079214812497336,5.30342367561139,7.188910929487041,0.38304842254436455,6.11815621896791,8.593269199767969,-0.1176301046506332,5.817403954943924,8.485355572404343,0.12230424606692286,5.68794783710923,8.398540538482623,0.2620342977743783,6.186492307925243,5.0937654233575556,0.008918915299388106,6.325020981296847,8.588704859543649,-0.15749879103654232,5.787974456584439,6.1206964178950525,0.1424265074911267,5.869608140700253,6.089188475564048,0.15575434040136354,5.929967932136865,6.070327589641892,0.17758672606383796,5.265298095960581,5.988499290572406,0.45694142443449354,5.854056437885477,5.941686740817244,0.1521010733180733,5.764169840612545,5.893883987262218,0.13897053177268073,5.6767428993739415,5.886919031495131,0.1467985447254698,5.592553345089398,5.9203414164321995,0.1728117010298267,5.544037003370909,5.970327574832634,0.20620306237526423,5.167982601280065,6.0017451341889,1.0088948532598334,5.569019149146762,6.125894896732462,0.21473129282463918,6.253383727076666,7.072489640178624,-0.30275182789431593,5.963817813966551,7.18217521118411,-0.20258090999547537,6.023982626002012,6.8253927917714945,-0.2807287678665339,6.132117472985262,7.089210490505346,-0.2934876185394991,6.211801727537047,5.854220439250931,-0.09476271662086455,5.654189796044199,8.193390865988855,0.1448320658528241,5.785039561037772,8.302936489162487,0.017479536018440208,6.105452308752373,8.454635565522475,-0.2317072336085447,5.432091129101989,8.085550128120987,0.6583972395070202,5.9265421258362725,6.006527778453014,0.16852123169682948,6.075503837183096,6.2757360198455965,-0.19993326739599407,6.316255290537074,8.451574935595627,-0.26662704212407773,5.956568224718531,8.550104040380502,-0.018405799216497473,5.249393972433819,7.325838220636857,0.6966843605028007,6.102283073476845,7.479863929701418,-0.22101910517614184,6.089219818047224,7.519475726170717,-0.24420837435807305,6.080854290619159,7.574702639316101,-0.27171147167859494,6.0759772544580395,7.64842453311494,-0.26839304071643977,6.047103902951182,7.846375639007717,-0.21025779113440515,5.957346684533219,7.524545190600636,-0.13724958799988368,5.9370396710152376,7.518474224499012,-0.13491813775520078,5.918129220235966,7.508836775369983,-0.1317105329935478,5.807022304063213,7.433735812311417,-0.09894268433939535,5.4239854527263,7.208351286900468,0.16235425646251195,6.073735173568545,6.152630763776236,-0.09326775875737438,6.01897110872122,5.9222256098975254,0.11063445557244127,5.9653390177430055,5.94705140770498,0.15213629944469476,5.978038554588799,7.5292881100895634,-0.12901326859203296,5.430004667285937,7.606205479382402,0.2682050085953534,6.099863142217703,5.906134889261625,-0.023324044991556967,5.9917680200096415,8.040323653793504,-0.17709152166305314,6.2188989777389345,6.269063715403974,-0.39663839569270226,6.133075240959513,6.183573812515121,-0.2611568449132651,6.215819396543189,6.142016595404059,-0.28593583399766276,6.021269314522447,6.511171277826518,-0.2206075073047874,6.307153579201862,8.275717364761842,-0.30210493361946994,6.3006416316509055,8.067622227744524,-0.2745404041208051,6.142071262525877,8.076061373563302,-0.25003723344394646,5.762388056888757,7.820751336774241,-0.03732347630593423,5.860287396430289,6.967101633842988,-0.0766552290547375,5.870311524334311,7.957528475562797,-0.107373857869576,5.625579940064505,6.995499381390029,-0.026496006505060038,5.769681379834232,7.136779633226469,-0.07651316287191305,5.55349040652315,7.273596861237691,0.0288282027281761,6.113155999558961,8.283378050765934,-0.26466349022024604,5.973188851988587,6.617401157838151,-0.15745523956282734,5.678890952813909,7.980157748415605,0.047296114614593314,5.812838156929687,8.116141120595364,-0.046842212363240356,5.6748175233435125,7.653461197271769,0.002917977923174494,5.338460927326962,7.456577922491836,0.38326185209912883,5.5543406624911595,7.723585265560027,0.10805455464807939,5.304617241104416,7.633028813821085,0.6075564517688313,5.696913609534856,7.358726690017504,-0.04718948525458899,6.024740312310409,6.392677011258764,-0.1382634808858676,6.0287033141947335,6.755230092050484,-0.39691519355284055,5.982787669684865,6.822843117209904,-0.2945115565091171,6.062295896104396,6.637923195368616,-0.4640258734186885,5.932015033625209,5.791647722723128,0.09314892040683072,5.756871050954888,5.703377814466092,0.08474419779132138,5.606579835205452,5.693823823809704,0.09573268789116283,5.490219773073471,5.7454303157008235,0.14011087654481985,5.415828024808623,5.83946031636008,0.20517233657135386,5.397003219186866,6.138294128855735,0.3484445444370045,5.179800175227195,6.6596996611210635,0.7759765606792813,5.481576536666571,6.3348858456526385,0.24202929732647402,5.581226681896194,6.360841795091809,0.17184772605945284,5.707941425795456,6.340246868065587,0.12274775587063855,5.830511672965957,6.2869325752888745,0.1029447959937865,5.927552738694947,6.220288251528069,0.09956128837870051,5.993455411836423,6.160609976876787,0.09547722729200911,5.1773795150730955,6.7356534312799905,1.1641581348504833,5.994465660247619,6.87671793020899,-0.24806126754786859,6.076373773314959,6.390313933806312,-0.2932541443734016,6.092795776709076,6.73922137209731,-0.4800402878637183,6.153974117183043,6.8230544967476,-0.45148195564633764,6.098535460052484,6.774615053447135,-0.4336066268186894,6.0274160856996595,6.9272813734158225,-0.2211202621294725,6.166592017793588,6.8320199047257475,-0.4794113426272026,6.182591262112313,6.881970347273261,-0.36724256316907034,5.993170413908012,6.048127635919093,0.1598376555096218,6.041409411095144,6.068959453806527,0.0908173904392618,6.071356060427027,6.082061340668901,0.013949986041591285,5.519589866493914,6.012666531785693,0.24094748054163126,5.440782472576089,5.968607018285284,0.24962417778267687,6.301567328247023,6.287171652834958,-0.3665080876094785,6.932544723904456,5.969323886476056,0.19833197628607607,6.319277289031172,6.8522707933319955,-0.37066707112551983,7.284088575256996,5.440893993504598,0.7439357505783567,6.660189478532553,6.126497692862375,0.08829205983035636,6.762966583130162,6.136259054134191,0.0911773905199087,6.859725930958051,6.118807122165023,0.1177383569408165,6.9763513108545885,6.026865041111734,0.20577497325549468,6.565360244552318,6.094401532300609,0.1050010314470671,6.794104975717677,5.638478829681194,0.07495056583415687,6.671939994143585,5.67348182333376,0.08136812718259936,6.904848173306601,5.661634729140848,0.10370017033849,6.976586015030927,5.725095239726976,0.14147220176792435,7.062740670121086,6.121966152911144,0.24745639862292018,6.679294544265496,8.154683628161903,-0.1755553299840334,6.961084605968224,5.918095691067918,0.2338856956350233,7.349377154396716,6.099886466856345,0.7051000450151329,7.175771140086875,6.023080254044537,0.3596411454362167,6.737501179997438,6.692269603405252,-0.08018223786459566,6.381626963701958,7.247771383995926,-0.3420006574527115,6.377938755216639,7.4016892166067665,-0.30839900991201424,6.50557555123723,7.309414030557867,-0.2926449931905774,6.594545927548495,7.379344941682369,-0.22950439915692228,6.473699516952652,7.417453756749153,-0.273656459538976,6.554647675360869,7.4373686247799595,-0.21257394597396276,6.7312939105387475,7.635332121887015,-0.11712279376016246,6.30798306166358,6.733005355899128,-0.539258447573032,6.316183129936275,6.582559978866166,-0.5575159906940576,7.111606516971731,5.609215519372036,0.19249329989624286,6.522707498320024,6.330414075087928,-0.0484561110781276,6.537533950652015,6.728462882523534,-0.2958093084251408,6.541795799468943,6.661098410544646,-0.2594493173632808,7.049829753737598,6.683122700582669,0.04364086584813716,6.305837923803443,6.415641575792056,-0.4799848462910079,6.867647561356953,5.451166310141672,0.0320323651695021,7.010558351213485,5.495707623209038,0.10515420188901081,7.17100343816939,5.144372964709322,0.572475785247349,6.4207037512723995,5.645346113523967,-0.05358785616547664,6.567312225248698,5.758561722808978,0.11142229990970788,6.806010017059715,7.491594036253638,-0.07833200634869912,7.341651596741401,7.614891720591799,0.7929054194045211,6.463581726046583,6.8215165283871215,-0.2629746178255822,6.385943479640705,6.871474988779168,-0.27971000049552125,6.694835313655908,7.5014093357523155,-0.08671780616777085,6.672055159546882,7.492926456236082,-0.11226469747895534,7.062876244583195,5.399953421527642,0.1680871633606111,6.542400782283729,6.812233322207473,-0.24755830724917585,6.6744626995917455,5.49799234445355,-0.02255165835243357,6.690377392095392,5.361769165832749,-0.029115600884904426,6.748346408071165,4.782403364331138,0.2213754436985253,7.106539968121642,5.2631671715521176,0.34289883826418077,6.702242344214764,5.046590977255959,0.0909034285167147,7.167986541939996,5.552695546571917,0.29070615538140093,7.221581459275374,5.501413412936918,0.5042441104926887,6.382764039835772,7.331172273936375,-0.3370939188220701,6.489335042687549,7.3669821543069745,-0.2895494446396676,6.574914599656184,7.409379058409161,-0.2308267057218292,6.441080009811349,6.8554028549646855,-0.24423589014272143,6.686073267370924,7.49640474297362,-0.10023229313206493,6.634129297114449,7.509845565991264,-0.16773583599106098,6.660275488137547,7.490201846884674,-0.11472128987666656,6.419689858386415,6.744389966241459,-0.3941389693272499,6.5389042731722515,7.456621656189291,-0.1964332276995661,6.461818529144214,7.44509564022519,-0.23537127467042657,6.372578461698648,7.448098687450391,-0.267357782097012,6.415345644439281,7.85942650322306,-0.24573442984158905,6.396764654180832,7.647159900363551,-0.3210432418529011,6.389934179533417,7.56633638299308,-0.32042602726960884,6.382544642453542,7.498250305006194,-0.28634510851634,6.371285402043914,7.4518196962088,-0.2650653163435755,6.539906503738915,7.458544481087368,-0.19508693593496151,6.556092345166778,7.484277388669522,-0.2170304780784658,6.572713336884314,7.524803219415618,-0.2401743963272555,6.588391867421707,7.569197295701553,-0.22899733882409318,6.671523795122812,7.218275191747823,-0.18381498541951016,7.41637936558169,6.848533019989561,1.0352013100617274,6.600756112587016,7.474532791981729,-0.14985822936667034,6.614586894406962,7.492711432223598,-0.16449761764118995,6.36661682984066,6.9328144150387585,-0.2924364608988093,6.508026824979549,6.915952887985225,-0.18297130089510324,6.375527570696988,6.906220682511711,-0.28736897815205564,6.635681843374079,6.41749005340446,-0.0275536103105309,6.805652129635547,6.511206993679439,-0.011130018864996996,6.561986189793713,6.741111396722297,-0.2093035309671377,6.999224763518184,4.91823877083451,0.38290651580731205,6.941227320639065,5.103842031698522,0.20835371250351792,6.900923802855029,5.325949445380223,0.06573649078564064,6.644732532062262,7.721136178502583,-0.17469059861772657,6.451248094469491,5.441293427941347,-0.07488599599100125,6.459267396792709,5.059770855878792,0.02375459413180831,6.481992883779917,4.735030658801081,0.12962654258696088,6.936106104667158,6.0844459205226,0.16190986970705043,7.170538403186459,6.229981825568831,0.29189300137403645,6.502420164965898,6.060290706076112,0.12381752311071391,7.074195983274302,5.814522997624117,0.23009863077108358,6.444645763943797,6.231503758240243,-0.07410021305978652,6.475759374102753,6.655174681224452,-0.38629446512604576,7.283181101034818,6.347602147082455,0.38912061865623015,7.105698094445645,6.32453918172989,0.18700765922351661,6.977967270975528,6.375374502755898,0.09029460191992636,6.785676763323262,6.360807537028803,0.05041101874332184,6.638704570763134,6.308321997818851,0.03684526426884785,6.523690048722832,6.242008592368784,0.019635644317137928,6.308134671814755,6.03467150610734,-0.1526057989092414,7.283477032387593,6.667341395856258,0.32266596703016526,7.149363275774008,5.804634079734726,0.28165829116117874,6.278403046495356,6.828096263169132,-0.49774933752917017,6.515733431365967,6.462825133080623,-0.10671941269852893,7.3943886047117156,6.140856923526561,1.0486349352416657,6.439804443635597,6.163664775643975,0.016234983468958575,6.572376587413915,6.766804215081784,-0.10864123536603959,7.013569416283218,5.928415385877235,0.2526754004089793,6.4771508345767606,6.573030406190858,-0.3397958185399558,7.397505359550298,7.22486804663907,0.9423228723235667,6.492714928605815,6.011584122773697,0.157013654497359,6.39253706342691,6.475284863485373,-0.42717216991291,7.125509459392477,7.884859834977651,0.22517706368364904,7.133259070581392,8.106488364672225,0.3839246909511717,7.382889557861046,6.756269496259983,0.6790689282834621,7.243275559897616,7.696610320970169,0.3721500990285716,7.287897780305272,5.781251493943265,0.6371801095226397,6.715905480194468,8.331126501646619,-0.1393024295360181,6.274484507203444,6.88771258174902,-0.3718789045484196,6.609464949540097,6.580740657052064,-0.08395600039555969,7.256791459095891,6.056758116664236,0.4605607979022566,6.846873326171168,6.032131307180198,0.13471583523752315,6.766198503372041,6.050784822486926,0.1107020150238213,6.650572438462336,7.535152798918196,-0.15489747882280175,7.2826103762830385,6.983959516421734,0.3149686996103908,6.535779500489137,8.55668158847764,-0.1309456032915099,6.849603037787278,8.395648283290972,0.08751205111388365,6.984295536997175,8.280624285616224,0.21761947076011953,6.674515908923648,6.046251460298301,0.11006155552477268,6.5893467198161275,6.03151830652088,0.1278572867452572,6.528046653884246,6.023269402286028,0.15315011260779268,7.219773799780593,5.787245926074345,0.3882508647481063,6.592627476020163,5.8794839384804085,0.12368657257599246,6.679951278622269,5.813626821273781,0.10630643676014533,6.768901245874721,5.789055043359041,0.10789599721683986,6.852789037646829,5.804646106501526,0.1294799321996353,6.908326460044139,5.844530145237479,0.15989953185812952,7.349633725421782,5.757847405750557,0.9257326764179892,6.899042524969533,6.002935419654616,0.16859252673486708,6.565939716043588,7.126209927446705,-0.22142047574012283,6.4638936930884245,6.784624239004526,-0.2946741456405907,6.379315637791494,7.066097231400709,-0.30129422020290947,6.992659606635325,8.0651366959392,0.10305949444875083,6.861914802515642,8.205922756994406,-0.015001165036625571,6.531068652378343,8.418892743487973,-0.24455954228185123,7.246990008601408,7.908075139376348,0.5907843510154046,6.524637612167678,5.957832128574962,0.1432412184409701,6.376356324263749,6.246337499521809,-0.21111670273003513,6.703667333856819,8.485865798874645,-0.04364028500996785,7.369628771897922,7.109064131359717,0.6211399559744206,6.463115962168694,7.446930268833401,-0.23364727864999468,6.477255066555693,7.4882403905538455,-0.2568919894046363,6.491657302022376,7.544601464253213,-0.2850744396035836,6.501554237756301,7.612527185349432,-0.28202909369287654,6.543051685480841,7.801370019852378,-0.22525275486939952,6.620423156332248,7.467660770321732,-0.159511076401678,6.6378656126669675,7.455008611648181,-0.15927183940982212,6.656426922761561,7.443487697948784,-0.15769050179936772,6.758455452237744,7.34501836255043,-0.12920364684376404,7.147301960833992,7.032746642616962,0.10676692753857572,6.373932019634861,6.121413650533304,-0.10483968371481811,6.422240261842963,5.885043220321816,0.09564911552868362,6.480809887263776,5.901699563444794,0.13152160114274816,6.598065761298614,7.472720759117204,-0.14974822317299538,7.180334022521281,7.431876401274648,0.21138527774393334,6.331871865003074,5.883524567677713,-0.0316409030213506,6.61701994577534,7.981419465587164,-0.19506415796753734,6.305229296513869,6.166047533260281,-0.26698126229549074,6.450770668272281,6.466842802086764,-0.2344457830760158,6.462505148194248,8.049466912141298,-0.2593351314125836,6.842798803358336,7.718235176571443,-0.06816810714207129,6.66223548667846,6.888929107433209,-0.10088172715027867,6.739348928714885,7.873466477895829,-0.13197427907835207,6.910453375530337,6.8669660445716225,-0.0651723033105118,6.773089476300935,7.036679030913067,-0.10634239178172435,7.011584635313747,7.12510929606077,-0.01477182364799252,6.507844601240155,8.247994573945515,-0.27690008765611024,6.514477545354069,6.564879902775277,-0.17599097000000405,6.9429285614700404,7.85842645934127,0.009869422796522455,6.814814339252239,8.021608546862861,-0.07589678537892361,6.91696313639642,7.52774868393917,-0.03511858044825991,7.269523067319817,7.257045843436083,0.31872606200480946,7.055866461776216,7.575975289912023,0.0614740554360507,7.334690649896579,7.426755914197698,0.5366346990613786,6.867009049374119,7.242438788486322,-0.08278960332317921,6.442598298007974,6.349987091383634,-0.15411998707172941,6.444911081708353,6.714867533774885,-0.4111327908155834,6.506698049471893,6.7749678386066,-0.3108485525288077,6.397989926604512,6.604800750706588,-0.4771904452474128,6.503036081205047,5.732221645727166,0.0723436559349218,6.673609892491386,5.605942416565054,0.05554939791368317,6.823388330638169,5.569678799083366,0.057710548684919406,6.946470262068887,5.59811736474803,0.09301781042633729,7.0325658766674835,5.676105480733543,0.15236879415819307,7.083230636273418,5.974702402367987,0.2905103559734229,7.378559921813062,6.425784149126683,0.6966225410992116,7.011434482952487,6.185120527615091,0.18932799382009655,6.908803157346392,6.229523350640517,0.12594311747480105,6.776645754798934,6.2392125513115335,0.08537490832031247,6.645139255448587,6.212333091961118,0.07374537788325305,6.539598910066819,6.165904669848596,0.07797570199326681,6.464027809760617,6.12119571094099,0.0778258058841403,7.412568702743499,6.494288612819214,1.0793806356707878,6.5039297064230315,6.828613778589009,-0.2645793711865486,6.377526200670653,6.357442229009689,-0.30439712603729735,6.3731542887151305,6.711937376045441,-0.4897364585927667,6.322746100134261,6.808374552302082,-0.4564608093218439,6.3736032880089954,6.750869113519325,-0.4432159223799821,6.478527717151615,6.886613408153,-0.23426617880287637,6.306390426181283,6.81737567613315,-0.48414537870883406,6.301616893104138,6.875228068915711,-0.37120613450257983,6.45713173456702,6.012663251758384,0.1413553849619896,6.408488200678435,6.039144370014486,0.07720967894879253,6.378005813552736,6.055632338402265,0.0021691410330746132,6.937523805359637,5.881100627496305,0.1926414933523044,7.020321170275216,5.815442498613095,0.1970680268737098,5.694473633664381,6.0120815935822405,0.1725422604531664,5.800000130041956,5.996992739065524,0.17250875406308547,5.687405174813318,5.877788528809094,0.1725876113863079,5.590061617676935,6.026770649214729,0.1725257464267839,5.702413850884701,6.152632950461109,0.1724983900879075,6.7668566955187295,5.920488288766151,0.14056504643729004,6.872609149333152,5.909393414169455,0.14023189588574436,6.762643682663958,5.7841076688345145,0.14024604100351476,6.659599073616919,5.928674508034652,0.1401267869550656,6.767767085320738,6.059706496767618,0.14014576100192994
6.283456127850075,7.313708474288644,-0.3535155955948191,6.248975857804897,6.750274481804517,-0.5475531371546137,6.265500957451006,6.956083366324256,-0.3140349647809967,6.156728621401526,6.315854501331541,-0.36016623298431477,6.242005267660551,6.59314427036011,-0.5675371336583063,6.237484139531496,6.417452368984209,-0.5088217041126217,6.232108038085647,6.016920023206052,-0.1867284902238133,5.552350176000131,6.113010985802866,0.2470051480877621,6.2227011393616545,5.696704747703098,-0.08549492249963858,6.217101429509876,5.498118926217408,-0.08572764240005079,6.192250205101772,4.762016495689201,0.1125469267804074,6.286393728477003,7.37206076853295,-0.347891862454331,6.290377027237547,7.430760898075368,-0.319284943961123,6.2925904581576875,7.476523892916509,-0.27637969286419617,6.292890794938202,7.477598820907109,-0.2733311329598561,6.293771344379856,7.531838474273715,-0.2946595887057004,6.297203660336244,7.602142126292501,-0.32505226877404675,6.299708659079804,7.683668581900433,-0.32321325405321505,6.3101576022052885,7.892560485585596,-0.2440178567039604,6.255116320010887,6.849345428320888,-0.5019708650386089,6.182895920120352,6.875596762878542,-0.36559430876961374,5.210807335348538,5.688760803321173,0.8221692877021448,5.8283892725229824,6.2131707444919035,0.12045942623024827,5.729619758906763,6.242331911312352,0.12956069026214767,5.636499645899197,6.250026671163485,0.1617360604870664,5.514581181671001,6.1818224536226,0.2580410861146397,5.914503719557821,6.165639343303209,0.12938607612040476,5.656259394593837,5.769830177040513,0.11364962313514243,5.7794566650651,5.778606441600067,0.11102949757596808,5.55031577795402,5.81445576507175,0.1486112152979666,5.4873290898848435,5.890913032732168,0.19047994826323705,5.4452596528468895,6.300813547673813,0.3040066347303519,5.963689530651831,8.242433835477732,-0.15252915792515945,5.519875074144081,6.071196213893888,0.2856177663282778,5.195531081342087,6.352216443420087,0.7829810011298175,5.335876412786436,6.227697252666707,0.4241423973840628,5.7914873088266505,6.801476422284023,-0.04821890797721012,6.168592289605054,7.286865235127055,-0.33415618176173534,6.189799281593633,7.437792870919381,-0.30161028884580116,6.0592145301427855,7.366129299804397,-0.2765325787177198,5.986173867390627,7.450396054504613,-0.20819335577488893,6.1027867472029484,7.464348195989674,-0.2599960611587266,6.031332169565403,7.502407662022586,-0.19495629533796008,5.876080707178666,7.730403469486304,-0.08938179127691624,6.17221606112469,6.7582980775467245,-0.5348387887695379,6.153222500056252,6.607718277052513,-0.5519563410793985,5.356642033934551,5.809496189087928,0.25116058330295293,5.971096011038456,6.400803773192341,-0.02745436296738451,5.9722027264985265,6.795438264577479,-0.2761659266991722,5.9654952050670405,6.728555967318712,-0.23884024425569614,5.497847453920666,6.860336585293432,0.09669131645628226,6.153406648155253,6.4462744694636385,-0.47306477439200084,5.572075579612815,5.615785542374017,0.06973154036683812,5.439736305996481,5.68124361485122,0.15412014132440083,5.285910895257369,5.370171803986188,0.642044084783095,6.017673422769824,5.714190778897568,-0.04343225342954637,5.889091281895618,5.843576010092419,0.13567617007474606,5.794398602582293,7.606562411414961,-0.044973751594346245,5.350140948368017,7.841284739717205,0.8683659805462911,6.048041782683726,6.872451630267025,-0.2469420527011623,6.127084796567624,6.910381023436357,-0.27182778204200336,5.906211209131358,7.588309096474652,-0.058672075730461994,5.92720299629789,7.575997480712839,-0.0874773576242127,5.385285466913164,5.595751398396936,0.22180864599403025,5.97856095113905,6.878909236421295,-0.22810082942642942,5.760458719518113,5.624175972821377,0.002940261714249972,5.7365530809834535,5.492546984729764,-0.0031800917631012358,5.645565651416109,4.91689089292084,0.26003191340518395,5.339963842912487,5.473725149071109,0.40359449299882977,5.701159012534303,5.173689801456947,0.12185501488629691,5.303384138389408,5.765125996932092,0.3532516362847548,5.259008100262175,5.732197101546359,0.5739164129301885,6.176849724203136,7.367682866703117,-0.32961717318110206,6.082561513035833,7.419151529627605,-0.2748498295526256,6.008799968935796,7.474229349143237,-0.2114853912535784,6.075627094839505,6.903783113968562,-0.23218181984961322,5.9172721523874525,7.58188437390949,-0.07426209969193684,5.964742536249693,7.583074759835178,-0.14522864718801576,5.940190187129254,7.5710108671113066,-0.09085488472562499,6.076282209009166,6.789326301482049,-0.38074969275027015,6.048739280146015,7.518482621871136,-0.18035235087797427,6.120183627333616,7.490807793278342,-0.22319210882659554,6.202713032409323,7.479016468970851,-0.26079940267345536,6.189435369874178,7.903035004835942,-0.23725959406761526,6.19193452264634,7.683311246898799,-0.3127665488386558,6.190613333110647,7.60019980229589,-0.3128187743721896,6.194078532656143,7.535416208768601,-0.27856323168840524,6.201296845838431,7.4799540166336245,-0.2577780402376062,6.047943862662828,7.519862271120798,-0.17859321587568264,6.034040315815004,7.54914620334058,-0.2001726601825544,6.021064816926434,7.587694538731556,-0.22248381001871748,6.0110334953826134,7.634511269916983,-0.21045709401919888,5.891498725991492,7.309231190945065,-0.1585667333181468,5.220600798931149,7.102085040468292,1.1210628440278556,6.260237390954547,6.908590694696065,-0.37898893640434894,5.994549682909495,7.546624397429254,-0.1289450021456759,5.980876686558636,7.566307052376098,-0.14286877011721819,6.149855220531654,6.968631013181217,-0.28497681037059264,6.0208974759951985,6.972694694048468,-0.1676998419090811,6.139260128121247,6.941908347179689,-0.27983742509466575,5.871360450648904,6.513189650311513,0.00017932540229535177,5.716017279585878,6.638781576816219,0.026734349380886917,5.956217648460203,6.8134431257334205,-0.1883206953397333,5.423989816665794,5.108325264522093,0.4392936937519065,5.481049055111754,5.283001428367788,0.25639937292845244,5.531210412682616,5.49703157553759,0.1064661688408908,5.962221461084791,7.800483513099159,-0.15196342317755746,5.973587856346373,5.52038221216276,-0.06371932415836729,5.93660952964867,5.131365333916804,0.03865332595442721,5.895241974551552,4.811754020333789,0.14723464888478352,5.5609930793371944,6.233893982347391,0.21103502309776154,5.353942291268833,6.429307268230641,0.3557898839906343,5.972957587555148,6.117494480491055,0.14599924212859178,5.4077975720160945,5.997702488358471,0.28681203434434666,6.034793715378776,6.287569499474199,-0.057393908890517716,6.016347848755583,6.710515299587964,-0.37027713738094037,5.265635970333379,6.580486280793033,0.4590511588639703,5.41892830155574,6.513069077151452,0.24666076099933934,5.542189877712367,6.537739807192677,0.14059602313964237,5.726102310991908,6.48310335851751,0.08817977049799881,5.862112854645477,6.3987598754427095,0.06561767206350338,5.963830930084993,6.31248210658197,0.04136789763450406,6.1448364540874385,6.067024747929008,-0.14620418224695594,5.288236861126899,6.892927875830995,0.39456269554891976,5.339726350324489,6.00700415959732,0.3442719958609013,6.212680413640991,6.847651558108644,-0.49417635830051665,5.985590731743788,6.530075738691378,-0.08623995844222258,5.1748356118507335,6.406070993420923,1.1352833521373538,6.03870722785577,6.217436111372346,0.03299599275079824,5.952883252524713,6.839348817232236,-0.08804108281914703,5.471071078056929,6.093132856187439,0.30616587623594277,6.014914855016925,6.6304539905613735,-0.3234131588719971,5.271090627019873,7.466286135507737,1.024257485457683,5.978057466852494,6.065198247240697,0.17953720324132288,6.080265142396498,6.519095542915203,-0.41561988452045373,5.540989626709947,8.056835935569831,0.2801973633804372,5.5627278713492165,8.277747887193389,0.44140326733644974,5.222539103822424,7.005720047962249,0.7578873972670009,5.4199484235644935,7.900194593483487,0.43676380395825853,5.226458827644027,6.022597557552052,0.7115198924461023,5.947335060295869,8.42136878948605,-0.11244615228128865,6.227778365519838,6.907567649701613,-0.36943915391851995,5.907639818391469,6.66604864890408,-0.058722291711328096,5.2664098307970395,6.280532411405214,0.5286316002806511,5.639403632190593,6.159102085788657,0.17787228885615428,5.720616232209156,6.158828055879428,0.14868809210541803,5.952856214907002,7.615541092734133,-0.13038843185671067,5.31970535978305,7.207252604405175,0.3845815671501396,6.136713476831485,8.611668311889884,-0.11498744856990831,5.837168825441447,8.50452992484583,0.12469671646290818,5.70810768028591,8.418172504624808,0.2645129418241896,6.202527422817473,5.104609418952957,0.006520972716300894,6.343146418797839,8.607256064978095,-0.15489130716062105,5.8051540938329005,6.134628657282075,0.14241589002056673,5.886742297513712,6.103630028576948,0.1556838244939353,5.947261620280195,6.085304735113815,0.17743634152431056,5.280085019387173,6.007193788294505,0.4565147380241523,5.870129142923438,5.957714947884227,0.1518353827024705,5.780007282496042,5.909819634976078,0.1385049922456236,5.69292057734326,5.902651012550663,0.14633874235029998,5.609388953546201,5.935872571879451,0.17243341172526652,5.561355894937012,5.985672209970132,0.20608643114613492,5.182316993745881,6.01935194730715,1.0086361364522094,5.58681802335609,6.139988682306583,0.2149253343757739,6.271582959943027,7.086954205000337,-0.3022009831509687,5.981749928536043,7.1967656624656104,-0.20184659471890176,6.041995586766511,6.836063381307194,-0.28022883114834696,6.150287091668598,7.103317078940183,-0.29290990773527714,6.228866446946081,5.8684981169037105,-0.09612810506742774,5.673504279468186,8.212487846997254,0.14682419775241096,5.804087934799396,8.321545904898755,0.0195331987489034,6.123394161750136,8.473124635755408,-0.22940902537726,5.4514077878903375,8.107291053203387,0.6606800368199901,5.943319608692642,6.022214646425557,0.16828717934786064,6.092604161149234,6.288311207095177,-0.2001481573415042,6.334035472375813,8.469884506108691,-0.2643641664193044,5.975806402491486,8.568666807787341,-0.015911997686905315,5.2660144969813265,7.346205498537432,0.6983488732172974,6.119384921491519,7.495797329865573,-0.22089703982933048,6.1061222392580765,7.535899962901692,-0.24425678794898176,6.097704771193006,7.591719490038303,-0.2713181549183159,6.092808770148125,7.666012286789029,-0.2675678272522677,6.065504429992608,7.8635535062607405,-0.2085592770470119,5.974723801663427,7.538954482956558,-0.1372948304948195,5.9549096123601535,7.532930209432081,-0.134900836700323,5.936444015583495,7.523492619358255,-0.13153496157900935,5.8253175799271375,7.449014943762102,-0.09833631800138028,5.44051930079045,7.225297656614471,0.16378402301368475,6.090588031763738,6.16573945556338,-0.09381592632770523,6.035976063093794,5.937554384775689,0.11018152343977372,5.982446329878696,5.96249695248687,0.15184487098807753,5.9949998227070544,7.54385706071926,-0.12894645222061224,5.447943319091266,7.624492005689168,0.2700427512132897,6.117093666077157,5.921174338294865,-0.024026106079026312,6.010052833680788,8.058458192632463,-0.17488290799429468,6.236382904669609,6.280471759451971,-0.39707239847258796,6.150267361515133,6.1956240613441915,-0.26177284825433766,6.233136929051496,6.153925478116726,-0.2866997049173888,6.0385727705136425,6.523691207179569,-0.22050746064171078,6.32484560533993,8.294345330735533,-0.30008485568442983,6.318354384850128,8.086071638525588,-0.2723845423100782,6.159846716395333,8.094540989586807,-0.2478223737845585,5.781115459448962,7.838020495438476,-0.03620377830479109,5.877755943357083,6.98124223497712,-0.07542890191856198,5.88902989919595,7.975297788019105,-0.1056679996406987,5.642306887735565,7.010673777974674,-0.024805492812523387,5.786961430845834,7.152078326361495,-0.07512172009927341,5.570594356610132,7.289957023249577,0.030654147418923534,6.130800276763549,8.30228781362461,-0.26259792947519855,5.990606575202305,6.630258150519579,-0.15688160922717262,5.697677371194253,7.998392298022449,0.048896469763603075,5.831404697644131,8.134490896620184,-0.044997920461444546,5.6932578168182175,7.6699349335963305,0.003990279387033626,5.355633238495378,7.4756060754072005,0.38502586097630187,5.572859305153208,7.74105556011783,0.10962907914276929,5.322152264185854,7.6535749826421835,0.6095552814315834,5.7144067144660395,7.374763068811154,-0.04611685594277958,6.041868436888629,6.405677851844484,-0.1380733951385889,6.0463486432179065,6.765368049204817,-0.3965685031411685,6.000728143929565,6.833708916327104,-0.2939663387070041,6.080135800279343,6.64808690178719,-0.4642055244416016,5.948585732801587,5.808063926095694,0.09251405019165625,5.772884697095378,5.720581156380774,0.0838839577528493,5.622368106166895,5.711332829630922,0.09481544471265933,5.505908317730528,5.763221671749561,0.1392054583652629,5.43149312095368,5.85724754495043,0.2045404000699199,5.41290366265805,6.154965330278944,0.34833140642873334,5.195035635266201,6.67853418231495,0.7767048027754567,5.498202231309814,6.350117739688609,0.24243917039689564,5.598137285473284,6.375645635285902,0.1721860426426235,5.725318950824727,6.354749210527781,0.1230022867729331,5.848119425987426,6.301362338238694,0.10342725707293816,5.945139532663131,6.234904604652626,0.0996555322381444,6.0110082846309645,6.175322464175704,0.09560772797875947,5.192482407258617,6.756570592998949,1.1653222367570604,6.012473431212306,6.888209446167294,-0.247434552955523,6.093698819293299,6.402260881563012,-0.2932882516966185,6.110946992526558,6.748940869579606,-0.47984532479429653,6.172656701218729,6.833766645294648,-0.4512690291434448,6.116761176453959,6.784621025253991,-0.43335414114103277,6.04546444004413,6.93925281467266,-0.22044420540433057,6.185257692564687,6.842614523003814,-0.4792306300362457,6.201277115684967,6.893882961407959,-0.3669304786070114,6.010554125728071,6.063186502333748,0.15977507962080228,6.058732237502544,6.083651055954924,0.09058021541327507,6.088895988417556,6.096552384081397,0.013436245927199228,5.5371733035074255,6.027922141374965,0.240900812158139,5.45712222493078,5.985410602750123,0.2494777656303814,6.319017902603673,6.298891684577091,-0.366967792346318,6.9490769696051045,5.985634576529265,0.19751196677890134,6.337638052249136,6.86450914737795,-0.3704396599529386,7.301904727291934,5.457328660795732,0.7423273396178915,6.677818781565257,6.140540395857163,0.08796245336206782,6.780275276266841,6.150571352027771,0.09070737670906992,6.877106484991785,6.133837258904224,0.11719103724914262,6.993900955290623,6.043522116047519,0.2049583641889705,6.583424612166385,6.108608238594597,0.10436028324220929,6.811561453690053,5.6585736685205745,0.07362698970564852,6.689258616842512,5.692494917550926,0.08009023630888351,6.922260768061227,5.682176047289022,0.1023461862452064,6.993898763051349,5.745146293563644,0.1402333217189528,7.081146232417544,6.138521343485968,0.246550852169913,6.697712622228814,8.173764132464372,-0.17408121065902124,6.9777061530284366,5.935530947925947,0.23285684685934582,7.3694943870897225,6.118227053781726,0.7041531463963154,7.194397313303453,6.041720095364433,0.35845514455944116,6.755773348649701,6.706875451646987,-0.07949782931678327,6.398916985924001,7.269285668390236,-0.34197959865525124,6.39503087643793,7.4210558548101355,-0.30849010658271486,6.5218095351362,7.331052009930315,-0.2927146157533004,6.610309503874176,7.400274887987104,-0.2299096551855945,6.490528472937962,7.436962742981025,-0.2738846048690201,6.571263530168042,7.456652705392115,-0.21296720798773092,6.748231314801311,7.6536495187774936,-0.11741505669993683,6.32593003303405,6.743387927499001,-0.5392850153900717,6.333968243704749,6.593009082271558,-0.5576767611061927,7.127811699093077,5.63414408479947,0.19011237139374582,6.540880555325647,6.344454454897889,-0.04856297536407213,6.556804981410727,6.7402544868302785,-0.2955710578554456,6.5609366216954665,6.673263308354245,-0.2591711854602976,7.0689018453267956,6.698630439738123,0.04373978064069971,6.323492262961555,6.426651735723612,-0.4802570547329122,6.882400742838077,5.47820900913251,0.028602693865440735,7.025909110181347,5.522192636429728,0.10180446336840053,7.1878169417498485,5.159276558977958,0.5703156599229274,6.436193822536157,5.666489844538364,-0.056270774471719395,6.58451927031045,5.776050655979997,0.11044632767539142,6.82293990626764,7.5097392409006885,-0.07901354425074296,7.364442006309975,7.6380736587369515,0.7941967712846263,6.483013476707282,6.833401272082343,-0.2622707377635799,6.404546656379189,6.883922156894113,-0.2793219063279298,6.710903325939432,7.5205309040993145,-0.08748392863307773,6.688386105611529,7.511833560153618,-0.11295659007679096,7.078153095062346,5.426939839981941,0.16512987524120845,6.561885861301034,6.824721466050836,-0.24718370140945017,6.689468341066375,5.523196316643929,-0.02547489079120392,6.705145774859937,5.386482064183461,-0.03204595103685096,6.764073897286835,4.792891262875357,0.21857584664738566,7.122041725324364,5.2815260513365025,0.3404450311635723,6.716747835843455,5.061227195963192,0.088201601547434,7.184114980362779,5.5776372906505145,0.2885484476999981,7.238584088106712,5.520321560209517,0.5023407597444157,6.399915185540016,7.351782555250049,-0.3371789371829564,6.505832495308549,7.387552592734661,-0.28978781647196084,6.591074065739193,7.429513513928561,-0.23126320308640236,6.460290916634064,6.867714201196285,-0.24389648428999797,6.7022805181290455,7.515408371662805,-0.10096306595002764,6.6504720581171135,7.528416388767271,-0.16820570112151673,6.676743853574658,7.509021647911722,-0.11540553828600064,6.438947275064083,6.755183636285041,-0.3940157318500999,6.555817012244656,7.475327661019424,-0.19692661605696374,6.478919104490198,7.463808174381888,-0.23567414835612288,6.389752695012978,7.466747236501665,-0.2674878790262503,6.433254029669954,7.877851290804641,-0.24341816508343983,6.414311620851239,7.6665238092862555,-0.32017369146422797,6.407424335799299,7.585361265397779,-0.3200205087449693,6.399922493004262,7.516592911617097,-0.286299461399135,6.3885835007336045,7.4696592610037325,-0.2648629921974031,6.556804981410727,7.476715348479757,-0.1951864347900604,6.573009283376432,7.5026970376067315,-0.2172352694956146,6.5895285370511445,7.543353576432704,-0.2402381621659732,6.605196471141187,7.587760305909771,-0.22901186469548498,6.6892820007281,7.234879934480369,-0.18404046233671473,7.440541208222336,6.86954472098993,1.0356616968467376,6.617478857046016,7.4928114999746205,-0.1501966952631976,6.6310897399507835,7.511130582093144,-0.1649286573624446,6.3850810331204535,6.945728689487545,-0.29193666767682674,6.5272565189852365,6.929174359984453,-0.1824017406437032,6.394045830257557,6.918905911225846,-0.28696297915268,6.653946026619705,6.431877303405991,-0.02753208470038941,6.8238533392984015,6.525927291238872,-0.011129324422740484,6.581325908434908,6.7538726771992925,-0.2088809424887945,7.015244596860603,4.931099161027725,0.3802555254806283,6.9557194546048,5.121175440398843,0.20568159762690152,6.915627052018626,5.352824614612394,0.0627335358136568,6.661999582965321,7.738923972797245,-0.17428497473235832,6.466353919719046,5.463005464395307,-0.07788238303918683,6.474476896974999,5.0717060996920855,0.021126604172915397,6.497828629719806,4.743627627287126,0.1269159591007072,6.9535126004024805,6.100180174706368,0.16130174591676516,7.189749766042939,6.24641897606519,0.29126465499609566,6.520766029241859,6.0746785859803625,0.12320792338398323,7.091671173171188,5.83498608587114,0.22864098804917013,6.462532846664765,6.245293626571292,-0.07451118146151256,6.494646229040634,6.666452020930464,-0.3862191242160369,7.303316529384278,6.364967237783089,0.38837998706525734,7.124693604099271,6.340005670664869,0.1867464848545193,6.996497297337259,6.39011441449316,0.09021528749957304,6.803749774410982,6.375262724159406,0.050082191471877875,6.656681210487017,6.322625597701968,0.03651325227009124,6.541654415789308,6.256306705936575,0.019250633949793833,6.325411203072578,6.047637679910917,-0.15364650346212533,7.304627488470027,6.684874138294858,0.32258216317226207,7.166879595191951,5.826142958013734,0.2802730413070358,6.2964955670507985,6.8391376315155235,-0.49767375636034705,6.534354989753889,6.4763921833539,-0.10639284300434644,7.416026857915976,6.1597429504030385,1.0480845687516975,6.457746457583576,6.177988227132677,0.015605655084213747,6.591666701089551,6.779709678534194,-0.10805257365706548,7.031234059377473,5.946445011150695,0.2515117754674549,6.495930881255096,6.584872220833536,-0.3397033235425941,7.421451919372274,7.246947480936362,0.9433252180362615,6.511144291069032,6.0262929422213,0.1563309004529266,6.4105117394432725,6.48685793364715,-0.4273201852264298,7.143965579555485,7.905487389836931,0.22634550800704123,7.152471467937934,8.1288524572079,0.38572020709463506,7.405645143461556,6.775608729599288,0.6791178652325129,7.263352738168836,7.717738903201404,0.3734377298465033,7.306415624971046,5.7997805499995385,0.6359101536232753,6.734062141628141,8.35004209247281,-0.13773656670849566,6.2928206432814395,6.900000039728361,-0.371607872291805,6.627929992410774,6.59487248565431,-0.08339048126693696,7.275613201680925,6.075579596321905,0.4593870281893812,6.863565753743779,6.046726439119429,0.134036808978613,6.783196069726004,6.06461365010101,0.11006816640065624,6.666802779214277,7.5538697482292525,-0.1553817179369239,7.304081620890845,7.002272386330944,0.31533313580431466,6.554068336050567,8.575367752501005,-0.12859367296621932,6.867600204754046,8.41596272743679,0.08920151955933907,7.002497456229723,8.302052513275886,0.21928987724753177,6.691956532642169,6.059884624614153,0.10940029842230223,6.607352903840209,6.045454574967398,0.12710602167858284,6.546353846045969,6.0376257231473485,0.15242565454486132,7.237330127242083,5.808838882678992,0.38669136909294044,6.610047896654167,5.895980759186831,0.12291738317272384,6.696902224443923,5.830975749492886,0.1051655201304769,6.785575380084531,5.807060611254705,0.10676883487563356,6.869225384802376,5.8229916140576075,0.12834170246468382,6.924750421129869,5.862650318640776,0.15879299067986638,7.368990172056742,5.7755142881043335,0.924687621819911,6.915597091415217,6.018405996060494,0.16783770178924876,6.583950018845679,7.141744841171098,-0.22116956257405812,6.483346697076904,6.795862097503752,-0.2943731817789052,6.397322497225503,7.080940161925804,-0.3008285728580757,7.01064162513199,8.08556742349261,0.10409843624602869,6.879729133909707,8.225552131576414,-0.013747045797633091,6.549408366100835,8.437557015030412,-0.24255972072113036,7.267906019140574,7.931462502246083,0.5925045467479232,6.542738112737004,5.973177907602167,0.14247335637611452,6.39392891082962,6.259155886246126,-0.21153494499549721,6.721772448259067,8.505072869439315,-0.041733056760941994,7.392623972921448,7.129300960306431,0.6217534488109759,6.480307522696955,7.464940831340032,-0.23356685835415655,6.494462811688057,7.506647452778168,-0.2569862993223681,6.508936706120288,7.563371643988444,-0.28486048467412517,6.518869011523574,7.631438481201502,-0.2816117915927453,6.56059463236875,7.819194275301274,-0.22404073378382433,6.63683486834106,7.486855916614057,-0.1599972379517963,6.653886105412887,7.474627605944649,-0.15990645412645152,6.672159881253085,7.463566297315342,-0.15839096596720256,6.775742456194991,7.362420761699507,-0.1298428725611756,7.167260314079171,7.049957244268806,0.10728696834442002,6.391474333589358,6.13480695940968,-0.1055682984253911,6.4398000561416024,5.900918412777915,0.09492867044577863,6.498641219743972,5.917363130317317,0.13053257158896478,6.614845977678149,7.491537808956527,-0.150332305814527,7.199772684002877,7.451172837953973,0.21221029170679057,6.349075695287117,5.899238426747739,-0.032825046613569484,6.6351366136502685,7.999922481035581,-0.19341293605336005,6.322550330820233,6.178321447502299,-0.26774505609606114,6.46920529226787,6.479524162529774,-0.23438977017156942,6.480732086369653,8.068130352308588,-0.2573078277491961,6.860579923852827,7.7372951390167914,-0.06833282891161556,6.681041373297783,6.903362934774412,-0.10020468817623808,6.757079192510477,7.892334684940392,-0.1311657747838014,6.928997519349697,6.882389050895283,-0.0644854090233539,6.791560193302079,7.052325593430964,-0.1058888563296239,7.030416354128336,7.142042254965914,-0.014253584375885324,6.526289010719054,8.266906533237888,-0.27512292319299747,6.533508785394192,6.57778105752913,-0.17566258017561387,6.9608997160088535,7.878004747553809,0.010273904380106306,6.832774291650028,8.040790205578265,-0.07492122725797774,6.934649112197623,7.5463642517020935,-0.03542358375395743,7.290337742136797,7.276452098576377,0.3194816060926459,7.074085760462972,7.595149613755417,0.061829984986497055,7.356677094802079,7.447843557243454,0.5376517514594189,6.885247730908354,7.259509742721816,-0.08277905203197111,6.460747633149445,6.363189331732015,-0.15417728797838784,6.464062298931472,6.725600828777593,-0.41106148832374256,6.526088055452287,6.7863996620514895,-0.31057839717764135,6.416132640941365,6.615603761720469,-0.47721518572552246,6.519823366354113,5.750804097756179,0.07127385491240924,6.690027362081201,5.627320740059683,0.053718048852302344,6.839858878236613,5.59201509192791,0.05534286352742053,6.963150414996649,5.620470357702185,0.09070460786519544,7.049548757017449,5.697951401103482,0.15030076953913998,7.101344063593738,5.992997942876838,0.2892593954636654,7.40013312318073,6.444599598658435,0.6961143419941461,7.029599379625623,6.200932203372552,0.18875465595473512,6.926808933807993,6.244573841343052,0.12542715460386933,6.794418873315149,6.253847744217766,0.08485130045929484,6.662975129442175,6.226756782018235,0.07348436284685157,6.557645339799028,6.1802951935951675,0.07738971151613284,6.482092005465851,6.135631972123064,0.07728193212745944,7.435808163630143,6.514166658281215,1.0793824381177024,6.52338063994911,6.840773042013799,-0.2642326548987005,6.3952742149973245,6.369643284154162,-0.3045909578401299,6.391453141943044,6.722431581534064,-0.4897636090005604,6.340929334145575,6.8197757742490825,-0.4563735212775966,6.392167811946312,6.761748662163728,-0.4431542727847676,6.497778938962933,6.899368674817499,-0.23381391915315172,6.324458309734887,6.8285593462728835,-0.48408584629630275,6.319951065787899,6.887529121245984,-0.37096376499016365,6.475467789126769,6.027304295272958,0.14071225749280675,6.426481471806678,6.053687529560255,0.07645956266090861,6.3957645458482375,6.070221763536672,0.0012176544885272322,6.954046045292445,5.898865380697976,0.19153443818977367,7.0377201646423035,5.835072679322456,0.19597372271927355,5.709030613020191,6.0247616630885314,0.18280053408702068,5.814664027802762,6.009935548879638,0.1827366622823447,5.701689169065356,5.890501987868325,0.18281565140367978,5.604705599710882,6.039397417853813,0.18275386907706168,5.717313623743134,6.1654193886294015,0.18272605504127498,6.783541712784844,5.934734799696335,0.15310862842196155,6.889617594527516,5.923991365761733,0.15281684365819773,6.779242731568869,5.798271924005933,0.15283007701923088,6.675886688018592,5.94270249333706,0.15271184453131173,6.78452895120449,6.074066585849752,0.15273096953539328
6.292632479184518,7.325489563182121,-0.35540484764527525,6.256094187347168,6.756253812148529,-0.5480456565149582,6.272653607856235,6.963029971584304,-0.31503410276017596,6.164062445525457,6.323652671593726,-0.3592866707063904,6.249219430136268,6.5993520222689614,-0.5676213813237225,6.244771875657518,6.424264871430873,-0.5083809782823369,6.23963867482362,6.02625265036538,-0.18484072406459084,5.556445133531124,6.123539428792741,0.24965729746924797,6.23093674690962,5.709388907258083,-0.08234056140737618,6.225509384032212,5.511841167254481,-0.08186052435059786,6.2010500296382185,4.776779247528746,0.1194446989977323,6.2956194678949915,7.384365144920477,-0.34991036990486146,6.299570166583832,7.443454396600886,-0.32144280613021925,6.301750039040593,7.489255865823313,-0.2786865909235262,6.302249821816011,7.49133548902644,-0.27571878768837205,6.303150601605965,7.545031769909154,-0.29720295278221937,6.3064134587005265,7.614526455068968,-0.3278533159991305,6.308609429577579,7.695626637766289,-0.32644708239933823,6.318065788006155,7.9020142398759345,-0.24792504799147602,6.2621413394058045,6.8552722683768055,-0.502605304129528,6.1902077435718095,6.881982474626119,-0.36626430688446726,5.219125054584621,5.70386349036617,0.8270019188454434,5.835064518123347,6.223170722611665,0.12278673333698104,5.735753729217502,6.252949873165663,0.13182261200373524,5.642303131170997,6.26081907370276,0.16397175187004123,5.519315224748056,6.192340784260449,0.2603895929083807,5.921621699426341,6.174718868012135,0.13161108013312775,5.664270523278485,5.780681859139108,0.11705402641674033,5.78767625688263,5.789138652016849,0.11442806307496614,5.558001558074773,5.825369610375905,0.15179064433881082,5.494433286821408,5.901645023337188,0.19349651765623532,5.451499531650022,6.311797648541698,0.3060671683223696,5.970250636649078,8.25167558734191,-0.1569905712954513,5.52379973241884,6.081288392990995,0.28828726345786965,5.20224403154291,6.36564979140269,0.7854934226796484,5.342743726384443,6.2398677114395875,0.42650047954235726,5.799219555978103,6.81142236674155,-0.04818697384463155,6.17766780591101,7.2985832489038005,-0.3359678802432291,6.199012847724951,7.450926258855331,-0.30363575804855153,6.068097566927951,7.378254330927052,-0.2784635683480941,5.9947114545358255,7.463011782016079,-0.21022828730413448,6.11187356217914,7.477609390488699,-0.2620009441644455,6.039980944142251,7.515788989449418,-0.19705666958348358,5.883492956838816,7.74186495957572,-0.09233358148541088,6.179548394099623,6.76442595568566,-0.5352572452250559,6.16051347559753,6.614250378502484,-0.5520329882567915,5.36635901133269,5.823648177024266,0.25426425832278887,5.978732308903634,6.410613411023575,-0.026378162038876947,5.9804533763820835,6.803401694704436,-0.2764313943240935,5.9736803319175715,6.736893266508719,-0.23887320810687587,5.505634860358871,6.871273366400303,0.09687435930922302,6.160787880488865,6.453266907332612,-0.47277666922679235,5.582809955490544,5.630032476176894,0.07313047565200455,5.45008250479117,5.695688053970344,0.15731018439263317,5.295259972241541,5.385656992657276,0.6476776363461102,6.027132209510404,5.72720290693033,-0.04015898148536473,5.897047826724364,5.853453670447832,0.138961369587174,5.801941286626953,7.618305193359238,-0.047391534090722776,5.35867896723402,7.851801071747226,0.8649406817798677,6.056273277223752,6.880121643589682,-0.24742325291352232,6.134912596855585,6.918024642419936,-0.2726670394235438,5.913203689106575,7.601890658632796,-0.061110135086484746,5.9343782340147,7.589827819609731,-0.08990554410504885,5.396306097680186,5.611602346055303,0.2254866856221615,5.98702299535382,6.887112748474509,-0.22858233866960326,5.770964267253982,5.637856674311813,0.006425462791700763,5.747219463197023,5.507673139891704,0.0007802085852740416,5.65502820066515,4.932277547857435,0.26685882542403755,5.349576774051861,5.488654685683092,0.4082997976440702,5.710558237968356,5.188242064621081,0.12742885231722414,5.313396306192811,5.780064631070199,0.35656816431501365,5.267897779970418,5.746685654215081,0.5783245898443737,6.185977517766997,7.380244681072198,-0.3315632701299731,6.0915507700537175,7.431877437172077,-0.27681986018192606,6.01734327235353,7.487176242620185,-0.21354998138081305,6.083706448893435,6.911584542556909,-0.2328290287678962,5.924330624513595,7.595611542972685,-0.0767086411170152,5.972415874178302,7.596739895885853,-0.14788347312585864,5.9475386926031035,7.584903898239625,-0.09333870945206349,6.084324042835531,6.79612813571813,-0.38105420458468914,6.057312357078939,7.531992049472938,-0.18242400588599636,6.12929863865207,7.504231787172785,-0.22525421894505263,6.211972807806086,7.4921813878381265,-0.26295173424584534,6.197191530992867,7.912620171862607,-0.2411270098147776,6.20078367395703,7.69539321067206,-0.31579843471791397,6.199826549696055,7.612657574822386,-0.31548762544432907,6.203383568834127,7.548763676431304,-0.28094059843509644,6.210493948378387,7.493896601345562,-0.2600236282516376,6.056247666100561,7.53407533140795,-0.18097219820716828,6.042351802403381,7.562797840193716,-0.20258757457322205,6.029312813713542,7.600819381937026,-0.22503394041853383,6.019208859741417,7.647276495913148,-0.21320247045301216,5.899960177304394,7.3196443731235075,-0.16037824831495867,5.228445674060283,7.114742216158953,1.120479596557054,6.267270881507817,6.914362983549968,-0.37980442750710613,6.002380156565653,7.560822856722485,-0.13148351615926862,5.98864527707139,7.580256576999983,-0.14543554139087486,6.157777475894331,6.976264336556773,-0.28605598581813163,6.029279153380205,6.981249724622539,-0.1685040745931391,6.147132029603306,6.949537300140792,-0.28078462212144706,5.879020157110063,6.523218933977983,0.0010350778492145374,5.723516734556736,6.649345666484602,0.027241194005966838,5.96460887208324,6.8218680462716845,-0.18853754106126083,5.433699069285746,5.1240338811611235,0.445521174724249,5.490944685969575,5.298158785513599,0.2615626280846872,5.542544879355683,5.512785120080672,0.11049520070406277,5.96970402210554,7.811168658931165,-0.15522117425551493,5.983266941201234,5.534499327941755,-0.05974822931018014,5.9455110233927355,5.145286722931576,0.04435178818150614,5.9043967555874906,4.82667337423713,0.15430542796544597,5.5661418706445085,6.244771875657518,0.21327626250170686,5.360391619629136,6.440882831650091,0.35756144142042173,5.980296782657429,6.125909189434306,0.14837382323313628,5.415042097787318,6.009374188435988,0.2895896805404404,6.0423042388888835,6.297198576576324,-0.0561344083596017,6.024257909741972,6.717818833702275,-0.37037521229569814,5.272642057604997,6.592273107818908,0.4601713317335588,5.425338866929755,6.524418266289709,0.24808102430512544,5.548860948207826,6.548808104777898,0.14187152492807364,5.73279235163022,6.4937602883370635,0.0893807619006773,5.8689820603118585,6.408800143501637,0.06698783069118434,5.970832375018707,6.322006242245719,0.04279607823392796,6.152452557509688,6.076322396204217,-0.1445004495559668,5.295687312125646,6.904191708911169,0.3948899507435924,5.347729846196585,6.019902921179899,0.34718216787399087,6.219853716285213,6.853801458159253,-0.49477909369207346,5.993344552303791,6.539402968595704,-0.08555476308464302,5.181795379040662,6.420678582437725,1.1376491106078546,6.045805645302312,6.226657494097555,0.03473273337782754,5.9613621134089705,6.8480418824267355,-0.08816405061250006,5.476408910065803,6.103494700290538,0.30876870734463213,6.022777586821519,6.6382736120558485,-0.3232448001845387,5.279501082268794,7.477654758764066,1.0221642571286733,5.9855455994188755,6.073306869385045,0.18227217994632838,6.087709467448223,6.526503011717475,-0.4153021531294414,5.547475020569992,8.067424776626002,0.27645986383156945,5.569307039597755,8.288021429882138,0.4365537143437342,5.229873677114788,7.017485805206232,0.7579450924239025,5.427188721770538,7.910753486855156,0.43350503026685916,5.234098414821775,6.036669060040437,0.7151328528852287,5.953781220944369,8.430047547665867,-0.11762300495892244,6.234938667844843,6.913476106941175,-0.37023135553141606,5.915537228302484,6.675552431226614,-0.05833044783787754,5.273325142847826,6.293272025517922,0.5308034709021026,5.644637036240094,6.169966907040599,0.18051468521855366,5.726650438415777,6.169414438526045,0.15129981402297335,5.960396208191473,7.629020155556068,-0.1331435056823225,5.327557793824802,7.217966018815228,0.38381592974645107,6.143547935849289,8.619705964107006,-0.12104983040959354,5.843379352203971,8.513505417189535,0.11923642568520941,5.71417123570426,8.427837673607653,0.25935401171555855,6.21096665653786,5.118449558685873,0.01229807833293031,6.350327754016948,8.615419393831173,-0.16105406182816703,5.811809618265718,6.144562868074038,0.1450068409158504,5.893928026046485,6.112722022103146,0.15826089443927302,5.954679805495193,6.093766498082946,0.18007608330036687,5.288369482483538,6.020738941415498,0.4596832569001718,5.877743259682386,5.965711248000028,0.155028038946164,5.787257697955048,5.917862718288246,0.14181237924045392,5.699297392974364,5.910853319743998,0.14962236548870833,5.614545429983163,5.944587193591909,0.17557911307410257,5.565824658590126,5.994977444343825,0.20914139239663274,5.189619577175581,6.034275151768435,1.012405504509847,5.59138565715453,6.150774663067474,0.21754296128999293,6.27931542687146,7.0960431692438535,-0.3035531621762598,5.990296828644036,7.206636389661809,-0.20347907033101933,6.0501869767339524,6.8435965231871165,-0.2805632917095115,6.158343115843668,7.112941388325422,-0.29435469861138996,6.236689736924745,5.879141627008628,-0.09350398123140684,5.679543167783787,8.222597449816973,0.1424190770216574,5.810273316747433,8.33084542309699,0.014676534179489335,6.130174173192021,8.481667132330962,-0.23487663806703435,5.458998468520411,8.117718436856169,0.6563264669136372,5.950898140219414,6.030167859354941,0.1712010973682318,6.099985610540152,6.2970997908154445,-0.1989478223604125,6.341271660856532,8.478142310033473,-0.2699545928068507,5.982297377251852,8.577084664638553,-0.021662306748432683,5.273943834409488,7.356983927243554,0.6970696478375001,6.128256631811376,7.509832573941517,-0.22315570753857192,6.115002509686731,7.549380538627024,-0.246596105102743,6.106481323127823,7.604473723343225,-0.2738338547556467,6.10141983343886,7.678208878757128,-0.2703661315426296,6.073101980399516,7.873547110575704,-0.2120409602821417,5.982674226635951,7.552393138460689,-0.13961073732898,5.962735601358397,7.546083289452748,-0.13720539551983876,5.944323399023039,7.536385454719798,-0.13379943627444624,5.833535534068831,7.460082601269381,-0.10033778351227586,5.448421806388813,7.23608040037519,0.16292401682724036,6.0981416096703835,6.175177672990447,-0.0922454574979125,6.044151532617347,5.947432589378454,0.11310116678938095,5.990299755629543,5.971516557881102,0.1548422554011934,6.00302848385558,7.5574202360699365,-0.1312030057591019,5.45546230415408,7.635219510861098,0.26781816779121725,6.125014629488556,5.931530277115836,-0.021323948367111517,6.016911176117976,8.068387754857993,-0.17887769997222336,6.243686695780587,6.288110286575326,-0.3962997058728235,6.157612101213154,6.204164342218271,-0.2603664056950629,6.240502135548353,6.162312839938308,-0.2852584737356164,6.046128345454521,6.532209169964479,-0.21993757844129785,6.332197274036694,8.302959300420012,-0.3051264626207263,6.3259225488548445,8.095182843687025,-0.27676095459858624,6.166996016750417,8.103987947840167,-0.2521258667387675,5.787898707781205,7.849057754580258,-0.03934106053905652,5.886039800103589,6.990634371906179,-0.0759718125328649,5.8957343419778425,7.985775052399635,-0.10934051635486428,5.650102815802289,7.020944038583424,-0.025281897347689854,5.795052626234891,7.162024008301832,-0.07619806508253878,5.578487895515431,7.300438957715599,0.02963253830726573,6.137682988638499,8.311291696413681,-0.26748090131269286,5.998528975384071,6.639066093382023,-0.15651883498663585,5.704076428561846,8.008881407742756,0.04521067834976745,5.837781858293936,8.144318149402572,-0.049167388220758355,5.700412940325936,7.681217819858908,0.0015433295706449226,5.36354325127441,7.486155456424421,0.3833061540595744,5.579832845356159,7.751927204004363,0.10702250390239025,5.33008451406421,7.663891529146858,0.6070598127234385,5.722420578484153,7.385537402616259,-0.04765920462868246,6.049419008911404,6.414759485995045,-0.13713944687762136,6.0543579310822375,6.772305400672033,-0.3967910278307579,6.008957824747537,6.841481776157898,-0.2943909429241204,6.087648366625752,6.65486742464463,-0.4643872427498737,5.957421659169407,5.819201720165082,0.09581081740132756,5.782060469313173,5.732372329209884,0.08720373067789494,5.631424257785743,5.723346969397298,0.09804545078421588,5.514513139149702,5.775368282823306,0.14223578598778308,5.439578285550885,5.869271100130731,0.20736430058620187,5.419312203769672,6.166307443409762,0.35081062375210714,5.201831692459532,6.691170825894997,0.7780115903808186,5.50419441761596,6.360974663800727,0.24436107726282336,5.604566238768298,6.386476025035415,0.17389822304515873,5.7318491305504065,6.365300748380913,0.12465639106408875,5.8549563116327805,6.311325672128603,0.10529607409502202,5.95228114087174,6.24421794365021,0.10147170455803003,6.018349789494946,6.184322307462467,0.09759777063754076,5.199791583560756,6.770369199758776,1.1662753947450595,6.020814311292318,6.896116887642165,-0.24795358610017482,6.101071522163459,6.4103470553423865,-0.2925019167850993,6.118497330382767,6.7553405926701675,-0.48016191100387234,6.179977197476481,6.840156583469347,-0.451821556763438,6.124410206981243,6.791090061913228,-0.4337091417718635,6.053703383948108,6.947365476894176,-0.22113935752997163,6.192526647840181,6.848872414564508,-0.47984213783717056,6.208536526820201,6.90004051171506,-0.3676843064629748,6.018074652857234,6.071593485243552,0.16236857559303075,6.06631064227558,6.09276510316617,0.09299217609168799,6.096225165909304,6.1057993355045594,0.015429395441092704,5.541326155764969,6.0376810652796795,0.24377490268078428,5.463449315857857,5.996054940883799,0.2522946486140126,6.3262064664490785,6.306773477917957,-0.3661025223339513,6.955408833068973,5.997621609876725,0.1996593542436429,6.344304017842373,6.870537229545151,-0.37106721569749523,7.3106980419196255,5.473798038993053,0.7463883017546067,6.683439925423133,6.151256152183469,0.08991357044812039,6.785983935695276,6.16172378410491,0.09251804445684193,6.882834959155198,6.145430719277032,0.11894373856798973,6.9999612112260445,6.056106804923009,0.2067556705372219,6.58883975381853,6.118714659056703,0.10628014720303328,6.817495861669754,5.671989715808318,0.07656760271963783,6.695378367562126,5.705145510018485,0.08319083926378759,6.927898828029718,5.696040389850817,0.1050265398905087,6.999356056972355,5.7590854624447045,0.1427508325352808,7.086879509366035,6.151995947770507,0.24787222504989415,6.705187427744364,8.184091491972161,-0.17856143690142318,6.9842923260576555,5.9479854237661955,0.23501027324911425,7.375741513868805,6.133858150326485,0.7055219130345344,7.200343370820537,6.056595245629585,0.3600218471444241,6.761586047996941,6.71792347343417,-0.07974491408932588,6.408099862218951,7.280370081582958,-0.3437987784309106,6.404182823863448,7.433616066563573,-0.31058295815076453,6.530883245529551,7.341691891459265,-0.29462270072192664,6.619790430321933,7.411073887677037,-0.23191935368604802,6.499555719642049,7.449088843702955,-0.2759945874712375,6.580741516665467,7.4683513353282605,-0.21515614181101678,6.756594805960161,7.6653769742919495,-0.12039012675021395,6.332901214051264,6.749496866104308,-0.539658242340576,6.340989938501429,6.599503493768978,-0.5577303655472728,7.133533463117541,5.650840050277008,0.19276792693559364,6.547067280147272,6.3549392196841215,-0.04762393216660883,6.5617585521561335,6.748650967292621,-0.2957193141359965,6.565928043011664,6.682082535893998,-0.2591180921102337,7.074101022386369,6.71168899430305,0.04307691734828741,6.33061597011623,6.433675129837705,-0.47985224508400137,6.888149633090565,5.494152296212682,0.031859842792847995,7.031593875352711,5.538648329898733,0.1047188405390256,7.196520727747653,5.175835304800876,0.5754662055596392,6.44312929302715,5.6807516469252235,-0.05297996406419152,6.5908030293477315,5.7875514941253705,0.11348305836335863,6.831187568127781,7.521530271522512,-0.08139376163043785,7.370347811324733,7.652308715747035,0.7900422325633006,6.4880285189668685,6.841249080810047,-0.2625691452261022,6.410303150559773,6.891453467982232,-0.280075422679793,6.7219085642027245,7.531747646183057,-0.08989766068119155,6.699431510743731,7.523276950124154,-0.11538601055061493,7.084166193800519,5.444369029080397,0.16845915222572022,6.566514171859555,6.833456713642524,-0.24755027951113592,6.6953856850258955,5.538730651366133,-0.02195965017365219,6.711230921071116,5.403096338184556,-0.028024757173172543,6.7721085608966485,4.808775223731539,0.22523617682344738,7.1294847104141965,5.297819986941098,0.34463719970930895,6.723805982558005,5.076674158029106,0.09369467548057862,7.190281858138271,5.595034876336091,0.2914491624194944,7.2460482495212135,5.5368434774601285,0.5059631053164914,6.409113330950946,7.363721116135599,-0.3391537210316228,6.514903368150982,7.39897372958875,-0.29180883863081114,6.6006062355589545,7.440711811180295,-0.23338174882026674,6.465405116232497,6.875613354161651,-0.24445885687243557,6.713313471259751,7.526754940653522,-0.10340416670464193,6.661135564109087,7.5404305486912575,-0.1709198552216882,6.687712592517806,7.520546804391969,-0.11787647504375556,6.444695230273699,6.761987776757855,-0.39421217066199615,6.565423869757986,7.487242831540483,-0.19912453911043193,6.487953149090049,7.476264440647971,-0.23785555470028755,6.398743021297633,7.479469489778759,-0.269746914038259,6.440942834852996,7.887782504591761,-0.247451699553924,6.423176032822058,7.6786486583296405,-0.3234210367259983,6.41655738684307,7.597781170980171,-0.3229263761752193,6.409271388168356,7.529824616704584,-0.2889074185122857,6.397901512964207,7.4834406773661515,-0.26732849226263083,6.5669268768161215,7.489768820033514,-0.19770346477943332,6.583107252701958,7.515355795594298,-0.21982338027235412,6.599545203312461,7.555701363830617,-0.24302943605932553,6.6150487137996725,7.6000225101325904,-0.23195838778184033,6.695798389982462,7.245514074666082,-0.18572462795372785,7.4454037689489265,6.885409974655481,1.034211729477824,6.628032089764868,7.505271598774349,-0.1527650332408654,6.6417677010055085,7.523380126363296,-0.1675460356491932,6.39100699860113,6.953362870199183,-0.29296458629896355,6.53200867145721,6.938066443936632,-0.18314518767457202,6.399888936123846,6.9264528971889785,-0.2878365534238527,6.659919401630693,6.442892207201036,-0.027042013213853685,6.829758467453711,6.537864105965101,-0.011183697916742643,6.586055458854457,6.762946364511584,-0.2090360209183603,7.023584179511251,4.947573608246798,0.38621358821863494,6.962910696924871,5.137320931872729,0.21057861088207153,6.9214184821159614,5.369895175699021,0.06663137302057223,6.670058479428908,7.750280774656355,-0.1777015663073522,6.473464570827586,5.478373649087758,-0.07384645518118198,6.4819828304009866,5.08613563868232,0.026889921444447244,6.50605362746885,4.758901585921708,0.13392806356725928,6.9594114857505724,6.112310414766144,0.16303060026044952,7.195191876327217,6.260646381557813,0.292198562177729,6.525968105115966,6.084255990422481,0.1253065705870316,7.097282747606309,5.8495984646611765,0.23082543858674298,6.469076287805365,6.25543927433985,-0.07335564773241879,6.500287466018941,6.674030398762678,-0.3862220033019692,7.308535731375909,6.379355401041878,0.3887577331686429,7.129860096305542,6.3537340334013805,0.18741086887805272,7.001652277103043,6.4031349630517385,0.0907970627299204,6.809215419668844,6.387262652390573,0.050693033682429695,6.662288796399069,6.33370247633396,0.03749026243145949,6.54750559622703,6.266645970101951,0.0205095017869014,6.332811209246906,6.0571740570137065,-0.1519436250657298,7.309162838020906,6.6990553931060095,0.3218559912953462,7.172850927694326,5.841759631598721,0.28255270430461243,6.303397200134977,6.845174168375696,-0.4982509101113863,6.540165448320426,6.4862503752710206,-0.10580447775744203,7.422931105968195,6.176091624215185,1.0494082723599294,6.463894059964215,6.187803224977342,0.017147933249450787,6.5963752780077645,6.789155324492725,-0.10827110332564799,7.036904890556193,5.95963189910081,0.25348401088135347,6.501610463468362,6.59297192560884,-0.3394749805581527,7.426406901258432,7.262060323740365,0.9404685243488591,6.51625051323084,6.035638029395397,0.1587303783412721,6.417136929973568,6.494380077518291,-0.4269838894925916,7.151650039916634,7.918297792000913,0.22213739098682952,7.16050343933065,8.141581417952995,0.3803801518362002,7.410093347532001,6.790708822050868,0.6780547151583265,7.270285884763009,7.73120414661078,0.36950203306439744,7.313577463912695,5.815730315353106,0.6384915667354989,6.741426435313565,8.360057470208897,-0.14292191255149075,6.299694563467903,6.905813990628738,-0.3723799458305653,6.6335231145770654,6.605193553595691,-0.08317843387599184,7.281736983814993,6.091123430169612,0.46090010539079473,6.869332043262409,6.0579409272166895,0.1361497027351892,6.78881286718834,6.07559650379834,0.11219193761548119,6.677454240060156,7.565818489237526,-0.15813588014419586,7.308854772796234,7.016315742749582,0.31354977810172474,6.561186326489404,8.584193580690059,-0.13472915434689897,6.875251871451466,8.426694685766947,0.08366116353076637,7.010500554292421,8.313669140392204,0.2138908837241476,6.697493114591345,6.0705657474572075,0.1115580165823499,6.612652244415351,6.055601168176577,0.12931580898602307,6.5514797107999305,6.047286334095952,0.15469160711585075,7.243735199223858,5.8250571546729715,0.38898096154774353,6.6155382521258135,5.905944765047806,0.12578858564573495,6.702576556671613,5.841579621990006,0.1080546436005336,6.791551793877047,5.818233985581642,0.10960381928163689,6.875622135118173,5.834759014010995,0.13099261724220831,6.931315351863426,5.874868959913955,0.16130176941028213,7.377300865397961,5.791761962778007,0.9274274318881863,6.921648250478305,6.02993955448535,0.16994219632801189,6.59017226397085,7.1518922479673845,-0.22269667388951783,6.488512203321994,6.80360585194359,-0.2945982558195236,6.40435185727651,7.090427747547585,-0.30224141532738374,7.018470004083152,8.097496625730757,0.09946650224814022,6.887527648670207,8.236560634180828,-0.018678179280628406,6.556643644981658,8.446712339653207,-0.2480661607068448,7.2751483394374565,7.944893845815431,0.5875670496601543,6.547990012328532,5.9827005695055195,0.14505790309271288,6.400805814334091,6.268230201007923,-0.2103973435842708,6.729004308819446,8.51488622260273,-0.047520307161134354,7.397385108204517,7.14398938709695,0.6195292283271644,6.489829346800399,7.478494803604738,-0.23604372780402857,6.504045715410658,7.519721394478836,-0.2595684820052107,6.518304525310777,7.5758946368473294,-0.28768718569466967,6.527984066384304,7.643719476775075,-0.2847144660385457,6.568389637823529,7.829875023310033,-0.22766596353499166,6.647192868643786,7.498189025592411,-0.16229421186747908,6.664266706855808,7.4856461609461045,-0.16215950193290812,6.682416212241861,7.474380925473851,-0.1605148219160833,6.7829947517456715,7.373634816049733,-0.13169417908105355,7.172313825853688,7.0632902014141665,0.10559069348001818,6.398506667217896,6.144607504603028,-0.10405897681012606,6.446011642005727,5.911722634439745,0.09782616697542819,6.504375733026636,5.9276088482820715,0.1332927362090599,6.625187791597889,7.503101970766863,-0.1526446495283295,7.206040016364642,7.464443809675657,0.20925794587422708,6.3565212553509625,5.90994412487071,-0.03009767174838344,6.642852880882439,8.010699797489332,-0.19750289767094206,6.329837391971217,6.186996840470007,-0.26635366888616496,6.475340768537937,6.488391465169807,-0.2338137307204501,6.488318290532118,8.078002170503977,-0.2616605220296708,6.8685000476318825,7.749033147083755,-0.07154045365947241,6.686359593466932,6.913518548231035,-0.10081117768397645,6.765009889294419,7.903635789847128,-0.1350056744426042,6.934682848689883,6.894306547105734,-0.06537379255389186,6.79752430780524,7.063207514073578,-0.10697340829391565,7.036097042556104,7.154439457105346,-0.015755422752609525,6.533650710326956,8.27644447045333,-0.2800321581752593,6.538944163617393,6.587091611724135,-0.1753151698692502,6.968561974193608,7.889848956360105,0.006432277894431641,6.840517334433154,8.051910289943137,-0.0791347004954522,6.942284230053038,7.558375165091781,-0.038017722941905835,7.2958260285556715,7.290169629062296,0.3168660069476509,7.081200425734976,7.607667064531982,0.05886054092025012,7.362395923447048,7.461852695755082,0.5342883672879023,6.891784217344587,7.271161785176148,-0.08435229226697233,6.467084474167464,6.372651140736793,-0.15332184649953168,6.469745835740221,6.732669626421298,-0.41118100326893403,6.531089598007834,6.794481706370123,-0.31087316419042504,6.422615515097358,6.622405691872945,-0.47727485140799336,6.526020059108726,5.763297760463284,0.07457500016767511,6.695985717054947,5.640957083710704,0.05691888049300995,6.845575165390232,5.6062492554351495,0.058210875906478526,6.968739788563193,5.635228607199205,0.09329662260185506,7.055055859435,5.71288811843238,0.1526814083502312,7.106958629947952,6.00712040959516,0.2910394530496577,7.405312848451766,6.459860673934786,0.6962784928016342,7.0352130929328185,6.213904618241081,0.18997497678390526,6.932382969827311,6.256994235390746,0.1265269063064819,6.80004810105914,6.2654920060655925,0.08600435263202034,6.6686623073417985,6.237677594533549,0.07499775520338735,6.563290097322968,6.19058898343417,0.07898402934303526,6.487887291916128,6.145481209777038,0.07910892930274102,7.441370382919498,6.530497615188929,1.0794160021884092,6.528196272833603,6.849025349557278,-0.2646369918859763,6.402134665754527,6.377951179744622,-0.30384483170867416,6.397881755812031,6.728778199188986,-0.49001103430024495,6.347668587683322,6.825885333880821,-0.4568823147060233,6.398435687819338,6.768117616157079,-0.4434363378281865,6.502670032222101,6.907714335969527,-0.23441680407038054,6.3312664926452875,6.834616531649897,-0.48464925419186566,6.326693077789712,6.893483332431731,-0.3716611193506402,6.480837647321151,6.036718818794066,0.14306353977603078,6.432571656301351,6.063460490137586,0.07867059607267698,6.402380532537163,6.079862951048809,0.003151676307528452,6.960642283156505,5.9113282231426005,0.19383677972149013,7.043256449107616,5.848797568251668,0.1982753474400487,5.7149066408130365,6.035694007993229,0.1779722667326537,5.821585749860996,6.020437461908219,0.17791356695298238,5.707625764362961,5.900600455384175,0.1779932015391551,5.609480281562316,6.050543337219499,0.17793072869222795,5.72310146848785,6.177143143758779,0.17790299093112888,6.789586323108715,5.946544615150096,0.14667460524415873,6.89633714330161,5.935965757779367,0.1463429411988324,6.785645137122774,5.809663040269106,0.14635627270313642,6.681342008560583,5.954245879893696,0.14623838150169682,6.790277091688501,6.086214875473421,0.14625754410994168
6.3072979873004344,7.3466319619028235,-0.3544409140295962,6.270143783684504,6.779549863880228,-0.5499388181445198,6.287334425122186,6.985842696170823,-0.3153610480862154,6.178544234977537,6.345587034404635,-0.3620865048099375,6.263265032947918,6.622493980580664,-0.5700672058859687,6.259062370799054,6.446958561202894,-0.5112667063447606,6.2548149604583445,6.046325798882762,-0.18827346671905096,5.571126777044971,6.140812339540655,0.2480841131350334,6.246397898929969,5.727712070753247,-0.08670096850129404,6.241025181600892,5.5294210954568594,-0.086725709528983,6.217079763925343,4.7908290813802665,0.11252585035182601,6.310379743922424,7.405446491102541,-0.34856372502544586,6.314572135994471,7.464832476719428,-0.3197018290136998,6.316946724469925,7.510758793090834,-0.2766206448604793,6.317200542082686,7.509622482448734,-0.2726760183916402,6.317941454767334,7.562921246820853,-0.29419116451899424,6.321216142118098,7.632206852912328,-0.32489711242634145,6.32361053717027,7.712884908501423,-0.32339584726878334,6.333719227065775,7.926232549988321,-0.24440533952522495,6.276433472157947,6.878585681779556,-0.5041536694807892,6.204627295784835,6.9053252939262215,-0.3671465120545064,5.231453889613918,5.719569366991266,0.8250431365963948,5.849805678260376,6.238255928744903,0.12132875041347324,5.750236916731942,6.268485166278572,0.13039460341290707,5.656425266836304,6.277445808301329,0.16256746444631656,5.5330302938810885,6.210496644685701,0.2590794912028628,5.936943612167309,6.1902843999331,0.129944003792565,5.676781292664342,5.799631951548261,0.1139137434895224,5.801405740529925,5.8071181039708755,0.11144384732575124,5.569927378788139,5.8450352275789195,0.14883405638996372,5.506202652504564,5.921556102787911,0.19096673705359,5.4637865016737965,6.3304724156378,0.3051414046822421,5.9847046044043655,8.278642900191553,-0.15185093730348928,5.538055295752222,6.099727997599966,0.2866565043228428,5.2139617480639675,6.383598055857862,0.7860953374220815,5.354050730885076,6.258986812376758,0.4256147241772744,5.813021564198312,6.831903781185192,-0.04795619246941327,6.19200830568451,7.319740499334651,-0.33502141375557914,6.213810211612986,7.472563643831817,-0.3018497304410283,6.082369367048635,7.400540328691719,-0.27701553848380106,6.009404872725958,7.486438517611467,-0.20824625591943996,6.126675212013716,7.499849770780525,-0.25996624814802316,6.055137524791673,7.538921544453557,-0.1946348508738452,5.899110849904547,7.7665842058694015,-0.08885144922906417,6.19348646316923,6.787634615065886,-0.5371641721924388,6.174445007173757,6.637298296312244,-0.5544310139322179,5.377296316183243,5.844660369775102,0.2512606616490719,5.993503859505714,6.429954981878663,-0.027716742329172622,5.994655575263039,6.825405023290831,-0.2773059661695008,5.98798589394737,6.7585218815975985,-0.23977607947572258,5.51790503824898,6.891383664647261,0.09760495320137826,6.17492476647649,6.475850488019618,-0.47539947172994906,5.595104472104802,5.651090695506833,0.06904448852906435,5.461550559235371,5.717016886113805,0.15357601219310882,5.307536085827444,5.401057972841462,0.6440544439745159,6.042409965307856,5.745366332801521,-0.04421746613997215,5.912351179652295,5.8706909798329425,0.13630530771238408,5.8170448667913375,7.642939816762919,-0.04407613223127689,5.371057244516969,7.873065829460992,0.8719850902073021,6.070612329824016,6.902418862187035,-0.2478951712307365,6.149354475933122,6.940593471292417,-0.2730827409427243,5.93019250381402,7.6269258326976885,-0.05785641470631585,5.951325387595566,7.614274565213082,-0.08676174076388699,5.407422119371828,5.632589518909621,0.2217147968607423,6.001290778463681,6.909278539923817,-0.22900176022652155,5.784319267014243,5.657502157748249,0.002224794612471813,5.760271148570524,5.526681919254405,-0.0038893184229678085,5.668420716558459,4.947029247207908,0.2607690105363595,5.361415476328176,5.5060449334677335,0.40471672255435814,5.723879498158249,5.204699239140485,0.12211678395280316,5.3240910828678505,5.800522147135212,0.35358439420792137,5.2794393563871145,5.764136365338262,0.5759470999549949,6.200492856289112,7.401551931258184,-0.3302373689769076,6.106068302880579,7.45422128663681,-0.2750616334451047,6.032270465181901,7.51050864336265,-0.21137691002770287,6.098191153962006,6.934000815552874,-0.23322558148454192,5.941337737891118,7.620301633150779,-0.07353826609198644,5.989127706416336,7.6201739907674835,-0.1448163243966399,5.96436288332618,7.609072771305315,-0.09021748406710671,6.098066445886372,6.818767619359444,-0.38237556882015805,6.072708159071581,7.555019156287154,-0.18004057884502106,6.1442740890048695,7.526359039775725,-0.22304839384455286,6.226882552247087,7.513893367250739,-0.26086561344641856,6.2127611966238305,7.936724167033714,-0.23751485155799149,6.216046154051412,7.713457832072423,-0.3128359158731354,6.214815211987213,7.631113089731327,-0.31261912097032835,6.218392133027161,7.56745548573552,-0.278027026428874,6.225635471490747,7.512732114993512,-0.2570103228913194,6.0722936881143275,7.555617021473281,-0.17792219210730378,6.058471265084135,7.584511882597667,-0.19973006981035776,6.04550565989124,7.622703363972106,-0.22211239554893994,6.035431448110764,7.669292100298203,-0.21020295772012668,5.913962848135634,7.34234787271634,-0.15886930835894403,5.2401999603888925,7.13329825837732,1.125433438688327,6.281808390217771,6.937866765897527,-0.3805530198978923,6.018873883551152,7.583715951644356,-0.12837813801788622,6.005279602941679,7.603387550210238,-0.14242062266058736,6.171973586545459,6.9988182046520775,-0.2861951761401116,6.043707296082907,7.003319432605547,-0.1682874960584617,6.161424016923742,6.972116004928102,-0.28111584372867515,5.893428563117132,6.542495217215317,0.00027650483552415204,5.737181081578441,6.668894921216395,0.02698911139844306,5.978875602233852,6.843698964409416,-0.1889774025423031,5.446303163046832,5.1390738150688655,0.4404835029803042,5.5033864507259835,5.315255882497643,0.2570640115518221,5.554426898563754,5.533323724647286,0.10620608522484676,5.9852569878217325,7.835403990619539,-0.15173096309138812,5.998102653188945,5.552193890432991,-0.06452905898499589,5.960140047812139,5.161538507740491,0.038636602092193696,5.919025996006373,4.8410486566496,0.14756797140665723,5.580069079644841,6.262013550730085,0.211953914120296,5.371925799584914,6.459928934645741,0.3572446908491708,5.996185816708759,6.141839714010803,0.14657381421621282,5.42654683634721,6.029282606405094,0.28755770356352695,6.057283970846409,6.3166855710880085,-0.05797284138630223,6.03816842358247,6.740192728787069,-0.3718800775716805,5.28398533253243,6.611264385158284,0.46061679651737536,5.437279800197801,6.5434708745129235,0.24778107709609862,5.561580740643651,6.567779412761642,0.1414458020991498,5.746668431826523,6.511964479569379,0.08862463641650492,5.8836617200642465,6.426592265298039,0.06593482159786813,5.986018807448473,6.339895211117318,0.04133926851542767,6.1675215082453265,6.096219666001616,-0.14745849651415907,5.307080167774465,6.923988957810215,0.39651184814878865,5.358693172394778,6.0399458804487125,0.3451531654753648,6.234061335942109,6.877031232295625,-0.4963033419681893,6.007917912318252,6.559738676190914,-0.08653159819985975,5.193880080002324,6.437810123489771,1.139582578537257,6.061342851919836,6.244760555254587,0.03291571655067036,5.975620721459806,6.869385893682348,-0.0880166272370929,5.489392737486023,6.122406527942457,0.30724550959438585,6.036972693210216,6.6601602208836095,-0.3248228148393691,5.291629203991875,7.497088587270606,1.0282223016691756,6.001440428154441,6.089137347670981,0.18031815747256033,6.101877377962363,6.548752628304479,-0.4175731164839595,5.560383909906022,8.093173382224165,0.2824746803432344,5.58212859683509,8.314472263898102,0.44408059738542816,5.241697557661873,7.036564404838812,0.7611971867275347,5.439613308365986,7.9347464436695425,0.43941000486159343,5.245712424120371,6.054262367531489,0.714214611294932,5.967748340791184,8.458925295789482,-0.11147916217694868,6.249448845321507,6.936982072137441,-0.3709994414089088,5.929872664278864,6.695919894783187,-0.05868734530199321,5.284450420296853,6.3122078175958345,0.5302878972779431,5.659370578152012,6.185381905406855,0.17891834370998716,5.741246564844108,6.183895678576064,0.1496171955958106,5.977198645405033,7.652686119662169,-0.12998980650122616,5.339225874999861,7.23858488517357,0.38691634115422896,6.157912384229273,8.650018414391045,-0.11382871734016095,5.856830044014687,8.542731323346242,0.12640703977023293,5.727328776814901,8.45611422904931,0.2666801045485728,6.226777650748171,5.134598629095896,0.006326433226519697,6.365742793734743,8.645520854322152,-0.15395308218981194,5.826439052771152,6.158706848028753,0.143219671315789,5.909053017840234,6.127256938507702,0.1564397016148285,5.970422595436617,6.1089927072541945,0.17817260546469119,5.299185046221462,6.040377223675023,0.4579208555043784,5.89259521974113,5.984160290333069,0.15257375127017608,5.801349255107432,5.937619970083395,0.13894903868084868,5.713412089151068,5.931286266995021,0.14679176679508962,5.628966015735539,5.965041441973011,0.17296173354259525,5.580392953853032,6.014847279862007,0.20685035074636965,5.201985738130073,6.050525893512422,1.0123149613480356,5.606183684259506,6.167134179633946,0.2159484238193887,6.294029048052982,7.11764886203909,-0.30346447077770183,6.0042691007405855,7.228859856004869,-0.20260821298974055,6.064407002695853,6.865810439796231,-0.281396941232981,6.172793725536981,7.134384685789167,-0.29413814066257116,6.252113196678581,5.89790558303239,-0.09720770983949904,5.692873402671072,8.249541170376997,0.14864684526870184,5.823869332836177,8.359158835282322,0.020892883777716763,6.144741744288497,8.510508223756261,-0.22886393946352315,5.471563517343404,8.141695827299504,0.6637293436365179,5.966541239976738,6.047020496221735,0.1690154794499749,6.114716441137335,6.31799427230525,-0.20130886487817212,6.356688987443718,8.50765460955499,-0.26404693021040776,5.996089718132829,8.606969186682205,-0.014520490238120484,5.285915373397095,7.37710914843393,0.7015559163440562,6.143796897221341,7.529886811162335,-0.2201446442459636,6.130498614897269,7.569417803984466,-0.243760869280685,6.1220771519074,7.62444780987715,-0.2709830145677949,6.11713321028543,7.698140012499997,-0.26742945336774976,6.0886832635602905,7.897806444512936,-0.20865588985390743,5.998677043913776,7.576401456219967,-0.13689422096771467,5.9786599306206964,7.570394194858988,-0.1345443677888805,5.960073659101288,7.56091931541847,-0.13121775694706628,5.847814750511726,7.483774166254394,-0.09800195585833207,5.46044212451606,7.257038746059733,0.16538788429216142,6.113145852961263,6.194980759346091,-0.09470346737530168,6.059792803897397,5.964275220884778,0.11052495054198079,6.006131285740567,5.987993229716524,0.1523850844572225,6.019175750451878,7.581122757248085,-0.12851505327187956,5.46785088457409,7.6579179902234715,0.27232268648543684,6.140988764788831,5.949593412498085,-0.02446914001358496,6.031914680377886,8.093917962793391,-0.17468719814495118,6.258275976345645,6.310180944578325,-0.3992328224740269,6.172401261887192,6.225292157494296,-0.26341878205223757,6.255350471606655,6.18363599234798,-0.2885369599728754,6.060631282311807,6.5534841994094135,-0.22141854640827585,6.347732746882454,8.33087871161312,-0.30011713638802495,6.341609580368827,8.121350805125198,-0.27247423889132216,6.182344163399795,8.129682771731376,-0.24772958916634238,5.802467593115102,7.873856625375894,-0.03532753118905034,5.9000366239719,7.012161235167994,-0.07540386680948027,5.910553549420877,8.011119136341604,-0.10512000167717955,5.663104851440333,7.0418997097451985,-0.024183947660012608,5.808810832703378,7.183845375739422,-0.0750007433701378,5.591253560086917,7.322115087810105,0.031991882450394464,6.1526166924763235,8.338389805650861,-0.2623195628929273,6.012986928804314,6.66004945076937,-0.1574658725603506,5.717879939354884,8.034465221677195,0.050265979740308254,5.8518541917968925,8.171152608341158,-0.043948051421152566,5.714492647947591,7.70533346773333,0.0051915886636751995,5.375407722414305,7.507801744544478,0.38754666711886704,5.593035418414652,7.775897698388511,0.11135837415295691,5.342235741084132,7.685705150205462,0.6126335565901841,5.736128398704707,7.408183466574249,-0.04555353894587248,6.064128610256423,6.435280016708233,-0.13880357267093413,6.068108631811436,6.794886756452458,-0.39828151076030305,6.023118359584199,6.8636309827802995,-0.29520414254217675,6.101505454466207,6.677643559510574,-0.46646487168769213,5.9723706089357105,5.836564614935713,0.09284231396785803,5.795504114244777,5.751055221781176,0.08390791451303889,5.643727784006021,5.743169636728075,0.09465274740887886,5.526188955567194,5.795644227435637,0.13903858091309615,5.450928365499021,5.889675583617465,0.20470411101014221,5.431238794298709,6.185317350638291,0.3494347559154803,5.213583955952489,6.709572494757442,0.7799238465291465,5.516980731335457,6.379376320709195,0.24351910983847258,5.617839121081329,6.404381757027633,0.17291685926721778,5.745966398718395,6.382314296255748,0.12352574450254139,5.8696687404012025,6.32782860443436,0.10411377485404744,5.967531935601113,6.260936659818141,0.09992806520921484,6.0339239475494235,6.201350407703324,0.09589910605044216,5.211626405953493,6.788143717445238,1.1698195186285392,6.035148287421382,6.9183858973296735,-0.248453148172084,6.115515306398308,6.432028803818764,-0.2947528322691978,6.13229404439794,6.7782844437010015,-0.4819407312368503,6.194105602085907,6.863182767284933,-0.453202259541136,6.1382825995475745,6.813926011717184,-0.4352069759242716,6.068214266887266,6.969618909107761,-0.22133643164229774,6.2067370629937955,6.872027504155041,-0.48127909070763203,6.223015134748604,6.923444643738919,-0.36847990271980946,6.034097805278395,6.087713474878008,0.16036880834704922,6.082049160725022,6.109807711207308,0.09087363996266767,6.111994870780853,6.123949973772656,0.013028344645146598,5.555767510376819,6.05684419148557,0.24175416962835167,5.475574349128866,6.015773787506276,0.25029658111216274,6.3410667334513615,6.328559247042192,-0.3689739209238373,6.9697362814142405,6.016459681922262,0.19737384368207023,6.358957207266425,6.893962921082138,-0.37197748283149096,7.331325879561046,5.486944057742105,0.7433540286235207,6.698708954215894,6.16650990567886,0.08796852063843154,6.801133163887887,6.177325030143986,0.09053575902024694,6.898240408076382,6.161975666764193,0.11694651092812412,7.015867999321985,6.075259539583669,0.20470177273372409,6.6040430540021635,6.134648459508218,0.10418050742907876,6.834431687235983,5.69283635703684,0.07272726242549012,6.711813572234275,5.725016909165722,0.07963669157792438,6.945110837938029,5.717421086994242,0.10133199387979834,7.01677543396645,5.780424707169886,0.1394756552090588,7.104927904747512,6.170164585871851,0.24607615264737653,6.7219193278221185,8.209883268748486,-0.17381680913471775,6.9992253398401765,5.968792587530389,0.232628037238315,7.397989681756546,6.14930275876058,0.7049689287919484,7.220186776132985,6.074985181817274,0.3580585715126326,6.778757600811495,6.737471892007503,-0.07997508258554417,6.423203873525374,7.301157528911362,-0.34287284163355225,6.4199343212130175,7.4545792721715705,-0.3088465182881725,6.547251729935378,7.362891694234745,-0.2932172265422831,6.636976989623259,7.432202975518263,-0.23003761667975603,6.516152470179933,7.469940372782011,-0.27404966409018094,6.598007916718395,7.489160821544864,-0.21284617289232255,6.774296719588377,7.687720285992323,-0.11715823956535852,6.34717009338827,6.772580149606122,-0.5416104277258041,6.355437505225885,6.622372940389607,-0.5601821194040179,7.151987597453356,5.672977329569049,0.18878486152626459,6.562816764928326,6.373925110650161,-0.04919241857983131,6.577249890740667,6.770442506474373,-0.29669027767585276,6.581514173350433,6.703463999782125,-0.260135773188338,7.093336655905794,6.7299835388541425,0.042877937499071477,6.345180632793451,6.456093794531538,-0.4825803186100464,6.904555038164952,5.516937817085901,0.02681309019067728,7.048927376595629,5.561591744297383,0.09993367019533478,7.215717091986882,5.189287888511333,0.5708681343320163,6.458094258780091,5.700003403501214,-0.05752131333267648,6.606539416245589,5.806450182189319,0.11037806322679246,6.849555842502719,7.54382770686438,-0.0784872109377635,7.393402625303963,7.6718581523486,0.7961033438859348,6.503335414312425,6.863578165242384,-0.2630931885231514,6.425480162694151,6.91390961099133,-0.28053138924553406,6.7397555169454355,7.552428162621629,-0.08689573317235764,6.717104862525733,7.543613502405055,-0.11240491332002328,7.101972323354987,5.466838548430708,0.16368967665707185,6.582255086035081,6.855315154866261,-0.24807569992478382,6.711213506317402,5.5598274918156205,-0.026892213338296875,6.727099847999336,5.423459211109897,-0.03334036588762685,6.78951257196955,4.82275728305022,0.21850989101406423,7.148167128877464,5.314523405947522,0.34009714705527394,6.740722371320056,5.093144197601339,0.0877997922167983,7.209574852473452,5.616077069330313,0.2874988340160585,7.266293552425603,5.5530085275976475,0.5025808347254133,6.42450523897346,7.3844984687037,-0.3378535937563505,6.531400599945388,7.419986719144544,-0.2901209130033768,6.617813759859813,7.461714041251663,-0.23133050014475667,6.480704566469441,6.898046743770691,-0.24492368038885715,6.7310545611507635,7.547217565790876,-0.10043448544797026,6.677897377123334,7.560022150850821,-0.1679409497387267,6.705332420185888,7.540795099895728,-0.11488715420782548,6.459888587915389,6.784486102944586,-0.3956199103166626,6.582596199300786,7.507969733658126,-0.19681297828161798,6.504608170260807,7.4969785507332825,-0.2356988360551293,6.414819089381279,7.500493117735413,-0.2676830188134459,6.457022502906554,7.911273449527571,-0.2439104043500527,6.43849235002118,7.695429445797248,-0.32047407918720733,6.431769851167595,7.615060959666491,-0.3200495903202011,6.42453458205008,7.547307062174567,-0.28594094589033575,6.413304253050784,7.501143800459456,-0.26429703409003397,6.583249082755575,7.508300576847014,-0.1946653172401168,6.599260866090059,7.533877469582621,-0.21694922905062974,6.615582952459796,7.5742249335116965,-0.24013571555854343,6.631019611492533,7.618530778476777,-0.2290004076940836,6.713555817408573,7.267157706032054,-0.18431489082667815,7.470294690432195,6.900749241127371,1.0379154202420533,6.644970043694479,7.524778915099751,-0.1497428091804496,6.658548552400269,7.542869655412744,-0.16460207440785657,6.406497392851917,6.975436174047627,-0.2931607869683473,6.547787974660604,6.9599459639000605,-0.18302582425406594,6.415217421646393,6.948732507169821,-0.2882122834149335,6.676172004218093,6.461506125014052,-0.028171519899291224,6.847124035027857,6.556212371958135,-0.012127983573399089,6.601990505792611,6.784386336484079,-0.20959379086464489,7.041670833747564,4.961378745251882,0.3803357894337917,6.980425964226816,5.154506806217024,0.2052692632506944,6.938231353624528,5.392039011453923,0.06146733818251078,6.687021606798247,7.772889299458071,-0.174355208742133,6.48842106204352,5.497348379134554,-0.07910714647312195,6.498266397826363,5.102400104332583,0.020855232082868595,6.522841958072322,4.772799594739717,0.1268792799095821,6.974898462168571,6.129903684018804,0.16103472425422805,7.2148786135724725,6.278185253832147,0.2908228314901113,6.541117559768019,6.100916025414608,0.12311492996772555,7.115505350292017,5.870410753451225,0.22794109970383192,6.484565381775685,6.2747843912519174,-0.07540886430221708,6.515578813032017,6.696083482435342,-0.38781772378914203,7.329687802308748,6.39607326488275,0.38798580459990456,7.148541253104366,6.3712585585623405,0.1862634545084586,7.019237318094848,6.420605544090694,0.08960638011008244,6.8255752131352265,6.404490326411126,0.04930176738879711,6.677851895354574,6.351026507233021,0.03599712071187628,6.5627353378907065,6.284425792652253,0.018754727715233895,6.3481985682237925,6.0770520347766785,-0.1550915018655439,7.3304807989543965,6.716450511917112,0.32238965483206916,7.192266105152375,5.8618275367514885,0.2796376174711193,6.317856359845137,6.868373557538966,-0.49980502552574185,6.555918207615022,6.506213970128823,-0.10693050389103621,7.446491586678251,6.19003204947417,1.0500530004915851,6.478919040257129,6.206121591961696,0.015154373764245211,6.612457181222878,6.810048324141884,-0.10827151687897683,7.053653812662156,5.9801380881054165,0.25113904835105016,6.516946933979413,6.614564014124175,-0.3411540021477144,7.450692781673284,7.279231648484167,0.9453839537610661,6.531713103711388,6.0525322263762975,0.15633339027277843,6.432118300202454,6.51633366367806,-0.4293460173093765,7.171483871136435,7.941777778404551,0.22745563225572527,7.180747480425291,8.165840777896067,0.3872210506655022,7.432797172819813,6.807351695400529,0.6801483080076578,7.291086985015463,7.75298295627923,0.37460790625622287,7.334969556100304,5.831216105644847,0.6365434874824464,6.758502808597795,8.387510115912328,-0.1371839265386382,6.314247894997823,6.929264109409531,-0.37316200323150595,6.649795512644597,6.625019685900709,-0.0837787304720065,7.302875566047448,6.108740723583723,0.45924276110609824,6.883662034034773,6.073851805482836,0.13391058025817243,6.803576708593398,6.090352517831497,0.10992607668759453,6.694222397800734,7.585450127472583,-0.1550897596203696,7.329942353498424,7.0348544370487955,0.31558389499857525,6.577420080585061,8.613585316883045,-0.12774962307125828,6.89332104128108,8.4538694836879,0.09041626048692693,7.029618165026001,8.339737386444623,0.22067662505536828,6.7127048681866,6.085016112559737,0.10922255350135734,6.627997274600698,6.0706185652277975,0.1269469523800364,6.566769277349007,6.063338547918437,0.1523098928233844,7.264315829061432,5.843871774590947,0.3862879408289941,6.631825812522661,5.925624153572782,0.12282184306570716,6.719102392466622,5.862926434970898,0.10457394536070884,6.807491075014473,5.8408586074105555,0.10612595340896837,6.890686033000627,5.857847881984935,0.12769261039035726,6.946086495235635,5.8974155536528405,0.15828109429411102,7.399299850127618,5.805114338626204,0.9261732248923429,6.935783407457524,6.04725890871927,0.16765802975427146,6.607048518624941,7.173353758694029,-0.22189670101150616,6.503688998385694,6.825840034401719,-0.29550014082757853,6.419844091252412,7.111664341562491,-0.3020508909858239,7.037405817560884,8.122160674039904,0.10508152327553405,6.905733896268151,8.262890069508238,-0.012916030007635738,6.572806615363521,8.474828509740473,-0.24236129622303723,7.296661435996301,7.966987149105496,0.594150994507203,6.563724199572792,6.000622489893666,0.14240499976471518,6.416081575252844,6.288947560759357,-0.21289488698436707,6.746054741918781,8.54319421037992,-0.04072504972204738,7.419873014722643,7.162219528270664,0.6229676379929745,6.50559923267364,7.496244240240873,-0.23301039128123752,6.51966116856674,7.53734508766216,-0.25666962226262974,6.533872754150602,7.593446115851466,-0.2848226537312227,6.54349581612805,7.661041560729644,-0.2818005919307314,6.5848218716623945,7.852940146784419,-0.22448872626956776,6.664666583875488,7.518929372775604,-0.15971944376902625,6.681747922352762,7.506538525095998,-0.1596601730466822,6.699997848856417,7.495446108556815,-0.15810358014270084,6.801296751540042,7.395593819550544,-0.12961230094322945,7.192329926344023,7.08248705332564,0.10709726655577871,6.413925592698208,6.164338518008999,-0.10673321754932559,6.461468712591362,5.9295414543015195,0.09504583001419051,6.519811551834416,5.945243668177664,0.13046796110445646,6.642544838411856,7.5237658453794545,-0.15008846145331883,7.226089135995049,7.485222247085578,0.2128453017697354,6.371415544022256,5.928870231423843,-0.03342761282647857,6.659488998005933,8.035023473709886,-0.19357437374538444,6.3449282823345206,6.208036227711135,-0.26950011175740274,6.490780245403749,6.509355146480967,-0.2354399063282386,6.504346283301976,8.103093542852388,-0.2574599826162385,6.88648703873634,7.771802138469309,-0.06792042518281138,6.703227054438421,6.934313319318875,-0.10045460150244982,6.782435755465781,7.927183265670801,-0.1310792713799882,6.952996056202672,6.913856059876499,-0.06498709753374665,6.815149618012228,7.083931466272248,-0.1060893318738902,7.0551239008008055,7.174556824835439,-0.014183597905214774,6.549665197987353,8.302884682940961,-0.27518471389695737,6.554599236320964,6.607819507963125,-0.17637118126516374,6.987005415581881,7.9134580415819125,0.010943564183486677,6.858357298334814,8.076973803199316,-0.0743403407519645,6.960765369314666,7.580389913909507,-0.03492497799113828,7.316647739058929,7.309984659935499,0.3201021786153305,7.100312972372141,7.629740567322438,0.06246117443305464,7.384247585398601,7.481825785966842,0.5388998151744973,6.910117018338227,7.292234299311295,-0.08271716444031181,6.482517968604542,6.3929196177230425,-0.1551129360660435,6.484944641040995,6.755094610248411,-0.4127637403774248,6.546450663943659,6.816528009036441,-0.3117690887194999,6.437451404378095,6.644915025425817,-0.47943157724596086,6.541697085531259,5.782109733344775,0.07128824241542558,6.712239780422178,5.661481812514803,0.053007683344478834,6.862350891062762,5.627908197823397,0.053981019558876436,6.986011418861386,5.6571170298676146,0.08923829643059411,7.0728214438870936,5.734570648124657,0.14915754088541788,7.1252428502682825,6.026568738606224,0.2887922676637458,7.427893211139736,6.475663425906167,0.6970248868283941,7.052432407097859,6.231795316850149,0.1883489678306503,6.949089025550752,6.274084558874536,0.12484285893003194,6.815948483273201,6.2819888501389824,0.0842996560480519,6.684162123981651,6.2540006900821465,0.07337903405276706,6.57860700803433,6.207416355217543,0.07709562699121102,6.503125611314594,6.162879433524082,0.07712272921959672,7.465877823824006,6.544738495422896,1.0816737417368318,6.543668206703191,6.871159682664012,-0.2652213868521134,6.417235491740915,6.399351620118092,-0.3061892963817464,6.412631563019277,6.751587379015435,-0.4918754258577114,6.36241895673064,6.848946240085944,-0.4583131357599387,6.413357804165615,6.790857952032566,-0.44502127223387733,6.518168339543711,6.929892051249194,-0.23469076382756915,6.345821779017593,6.857735958687391,-0.4861407800179529,6.341278737179939,6.916883531806742,-0.37250013345950167,6.496105280233318,6.053804248747763,0.14073300604221523,6.447827116270839,6.081102846504035,0.07641829479328482,6.417352864047395,6.098499256266513,0.0005060303469231535,6.97552200254674,5.933096001245544,0.19105651999076287,7.060657271474375,5.869929893783118,0.1955099622854721,5.727738479522205,6.050616123473027,0.18472312638015045,5.834872619780127,6.0350804315566995,0.1846316585084998,5.7204126136556255,5.915595423561066,0.18471003661706462,5.622119542383236,6.065888094488235,0.18464877148248157,5.736027531878827,6.19205232029944,0.18462076947616046,6.80539304503616,5.9621936963870645,0.15422766919899272,6.91226199723913,5.952047227280412,0.15392424344732158,6.801862339341889,5.825648256856249,0.15393694349767106,6.696979179849159,5.96965527398301,0.1538193763348239,6.805632191110611,6.101732496521552,0.15383828886467646
6.303909154330745,7.347331666428798,-0.354298984197414,6.266971728230571,6.7749115776402675,-0.5519141588254632,6.283912689035579,6.982534794654872,-0.31673957939052627,6.175521490985179,6.339896777666936,-0.36365850657414944,6.260002596289746,6.617092497064493,-0.5720172935719703,6.255840333212058,6.441098812248174,-0.5130996345890754,6.251916437623401,6.041412274464453,-0.18971918279405964,5.569460415110161,6.141480413236334,0.24779350218475474,6.244029040770988,5.727180481498184,-0.08761534555594412,6.238897172091766,5.5295320271014745,-0.08742369465677094,6.2150178837599,4.79082567780759,0.11241046355461946,6.306882513716991,7.406152694898832,-0.34816379466893244,6.311149658489851,7.465523068751279,-0.3193442255271533,6.313749697716354,7.5112544216006105,-0.2757471097428269,6.3137577655390595,7.510112457968547,-0.26940591569594086,6.314440596715329,7.561848471226165,-0.290298230190746,6.317521771550459,7.6292984027991055,-0.3212265264922142,6.319781495346469,7.708301456486535,-0.3200290965790496,6.33071119479734,7.927985335007658,-0.24245686666447636,6.2732059548667545,6.874496380488237,-0.5059860152779759,6.201120692430205,6.901109927278891,-0.36865109071194346,5.2311282021260475,5.724615647316216,0.8253463306106388,5.847826702238465,6.238092590136485,0.12118544696438463,5.748229430937223,6.2684217360023045,0.1301457725568465,5.654461528260027,6.277366017629158,0.16222889058281514,5.53126770914083,6.211627197908244,0.258716119370808,5.934943785252495,6.189737728030962,0.129597653391806,5.6782018300098285,5.8026953020230625,0.11389498877236069,5.801891086786995,5.809631429234638,0.1115882446971447,5.571468936244654,5.847980357589086,0.1485997480785252,5.507420325380572,5.924092196994183,0.19066181161342113,5.461469307722118,6.3317541442416525,0.3046630114381056,5.980758383363381,8.281364770776234,-0.14903264865055063,5.536582570707784,6.1013290599456,0.2862970256078104,5.210354292097429,6.388056545150668,0.7860267881768183,5.352282328977571,6.262021752281441,0.42505461444419046,5.810305459149773,6.829563742086765,-0.048964274949173645,6.1892917974668675,7.320458482434708,-0.33493077767549967,6.210967103323236,7.473695039713673,-0.30133239877767537,6.079903123154678,7.4017784681155145,-0.2765889366182695,6.006892261422262,7.487853335123661,-0.20688047308676497,6.124086920921381,7.501069895592369,-0.258981211522551,6.052224623766879,7.540121091241423,-0.19304207143104724,5.89342933664372,7.768674440669765,-0.08589244711918463,6.189987097096409,6.7833065138847095,-0.539028654127096,6.171096656950344,6.6321800589624855,-0.5563282204833899,5.3796362818610755,5.848214691166764,0.25041304628944616,5.990931907795205,6.427475926890471,-0.028597924621900882,5.990262278510635,6.82180909758978,-0.2784788240870679,5.983643730138292,6.754887241684846,-0.24084330212334645,5.515600730884887,6.890621757761547,0.09643667883635276,6.171665071731879,6.470186980294179,-0.4773529457764123,5.5983982282784694,5.652574757904547,0.06810974538854962,5.464650963621856,5.719958680018986,0.15246618335035506,5.307801488647614,5.405528858677215,0.6443529335518055,6.042201454212751,5.744736430424891,-0.04493332599999868,5.9114781561939,5.871876515004792,0.1365522197038547,5.811393515057394,7.645155341607845,-0.041365474658118156,5.366676424842091,7.876226585158777,0.8708703954243175,6.0664386604973775,6.899074635641784,-0.2489248997194677,6.145683382146763,6.937539813987037,-0.2744731959536147,5.926476605322916,7.628504822420241,-0.05490847252706952,5.947565160437056,7.6159050836693,-0.08381827178542951,5.411228775418756,5.636740555687068,0.220900194473802,5.996768610803528,6.905809800724146,-0.23017321695596038,5.786690575371123,5.657215222837151,0.0016163428689241984,5.763059922666277,5.5277703079979315,-0.004533956637167346,5.6677734357243486,4.948500637732304,0.26093167642149434,5.362898116781349,5.509626508171354,0.4045220514982145,5.7244993973254115,5.205637916287548,0.12191916043158137,5.326668458763989,5.805001599159237,0.3529561730358916,5.279985836273819,5.768681728215259,0.5759906045746992,6.197648594913065,7.402586717262936,-0.3298579507897157,6.103478034539013,7.455430955984939,-0.2741925869951338,6.029464562475814,7.511785431022328,-0.2098208277437603,6.094101024239766,6.930822251426942,-0.23451883964059425,5.93759113125759,7.621896542185886,-0.07061842569089095,5.985959928693242,7.620205966609839,-0.14146491635289715,5.960571957515418,7.610600123521121,-0.08726868129906075,6.094581059690752,6.814926511383433,-0.38383108877178757,6.069727398407571,7.556004433833564,-0.17814806851813808,6.141623800448966,7.527365863543792,-0.22166189320100896,6.224156526570117,7.514738254132595,-0.2598495338611974,6.20938214288079,7.9382373373512545,-0.23558411311705213,6.213199689897418,7.708773057395602,-0.3095401936232776,6.211845029121297,7.628101431284958,-0.30902646584451504,6.215387536727504,7.5665292752722975,-0.27418293769581825,6.2224813532010534,7.5132574419468945,-0.2537167050876552,6.0690078953099125,7.556302943273673,-0.17472606255362041,6.0555140951155,7.584174336967981,-0.1961254465814609,6.0428311111030055,7.621212244132761,-0.2185539937031662,6.032942160781163,7.666656822556829,-0.20684045485254887,5.90980151594798,7.341747266239633,-0.15832692938713938,5.235668919432473,7.139052755459753,1.1247054591382568,6.27853511848305,6.933356281194944,-0.38213320173141313,6.015273262336577,7.584822696538144,-0.12539243832619146,6.001958421118544,7.604046117730423,-0.13910875686360907,6.168610300680149,6.996206086948808,-0.2875493946432064,6.039333343240893,7.000446094499841,-0.16945009614329046,6.15793143717158,6.969351972353841,-0.28253375303483885,5.891183548177839,6.5403983075477345,-0.0006634565657696167,5.735194396479391,6.667165071967893,0.025747880301314478,5.974492618874803,6.840184663959538,-0.19000889097303522,5.446330405134181,5.142475665763447,0.4407559267865346,5.504842656026118,5.31780375520655,0.25690752896773955,5.5584955106147556,5.536058895670345,0.10557662808376966,5.980369660996654,7.837278804328041,-0.14899913968238115,5.998673350400489,5.5515788195215166,-0.06518654058479154,5.959053373250686,5.161361705278945,0.03843135709275289,5.9171971423345635,4.841336482171592,0.14767873277283255,5.57813295779952,6.262424409978296,0.2116020058855902,5.368588132104116,6.461756105566775,0.35662854508371944,5.994020417014613,6.14064832734001,0.14633690716919748,5.42688071818693,6.031784061503688,0.287035116785623,6.054610498972467,6.3137188933023864,-0.05890300167431472,6.034471013183883,6.736018804691615,-0.3732523166886609,5.280348888295573,6.6134025683343,0.4600327514643369,5.433785307546111,6.544231990209774,0.24715142268112955,5.5581955342977905,6.56759787164219,0.14075263303976232,5.743532124526466,6.51130353855588,0.08782785361040749,5.880569227250915,6.4255719207319375,0.06532066813727296,5.9829154257795,6.338305949717068,0.04066144252729591,6.164720143259171,6.091853035458601,-0.14891802597625817,5.3026879559290885,6.925729254984394,0.39577015993894915,5.359019694375216,6.04323193520379,0.344697266699853,6.230615185365203,6.873169590372372,-0.4980602504278084,6.004785092819232,6.5566769734524515,-0.08749686659991805,5.191711754139956,6.443904947672884,1.1393361805755415,6.058179410362076,6.2423325976875175,0.03233841762870318,5.971369638049288,6.866488699733666,-0.08893239469269051,5.488246778001383,6.12413679473447,0.3068605992473112,6.033161092151857,6.6559390633921955,-0.32610249391999024,5.28644779554183,7.501970557981691,1.0272042631838247,5.999351047507764,6.088143670610071,0.1802897087272741,6.0985485948658615,6.543743520216868,-0.4191828439110385,5.555551488765621,8.094864580481875,0.2839472264048883,5.577205891626798,8.316480335821787,0.44403311304149073,5.235463923391906,7.040884222215839,0.760729167445318,5.434986312971611,7.9362724558032145,0.43977967439924925,5.244407104861119,6.058928250996845,0.7142382474242099,5.963561452547075,8.46288271383064,-0.1089474308780475,6.246008591087582,6.93255903362394,-0.3725237372904586,5.926717906565658,6.693133926380522,-0.0596440781757279,5.282038730433193,6.3162822606075,0.5299525369428474,5.657741464909088,6.185303359296565,0.17879752824594283,5.739670204484957,6.183807878342309,0.14953492791385448,5.974188241927271,7.6521890161303165,-0.126746973042583,5.334445473133021,7.24027165912483,0.3862515501832367,6.1542635115942215,8.656539062864908,-0.11188709793651676,5.8518206411969755,8.547036705596414,0.1280224224685034,5.722073916444722,8.459160513809625,0.26764596142861496,6.224589988680939,5.134058726366171,0.006029546461190255,6.362969283728238,8.652431807669306,-0.1519639270070021,5.824824239547017,6.158608400840428,0.1431194961461059,5.907347797687821,6.127028375736018,0.15628353554740043,5.968476223451671,6.1082736216990945,0.1780688113280354,5.2993904167577615,6.044456777378194,0.45758852206383727,5.891857578092974,5.985190551782494,0.1528358477779348,5.801057167294601,5.940093989892411,0.1391146702109331,5.713281456572419,5.934361068421619,0.1469135158331673,5.628662831562644,5.968165978996717,0.17295429305162194,5.579763391424489,6.017617331551782,0.20676644633119506,5.200650168259387,6.055930688142483,1.0123365494545615,5.604536007761399,6.167246105204467,0.21571877286080388,6.290602380935418,7.115227008133115,-0.30456991059767846,6.000046713856519,7.227553836787016,-0.20317397323209427,6.060328018236276,6.86250172844022,-0.2826505072645621,6.169031294337699,7.132804593493442,-0.29510209145309024,6.249405144446661,5.894560298699367,-0.09827985544528149,5.687936024823408,8.251933353546026,0.15076611891464814,5.819096818864434,8.362135411074629,0.023339653846138213,6.141310988959515,8.515007449454986,-0.22638067560572997,5.467229733133952,8.14361403246155,0.6628971449200527,5.964965620417072,6.04653057453276,0.16909854993687212,6.111860502330184,6.3135325999417296,-0.2024825470742496,6.353895916938093,8.51283207107817,-0.26152466139035957,5.99154652919769,8.612594366025665,-0.012558110390176406,5.279671924626726,7.380695047070369,0.7009212975706974,6.1407462413701195,7.530411099895961,-0.21693412617554753,6.12770020533587,7.568546964387138,-0.23995595622547938,6.119586542728484,7.621839333988519,-0.26734499955376306,6.114755017085442,7.693839517567445,-0.2640544509674506,6.084346293150208,7.8993812363239915,-0.2062831104072839,5.995277163760624,7.577701009404339,-0.1346642345909784,5.975457090407342,7.571647208621391,-0.1322293336104822,5.957190072924895,7.562160915996403,-0.1289667015243274,5.843113993620724,7.484461182395148,-0.0961584191728359,5.456779335695639,7.257478124640698,0.164884212730812,6.110496306854501,6.1913058193895685,-0.09574315550300364,6.058130269987414,5.963038144228849,0.11060112825314782,6.004544158295705,5.98743303977545,0.15240976589129268,6.015712591954821,7.58222632450378,-0.12618360065023965,5.463511567024289,7.659266696958454,0.27270327150766116,6.1377178741017895,5.946407061159581,-0.025103124893425425,6.02761703107622,8.096195037789881,-0.17228820489946217,6.255150901089939,6.30420546345557,-0.40110120299121566,6.169458888941098,6.220004531630419,-0.2648431952366822,6.252344032226801,6.177899298368063,-0.2900635069739035,6.057452572880139,6.549244308425266,-0.2224309721523955,6.344885625852738,8.334599932180248,-0.297348911316761,6.338787085325695,8.124178647563639,-0.269755926265651,6.178967184718919,8.132099782583731,-0.24505239066065776,5.7971277709177365,7.87571904576675,-0.032482638554548235,5.896201000462325,7.009446117447207,-0.07615075175168308,5.905499899569014,8.01323288346926,-0.10256780007355523,5.660528897653889,7.040327542449149,-0.024956236658298065,5.805519773408467,7.181996308845069,-0.07520862144125298,5.588102586348419,7.321554972884249,0.03225341612591415,6.149367810088748,8.341509655608423,-0.2595052761991552,6.009319209179807,6.656456137483785,-0.15842808659029672,5.712989914797374,8.036616367423942,0.052735936224163,5.84715083872726,8.173497981201702,-0.04110007595203228,5.709543120905993,7.706972466055387,0.007496108883686897,5.370648360647768,7.509413491146867,0.3872158841960705,5.588387893896828,7.777414826413695,0.11299391382392347,5.336831715057825,7.687989612667422,0.6120620232512646,5.732417598591792,7.407896811480108,-0.044637572683981566,6.061112797354007,6.431610319307903,-0.1398281109815868,6.064557757649319,6.790852128429775,-0.3997632279393265,6.0188304387113405,6.860280876880883,-0.29646718080685663,6.097878965581293,6.673067784434717,-0.4681449471948674,5.972020564653948,5.836697140816022,0.0930437926694133,5.796785988610388,5.752648030745422,0.08378234476244342,5.64586452972873,5.745354719019515,0.09412095587038412,5.528160863960728,5.797956923060349,0.13826845416489922,5.452455349444625,5.892141785483742,0.20389767068076153,5.429982062578825,6.187640827565921,0.3490085094581844,5.208482190510503,6.713887300133163,0.7796841043331257,5.51444996599169,6.3800136593515635,0.24305271662720013,5.615202402816696,6.404291204749718,0.17235227762211458,5.743410373747453,6.382004944683003,0.1229719081548897,5.8671759081211095,6.327329310206817,0.1037723580914399,5.9651024066838545,6.2599607902993615,0.09937809927106345,6.031509755531696,6.199842309250573,0.09541425420804321,5.208489891613995,6.794437908903222,1.169386619838802,6.030723142817895,6.915006385170158,-0.24965897990587835,6.112448719949268,6.426923647754348,-0.29608790145988767,6.128733253361408,6.774177405774053,-0.4836615247332128,6.190644991366133,6.859477028364029,-0.45489895750924314,6.134734246577555,6.810160628479678,-0.4368208921017558,6.06390133025645,6.9665238337762965,-0.2225660623428134,6.203236662294368,6.868339898325399,-0.48300963549061593,6.219471321893418,6.919266195558741,-0.3699974086259487,6.032008860381804,6.086344546146711,0.16021807745323552,6.079721230424587,6.107927805480394,0.09065291518454742,6.108903278589349,6.120986309967915,0.012262748145820984,5.554737738829992,6.059051468652713,0.24147366953207794,5.475670875999345,6.017878802351287,0.24997053079803144,6.3382201374210165,6.322935280585949,-0.37063018262952135,6.967371688598817,6.015071566768936,0.19649998149860012,6.356311129680793,6.889125543368863,-0.37352999189343056,7.330098797129531,5.49732417870288,0.7422868581786314,6.696910400845194,6.16355397615899,0.08736654375928077,6.799274201896045,6.174576822290191,0.08977312714047916,6.896227427665118,6.15990952061132,0.11598062408154997,7.0139538300243816,6.0754493183019465,0.20364241118794102,6.602238902024965,6.131748052018823,0.10351325950684896,6.830264909223728,5.697347140009549,0.07194788025104483,6.708651283197197,5.728406057111015,0.07920447421566083,6.940728804271052,5.7220207421587075,0.10022346727891521,7.012795730746907,5.784420583437125,0.138331587169566,7.1038176399504716,6.172000253093377,0.2448326112517814,6.720015178197318,8.213249610549292,-0.17150808999173253,6.996891118440361,5.969236799101286,0.23160910603795903,7.398538870579983,6.156948629678347,0.7038197545575055,7.219516818495333,6.080062279293508,0.35684974552954957,6.776382855126407,6.736309979747446,-0.08130555184174765,6.418929168891477,7.301008428768243,-0.34283577705018053,6.41593307291397,7.454785530168487,-0.3083195457998834,6.5423932600713135,7.362923833965107,-0.2929065664394628,6.6317898697189035,7.431828173940348,-0.22880519384848283,6.511809611071052,7.4697601425485995,-0.27310432480795505,6.593510984734308,7.488449620565451,-0.2113125956659759,6.772552839656507,7.688400338186982,-0.11456380439867377,6.344410357751533,6.767954180714287,-0.5435036370144307,6.352527320831844,6.617159239961421,-0.5621367777920471,7.1478562169084725,5.680501159480938,0.18709255642454992,6.560555395858586,6.37189742970968,-0.05034803260292229,6.575549811076249,6.766396357493669,-0.298043935906892,6.579992981071778,6.699732671915315,-0.2614014437344915,7.090967065257227,6.730952212032467,0.04115182920109295,6.342185105561629,6.45046335409415,-0.48449053935611996,6.898938216094216,5.522012082901381,0.02554634230833546,7.043815042173273,5.5684207661387735,0.09826556485591509,7.214412820476369,5.197975685032465,0.5698653393849435,6.454363779653117,5.700980960700015,-0.0583157237732157,6.604596906570298,5.807487221991004,0.11010084302556951,6.847883567136011,7.544587731266643,-0.07627532168465241,7.392799714882555,7.6786984146642245,0.7941148721190352,6.501346378460252,6.859594378512475,-0.2644495221605679,6.423043025032931,6.910292576394776,-0.28207523941771806,6.734758757472679,7.550339355417343,-0.08435163623209853,6.712154185128305,7.541694316669026,-0.10973537294899868,7.097387585254069,5.475483482481045,0.16206549425307487,6.5806750788096195,6.851406271904668,-0.24938455933413192,6.7057674032991414,5.562672442460999,-0.02790720325254541,6.721749026640605,5.4281073939574025,-0.034372574728242206,6.788008587645248,4.825812157689853,0.21799949133180888,7.145791587734254,5.3218549023624275,0.3389208660822641,6.737706446513951,5.095729967568487,0.08714353836731971,7.206103696527977,5.6255398507371295,0.28569539981746783,7.264323305487227,5.562158668842335,0.5015822217580382,6.420282362790743,7.384608674521037,-0.3375153000952643,6.5267079458546755,7.4197748468181075,-0.2893070339954945,6.613007978460152,7.460969882991581,-0.2298670064123596,6.478678730411089,6.894127593446366,-0.24634200461621475,6.726032307058877,7.545156146048177,-0.09785873572800237,6.673016443744771,7.557509449487382,-0.16479945475250096,6.700496181318641,7.538968859471371,-0.11222505261207016,6.457289465541557,6.7799429652548815,-0.39719206785091815,6.578561309260739,7.507045951901972,-0.1949240056768943,6.500510992091004,7.496609123074573,-0.23426887465642435,6.411019035447802,7.500601228437014,-0.2666023243857768,6.454547139260064,7.912847899296576,-0.24190511468722323,6.433795232384278,7.690838287520943,-0.3170206009081228,6.4273996492939816,7.611940848967115,-0.31626795556150883,6.420574271285002,7.545890317914391,-0.28188979409524245,6.409693712208792,7.500989217365313,-0.26086034953439213,6.579486175118178,7.5071955733412405,-0.1914525040784765,6.595008666003848,7.531776762248499,-0.21329379621903366,6.610627237323557,7.5710993301158345,-0.23644879118351045,6.625443427003268,7.614562157908023,-0.22554441827834837,6.711358404434156,7.266451010366235,-0.18394413445357197,7.471334834853057,6.909892119013205,1.0360924367709532,6.641243891053069,7.523458837038975,-0.146957694038466,6.6542074152641915,7.541044490222006,-0.1614712601468873,6.403318665394473,6.9725365620072886,-0.29459945693054795,6.546101524762201,6.956618747809042,-0.1842429418530423,6.412439705682424,6.945516690327641,-0.28976123866185205,6.673714677128024,6.460127138818662,-0.029466728279515502,6.844565491688706,6.555791713270113,-0.013851242558191708,6.600514588281239,6.780802555092247,-0.2107833969203772,7.0405952474752915,4.967528230864365,0.3795363025381796,6.97800287860958,5.159501705426078,0.20437541413666083,6.93259570554533,5.398947715664688,0.06032889192774706,6.685079305566573,7.774367389746243,-0.171765882139124,6.484250662146981,5.499021721943992,-0.07987277414307938,6.495539012989041,5.102978539550299,0.020451717116778755,6.521185887931872,4.773702457553277,0.1266491850722033,6.9729487544037045,6.1287266524155575,0.15993045498978894,7.2147524024684335,6.281304581986371,0.289543499128603,6.539325287127883,6.0977902195315306,0.12250549861469479,7.112671708650708,5.874764795533415,0.22664964122916975,6.482429534530788,6.272022185244308,-0.07658056959031673,6.513307292340592,6.691524029031531,-0.3893512443386686,7.329922771906862,6.399926512665962,0.38633589560243214,7.147634718503281,6.3727482182859125,0.18479333009321874,7.017478735108322,6.420679886418603,0.08824838313895175,6.823680832457491,6.40359810543546,0.04806105698533024,6.676027941929262,6.349345664932107,0.035069074790210354,6.560883976274234,6.282102562995802,0.017788119434021504,6.345644001187069,6.072607244394274,-0.15664698866829485,7.330345965879695,6.719773143516148,0.3207510062715492,7.189857301914083,5.868120943535312,0.2781308075530833,6.315085289093353,6.864162966479156,-0.501602803873918,6.553867170835602,6.503545960305184,-0.10811501264243634,7.446157360504008,6.200747372270461,1.0486040712307563,6.476941948214091,6.2027481923014625,0.014297605736358422,6.611068033818657,6.807196803792993,-0.10913316269990894,7.051469205605652,5.981839104886724,0.2500934734144891,6.514897386852033,6.610304524415331,-0.3426099467742749,7.451736626624179,7.2874992263668465,0.9432319807885357,6.530180043371816,6.0496128495255315,0.1558634930678121,6.429654239020996,6.511366614260669,-0.4310896667073284,7.1702906315376,7.94539863016016,0.2278000852430543,7.1791058280011635,8.170395536652165,0.38628226291740025,7.434764127966776,6.813360620340109,0.6786246318462884,7.289735480133167,7.756731862750121,0.37379512988507535,7.334016091772337,5.839931604282559,0.635456233742954,6.756845522287035,8.392160913431345,-0.13506729338697326,6.311136456598152,6.9246533008108315,-0.3747141511550425,6.647786161828923,6.6228807931365825,-0.08498339029785752,7.303117797686556,6.115510091946848,0.45785439349390983,6.881389968271001,6.07041022958384,0.13323437345605812,6.801463515602988,6.086542207803,0.10929509215279364,6.688952593903712,7.582503564229484,-0.1521067412208626,7.329639664673737,7.038174900663597,0.31414639322933346,6.575400189636981,8.620421620927,-0.12591988369554874,6.8921502434450534,8.459191318223592,0.09139136735158618,7.028412835189761,8.344348795762384,0.22084420103383068,6.710725447070977,6.081350563891915,0.10861882754244837,6.626204002652883,6.067386996384505,0.12634820027740049,6.565159922308228,6.060299047418378,0.15172358840219685,7.262497777240467,5.851780668802661,0.38501575227231855,6.629772914042491,5.925810643230486,0.12239461189239384,6.71666483145919,5.864981460345173,0.10402824788290929,6.804579162044224,5.84367874121012,0.10540672248798279,6.887522246965722,5.860698546646115,0.12684159805974288,6.943014931850462,5.899645227319209,0.15745488255647688,7.398504398973877,5.815682662983089,0.9248957450544675,6.9334002875006115,6.044579261595635,0.16684125565565455,6.604844075320462,7.171673896412405,-0.22263145296264072,6.501617750678533,6.821774625983674,-0.29687499549265667,6.417065501846472,7.109432111115176,-0.3031187339084507,7.036353773047403,8.125951368243598,0.10635454267621595,6.904439004302613,8.266800150477254,-0.011100883550167816,6.570695182122732,8.479858146241755,-0.24005769788738385,7.294840945028987,7.972241743178711,0.5922760547848733,6.561962864201508,5.998708555445023,0.14193093625392733,6.413787765512695,6.284615323049398,-0.21422418578463145,6.744580964897593,8.549400577649168,-0.03917972500353605,7.421301132186331,7.167733131739909,0.6213712821757458,6.501823846876741,7.4953930821613035,-0.2296700552745481,6.515421061889472,7.535350074268674,-0.2526716240879123,6.529049814754597,7.590089517888077,-0.2809324048275218,6.53809384400763,7.6563520126464315,-0.2781786873304472,6.582730173284277,7.85445813262208,-0.22215331986757664,6.660010380104837,7.517554657695294,-0.15784059094966446,6.676700504967542,7.505095005684061,-0.15772210626365066,6.694666812694596,7.494184375632312,-0.1562358620495943,6.799222127767673,7.39556771150902,-0.12816206226916865,7.190823973761906,7.084406458520679,0.10581686354879598,6.411540510169958,6.160692832852196,-0.10798941131167794,6.4592235426756295,5.927783592601231,0.09469099796843015,6.517947023834767,5.943734411528728,0.13010514694393238,6.638398149953257,7.522368947535284,-0.14795029981069585,7.22480270924439,7.4881027041891075,0.21233092908305545,6.369519622326797,5.925152015522334,-0.03420329943110421,6.657511555381369,8.03754856766566,-0.191504807406358,6.34227091785768,6.202716654449068,-0.27099869184163317,6.488679896812383,6.505472703054978,-0.23698376575672797,6.501981536138715,8.10562118846379,-0.2548759045227715,6.885131237691139,7.773455725780504,-0.0655390035892446,6.701155542465221,6.932297929543648,-0.10134805758822031,6.780936040886105,7.929260784433578,-0.12882622514545544,6.950539276681122,6.913833617124128,-0.06623898461875087,6.8126741219717015,7.083089203104374,-0.10661930248867137,7.052993290658591,7.175404897694554,-0.01447574532449474,6.547365239173277,8.306463033775081,-0.27255181647232324,6.552750877548512,6.604558767772053,-0.17750965620665182,6.985960685551062,7.916362536242528,0.012725214021969626,6.856871855068532,8.08003372203361,-0.07216869105771025,6.95930973340059,7.581874274058443,-0.03318768775819027,7.315903096359727,7.3133903363061314,0.31894356186602413,7.099180108771578,7.632283497200196,0.06330798130170984,7.384123138281843,7.486437798958033,0.5374027128124972,6.907732142843374,7.292468271715099,-0.08230464396007324,6.480382507878836,6.389552026104925,-0.15633685881309559,6.482371592894993,6.75055555433034,-0.41438478139626395,6.544588441285677,6.812582442168228,-0.3131854972091299,6.434976068253014,6.639920768129342,-0.48142742544227396,6.538731202001376,5.7831051616168905,0.07095328617307714,6.708074800592957,5.664914859452051,0.05233607476131425,6.857459339249189,5.632394199564007,0.05295063313393429,6.9813436906481465,5.66202951267714,0.08786466878148973,7.068779819378264,5.739423402454007,0.14769094910664535,7.123699688850903,6.030113288765191,0.2875836141298528,7.42943203059677,6.482027610272361,0.6957401509971097,7.051035010056402,6.232304294064395,0.1871657512876479,6.947334150751695,6.273524267144413,0.12363252989876734,6.8141167953591575,6.280494132523667,0.08324080362330215,6.682388319975025,6.251927439199818,0.07270190652469861,6.57672918006813,6.205075392432828,0.07631204517593118,6.501202624528406,6.160170624691612,0.07647632392377988,7.466051144419285,6.554840443629275,1.080073805531587,6.541924592915958,6.867235340053153,-0.26655620944462977,6.4147779073902065,6.3944403932261205,-0.30767989581105026,6.410126440881186,6.746859024654297,-0.49368703212232906,6.359862438548134,6.844754718803075,-0.4600418736047825,6.410948625358735,6.786348816483168,-0.44671791024630425,6.5164361406735285,6.9261839868096216,-0.23601952342369764,6.343216319991097,6.853521508330404,-0.48789942364876554,6.3384423692646354,6.912198049430165,-0.37403613316845574,6.4944469231700666,6.050726575778125,0.14024314545191038,6.445823622599973,6.078013052326273,0.07595414441313462,6.415408664438103,6.094493413798632,-0.0004028490694913281,6.972780063565314,5.934540760836427,0.1900912079765788,7.057679962212146,5.872849054360037,0.19437938180436123,5.727195883705168,6.052960629229163,0.1657506900134135,5.834375808192078,6.037032180173713,0.16563410768332176,5.720030923704123,5.918127875699424,0.1657126887348738,5.621358884979534,6.068520525474649,0.16565054128809437,5.735254538430469,6.194138358597679,0.165623186326733,6.803113018627079,5.962338443968742,0.1359094296817526,6.910295510148487,5.951878511830867,0.135575772496987,6.799681993661895,5.8261822007960635,0.1355873814521018,6.694648476733901,5.969937232799822,0.13547129190095375,6.8033337835938426,6.101323192438177,0.13548904340290127
6.33144346059809,7.374514298313477,-0.3568125439955238,6.2940513359953005,6.797587666614431,-0.5522086748353664,6.311428191710786,7.006544393411634,-0.3173213511127754,6.201801866692261,6.365902624089142,-0.36264862022852395,6.286933585027173,6.640461804434818,-0.5720905227105108,6.282477811066057,6.465884713184889,-0.512721992217948,6.2775507604010725,6.068163625426664,-0.1880020916029156,5.5957819985976265,6.1671044875548,0.2512776969664856,6.2687658680930065,5.756404144824072,-0.08565199815112935,6.263133375111917,5.55927940877339,-0.08509563621227179,6.237558513858653,4.810047018626112,0.11711193874974136,6.334457422393305,7.433659524649089,-0.35110530947468016,6.3385457477993725,7.493158208512603,-0.32237818696378673,6.340765166526658,7.539173224056503,-0.27944444202168434,6.341096532959066,7.5400752771225035,-0.2761076740935651,6.341959558423026,7.594545291281761,-0.29805655816020227,6.345438905963312,7.665654318567008,-0.3291237259844005,6.348025036875796,7.748176342154243,-0.3279070589000751,6.357728182386557,7.958832610564775,-0.24889153649133738,6.300546118070501,6.897343690166291,-0.506471316747955,6.2292706711992,6.925057705833212,-0.3689788926769684,5.251592421625094,5.746488556611644,0.8304428469857955,5.874754979822979,6.26193309225675,0.12415661651605583,5.774980178839949,6.292407758490556,0.1331397994177371,5.6807631292982546,6.302166131740052,0.1652772117839403,5.557011389636019,6.237410503518845,0.2619691658734623,5.961863114834743,6.214440918794159,0.13255233735850455,5.70015984751173,5.828279733122956,0.11730976911220062,5.824686984625801,5.835095572452667,0.11493134052047525,5.593307427717387,5.874095560622487,0.1520394104537059,5.5297841144398125,5.950487673395095,0.19417987796355776,5.486581295352283,6.357281942257581,0.3078222951081964,6.007425999290868,8.313424148035525,-0.1562442088596088,5.562438435429015,6.127171886970214,0.2898198932053095,5.233978454817975,6.413402897620081,0.790158077520545,5.3760823720617505,6.287284833445526,0.4287048616969336,5.83528592405884,6.856087096591772,-0.047494491877039885,6.215621319663382,7.34786728255891,-0.33730578451261933,6.236883262706391,7.500541788996507,-0.3043576519533486,6.105407003319795,7.428055013722292,-0.2789366229640188,6.031543584611386,7.512888502268036,-0.20942632365735206,6.149216591163556,7.527325769543136,-0.26197436648552647,6.076909858317616,7.565474145981666,-0.19588793385327513,5.919614631072549,7.794735535017143,-0.08993502434779417,6.217437207712979,6.805885082081932,-0.5393173240136822,6.19815978141517,6.655661214504456,-0.5563536086736367,5.399231631029786,5.875286270669607,0.2538945022855246,6.016746232479736,6.453202951631703,-0.026662997281463024,6.0186895125133475,6.846556997995713,-0.2782145663031782,6.011846795684119,6.780004627341003,-0.24031904086182201,5.538250158602917,6.917106384195115,0.09850634638786143,6.19848452051893,6.495089877797647,-0.47676242913482103,5.617886348748802,5.6837347498271065,0.07101609510904715,5.4837473759853435,5.748436623049279,0.1554438898906696,5.32788733357753,5.425641535692718,0.6496009971924968,6.065606212938323,5.778399512237477,-0.04267238254498517,5.935712412358939,5.897543049379689,0.13985792016722487,5.836519711742173,7.669736753014277,-0.04480401217923985,5.38920411460019,7.9134449821329005,0.8719414301022034,6.095241785728287,6.923519429216988,-0.24893613289036565,6.174085273730865,6.961498440590065,-0.2747613138694444,5.950167352510434,7.650183924392644,-0.058032042226740854,5.971442182025814,7.637955030297083,-0.08683028770992357,5.428974345632895,5.6639094643610495,0.22434248446195504,6.02543171485808,6.931074583875895,-0.2299163670053122,5.807473234832046,5.691288799931239,0.004250949523305452,5.7830246512640455,5.560743312034785,-0.0015947716086379684,5.689500525751009,4.967780754116732,0.26619475522184305,5.38319496844093,5.531938732620316,0.4090115245033371,5.746874414412937,5.2282877886187515,0.12624213098846704,5.345535909767589,5.831012033450624,0.3566595631592287,5.300342682976061,5.791942458329999,0.580620539004316,6.223859825542899,7.429663981844096,-0.33261211706690424,6.128817673584509,7.481641384061795,-0.2770267327007839,6.0542296669439,7.536897104850784,-0.21261572556928082,6.122898732731849,6.955192905566262,-0.23447019321423948,5.9613708515901545,7.643788552247167,-0.07367225594482407,6.009449543638108,7.64550944858614,-0.14547971277393437,5.984499860387321,7.6330191431939,-0.0903582529189644,6.122274659284146,6.838538666701284,-0.38381421387899844,6.094506888618191,7.581762647059153,-0.18141288160025773,6.166728202561554,7.553916084819268,-0.22512276036404508,6.249816862748207,7.541866864967057,-0.2634761237595119,6.235774289712598,7.9691837615433565,-0.24173827868951472,6.238748487535924,7.747819202777092,-0.3169896855301157,6.237460576668631,7.663755220724385,-0.316548116747374,6.2410238703717935,7.598213149503595,-0.28154226767752183,6.248316877364172,7.542386742081013,-0.2601035268358886,6.093654908701976,7.581849538701428,-0.17933427059518836,6.079477211798929,7.611308750912366,-0.20145617856496978,6.066168431318642,7.650292170760565,-0.22387523478070168,6.055883553626542,7.697606879089355,-0.2118009783535972,5.934925969359357,7.3681078806202525,-0.15949956189620992,5.257895011169498,7.169522923157426,1.1278916238812224,6.3059120451659645,6.957549289085609,-0.3825574146378592,6.039860882064832,7.6086990561646894,-0.12886044356454235,6.025927659951917,7.628556005534287,-0.14308686744124346,6.196491167335532,7.0202187815223445,-0.28803912079292476,6.067737635468557,7.025804883202897,-0.16928064755326072,6.186080370399117,6.993266908649963,-0.2829253313363433,5.916507518491335,6.566118640769266,0.0012833818151835315,5.759254264327707,6.692897965068939,0.027725806213851942,6.002630758828997,6.865813805937727,-0.18947407192109994,5.467148495016168,5.161650735431315,0.4459546015670979,5.5259877596791895,5.339802165932153,0.2613198947699625,5.576707810378362,5.565763145300844,0.10901411402887182,6.006421959000671,7.864996264235424,-0.15350242777012474,6.02059523768462,5.5868914372161145,-0.06273497182447292,5.982186922689111,5.183697648734206,0.04250304624397935,5.939720473451378,4.860623477204573,0.1526368710348052,5.604257615568778,6.287747273711197,0.2146913450718354,5.393990886808789,6.486853581027679,0.3599896347240263,6.020958268020569,6.166519441709137,0.1492791165659668,5.449358535814947,6.0583400834454615,0.29074113791051986,6.080443697226786,6.339680493737908,-0.05706698926835708,6.062036291906512,6.760348706940399,-0.37306512403127523,5.304457517696721,6.639490532602936,0.46345383274699603,5.4596831774789365,6.569248949000749,0.25023209780289096,5.584301992639308,6.592485099611061,0.1436007040212753,5.770349148854582,6.535920113229134,0.0902455077914933,5.908076451896096,6.45021918100033,0.06757456131112612,6.01041860636044,6.363556549747692,0.042886332503687605,6.190144395600141,6.118555991542677,-0.14696544249790786,5.326435580418656,6.952897640744448,0.39831022966117724,5.3807207657456155,6.069457795437681,0.34846885228527474,6.258349916567643,6.8958650595079005,-0.49851129674100736,6.031224736466425,6.582614798144395,-0.0858044036984793,5.213173061081839,6.469250659768306,1.1440423317505661,6.085475312410443,6.268689285628628,0.03448926836155195,5.999216211835493,6.891937262729089,-0.08793591827494496,5.51299230456999,6.150610907474145,0.3103222247251381,6.060771576689487,6.680892927407715,-0.32559789509734616,5.309053201929298,7.535820532130383,1.0293648777473658,6.026126847996287,6.11428357367416,0.18343579312965738,6.125584641758979,6.568734226475741,-0.41864618761806754,5.580704825923054,8.128830954088672,0.2809534249248209,5.603309907572091,8.353578395944899,0.4418627784042441,5.260038583802253,7.0694730880354975,0.7634721262101705,5.458497622020765,7.971081386646281,0.43861248791036034,5.266374678174823,6.082876295025588,0.7187111024973571,5.991074170406299,8.495527675520218,-0.11667172764891022,6.273790119578164,6.956659017937206,-0.3730045345995717,5.9531025227317205,6.719292405965025,-0.058030575239930715,5.306030771880811,6.341015532275588,0.5339264984126727,5.684172889887735,6.2099092987385145,0.1819954767150143,5.766145949751947,6.207706080147925,0.15259152676014823,5.997319691287344,7.6782705432035625,-0.13060407532262797,5.357554570271034,7.269815023959937,0.387864040948856,6.182188655742945,8.68874744225743,-0.12017184312011618,5.880312363079389,8.581265426241512,0.12208066334591308,5.749925562885567,8.49476258724628,0.2634552522765818,6.247866955385947,5.1562012303579,0.00978201115314132,6.39034347577372,8.684594316304581,-0.16058062187038383,5.85136640065376,6.182347711630501,0.14611639655531422,5.934000352458163,6.151419809754146,0.15929964898776922,5.995344747350191,6.133765342605288,0.18114236923246785,5.320744914219433,6.069848439642998,0.4615636173656854,5.916764511568914,6.008945866660848,0.1560487947107192,5.825326890025274,5.962317455032067,0.14230992821503533,5.737271415201747,5.956436437226672,0.15013704496987362,5.652941235448338,5.991069384002276,0.17622095639914553,5.604512399536807,6.0416325879234405,0.2101652938131801,5.22194101688336,6.079451807039112,1.01736342988916,5.630973850089226,6.192578834323567,0.21906579618766397,6.318082766043392,7.140269158134581,-0.3054240765767578,6.026696798260029,7.253483813431162,-0.20379090820842133,6.088902745876318,6.8865477717984325,-0.2824756854968116,6.196196619395614,7.157659268507363,-0.2960842605521972,6.274703218191911,5.9223583451328885,-0.0961349996030509,5.714535627904373,8.28561661339768,0.14596547525344275,5.846508568754655,8.395305529853438,0.016948084235328457,6.168555504343823,8.547047055691342,-0.2350947499046555,5.491272707665334,8.18175090971411,0.6623968960724013,5.99096297855898,6.07213008162259,0.1722419243868785,6.137855140751054,6.339845440584262,-0.2009865126701468,6.381094670460283,8.544479334025104,-0.27054509022509077,6.020079778789762,8.645413549336638,-0.020001774046873262,5.303570192027717,7.412258407704469,0.7028225422945408,6.165671880012022,7.557903527555914,-0.22246110551884196,6.152127829364725,7.598259540804132,-0.2464525644910241,6.143492051951243,7.65460435260097,-0.27370365664955937,6.138440922966567,7.72974647755355,-0.2701010592056638,6.110520723741703,7.928800502610696,-0.21148691661265923,6.019615129414541,7.6016777696468845,-0.13750812945918922,5.999621951622731,7.595417153183919,-0.1350697097362633,5.981174414145642,7.5858428723968725,-0.13166625431362194,5.8675484962879505,7.510043169168425,-0.09830837795605535,5.4792234878131225,7.286119725174119,0.16560909597639914,6.136069075680374,6.217616881956329,-0.09397218355507947,6.0834937411446415,5.990627930277323,0.11355776912924881,6.030080785904766,6.013831312429319,0.15563149161568404,6.0401134569233115,7.60678523092507,-0.12911024553030673,5.4865499996336675,7.690559819626808,0.27191275915173996,6.163679999568323,5.9758342599949215,-0.02252467351317256,6.054242921601197,8.126536425636708,-0.1781590703380296,6.281451311495442,6.330182795415239,-0.4000389959529201,6.195446258518672,6.2464752163698325,-0.26339052076447317,6.278304803127264,6.204494771232965,-0.28864252986171696,6.084123337366218,6.5752002901268005,-0.2214793864397171,6.371918765761976,8.365856626820397,-0.30637868804078705,6.365644894641713,8.154704045131103,-0.2780120185713687,6.205497706968387,8.16290573251813,-0.25284699316263204,5.8234535651273935,7.904291168530087,-0.03691185037981781,5.922927559026781,7.036195798153368,-0.0755105917690608,5.932337629337324,8.042800864537009,-0.10752584152776075,5.683663321951676,7.067657936355751,-0.024067752353866,5.8301188168228215,7.209445950933964,-0.0750245013748537,5.61067360607005,7.350093328614843,0.032017737883387735,6.176019717326279,8.373276289426942,-0.2681918362776053,6.036570045206093,6.682301602930375,-0.15735621937903194,5.739059689381977,8.067495763819766,0.04817433671152983,5.873983264220392,8.20506437915865,-0.04721253125924144,5.734505978230839,7.734304606923787,0.004131793519651798,5.39355201037831,7.5410170941603925,0.3878218377518396,5.612802083120886,7.807389314516036,0.11041319373192636,5.360192983442853,7.722264959879623,0.6128032611278394,5.75583124908093,7.435024754350611,-0.045934175941327295,6.0874355289506,6.45765136189432,-0.13824737575371096,6.0921600779068905,6.814744347744828,-0.3996887140199953,6.047374431827224,6.88460596450452,-0.29636773993281085,6.125414540323677,6.69671898821953,-0.4682526169887695,5.995866465388771,5.86540455547027,0.09622313386944836,5.8188324761349985,5.78113291711992,0.0869645486439434,5.666897653211522,5.773337337705055,0.09733324018246303,5.549011467587835,5.825600083239548,0.1416519472369059,5.473686722912507,5.919410656624156,0.20745660334382127,5.45411474867478,6.213527083810562,0.3524429713299501,5.232780749257281,6.740722977703637,0.7831668901203509,5.540266707436584,6.405416966599043,0.24615700404256224,5.641336046615554,6.429306277266124,0.17524810827555493,5.770168370056457,6.4065053212370415,0.12565912166567,5.894357145224547,6.351613367153852,0.10653350261470837,5.992159211379974,6.28492034985783,0.10208831397018378,6.058359965431405,6.225647731538204,0.09817226459163213,5.230155958927684,6.821933526588386,1.1734474207775436,6.059530425307656,6.939818975842222,-0.24954002520187177,6.1389055723417885,6.452987195265713,-0.29501468334536857,6.156427124732758,6.7969919434059465,-0.48378261109785087,6.2186986092656795,6.882284190368114,-0.45521491265943825,6.162657918216807,6.833055656799703,-0.43693089531212,6.092584963310222,6.991431874984271,-0.2225150215987817,6.231165350822725,6.89092107233637,-0.4834378059156839,6.247485515803753,6.943199649822636,-0.37040241065441304,6.058631317721056,6.112849125206758,0.16327782957239742,6.106124595738421,6.134579399474237,0.09317684083551586,6.13565008123584,6.148450398334844,0.014507229601942168,5.580048720386886,6.084070318737032,0.2449566291411636,5.4990819099224195,6.044608994856316,0.2534972997862331,6.364180991380319,6.348854189326666,-0.36967545253175976,6.993078397968415,6.038934896978713,0.19955892164697048,6.383185960833703,6.913655018709122,-0.37392559521231966,7.357279561979002,5.5136554056197316,0.7477397684617421,6.7222526127612054,6.187020714697306,0.09013257857155975,6.82444233866664,6.1976826137525025,0.09249477250925289,6.921850815137351,6.183311619763884,0.11879830624622645,7.040451279515339,6.098700146727853,0.2065748924949218,6.628021572192364,6.156448847643327,0.10617859535866452,6.857500190333531,5.719364005009484,0.07526834910003574,6.735222294925661,5.751301838134835,0.0824123850200676,6.968035932116553,5.743935930527326,0.10359904575171364,7.039976320962221,5.8065855409781175,0.14171008593770307,7.130792814537557,6.194417549838507,0.24761029897580802,6.747812010247623,8.244429238589042,-0.17860326243836122,7.023090623936549,5.992683874897954,0.23474925437575436,7.42752114558119,6.177816091574857,0.707526518918153,7.246661346772802,6.101469265548011,0.3598800306741957,6.803673027053145,6.761087285899745,-0.08010183477098086,6.447530694678725,7.329432263369268,-0.3452991712783858,6.444057238097237,7.483000722804518,-0.3114460861968314,6.571536850124065,7.39096185527852,-0.29545855328389087,6.661330525978035,7.459625398292594,-0.23167359859406123,6.540378832669648,7.498165523491216,-0.2762454673017082,6.622271996405158,7.5168052534991014,-0.21442118938319152,6.800694411010721,7.7156567768475535,-0.11882773802866049,6.3710491129693665,6.790769618175171,-0.5438667550150684,6.378930479471732,6.640729106690293,-0.562226342318222,7.174234953826271,5.702629631987946,0.1902243637633686,6.586630959305183,6.3968986401766035,-0.04853484440545475,6.602365710255623,6.7908763918033905,-0.2980699738984033,6.606474654017485,6.724324757518531,-0.2611579854492386,7.1201581611668034,6.754200755064453,0.04278556489205459,6.368499064179523,6.47526680144114,-0.4839390436678169,6.9250842151478045,5.5481742150686175,0.02775215732398468,7.070057765696236,5.59187113832536,0.10070762050181635,7.239710015390728,5.213718711140538,0.5755036429874306,6.479436863900534,5.732174631286385,-0.05641696453633914,6.630335982630273,5.831795530970807,0.1133146175036904,6.876303394448071,7.570051420967998,-0.07993098546004929,7.425957832390073,7.710355650298872,0.7950096502759257,6.528487195965293,6.88399330478949,-0.26434200265664076,6.450004897374039,6.9346894234685434,-0.28231055455799486,6.764536442276189,7.577923951032166,-0.08773098309401307,6.7418724510391685,7.569287069063909,-0.1130850311914587,7.12309701323734,5.4978131446712215,0.16518241567155798,6.60775446481643,6.8763726132139515,-0.24947616812895976,6.731843093684947,5.592288660030194,-0.025623260312219474,6.747393015803089,5.456285566991978,-0.031799525033601714,6.810778996103676,4.843032337862797,0.22326522139481914,7.1704485400586195,5.340589345301585,0.34324688549544663,6.760761810426135,5.116750583840006,0.0911926347463461,7.232210824840406,5.646286661115733,0.28921708243702027,7.290931902142536,5.580534724487751,0.5059997178822763,6.4487353957529905,7.412964586390423,-0.3403325637455322,6.555623161300124,7.448118146649833,-0.2923360689820623,6.6421355731034035,7.489177393104606,-0.23293536833168663,6.50579890452323,6.918832435123037,-0.24646170007947313,6.755847278048597,7.572778198521792,-0.10118041596850097,6.703233652280675,7.586921654226823,-0.1691497808240173,6.730112624537927,7.566670746987585,-0.11562180231244801,6.4846069166159515,6.803452852468056,-0.39736219950268054,6.6067603655192055,7.535852932403773,-0.1984768031411375,6.5286889613041375,7.5252992797164975,-0.23795520159774575,6.438809866547591,7.528851527871914,-0.2703569247169101,6.48205097686731,7.94362068220769,-0.24817555488175763,6.464184435201711,7.730046180082416,-0.32475017231932635,6.457180085190451,7.647995433199051,-0.32405388860322865,6.449518156903324,7.5784541373240195,-0.289575211311157,6.438010905260563,7.53131836686873,-0.2674865320308476,6.608140322617723,7.535867659800769,-0.19645231532002813,6.624625434445106,7.5619174796071515,-0.21906054955248416,6.6414757857179865,7.602917080104091,-0.242341319573382,6.657329092214244,7.647840059160744,-0.23114617368914486,6.739479985397182,7.29207032993032,-0.18560104264986682,7.503914362908573,6.93527925571823,1.0391312590189785,6.669641196102832,7.551304180962042,-0.1507521093926946,6.68350924948404,7.5696272719345155,-0.16578863215040252,6.4307650259385705,6.99685082070892,-0.29514874868114704,6.573277628448983,6.981940803990251,-0.18444979742438425,6.439604409615521,6.9698621293440475,-0.29012903047287697,6.700294063840289,6.484658462505437,-0.027714263041167444,6.871874129801548,6.579389498202289,-0.01207611892506441,6.62731686624611,6.805805554138154,-0.21059503465520948,7.064034996694755,4.9835195551013465,0.3849992630828982,7.001080529126147,5.179255865800237,0.20851143014209617,6.958480060575751,5.423678741858088,0.06318458889955733,6.7131797998418685,7.802144888445789,-0.17666802494420292,6.509415216855578,5.530905237536127,-0.07774985221206418,6.518890087712903,5.124437916886951,0.024319462840705925,6.54376613397871,4.791983866210617,0.1316055383183505,6.99901280258792,6.152134456693373,0.1628704559645556,7.242141508634755,6.302988656862274,0.2923623021579613,6.565400680165715,6.123589447650957,0.12528271010885633,7.139554879380279,5.897184069077914,0.22990792176359734,6.508014641401266,6.297566029288377,-0.07482468626553367,6.540052620826189,6.7156076112366465,-0.38935749105047346,7.35851592695681,6.422796767793928,0.3889016320903341,7.175049378880145,6.394915596171103,0.18752800748899384,7.044679515192867,6.443347377562033,0.09074930557943223,6.849943562934924,6.426798937927569,0.050128158915061324,6.701717466759945,6.3734216966254085,0.03703619045597848,6.586487367184473,6.307197010553859,0.019866109407827258,6.371042485640718,6.099211187403612,-0.15474438455647904,7.360436379525078,6.743414409504641,0.32284014398674465,7.216692566625806,5.8898332570523255,0.28171761574800447,6.34187413952045,6.8872038773346,-0.5021004554351441,6.580192141338567,6.528799416781607,-0.10662199356025182,7.477255565236409,6.220651462107338,1.0532135960264766,6.502471249172002,6.22916242483128,0.016325293681974065,6.6379529923565626,6.8319606748330575,-0.10877959173749072,7.078405254313522,6.004984933238795,0.25310430840202014,6.541264685598953,6.63485655713817,-0.34227832902738686,7.484491135380504,7.315995722720041,0.9454447639540621,6.556368367588118,6.075578501629185,0.15884214470124677,6.455655799601374,6.536201406511756,-0.43066176457276645,7.1999872802133345,7.9763655766884165,0.2250817997911502,7.209716198668839,8.204138762257456,0.38424588769188356,7.465408847092892,6.838171218146236,0.6810006820269934,7.321257085296834,7.787474928298154,0.3728382760944225,7.361975392511151,5.859173393801296,0.6397503936193136,6.7844758650689645,8.42416901885589,-0.14279367718323566,6.338366073556022,6.948938916431945,-0.3752171419057462,6.6743164082791875,6.648058932175163,-0.08360289371605688,7.330363034859411,6.136067602940675,0.46095984011196833,6.906479830892709,6.09396639314844,0.13607798415309644,6.826532892670211,6.109656961907892,0.11209922756082326,6.719868983557415,7.612596661779659,-0.15629670972874346,7.3607147273283005,7.0636947938241486,0.3153268703630452,6.602838459699192,8.652557809619358,-0.134244952492934,6.919896489555992,8.492829616390566,0.08557966707205525,7.057137420311715,8.378436032964462,0.2167894468663666,6.736086793129322,6.104726965763509,0.11141869525604385,6.651995565392172,6.091745501681455,0.12918880698865684,6.591157424771879,6.085652777544244,0.15467717930190628,7.289453271484145,5.8723271684282015,0.38851131004682665,6.656164891481716,5.949235844650442,0.12566079000361094,6.74298805136161,5.88628100889691,0.1072182690461241,6.831091758410298,5.864099708096431,0.10867893918364673,6.914209505206018,5.881289894054993,0.1300668474940862,6.969738419209282,5.921120507415382,0.16062947540760622,7.427462972363056,5.833618782718902,0.9301013935787884,6.958762826598073,6.068606183706391,0.16980236559184117,6.632176170884914,7.197321621357073,-0.22356851372670386,6.528803835000706,6.845684399723704,-0.29688142693771696,6.444200093848098,7.134642556112291,-0.30416495316828007,7.064667538395729,8.157718743296167,0.10167607341786598,6.9321865023490865,8.29904210849916,-0.017440688338617064,6.598065310332815,8.51139865489287,-0.24875098189625758,7.327251135874173,8.005748206434975,0.5920516223907393,6.588414447081389,6.0240281939243685,0.14503252917108797,6.439272306813263,6.310705076518286,-0.21280280953424463,6.771988505156124,8.582109306089377,-0.046569340959891924,7.4527388674573025,7.194980701604572,0.622897373005727,6.530636659556848,7.525294125127549,-0.23557587555526593,6.545079081420896,7.567216397046283,-0.2596263821847786,6.55986317889525,7.624491243963414,-0.2878570303360049,6.5699485003580556,7.6932924881394005,-0.28487240827699284,6.610557088464754,7.8836890128724955,-0.22773728753886127,6.689071787329398,7.54575563414383,-0.16073619150693214,6.706179131679859,7.533143091356524,-0.16067457806090624,6.724490440734735,7.521955424228574,-0.15915324945700665,6.827822276277204,7.4210558182999815,-0.13066137410156523,7.221392079007204,7.109510253138754,0.10643806217870747,6.436926232471813,6.186813794769514,-0.10618330122223586,6.484940492157909,5.9545855716092095,0.09769576426414071,6.54394507185221,5.969396914768006,0.13313051425416234,6.666967437178223,7.550920532270299,-0.15113368704423574,7.255566267366385,7.515968737349733,0.21147867847496463,6.394329445770666,5.954327105791931,-0.0318166485090542,6.685200691029022,8.067348489849808,-0.19743569123131502,6.367855476930801,6.229166106680529,-0.2695881545937231,6.514776725731942,6.5308244338685455,-0.23579713168357183,6.5293053028684165,8.136120279231802,-0.26267021298202586,6.913016586049348,7.80174651235705,-0.07017974579347303,6.728636202989086,6.957903482983361,-0.10112350838604643,6.808540431760297,7.958527753446959,-0.13400876186361196,6.979247899449547,6.938458900729649,-0.06557270535711907,6.84097457816441,7.108749583083915,-0.10678866627344158,7.082718908893628,7.2010174616331994,-0.014965877275243114,6.574810750476258,8.337564560821386,-0.2811876595717294,6.5793033429298635,6.629630540314168,-0.17666827807133878,7.013911037388993,7.945876919427464,0.008136740141564425,6.8846206919015165,8.110558672635834,-0.07816410052280057,6.987766962241836,7.608507600003742,-0.03670553162897283,7.347239159077034,7.340832741383809,0.3192486841368273,7.1282545476653105,7.660037289352765,0.06071238820977201,7.416082376334459,7.516141047894585,0.5378544792839468,6.936966279044112,7.317962566588847,-0.0837294515311011,6.506221580817012,6.4151282121781525,-0.1549049937241869,6.50958900014013,6.7741357596381295,-0.4144979861385888,6.571597232451748,6.8366771237210004,-0.3133258313193402,6.461236010323128,6.663749500934615,-0.4813339052085856,6.5644404538815815,5.809882268795653,0.07416576181353421,6.734470461309019,5.690136012931383,0.05534467771857882,6.884302580126405,5.656091057480841,0.055709733071615176,7.008195334614876,5.6847229581655325,0.09077447447078267,7.095763700782763,5.761866536369858,0.15075000383515533,7.150651973016704,6.052259141225846,0.290599041541067,7.459230704053104,6.505239263437385,0.6987478857538104,7.077741048709006,6.255087061763197,0.18991593985409314,6.973656643180046,6.296482829239327,0.1262355842002712,6.839856768732419,6.303705144726126,0.08563691407498744,6.707879409663038,6.275728245022828,0.07514039333285479,6.602457020116998,6.229906894749424,0.07870822606579472,6.526957019417417,6.185947087456304,0.07890429029119235,7.498256833352591,6.577255498377581,1.0840384061238608,6.568981646745273,6.891926217181342,-0.26670351775337864,6.440586726995149,6.420233464346788,-0.30667344308472566,6.436639784600242,6.770055534300409,-0.4939392683898554,6.386462070295446,6.868102443430893,-0.4604538619789273,6.437592647185879,6.80968327776718,-0.4469697794512728,6.543459067751345,6.951248172280905,-0.23620098452306929,6.369845148264949,6.876670106633269,-0.48840291769728006,6.365479947795359,6.936652585488099,-0.3744962358227959,6.52048727391711,6.077116778245409,0.1431148494955357,6.4715959977399065,6.1046732107644734,0.07830811260444075,6.440706018910816,6.122136221752385,0.0016932747391606264,6.9992697956655,5.956974355401948,0.19326139464528413,7.084617270366401,5.895831725848764,0.19768601095713004,5.75238393362911,6.073691185704158,0.18818899147541693,5.8596229475945965,6.057987362287409,0.18808235591654335,5.744716482568109,5.938932925897022,0.188162516678161,5.646564272549106,6.089387645422408,0.18809959157334014,5.760894159983202,6.215106597138375,0.18807134488613314,6.8313502242275765,5.982725209049312,0.1567300863969062,6.938253453541556,5.972553732314081,0.1564956446459774,6.827684575115292,5.8465903058079824,0.1565071849422172,6.722821826655097,5.990427269493254,0.15639011364187852,6.831728718330371,6.121930774564292,0.15640897161350065
6.361849593073689,7.407799728813263,-0.35608208854025986,6.325595700788674,6.84074282853226,-0.55535531741346,6.3422379355347145,7.048528428951796,-0.31816131820693766,6.233519915780288,6.404434504899282,-0.36686088331755173,6.318828850192767,6.682752221098134,-0.5756593377208277,6.31456821315272,6.506416012042977,-0.5166440483292095,6.309930201175121,6.103285235003107,-0.19195203946737083,5.622553591637971,6.19840110811136,0.24553553459852928,6.301147724442171,5.785424914931103,-0.09012255175892032,6.295934770647949,5.5865505426938,-0.09010014512200318,6.272662576214721,4.8445022940419555,0.1100887324718414,6.365149773900124,7.468391344766947,-0.34996304179701937,6.369684932708469,7.53018242106136,-0.32085360628010623,6.372367994519378,7.577783459752962,-0.2771199901179469,6.372564081496733,7.575906944377214,-0.27215445739184974,6.373568194810964,7.630235616269251,-0.29345951559269545,6.377143637356554,7.700973438387077,-0.3243660836323782,6.379881455530951,7.783393604650139,-0.32280862581718983,6.390484211374445,8.001804899389764,-0.24313998994286098,6.331644799052374,6.9403912706208555,-0.5089289507088459,6.2586375476532305,6.967038380917171,-0.3709580605883861,5.276874079110667,5.777902944484663,0.8241286849772517,5.902891743654442,6.2933486423994305,0.1196192185900479,5.802551447513669,6.324446557106286,0.12816129222629005,5.708023095386625,6.3343759576690495,0.1600129046906223,5.583483816363047,6.269200346150396,0.2564455781592492,5.991227447051346,6.244644336978633,0.12824179656728804,5.729712534934708,5.85858570613327,0.11057205912286534,5.855027652432842,5.86482238193946,0.10884019257811292,5.622105551393486,5.90457772168427,0.14519615183459594,5.557589236089261,5.981174104719876,0.1875216415140859,5.512518459356403,6.390440554273826,0.3025127912161882,6.0379886415191795,8.358125275229746,-0.15024950747814544,5.588855489616298,6.158683875835734,0.28402118804149956,5.256887266486714,6.445929469111121,0.7858756304617835,5.40124945901921,6.320291733038924,0.4230599659907599,5.864458326117351,6.894192438805059,-0.050298656723293984,6.245164522431768,7.380987609475626,-0.3369743375355461,6.267749302517966,7.538867964231918,-0.3030988091722163,6.133750491726419,7.464710829199529,-0.27859871253715707,6.059639973598079,7.5535841068947285,-0.20880217728103,6.179422108555929,7.567346452901647,-0.2608010214029707,6.106683459318219,7.607878741047301,-0.19454917448490053,5.949595591930787,7.839284312803298,-0.08728667275324789,6.248162803308161,6.8487705553901055,-0.5425466293216462,6.229297756184854,6.697618573785107,-0.5602259514420257,5.427735260028493,5.906570409344717,0.2466013181920775,6.046757799136686,6.488876216906249,-0.03017691290422213,6.04632048817964,6.886802549586763,-0.2812452855213832,6.039696448099317,6.819483300432643,-0.2434377507927909,5.566879319110761,6.954696740557506,0.09463693413458199,6.229819421539705,6.535433924888149,-0.4809530736593759,5.649145945570798,5.711621476408811,0.06371475775648945,5.5138684996967235,5.778580369495112,0.14803692723383619,5.355800567397941,5.457506812822482,0.6418042386164605,6.097952409169897,5.802947691198098,-0.04814352094519878,5.9665341769954345,5.926743689584871,0.13450065933748365,5.8668132197227605,7.713861902430763,-0.04313694985081607,5.413033176431984,7.946498012463523,0.8754792396537753,6.122736693181336,6.964336820334814,-0.25086479941823503,6.202562591736443,7.003104325684268,-0.2761756047120303,5.979490346542622,7.698356232202525,-0.05629527050387495,6.000894165059539,7.685484047077714,-0.08501113887735252,5.459225718665488,5.694415399109016,0.21662470651658144,6.052826136122693,6.971439608620228,-0.2323601083627465,5.839588577781819,5.71647925379122,-0.002380541321023979,5.815463959960239,5.585658161959118,-0.008777839033138361,5.721034391272729,5.001184668359235,0.25716471789931444,5.4113705068541815,5.564263222852496,0.4010660829115603,5.777619173330641,5.260559642594695,0.11796507000884401,5.373524610298298,5.862627687694794,0.34920172485805123,5.326748246837876,5.823969695072316,0.5736814028306121,6.253937379803564,7.465270971998993,-0.3318668498620451,6.158130022618562,7.520150167329342,-0.2762159320337883,6.083131563460689,7.578512311348038,-0.2116210431978358,6.150697216250504,6.996407030469008,-0.23628970988772066,5.9907483288708265,7.691617499739221,-0.07188369961088069,6.039645391490119,7.6909441444584905,-0.14308353432650217,6.014116346940158,7.680151221244505,-0.08848567640555659,6.150980617429097,6.879614666952685,-0.386910707381751,6.124691643348028,7.624416642722371,-0.1795366583800191,6.197507987425821,7.594792710124543,-0.22317232354735794,6.281284483611495,7.5816659819045995,-0.26138118912252817,6.267867694655237,8.012289263095987,-0.23648931163165132,6.271018405408366,7.784217909905889,-0.31236056594993505,6.269568101726795,7.700160972345054,-0.31219641247679286,6.272917119309853,7.635148889966006,-0.2773719433850772,6.27992519388545,7.579567481271467,-0.2565357827935255,6.12408192384108,7.6246726657192205,-0.1767424189527043,6.1103454761141895,7.653942161856093,-0.1983896350549566,6.0973474993435275,7.692823619637671,-0.22077684826208255,6.087364082368134,7.740228571351917,-0.20881769312558254,5.965314368006112,7.408669171071348,-0.15985828964650825,5.280066597087271,7.202071931729673,1.1289372893475358,6.336832594517427,7.000045368837523,-0.3842966459883458,6.069577513620281,7.653922183182928,-0.12679066044100065,6.055918760733475,7.673864598755404,-0.1406867063185646,6.225569883762526,7.061874182625692,-0.2890861747875974,6.095739586129214,7.066538832834177,-0.17063308406447433,6.214810258337149,7.034961429971374,-0.28419916934629963,5.945775965602074,6.6021856317342245,-0.0021636117923295537,5.788494971040717,6.729951466473872,0.024012963283723154,6.030361598050912,6.905371616366892,-0.19207396949468156,5.496881817826309,5.194144613388985,0.4372417716402765,5.555549191573907,5.372399884994222,0.25295178456614026,5.6083110175242465,5.593989268668721,0.1011934132330556,6.037237961373795,7.909106075758988,-0.15023592244286285,6.053680409388191,5.609493458995242,-0.06885506918757965,6.014754924530565,5.216603601829331,0.034963920924107904,5.9730653532430855,4.894687981080359,0.14427827748051164,5.63107708557064,6.319824084096703,0.2093222702403081,5.418849190175432,6.521262386056786,0.35472744663054134,6.051334025217647,6.195572275981436,0.1450930096220377,5.476397388250389,6.089716386145541,0.2841890181454672,6.111208998765411,6.374945983308457,-0.06072992895545912,6.090868489631362,6.800783262350657,-0.3765454063932645,5.32901175651233,6.673961604905748,0.45837564683482945,5.485404070093295,6.604648928140324,0.24500667784627742,5.611287839825759,6.628362133284887,0.13872587123020685,5.7980395971573495,6.571304522628748,0.08606433174458353,5.936205071229985,6.484579322274162,0.0638322307360543,6.039511460384831,6.396934363003151,0.039239169103166584,6.222274882592098,6.153250786661272,-0.15119574276120692,5.352033107604714,6.988735959924692,0.39463350511573,5.407365522835555,6.101310306163252,0.3418049679708542,6.288745408112155,6.938775217947104,-0.5011886947593123,6.06064075713345,6.619555978124484,-0.08905392397926189,5.235157499616873,6.501231176381356,1.1416920072736483,6.11549812391349,6.3009427580545205,0.03090479620422994,6.0271276428262635,6.931274336100115,-0.0899943437110492,5.53944564105245,6.181809929974517,0.3045409271474225,6.089682348406075,6.720408320258955,-0.3291882508797485,5.331823199797092,7.568521494864064,1.0318148545002503,6.056823350657312,6.142461933177005,0.17902277407090844,6.155900550683573,6.608576587294296,-0.4227232421034663,5.608419790300364,8.166724406657687,0.28454456453270977,5.629308233044722,8.390579519859214,0.4469217162700557,5.283497009264704,7.103604451210358,0.761962268610146,5.485438847783619,8.006769229695717,0.4411240163103422,5.290898367721299,6.11511630927079,0.713198350898355,6.0208898570937865,8.541480658123369,-0.10969345997291291,6.3040483318053155,6.999115250609087,-0.37462380026210995,5.981838210614882,6.756793183845827,-0.06096558018025029,5.330131672135829,6.374220091516814,0.528174008844637,5.711622956310527,6.240963821411214,0.1765377184848931,5.793890322721423,6.238595238714932,0.14739808372359006,6.027631919335953,7.723817201273555,-0.12828565021735344,5.384086298869176,7.305548139606417,0.38598847425464405,6.213086172838136,8.736897240001497,-0.11136533268951102,5.9078076071792,8.625047008265389,0.12901711476389638,5.776574732694652,8.535291709147517,0.2694761358911249,6.28219018346162,5.189676050157854,0.0035349920191239514,6.423323970400902,8.732504891708734,-0.15096656610642276,5.879691694429864,6.212690299129136,0.14126481604979846,5.963371997004006,6.180755500001946,0.15474335621749913,6.0255212095136645,6.162304455383659,0.17671464767206704,5.346568200543362,6.101906336579327,0.4551001618682787,5.947045351298879,6.040298028146826,0.15083581447747746,5.854828235676625,5.995828461486048,0.13642675142071448,5.766465894048836,5.990700602040489,0.1439205921728203,5.681494007252152,6.025003613888532,0.16989639361499717,5.632320203011988,6.074646546972633,0.20390777233115281,5.245207512169482,6.1109226377833865,1.012989117266271,5.658078262352482,6.223628992662137,0.21341220986681322,6.348898233207078,7.180446127955372,-0.3056631551173533,6.056378640191687,7.293667488631252,-0.20445942881921514,6.116538124844332,6.927300799992951,-0.285004397743994,6.226481503219515,7.1977299000952515,-0.2965760498655739,6.306920821035858,5.954660185577991,-0.10026361873311908,5.742416751214766,8.326098722196171,0.15100029167912005,5.875114358422617,8.438602330539844,0.023054465338494364,6.2000408392125665,8.594330168250375,-0.22721936914756655,5.516305897822794,8.216319612911452,0.6668129127255711,6.021722301808975,6.101188214271692,0.167482928274488,6.169124952416767,6.376600513426823,-0.20494587713792103,6.4144711983364475,8.592001542900423,-0.2618501329787508,6.04903203809858,8.692137612604403,-0.012171522477946738,5.327946597252318,7.446499898634644,0.7027698534819072,6.196907887280028,7.597648180485353,-0.21941018215092245,6.183747121320618,7.6378674694180955,-0.24283154605241947,6.1754552320064855,7.693923926563435,-0.27006409621815514,6.170709927154484,7.769022279087131,-0.26644425662108817,6.142184821580705,7.972742589493116,-0.2074625193761849,6.0491944573118985,7.646485677060581,-0.13597454895265285,6.028720017072561,7.640179075898316,-0.13379051462503525,6.0097450872468485,7.6303332897825,-0.1306897389930846,5.898272600423721,7.552174500510343,-0.09804306089362261,5.507952592587453,7.323397234201766,0.1637708144930889,6.1675666159099345,6.252609168013553,-0.0978122655963367,6.114892474136261,6.0191772408330735,0.10908670026939801,6.061229388040945,6.042284426224979,0.15076211999671899,6.070158745019197,7.651287218177786,-0.12732606113365247,5.514851524411503,7.727428161460327,0.272673371054448,6.195643681239228,6.005338309912357,-0.0271201730196183,6.085344756476802,8.170684623649409,-0.17319790404062974,6.313722449322088,6.368898364946473,-0.40410755841928603,6.227279910195238,6.283320828372561,-0.26763710365102417,6.310684211099367,6.241555782097571,-0.2926833071427111,6.11394940676781,6.613344090672035,-0.22485212761221465,6.405281748631629,8.411993697688143,-0.2985017488499115,6.398810138428042,8.199278544652978,-0.27099583308909375,6.237662900633922,8.20739728546635,-0.2464162148602697,5.852911392979119,7.946540929613284,-0.033832952284667595,5.951391452663019,7.075437481851823,-0.07715318449447699,5.9623112774491425,8.086144498178335,-0.10346980267713045,5.713504651342281,7.1060115113512525,-0.026424058469140466,5.860055618512578,7.248652578188168,-0.07634131966252546,5.640711615716513,7.388432255057411,0.03086740267200637,6.207916876144533,8.419049869069505,-0.2610507779409914,6.06524991102759,6.720429038882978,-0.16038214016873684,5.767950235469874,8.108680441507907,0.051980634393795896,5.903540310581431,8.248141939508233,-0.04203986575789017,5.7643496345951135,7.7759112215745985,0.0058447829460916015,5.420519629237242,7.576513704080728,0.38762878344245794,5.642012079349351,7.846587627771215,0.11207143079570503,5.385423020094054,7.756689518137762,0.6141437656201895,5.786538540972311,7.475198892660041,-0.04622475610972143,6.1177897517205455,6.4944598860803024,-0.14186584113416428,6.12091345426736,6.855614360875239,-0.4030715809712344,6.07490700967463,6.92520525916325,-0.29908362770582797,6.155283801643476,6.737970313921422,-0.47189399404634114,6.027378486167106,5.892875028890441,0.09086710996712925,5.849784730628873,5.809189176684865,0.08073221695790148,5.697112889961654,5.802402347415793,0.09052101529592371,5.578372605811792,5.855498261178495,0.1345627227156938,5.501876486117437,5.949971856942051,0.20050034487724472,5.480084193400099,6.2456380909808535,0.3466890367321845,5.255710004671724,6.774179069204102,0.7801035513005263,5.566492324812056,6.438902895764076,0.24096980657036554,5.668360619474486,6.463107428278314,0.1703304326018427,5.79767924108953,6.439950666178926,0.12115240832944209,5.922456414313937,6.384423273897017,0.1024399760705855,6.0214751582224215,6.316653394670409,0.09812150724629694,6.088513226050522,6.256621921516189,0.09429026137676869,5.252006920603138,6.854238792230319,1.1728682642775876,6.086960809150554,6.980525465204934,-0.25183686361093166,6.169837525092968,6.491298816015161,-0.2989777453627489,6.1861112643117515,6.83905056092014,-0.48716560856882485,6.248204240556206,6.924654735724939,-0.4578506979480461,6.1917807677853265,6.874850863329235,-0.43998365954439167,6.120455054710863,7.0324196987743335,-0.224230060175326,6.261084565140455,6.933659197715272,-0.4860900899968018,6.277277649715724,6.985438738901689,-0.37219202113786665,6.089510679807033,6.141165909249315,0.15904456337567968,6.136986666803641,6.16460829237987,0.08937988389391881,6.166508486183073,6.179433577794227,0.010620508883218492,5.607082699100057,6.116295790938354,0.2388658950465848,5.526063999761944,6.07545420333408,0.24724052011602043,6.396918824035135,6.387414155264831,-0.3730099443174676,7.024947675010805,6.075968099204923,0.20011797527140165,6.414789377205364,6.955633518343665,-0.3752139341947854,7.391391318538332,5.547199586092856,0.7502283128925687,6.752699035748817,6.223464723571674,0.08961569698296015,6.855990995861934,6.234850347422873,0.09235992613783682,6.953587554221447,6.220287374587658,0.11903569796816534,7.071853159895938,6.135783136733194,0.2076270428247561,6.656657114141846,6.191482567589574,0.10522480424792581,6.889148933757307,5.753487156000481,0.07360781401422292,6.766215718070899,5.784495166678095,0.08044149720285418,7.000053508296961,5.77871800035469,0.10255448346585248,7.072160239501986,5.841773282689902,0.1413461643972438,7.16239280692323,6.23141623549115,0.24947107885383132,6.781326994491851,8.287859541759289,-0.16988766450721984,7.054919384511867,6.0298861796246825,0.23557168007394227,7.457910680815014,6.212637762618222,0.7129750707269702,7.278691623217304,6.137608595499744,0.36240298000346916,6.836196570461047,6.799724392672937,-0.07915829523612385,6.479014151871558,7.36102373532827,-0.34408105680989304,6.476396945687006,7.519508629935504,-0.30945237409049675,6.605213510644935,7.4241911202184605,-0.2931854331702197,6.696099454673746,7.4955105437106315,-0.22831019545296335,6.573714542573075,7.534887028616175,-0.2736053391600297,6.656488405346234,7.55451274522145,-0.2109638512186591,6.833973018132922,7.757362873418492,-0.1125805401094355,6.403191387457934,6.833724394644652,-0.5465095748821566,6.411620907631644,6.682673786307192,-0.5654022314218513,7.208886879131346,5.73644164803686,0.19065305573624836,6.618172270020127,6.43339914128268,-0.04953157626084636,6.634446009238911,6.831250738926542,-0.29856064431351104,6.638624511733727,6.764001785103927,-0.2616826497267478,7.152094170882352,6.793166208218971,0.04539844489344174,6.4011261846134095,6.515633579880398,-0.48743263833468575,6.95960705445083,5.5778690692529596,0.026391254944582585,7.104782452976206,5.624250298955239,0.10026931866707169,7.275302648287916,5.247849876683204,0.5756978151654408,6.5120633169908135,5.757112175253553,-0.059674776374627786,6.660128223616466,5.86439025063842,0.11135073022179875,6.909476863726772,7.611782721773818,-0.07380417269228401,7.453819492521436,7.746329466175673,0.8067792421987298,6.560049130128546,6.9249514560189755,-0.26484459848353264,6.481646157073269,6.975895592686773,-0.2829877310510578,6.7994454311994925,7.619044599493691,-0.08215858207304594,6.776597228607867,7.610117832343442,-0.10789259301065711,7.158859541576542,5.529805931250571,0.16469211111989118,6.639357063083092,6.916678065476292,-0.24945884654121092,6.765466887802658,5.618785391893886,-0.028204799346146767,6.78185679930614,5.482307375752795,-0.03485088764969073,6.847172261536945,4.877903305794164,0.21918486711467822,7.206713643461562,5.374507635013078,0.343003757731118,6.797284774694293,5.149670237047629,0.0874505718682827,7.267556842706947,5.679803219541747,0.2900923229666881,7.32550609414691,5.614590980455626,0.5077097891765243,6.480789293979768,7.446823257159566,-0.33876520359948753,6.589182475307557,7.483189621974989,-0.2898244376326477,6.67664318681494,7.526020937436277,-0.22957629761783585,6.537156530485444,6.959768363737862,-0.24679913942925624,6.790666654220833,7.613778369237696,-0.09588293622810236,6.737296218689834,7.626621696279048,-0.16378827270864352,6.764752095273883,7.607224624488877,-0.1104818776120533,6.516167824399835,6.84521879127197,-0.3987067033540741,6.640842144454988,7.57390611725733,-0.19461766618618906,6.561996680786658,7.562993322004357,-0.23463037008877902,6.4713194028997885,7.56701421496643,-0.26757679765610165,6.514993522388275,7.985846379236464,-0.24223639432798857,6.496024142193998,7.765164175313806,-0.3193445689991846,6.489015327667543,7.683068107526524,-0.31900012187481125,6.481403453191863,7.613858283930354,-0.2846239473856887,6.469852080348483,7.566846986072535,-0.26321235938476323,6.641605033789529,7.574077785856374,-0.19169824788482784,6.657907631091773,7.599948687702704,-0.21382276697565114,6.6744988092286155,7.640911627247681,-0.2368658310010238,6.6901532095793,7.686125584471553,-0.22542912741716156,6.772151603853333,7.331826754375476,-0.18251826723864417,7.5307003866619215,6.9706818989416925,1.0494389115409273,6.703934794308526,7.590998242125002,-0.1458223583715962,6.717768175597808,7.609262449151658,-0.16055034024813344,6.462481429852493,7.03795157138833,-0.29533025010236624,6.604400304652054,7.0222335352638625,-0.18378862412094985,6.471303123980913,7.011038818734012,-0.29066421248602237,6.732158739883122,6.521639021043479,-0.027806214410955755,6.9042165530776405,6.6175085341005495,-0.01131187662003828,6.659151488483978,6.845526610828875,-0.21055845064236248,7.100461879916666,5.018181709541661,0.3829844818825662,7.038150618169117,5.212899037859029,0.206564912738569,6.99399035096696,5.453021970672477,0.06147935465290546,6.746392434586552,7.844128771070264,-0.17035275830663474,6.543042839560397,5.553954967450465,-0.08154944065270703,6.554347808768081,5.1577046234631965,0.019247702882021673,6.5796126908617545,4.826814878709067,0.12578857042989647,7.030578701039766,6.189240516490001,0.16350640924042725,7.273543045147722,6.3404894316573905,0.2950380157604066,6.59274607863942,6.1575846788362565,0.12403079404338382,7.172251912154489,5.932443531043621,0.23084885122925108,6.539629446252697,6.333667824697996,-0.07644815006764127,6.572267198694934,6.756546040259273,-0.390774152675332,7.38932537574295,6.459068036544792,0.39334825672240814,7.206513116779059,6.433035085460572,0.18971965397587937,7.076224049613819,6.481577341643479,0.09215666510567898,6.881380189699742,6.464454878790632,0.05072607661848054,6.732629348628775,6.410014474319045,0.03695944988023097,6.616687188648231,6.342648608260874,0.01890228457214722,6.403468129078806,6.1343468921179225,-0.15807841878984663,7.390276952546268,6.781131647465354,0.3279843739573363,7.250072543884565,5.924671827182625,0.28295972853577744,6.373517878152624,6.930097814235983,-0.5043072176501214,6.612014398980308,6.566184062691769,-0.10740844547665013,7.50642111911103,6.254838639948542,1.0605374344592442,6.532446003323766,6.26351308385623,0.014923354916932087,6.669562597055265,6.871441909726682,-0.10799193141333623,7.109951009718952,6.041595531976233,0.2543566968872704,6.573522155350009,6.674671217778517,-0.3438010547805538,7.511513460915408,7.351694434911299,0.9565489031072301,6.582951349132802,6.109149345552321,0.15753147948850374,6.4883560314531135,6.576124562517402,-0.4332249946548507,7.231641107964013,8.015245366773478,0.23505489377006064,7.2399825739856265,8.242132058640005,0.3955911865136253,7.49305168700968,6.874785747653736,0.6889931246801869,7.351524246213972,7.825346598443046,0.38273396227022316,7.394597525605808,5.893359326726967,0.6432579645707507,6.818373374145725,8.468596978517503,-0.13277433086243365,6.369596138605515,6.991389423701283,-0.37656251775685445,6.706497244129589,6.6859354896890135,-0.08359046791529459,7.362297190754793,6.172093265283412,0.4646304976839672,6.938485897161647,6.131080379055525,0.13617440505469094,6.858165711433434,6.146793605499416,0.11178175159655171,6.753734226999082,7.652450420926476,-0.15076062853327094,7.390228115789643,7.101710916964876,0.3217741282708541,6.636477914294828,8.699492724132377,-0.1239167375556709,6.952721811717651,8.534832939615592,0.09660192566564964,7.088900887712133,8.418019117524388,0.22797129796002455,6.76651761802094,6.141119662320693,0.11069124901965527,6.680520529310572,6.12683306113092,0.12811825945920768,6.618339498914022,6.119817217071314,0.15347869926914604,7.323113833023173,5.906946674355981,0.3906585353537781,6.684902518291322,5.9849637630388415,0.12399639789022154,6.773399900950686,5.924045088805945,0.10549532565689765,6.862033434567912,5.902939840460209,0.1072695081413388,6.945300104612463,5.920319066260763,0.12926055859616029,7.001002865247704,5.959583818586757,0.16042261779301287,7.459404641597205,5.867005606945826,0.93498950992243,6.990741966700581,6.105488438682639,0.17015231255625674,6.664732937805457,7.236837782839361,-0.22168860645985666,6.560426505066099,6.886885424082853,-0.2976577192791036,6.476085426375811,7.174271238045821,-0.3036708143088721,7.097443620367108,8.197853399300575,0.11189667521417629,6.965593996842462,8.340975434195155,-0.007222523028831789,6.6318820795161315,8.55771296009411,-0.23936593996230543,7.356245132687661,8.042472598542421,0.6034926354893575,6.615427792288008,6.05816710141534,0.14352789794016246,6.4718344086969175,6.347790526772734,-0.2153289138235339,6.805607741944458,8.626928703297143,-0.03573584864276167,7.4805960942178915,7.231874192484265,0.6318592065918225,6.563054070562662,7.561652531049761,-0.23103198906659247,6.577463133619425,7.603456794720222,-0.25442791715734764,6.592049044931236,7.660643156825643,-0.2824609554105939,6.6019717859362785,7.729723489021672,-0.2791962922253406,6.6437190733906775,7.925897780578334,-0.2215546522311043,6.723771396908315,7.584778955163974,-0.1566124720846682,6.7410892067876595,7.571984464879247,-0.15639477622991435,6.759572439268268,7.56047896898906,-0.15477302362220985,6.860877631327802,7.461597855940154,-0.12615163194304005,7.252122207761072,7.14859124352084,0.11118847287273,6.469063292733914,6.222408813697386,-0.10866318245881389,6.514190675707406,5.986066289817179,0.09516724766508544,6.571860225723065,6.002116933852293,0.13124470213654332,6.701339786649712,7.589798781784273,-0.1466721456850174,7.286575799608707,7.554625217751857,0.21909609613518913,6.425478707299238,5.9848487006804305,-0.03499986056851293,6.718398613728777,8.110135184894627,-0.19009564150557268,6.400613398668853,6.266176906944833,-0.27306554500915886,6.547051153357885,6.569177163912157,-0.23725490641151697,6.562630818671916,8.179820056941598,-0.25524699651016414,6.946171766723122,7.842399505915247,-0.06280604029427223,6.76061946973226,6.997161780344112,-0.09961499399746951,6.841845355310599,8.00021104524175,-0.12657407451253372,7.0115604840888635,6.9778246445734355,-0.06313948643049977,6.873344323382459,7.148318201654258,-0.10410687724235679,7.114436591819815,7.240428024402109,-0.01052008295510851,6.6084315569261385,8.382617648627726,-0.2726984831366895,6.611216731955444,6.668059756862778,-0.17737958601178788,7.047005610086145,7.9863384465569975,0.016854921480338497,6.918055114022928,8.152444835001065,-0.06921811913899108,7.020610083081531,7.649015569043895,-0.029993009102125448,7.3772893350876165,7.378720400046882,0.32683983184434556,7.160431937149676,7.6995956498895834,0.06814308615971855,7.445082152790822,7.553207471908035,0.5476854030423598,6.969332228576801,7.357964778481525,-0.07958345481267402,6.538314553578128,6.452324124425482,-0.15649435742896872,6.541399408704901,6.815738409140583,-0.4159864520111633,6.603488685195066,6.877555383715024,-0.3139040340692154,6.49387014524652,6.705129814944107,-0.4838653352485329,6.59503622654476,5.839539001074336,0.07149405189464579,6.766644889568506,5.720659976138609,0.05315077418177867,6.917187151666559,5.688441035881968,0.05436363457007561,7.041454498749841,5.718496359829978,0.0901454960163827,7.128931489176099,5.796474971068225,0.15098610543376537,7.1825675670651,6.088538384379692,0.29231488098584746,7.487926787367553,6.540913260991231,0.7056248613734307,7.1093390703594315,6.292454041812175,0.19145511621933212,7.005360435850142,6.333791396491272,0.12711592665172824,6.871311678375684,6.340780232344563,0.0859231109671715,6.738517877556301,6.312036101316831,0.07493156297562222,6.631779226346877,6.265048481886466,0.07779132273906161,6.555804772007375,6.220140864317784,0.07762539454003353,7.5257589948325645,6.612186067579351,1.0930250693711767,6.600602876849081,6.932569250101519,-0.2669248084563948,6.4732802726733425,6.458656623867776,-0.30918361006481254,6.468892364085728,6.812230302123066,-0.49608206265399074,6.418341881274358,6.910387003282044,-0.46235376138792766,6.46951096300297,6.851685221819551,-0.44876003168276285,6.574750473774198,6.991823774854897,-0.23619069521354188,6.40171296564376,6.919286392250548,-0.4904468281545247,6.396921783838566,6.97888499415287,-0.3758095483885025,6.547478844953777,6.110270001126679,0.14155553580484576,6.5003957718627365,6.137751775990757,0.07657392437089369,6.470887271598748,6.154999660514026,-0.0005699333284491684,7.030819185068598,5.994805849400367,0.1935079595721825,7.116740798791455,5.931369122397885,0.19810748254343646,5.777573296377449,6.104940135096902,0.1755622782664071,5.885191009206111,6.088785897941675,0.17552871455796,5.770091653252767,5.9700219353643575,0.17560816678133184,5.6715664565665325,6.1208339095501305,0.17554612652658602,5.786046103676348,6.246436497956576,0.17551826275209154,6.862452986704366,6.018021807568392,0.1484159670608185,6.969475779043242,6.008167881993138,0.14806647902122536,6.859174264452813,5.8816492344245574,0.148078803827703,6.75378158385399,6.025279985533975,0.14796154474018303,6.862428568326055,6.157503654217312,0.14798025162281045
6.358847042266331,7.406706382468524,-0.35784368948182976,6.319997105207478,6.830148801969042,-0.5543472797382938,6.337404207222431,7.03958848663055,-0.3183517102872412,6.227823594665382,6.397335471090862,-0.3646182955746461,6.313123273790889,6.67303466192302,-0.574340062006417,6.3088472745530355,6.498114208314945,-0.5148988487940691,6.304215681326005,6.097911285870535,-0.18903377157793128,5.618542495793784,6.196281816400754,0.2498716822959156,6.295322874473976,5.7813502057101935,-0.08612397704220881,6.289895075994669,5.582835980028042,-0.08531857698693766,6.26604514317787,4.840353512781859,0.11743586212945152,6.362053302414077,7.4664084693376935,-0.3518871898303324,6.366362569280856,7.526866101023787,-0.3228165957293248,6.3687741027376115,7.573432649432001,-0.27955527866491026,6.369058725785083,7.570762367750271,-0.2751732157573383,6.369815749163291,7.623566966222282,-0.29700167806653,6.373036055643251,7.692507843284302,-0.3281295746838003,6.375365528948659,7.773032508738078,-0.3269358443683877,6.385195004375092,7.992507928125357,-0.2476979430784147,6.3262595515324875,6.929887371328729,-0.5082783134077126,6.254088757342151,6.9575616029106415,-0.37039441074930457,5.274439145646266,5.774085664473893,0.8308665176234579,5.898172441803616,6.2888327297109905,0.12295379509087835,5.798161817167384,6.320093950971683,0.13175604006416572,5.703892446003,6.330549597102553,0.1638537458209059,5.579705865786502,6.26704982557141,0.26063526191702446,5.986130574120567,6.240520739705168,0.1314199099481607,5.723691860177995,5.855663804843633,0.11520553328899766,5.849114147988904,5.861568808977857,0.11318245715624378,5.616313195015474,5.902117612953823,0.14993074641152648,5.552200929471787,5.979070443981996,0.19225630745107933,5.509433544286831,6.387194019233175,0.3064874110965897,6.032656462093428,8.349225623880669,-0.1548808309804762,5.5849111407923315,6.157095506649436,0.28846367971799713,5.256529702434544,6.441247262710845,0.79020562022003,5.398420945124713,6.317312777193536,0.4275562138172738,5.860204466551602,6.888062568963321,-0.04876037526693036,6.242652825078952,7.379771431529394,-0.33841024232753175,6.264750662772357,7.535119430119808,-0.3049255652261117,6.1318353960065295,7.462179784060979,-0.28009100300320644,6.057757257757815,7.550032199246012,-0.21084963146241556,6.1767163845491995,7.563356993551521,-0.26274459130852296,6.104168557231045,7.603564989151164,-0.1969744427183561,5.946961637464354,7.831994575683822,-0.09107897089667699,6.242842080923504,6.8382025252915115,-0.5414850902950068,6.223679187381944,6.688134469051849,-0.5587233590931633,5.422670459128937,5.904511773315473,0.2523751868851376,6.041767356735077,6.483195524943598,-0.02791128365270951,6.04222275361103,6.878831910857541,-0.27987298452114595,6.035523392426137,6.812274474587851,-0.24189394316201127,5.563664215118769,6.948917194354588,0.09692818244489058,6.22416933044811,6.5271886374342865,-0.4790120409615686,5.642846346925252,5.710236582839036,0.06942754319891153,5.50808361783311,5.776805108318368,0.15395718067614003,5.352062504217443,5.453991931762015,0.6494408564092998,6.091720549767876,5.8007426458913365,-0.043595806901493436,5.960997250107897,5.923451034462592,0.13848358632356494,5.864363659447895,7.70737625557194,-0.045907491266433495,5.413806114581655,7.938674990279235,0.8738116073929223,6.118617797394225,6.95568013367476,-0.2500233503402864,6.198346627236045,6.994328247118133,-0.2758289807900063,5.97729136511514,7.693633028422616,-0.05954870346268239,5.99863033122873,7.680700792138426,-0.08847348600816121,5.45355464726181,5.692576277203931,0.2230192535585361,6.049106195675977,6.964109411563764,-0.23131291965462944,5.832959017742503,5.715220443292353,0.002877348666826755,5.808683628915783,5.584080928630487,-0.0029441241547883776,5.715574558720245,4.997641014138613,0.26543834515066095,5.407003254106773,5.561053075888462,0.4081731994643256,5.771950621977537,5.257281920488575,0.12517819813492992,5.368876703156883,5.860529750034426,0.3555746292664501,5.323322229948638,5.820350586379852,0.5802316204739499,6.251289101547934,7.462855486568482,-0.3335453367501426,6.155832445671242,7.516859198243086,-0.2780236046856658,6.080966603897644,7.574565966657386,-0.21391434246958965,6.146706026136095,6.98793199099678,-0.2356206617550817,5.988545803980537,7.686850867805732,-0.07526762347606077,6.037359026262166,7.685478023652085,-0.14698468994751895,6.011781394583184,7.675323264742827,-0.09199064831997811,6.146088726799372,6.8698437368025935,-0.38561439718762525,6.121869892941824,7.619894959269582,-0.18232485750098218,6.194459859256617,7.59029711945515,-0.2256145906651037,6.277888419075242,7.577082477965417,-0.2636908705312843,6.26297638922968,8.002732918695678,-0.24089300337672423,6.2668672232526434,7.773824278306497,-0.3163214608220003,6.265736863149829,7.69165175629996,-0.31584647300901264,6.269384473841317,7.628490575303212,-0.28077874192367475,6.276583588740731,7.574159362303856,-0.25944525110734584,6.1214440672915815,7.619416644693702,-0.17998467617751487,6.107670529635905,7.648224932781643,-0.20205422483507393,6.0946924579518615,7.686331153513856,-0.22464266764504584,6.084602386098847,7.733011551141058,-0.21281369220760735,5.962022632359436,7.402289919908543,-0.1612757356044035,5.2812312865518285,7.1954399353387,1.1299409306896686,6.331666650153797,6.990362745750249,-0.3839588243931545,6.067038186947304,7.648887328237575,-0.13028830230926186,6.053516004710173,7.6686231642772915,-0.14449437689726663,6.2211929865802675,7.053329495937946,-0.28911835893222104,6.092201821466327,7.059356111737906,-0.17027011268599399,6.2105281240274905,7.02627108513147,-0.2839844014058993,5.941070679662343,6.596649228788182,3.35248277697405e-05,5.784188304097834,6.724328170761184,0.026342561894690603,6.02645537606177,6.898643153522821,-0.19083054697517346,5.492267447761426,5.190769580338094,0.44529548386603585,5.5505131517643145,5.369410833421293,0.260257304688402,5.601879479745793,5.592346086216794,0.10750803927500803,6.033769818741458,7.90093767058777,-0.15439068791431154,6.046987417353763,5.6079685647600686,-0.06358844477886601,6.008737036896207,5.21283008435904,0.041743669202677885,5.966988380437005,4.890851186008067,0.1522320577449475,5.627199102480443,6.316787887937161,0.21335600076412833,5.416803897588138,6.517308890924144,0.35860366998260995,6.046024134676217,6.19192301773091,0.1483089726039429,5.47181413985789,6.087589449536009,0.28913621718024823,6.105970923438147,6.369348523797053,-0.05833097540452945,6.086024392415239,6.792062541814183,-0.37497838968243646,5.327831102588967,6.668859204852586,0.46210723393834713,5.482899283456089,6.600063966077194,0.24853762727349488,5.608062823042023,6.623159832638356,0.14181029145978505,5.794270983144421,6.565833793755088,0.0887405164865862,5.932064393231648,6.479232241417642,0.06631116918119302,6.035054688498613,6.391732463099215,0.04174769481680304,6.2165894860176625,6.14796945675461,-0.1481980574050055,5.351019009590155,6.982876050680793,0.3972309218503442,5.403224790741513,6.098892311283508,0.34707128469804766,6.28369916492751,6.928319357085388,-0.5004284005174493,6.055881702767076,6.613470081253408,-0.08715481726411839,5.235146379482387,6.49642051636233,1.145499646277504,6.1107548084775924,6.296080637132828,0.03361322818662886,6.023286079946162,6.9247626779129625,-0.08902102150985187,5.535412235714523,6.180297090342515,0.3090010114870897,6.084896619794675,6.712603179766657,-0.32742714256055666,5.333317304239055,7.560957288585049,1.0315090398660989,6.051397965668602,6.13919049912157,0.18248466918368364,6.150512951806102,6.600539323530503,-0.4207993735624044,5.605709692756047,8.159892894141553,0.2816925621057139,5.626883799286297,8.383378911015924,0.4434558301915123,5.284394298781972,7.096935964652459,0.7639122724687546,5.48425734199688,7.999607240137995,0.43937828160120634,5.288784516879136,6.11105976174274,0.7187238817938075,6.015360991455536,8.532567223290677,-0.11468343943755274,6.299212969216297,6.9894623019273405,-0.3743128984888119,5.977482469161299,6.750945970304561,-0.059274753779491374,5.32825951572146,6.370953502072534,0.5328707150150664,5.707199617958486,6.237511128208401,0.18057650498584224,5.789186210883364,6.234508909518063,0.15122284725746932,6.025367154955594,7.718129831801851,-0.13217049927452554,5.383454208511586,7.298976928641003,0.38732065691116674,6.207262721428321,8.727746184352917,-0.1171775066473192,5.903023601381553,8.616774245626152,0.12417297283216673,5.772673638446179,8.527772249041591,0.2652413037568394,6.275737851685388,5.18545673999874,0.009677109252783688,6.417406940542402,8.723622476927476,-0.15724364122236867,5.874677363695351,6.208458877508343,0.14488258009354762,5.958048259623839,6.176826537364974,0.15819414820630592,6.020130090882125,6.158776261190801,0.1801646217064721,5.343123861965562,6.0993883685948145,0.4605089091886518,5.941376002567813,6.037104344080728,0.15472944016634643,5.849329278655953,5.992230748344485,0.14058306249024635,5.761199263589555,5.987048760678903,0.1483076904140781,5.676615208126261,6.0217886670042065,0.17437157238458986,5.62777758958342,6.072030179487691,0.20838313711037287,5.2439719117959225,6.106741253867927,1.018383851334142,5.653879371238135,6.220929063390795,0.21762054115201798,6.344417762680506,7.173294044403513,-0.30649302500897085,6.052698360319256,7.287129956340417,-0.2052713431672616,6.1122244983954435,6.918186037314771,-0.2839013709487068,6.222265682792945,7.190662703825041,-0.297268720096215,6.3012652122806605,5.950106906959071,-0.09682247686423276,5.738463796341749,8.31879165765925,0.1470127017531244,5.870208781850054,8.430630033299355,0.018450722262192056,6.19416045059629,8.585130816273141,-0.23269354935754546,5.515511540091466,8.208802962187386,0.6641446863438379,6.016120232675673,6.098070600849055,0.17113331524652264,6.163635183215488,6.370378341732449,-0.20255894559141346,6.4084660804485925,8.583267089772686,-0.2677907130534741,6.043620733306532,8.683127640438434,-0.0174784512604254,5.329013212336776,7.439131231460956,0.7034965487540992,6.193937927122813,7.592230338336026,-0.2223910036272917,6.180650836130087,7.631487619029051,-0.24631631996713496,6.172196422699228,7.686197343717512,-0.2737981537617632,6.167220324692661,7.759808256599988,-0.2704349119900256,6.137993973401227,7.963665633127848,-0.2118054520259728,6.046763415318999,7.641946961563136,-0.13892230318001605,6.026510082829335,7.635782100282974,-0.13665348554109732,6.007727918818809,7.626150752068806,-0.13334203961939464,5.895504747604136,7.545844174404651,-0.10002135575681179,5.505979994764074,7.316843863215765,0.16477386143966877,6.1620738224979315,6.2471772226127795,-0.09512043912623712,6.109288075682312,6.015823781137918,0.11269476295720833,6.0557567643384465,6.03905271821478,0.15447659463525484,6.067499128428079,7.646665789906015,-0.13052138363441906,5.513190198873129,7.72055836871339,0.2719286747338074,6.1902681380120415,6.001602978693358,-0.023467170263999027,6.0804136219768425,8.161868991299709,-0.17767831694345484,6.307994144691265,6.361742804544109,-0.40203125588409033,6.22160550517894,6.277070774684325,-0.26500207716133906,6.304952744126859,6.235267411457557,-0.2901619459695886,6.108845616217606,6.606513450404827,-0.22291566185846623,6.399381799910084,8.4032263784327,-0.30391804122259986,6.393202892297709,8.190417791882034,-0.27588347963489135,6.232291806870358,8.198165453018392,-0.2511139048009907,5.849430190463693,7.939434970780016,-0.037438742721861235,5.947547517373759,7.069202590619124,-0.07660305887405669,5.958108880636547,8.07821864728825,-0.10768665640906025,5.709835153450006,7.099700874256465,-0.025292794933199792,5.856219374246685,7.242349509965164,-0.0765086273232013,5.637718696386914,7.382054330154306,0.031029569403965222,6.2021934740607625,8.409832590256604,-0.2660948494639717,6.060708466083802,6.71386069614003,-0.15873160523360863,5.764077652772228,8.101504508974607,0.048393833571045874,5.89877939121134,8.240235696557203,-0.046358755679106835,5.761226616973338,7.769338323366094,0.0034994784156209616,5.419907028086216,7.569618700595887,0.38777404386787306,5.639152531193591,7.839954410364659,0.11014866887220608,5.3858827454231255,7.749134522679498,0.6136156861003913,5.783310777974852,7.46899816942936,-0.04717637696750396,6.112643670519901,6.488218197630661,-0.13974336674390614,6.115982631543027,6.846080299821,-0.4016175359543733,6.070732741959608,6.916580319758648,-0.29792850496737816,6.150035006870543,6.72858642726361,-0.47032817330120674,6.021408307113496,5.889940551846235,0.09505835687913347,5.843565846764823,5.806531582964643,0.085438502168709,5.690884063812603,5.800034415035552,0.0954896116215965,5.572513774053195,5.853322872688263,0.1396956600399266,5.496505004405854,5.9479888679175,0.20567568347382334,5.476490459563809,6.2432893457123875,0.35115578714689977,5.256121989160049,6.768384861387152,0.7832521313141805,5.563194032629959,6.435277571520378,0.24469325241842652,5.664679522148542,6.458701678686935,0.17371257299910972,5.793633723230342,6.435136368917607,0.12419824698914185,5.918018430659106,6.379542464580378,0.10528645473840706,6.016665082509404,6.3120587096652825,0.10093026665333249,6.083452435058999,6.252296741064047,0.09714488408330614,5.252641086253509,6.8485140116970395,1.1752750982663644,6.083095362508535,6.97248102556263,-0.2509033253303982,6.164336390905167,6.484283006769131,-0.29684056109144363,6.181012714004729,6.828802571918535,-0.48589261831402375,6.243485255082725,6.914434188052651,-0.4570169632775098,6.1869775998710175,6.864708693457828,-0.4388159200572499,6.116742612043807,7.024597353756211,-0.2236470645418989,6.2562674173964306,6.923275984540327,-0.4853017020552398,6.272655790685628,6.975842534645362,-0.37174972009020535,6.08409043425372,6.13782726561628,0.16239044374985873,6.1317063915343635,6.160664014312146,0.09252039488120181,6.161470569493422,6.1750781386447935,0.01359909341431538,5.602849415949123,6.114213163324528,0.24333096611645952,5.521344834003339,6.07377303360305,0.25190858528694154,6.391229012981481,6.380265481049019,-0.371241071905451,7.019047573970845,6.07120070660649,0.2007985797658283,6.4090508514370335,6.946285355266283,-0.3750275056401413,7.388239152011822,5.54091987650325,0.7514566873789978,6.74718081399087,6.217052275700044,0.09068942775423094,6.850073154572667,6.228549568256594,0.09318273258083452,6.947744695255135,6.214567553459653,0.11966995668067958,7.06641698115712,6.131181502277988,0.2079795822894941,6.651690890485253,6.185510127795094,0.10660818456636141,6.884541375261748,5.747392458304953,0.07537897762287984,6.761285549374514,5.778238203844401,0.08252703595290166,6.99566930220414,5.7731844813703415,0.10392756450689286,7.067832703588048,5.83683728399454,0.14240421104618026,7.157247958051924,6.226341336976604,0.24933374011569107,6.775683039892699,8.280169419038375,-0.17600346509597153,7.04935586248299,6.025374917402344,0.2361726733700392,7.454273177586423,6.206085047364369,0.7115085489252925,7.274218419914224,6.132541778660707,0.362157276519864,6.830675909067345,6.793558845835174,-0.07969165788700068,6.475483349278093,7.360672116123114,-0.34599879640805137,6.4725535800907466,7.516519868428048,-0.31170855753371957,6.600895656800324,7.423425953485689,-0.29569987416215066,6.691549945621503,7.494003597890829,-0.23178146186451282,6.569574553807566,7.532176353880892,-0.2763875766231885,6.652258658018909,7.5517857729306925,-0.21453055598786877,6.828177140494741,7.752070206111986,-0.1182333033665527,6.397280025042654,6.823242442204169,-0.5457659410620779,6.405800234450719,6.673206175032146,-0.5642667163779458,7.204426630832361,5.732495214072246,0.1918905714555829,6.612951106242175,6.427467071529383,-0.04867629942070394,6.6287835404880004,6.823643132312557,-0.29852503513854317,6.633105375125706,6.757096785252509,-0.26153882458014505,7.146455939228588,6.7872365177781,0.04405459984790011,6.395440694803411,6.5073810911722205,-0.48595716675514666,6.954423356582031,5.573892162811662,0.02888128627578513,7.0999537082362965,5.620322313941283,0.10218422523861177,7.271069823656614,5.241896751031632,0.5783599467065859,6.5061975028631265,5.752871267148612,-0.05621024491936805,6.655017653377773,5.858500055029667,0.11350783304914833,6.903574894690822,7.607061047310881,-0.07884298103597667,7.448327882657167,7.738879221602821,0.8001864633580731,6.554488053730308,6.916616544510144,-0.2649278949693399,6.476193797975807,6.967424345966,-0.2831014230881762,6.795409265284059,7.616552671483563,-0.08735729352579041,6.772680081921717,7.607369327338922,-0.11305382232439966,7.154066094165389,5.525940572119195,0.16682983556102643,6.633883098361912,6.909635517400351,-0.24970432764040576,6.760028033001141,5.614764402068845,-0.025142986641695984,6.7763247354906335,5.477842603859458,-0.03129757596386387,6.841073891308079,4.872902191281956,0.22450352116656216,7.20202175090139,5.369283307510414,0.3453833683754552,6.79120349770727,5.144876146955134,0.09200319876401533,7.2632327095624785,5.675769471070919,0.2911430868951611,7.321853228851258,5.608930368876329,0.5089598377502775,6.477054320644005,7.4452879606540465,-0.34090247288695125,6.58496268038708,7.481436566244172,-0.2925637070603476,6.672251763722314,7.523897149962373,-0.23313374477528215,6.531664981726333,6.9516584469780245,-0.24695053034856182,6.786682796576657,7.611143355020325,-0.1010517512552097,6.732908261901315,7.623423545777582,-0.16921651070616872,6.760854548759772,7.604394462032366,-0.11563192495098239,6.51052968742983,6.835553682748423,-0.39837019952591185,6.636710846820555,7.570763846311556,-0.19848927496045718,6.557907965983819,7.55955191608312,-0.2378542133970877,6.467435540200765,7.56304575640091,-0.2702978909433899,6.509252210479103,7.976980077504357,-0.24704365660703229,6.490977932270167,7.75569563838419,-0.3237685812745476,6.4844530413169705,7.675440071084387,-0.3231043145144877,6.477278322678768,7.608076818914064,-0.2885106933463741,6.465955500353915,7.562311650722627,-0.2665697679693991,6.637420556237626,7.570686961124707,-0.19609774828609663,6.653456292660216,7.5962113645974085,-0.21865618092247563,6.669750038027138,7.636622662373817,-0.24196070944506254,6.685158125184007,7.681196849449733,-0.23079262779975132,6.766344446813073,7.326470036465434,-0.18563451297737812,7.526765558856368,6.9629982727576625,1.0449126599701435,6.699943738039653,7.587897414488679,-0.1507749355980236,6.713576812373201,7.6061214216139055,-0.1658220689810537,6.4573377059010015,7.029627419249702,-0.2958319974745279,6.599017883967657,7.015380002702002,-0.18444921508179724,6.465996900069911,7.002606711756009,-0.2908976688242775,6.7269696204978455,6.515805194096725,-0.027479797885045606,6.898780659722378,6.611575304965957,-0.011482003741928933,6.65371504088519,6.839029041050142,-0.21072478544386572,7.095065584626219,5.012648780827415,0.3869284223251306,7.032455906988987,5.208051374284095,0.2100214754248588,6.988837609784189,5.448887938204247,0.06437717059026439,6.740394956970771,7.837784621678093,-0.1760751753183214,6.537075037470214,5.550022639057828,-0.07747436464350586,6.548002344651179,5.153124670726977,0.024621822666684577,6.573164500608917,4.822239658472407,0.13222626875801544,7.024865712629541,6.184054853849778,0.1639800704007413,7.268636111780575,6.3350525554977395,0.294367967674098,6.5881423264316865,6.152022193238342,0.12566782139439261,7.1678004499469985,5.928057122507447,0.23144035315542905,6.534276860237283,6.327776555411477,-0.07518247913828033,6.566635173971864,6.747968887156076,-0.3903265026971593,7.384636637439544,6.452844358154171,0.391599174323709,7.2012499419103255,6.42749812131638,0.18901373014175585,7.070616834488766,6.475837464705986,0.09172146930718504,6.875497755158593,6.458392659378252,0.05075478117225633,6.726878688978783,6.403897326076198,0.03744245933978022,6.611116950967432,6.3366523588087205,0.019919492410962292,6.397832267682812,6.128798800766301,-0.15556830422196352,7.3850498953188595,6.774761896211792,0.32549004245630636,7.24582117186367,5.920143862507105,0.28348612625266406,6.367727281347432,6.919782144222538,-0.5037990581981349,6.60675889157823,6.56005261912853,-0.10688578444772616,7.503949879658822,6.2477235510077955,1.0585287308489078,6.526929889209312,6.257808817536632,0.016396698859874208,6.664189908312773,6.865099033637217,-0.10844642898715967,7.1048543996173,6.037347197771881,0.2547530137650866,6.568035371509294,6.667014699648844,-0.34318458602618,7.506396898586431,7.343894141935169,0.9509579451293436,6.578525763830375,6.103742731580802,0.15931947195974108,6.482709078280648,6.568112995976786,-0.4321331464817792,7.226062418124028,8.009360569658222,0.22847812492736064,7.235176269888248,8.23606837157384,0.3884857401016716,7.487937060936157,6.867643637609674,0.6852992943471335,7.345483595317151,7.8190128075965655,0.3765733645667192,7.391233977895734,5.887201517064726,0.6432264633260719,6.812888077521361,8.460964196633999,-0.1394258919128713,6.364197216278146,6.9817782189262605,-0.3763991484627435,6.701151722609959,6.680057828029452,-0.08355067973980417,7.358169651147295,6.166762709974779,0.46379385651981475,6.932397229110975,6.125226966340699,0.13701923308785383,6.852236289733448,6.14031975030342,0.11282380208315397,6.749220489284307,7.649118723078766,-0.1562845516522191,7.384102137534812,7.09530215443191,0.31823952444969894,6.630862397655505,8.691146617570693,-0.13058309046557132,6.947997529234967,8.528062047053561,0.08946988037262116,7.084411811283084,8.411958022104603,0.22079455018172342,6.761076332952606,6.134601044891178,0.11197889671853416,6.675645061872684,6.120711440174584,0.129659936865417,6.613792407613661,6.114141083461856,0.1551588467072025,7.319234696814523,5.90221778548092,0.3910201327602498,6.6800748314842355,5.978670493154251,0.1258613281026409,6.768189691297457,5.917003398336566,0.10730409022768046,6.856742205251206,5.895895827064167,0.10888702869899787,6.940046565921843,5.913848148553171,0.13054276501675954,6.995697394868566,5.953853581256692,0.1614304300789057,7.456819260120165,5.860348256636623,0.9346692823168411,6.984690984658823,6.100290290979009,0.17089872070629974,6.659271474196342,7.2309919414501005,-0.22378376215325335,6.554772676777779,6.878091151653473,-0.2975115506848489,6.471083150892253,7.167546876686524,-0.30488989493509744,7.092250403938505,8.191599162349199,0.10495494512641942,6.960517986201128,8.334413396921882,-0.01410634534051193,6.6261169552094845,8.549214344804849,-0.24568587529648225,7.351069599854014,8.035751410044265,0.5965249962005502,6.6109787054872315,6.052546807787485,0.14536851850105648,6.4662327305949585,6.341443636654593,-0.2137422055924218,6.800386841851912,8.619216828869904,-0.04269489525255284,7.4746137451919346,7.224674788357525,0.6272024629836853,6.558951830251428,7.5578079530467965,-0.23485686933848715,6.573075047651141,7.598724179502225,-0.25879854226255194,6.587246318292634,7.654661849338348,-0.28713359832903135,6.596732767500817,7.72233855650121,-0.28422884917093927,6.637614987046677,7.918349947567222,-0.22704094025527177,6.719689184727725,7.582052661726842,-0.16099345746272115,6.736882634636913,7.569559558144464,-0.1608592087184959,6.755236755155269,7.558397898999737,-0.15918062581401854,6.8547971578800455,7.456695060972177,-0.1302442573547161,7.245825607547527,7.142376588641715,0.1083293107615789,6.463569102439013,6.216689288904438,-0.10675363803282882,6.509169411047111,5.980885008319706,0.09767187566900948,6.56717337027981,5.996665323280214,0.13341274488212074,6.697325206002918,7.586846896695286,-0.15127079653790979,7.280103833111413,7.54855659508302,0.21431403916961392,6.419685403483457,5.980200064804167,-0.03204288636438885,6.712683022076077,8.102697707932057,-0.19584664699527163,6.394910630582537,6.259833707217212,-0.2708497177381867,6.541627527668467,6.562385049556509,-0.2364455834398263,6.55694098690306,8.17133917633375,-0.26050422442309135,6.940533012584794,7.836821339000548,-0.06864336858397029,6.755374261354826,6.991084283657605,-0.10073602066444144,6.836237517342997,7.9938009299695825,-0.13258450798574367,7.005540177346569,6.971612370807361,-0.0646510394146351,6.867673208835385,7.142315967629007,-0.10634922841870682,7.108187816035605,7.234479128242104,-0.013426254798099899,6.602618919978649,8.374002614623517,-0.2785000248548988,6.605896890348746,6.661605383185606,-0.17700780095171137,7.041447038166505,7.98032606169359,0.010559528056348433,6.912644389616474,8.145873176031829,-0.07560209598624956,7.014736828542781,7.643809209502304,-0.035023943146328104,7.370775125387376,7.372361621646787,0.3223672286111136,7.154340367283861,7.6939960152182225,0.06294982759173257,7.438744587684781,7.546255953722681,0.5420734190715409,6.963273285156777,7.3526280034489995,-0.08291185462998994,6.532900319680422,6.446019319260005,-0.15549314017286062,6.5357709464163465,6.806363186568164,-0.4155619398486132,6.5978047244328515,6.869270055023795,-0.3138887192518046,6.488031898908679,6.695862169610852,-0.4830383019572815,6.589901814361508,5.834300812109153,0.07411887376725743,6.761506594286706,5.7153121140920575,0.05556927705081576,6.912344241675505,5.683290173049943,0.05634473046442419,7.036822098465259,5.713692350203722,0.09163195859310817,7.12450891478631,5.792069775030536,0.1520298529378865,7.177746731714991,6.083850168044816,0.2924395310148803,7.483668454504732,6.533974494454386,0.7029274874793175,7.103905902552611,6.28725954050315,0.19135432731058472,6.999733867178158,6.328112928103942,0.12720232543234775,6.865544080584172,6.334676261650563,0.08627295364298948,6.732934136723813,6.30582731312727,0.07565188191703692,6.626609316117578,6.259075944558361,0.07898130737499727,6.550762079290686,6.21441008668274,0.07915150364047781,7.522857721378621,6.604682252252655,1.0897016080727875,6.595030943461132,6.924851391590096,-0.26708733372690696,6.46768393849674,6.451628241496794,-0.3078675325440638,6.462899314176653,6.802116758556022,-0.4954728637537591,6.412332518210344,6.900357545333433,-0.46192343028853533,6.463495913655378,6.841645355244949,-0.44829030974994694,6.5692854950762385,6.984371615421141,-0.23651392069424348,6.3957075751154555,6.909112845985904,-0.48998767861455556,6.391294069678046,6.969384918230658,-0.3756386828090415,6.542966364912546,6.104943692985001,0.14350025235540523,6.495369998568937,6.132293010724411,0.07860973799317886,6.465308629791481,6.149674237916866,0.001548463735717665,7.025397994692344,5.989727913728346,0.19433146821536923,7.1121015677584944,5.927074618533189,0.19884281282534774,5.772664767078465,6.101680138587439,0.1866032825034441,5.880382392415703,6.085458103442868,0.18655074737276636,5.765023192714346,5.967031258714287,0.18662963092760326,5.666745072264475,6.1177983048017,0.1865683168392925,5.781328766571552,6.242946319494137,0.18653994694462572,6.855962264173071,6.012089674611224,0.15864334205561645,6.963251846018137,6.002464979922841,0.15830110132304842,6.85282919280896,5.875777413291812,0.15831286050577267,6.747118714416876,6.019224841735038,0.15819570762641177,6.855793708186517,6.1515261359270355,0.15821430515508178
6.350703967541387,7.402199282182082,-0.35822778125900007,6.313252896851903,6.823321007718495,-0.5532883657912303,6.330979850271559,7.034077578547495,-0.3181970636860453,6.221620536804996,6.3903472635891605,-0.3627461520450766,6.306375500952014,6.665743819409764,-0.5730162697664711,6.302322802573103,6.490761824717513,-0.5133579266427263,6.298326258264713,6.091929386029106,-0.18715330866342694,5.612696140266956,6.1897516240467185,0.2532155363378961,6.29059029618136,5.777872969264161,-0.08386299298759993,6.2853384128491285,5.580054370169693,-0.08267288804588635,6.261963542126211,4.83890080664217,0.12131647077488376,6.353614373906843,7.4617019085905385,-0.35242128412172347,6.357721009748225,7.521813363342518,-0.32356023921396065,6.360111252092031,7.56800156408316,-0.28059884254778833,6.3605700899577196,7.566616184053907,-0.27680998979544963,6.3610252334766635,7.6191941269241426,-0.2988635312257986,6.363971844440218,7.687775241022967,-0.3301362918678205,6.366215790652934,7.768123588372935,-0.3292658114161061,6.376934568297938,7.985815925780391,-0.2507992026702062,6.319634511418657,6.923465142665138,-0.5074221273693861,6.2484658768598615,6.951528139407049,-0.36968434303858333,5.274006188843183,5.772744846547876,0.8355952895564198,5.893455779256806,6.283677434552722,0.1255108358066186,5.793299452965906,6.314739501981961,0.1345491128416374,5.698936231805334,6.324969886987319,0.16681183141806324,5.574236512916176,6.260571512272818,0.2638603577790054,5.981301064455746,6.235315480187511,0.13378208564360752,5.719992530511291,5.850344969354479,0.1188789638824134,5.845291103007761,5.856628683732499,0.11649878863348698,5.61244677186169,5.896310770421092,0.15371215119961723,5.547985223817854,5.9728757372698364,0.19601194808798586,5.505087947157369,6.381081103084163,0.3097259958695036,6.025030308003132,8.342030749856885,-0.15793182250655308,5.579181396033925,6.150034810498726,0.2918904517452218,5.254909741085275,6.438282151470687,0.7937065695572314,5.395230635749623,6.311130125212412,0.4311999497192128,5.855036420285543,6.882386962341731,-0.047378793451575016,6.2349512175984865,7.374706692577549,-0.338545202300383,6.256288286657039,7.529644639571883,-0.30544429417175795,6.124281149906912,7.456446330911562,-0.2800975658738701,6.050127483178417,7.543480707000045,-0.21069023421526573,6.168413077249467,7.557330074076488,-0.263003500230912,6.095777048163686,7.59689135562653,-0.19708446312729974,5.938426692745078,7.8260243460328995,-0.09161329375425518,6.236471810718595,6.831362861712307,-0.5402336065202328,6.217230175133622,6.680837442469814,-0.5571851627375151,5.419682039113939,5.898921934700229,0.2565186286726442,6.036707029759031,6.477816094854818,-0.026067821489322796,6.037899195453538,6.872948645278432,-0.27849608964972,6.031118222003684,6.806126040230073,-0.24044371784820656,5.558551424942303,6.943982066746373,0.09899646304074142,6.217900329633107,6.519840027944862,-0.4772301247778521,5.639687407018236,5.705872367818464,0.07342714457907001,5.50494903971977,5.771934306872094,0.1580774952166291,5.350891086120017,5.452676988759993,0.6545794106847574,6.087942077587576,5.796812407285419,-0.04065522957289199,5.956791290412864,5.918512686052574,0.14141976655871805,5.855790805890806,7.701674112345788,-0.045825652559403914,5.408950700690003,7.940079174211947,0.872998333738222,6.11439360027946,6.950412446690157,-0.24926958149024006,6.193250170413927,6.988944483237132,-0.27537639854117796,5.968013607519168,7.685286729055753,-0.059478907547872543,5.989439710334268,7.67276954341544,-0.08847290853152617,5.4507204627240124,5.688073005202613,0.22733640649476608,6.044770310963962,6.958240767442126,-0.2301987863525414,5.829495184631548,5.711164150095538,0.006447560820802865,5.8053031244087085,5.580458901138234,0.0009157664143308019,5.712850988819158,4.996154739610741,0.27075294667988253,5.404776458303193,5.558062662867982,0.4127698697553768,5.768639688445191,5.254193407251483,0.12976852425052388,5.36641990322659,5.855109568351088,0.35946751166784485,5.321829507453019,5.817089937697599,0.5846454729873666,6.243148234155575,7.4577748180009475,-0.33381849344757386,6.147848496095226,7.5109948383354075,-0.2781372069531418,6.072878748170832,7.56793284923371,-0.21387633120654329,6.142154768892331,6.982579862665403,-0.23489908062612608,5.9792651099647545,7.678721874890463,-0.07524994680772695,6.0281993186407155,7.678144079059596,-0.14734561418551484,6.002656974682697,7.667564208852191,-0.09205451997632211,6.141628324481214,6.864198215578991,-0.3843066367230142,6.1133185453767585,7.61317160286097,-0.18264297308152008,6.186016639487851,7.584097832849716,-0.22617000886880312,6.269399523253896,7.571286577208527,-0.26449654737810585,6.2551733328094965,7.996146058147855,-0.24352367163957617,6.257859122892876,7.768600897972347,-0.3182874135536198,6.256802539723898,7.686460792451211,-0.3175638064746734,6.260649093554456,7.6236687197012944,-0.282324356463891,6.2681153683254465,7.569636681952354,-0.26078280531301984,6.112677206781883,7.613563942485255,-0.1806033935127857,6.098789418499296,7.641994157293587,-0.20285260832743318,6.085754285445379,7.679815401526887,-0.22543614997764028,6.075597048505565,7.726342743298691,-0.21359793908966476,5.955202351877979,7.39682917975402,-0.16074055352269553,5.280140651612718,7.19508755385138,1.1312183014454584,6.3251989364854895,6.984099716916163,-0.38351230599357444,6.058120941229873,7.642206212796732,-0.13055845639837074,6.0444500111011985,7.661594144512794,-0.14488482136371944,6.215730270355284,7.0477799106235,-0.28881100592652964,6.08735689306322,7.0536517053394885,-0.16964727717910313,6.205262708288918,7.020795663131034,-0.28360627169462654,5.936357858568059,6.591196335318287,0.0018530083837713313,5.779278298765836,6.718911380020449,0.028204937584533445,6.022045275833434,6.892483611994932,-0.18958351922107658,5.490361911598415,5.189472146631497,0.4506517936339577,5.5476457133520185,5.36633641099016,0.26493857596610637,5.59884492601714,5.58843573462934,0.11180193472030828,6.025780629826976,7.894844114931431,-0.15548778123827806,6.0434074664498505,5.604459224765025,-0.060194768043488646,6.004896118244646,5.209816175285081,0.04589790012792949,5.9636457813629375,4.889254383337435,0.15699499389627103,5.621903560658713,6.310819800085859,0.21640017036450332,5.4130643557902,6.511314953396846,0.36190093168922893,6.041060817397632,6.186687163422009,0.1505685853752377,5.467916907951133,6.081298903271299,0.29290796719737433,6.100630680916842,6.363937856450167,-0.05643588567911613,6.08123203559522,6.785804916526306,-0.3734549087745359,5.3243320579378635,6.664611871567195,0.4651995769624818,5.478583964741711,6.594373473518709,0.25154924741804413,5.603485764397803,6.617896118111412,0.1445250612597894,5.789509422640543,6.560689897639446,0.09109742441069542,5.927250924407757,6.474115098286001,0.06847229249752675,6.029971496774137,6.386789607674037,0.04372003942881681,6.210852254913613,6.142096398213765,-0.14608202060566614,5.346367727965835,6.97920987956491,0.3997389852002168,5.400231303503217,6.0930328874017405,0.3509676048570276,6.27743989950901,6.9219053894695355,-0.4994323636646743,6.050911054122963,6.6077115430056885,-0.08550494539827137,5.235446444695622,6.495229767670525,1.14885067958845,6.105494657840883,6.291274489198474,0.035644116631119056,6.018774301225697,6.918709040666041,-0.08786976024612343,5.530287086302807,6.173401553658804,0.31246145182693214,6.080030264599177,6.706213171389647,-0.32582184902205014,5.330191661309595,7.561667237154738,1.0316321052159307,6.046453455340837,6.133929305865308,0.18488098524977792,6.144786252078564,6.593563672712276,-0.41903871438774964,5.597935008413926,8.15791854661984,0.28018392122902686,5.619621562674526,8.382788999752202,0.44115302782204857,5.280598750609058,7.095139958151554,0.7658386343234391,5.476845405163666,7.999226404463566,0.4384556467257573,5.287445852865641,6.107990558501586,0.7226466873307319,6.0077289433284635,8.524592805199863,-0.11834574265398724,6.293058119806804,6.983184996662182,-0.37380728018497655,5.97275197665389,6.745135330952861,-0.05778911334685754,5.325619168343708,6.36504542160422,0.5364211330383953,5.701992564867204,6.231907075880873,0.1837204754889393,5.784355439497045,6.229241235269914,0.15418134478102472,6.016165353554607,7.710646941719259,-0.13251545577252805,5.377684335885783,7.296255022846298,0.3888288403938383,6.199311854552592,8.718835646080159,-0.1220715606149949,5.895994903774422,8.610872056813735,0.12064581984755564,5.765456269855303,8.524311295977919,0.2623160746603963,6.271222313937719,5.18274215516672,0.013056312051113591,6.408686739699084,8.715095489435848,-0.16271313842218196,5.870022168420649,6.203390413358715,0.14760267144994285,5.9534035744479965,6.171652649909874,0.16074424786944022,6.015298659808305,6.153536681778005,0.1825764748401159,5.340835074281007,6.093904014364135,0.4645920416403198,5.937163226158399,6.031380890057231,0.1576086710698961,5.84512227136153,5.986498271456157,0.14385634986450224,5.756766427442475,5.981119302595908,0.15176819748740206,5.671806796485802,6.015576474683505,0.17795311533748912,5.6226150918417375,6.065512959631296,0.2120373084867105,5.243890613049929,6.105450325679947,1.0225069763979113,5.648301515322799,6.214894609121638,0.22088282143549226,6.337628196673279,7.168140249826361,-0.3065771886906801,6.046566132916549,7.281632059561519,-0.20489669038126265,6.108055948438968,6.913038957282311,-0.28281745939563663,6.215977052717828,7.185331522968038,-0.29717452207346684,6.295953009915933,5.9452209658432125,-0.0947693106816476,5.73088531188797,8.314736177237867,0.14473099800113795,5.862806739793621,8.424521818318766,0.01543321722592929,6.185980434889753,8.576566352942669,-0.23703367417520013,5.509041267608847,8.209917954789859,0.6624000656672316,6.0115115849603376,6.092549666847537,0.17373721919113297,6.1578745837256035,6.3641757723805235,-0.20062577155807798,6.399563919847779,8.57449160781086,-0.27274551568629096,6.0363043459638615,8.675208366502925,-0.021615084525236358,5.323734682069249,7.438304132917804,0.7043532520171145,6.185360154071322,7.5871323692657935,-0.22336205135651033,6.171862119370298,7.626054528829006,-0.24747253578529368,6.163298623616138,7.680424229870409,-0.2749815190535064,6.158207813801973,7.753891486973743,-0.2716857923225805,6.130066496909075,7.957096813056625,-0.21361045368926238,6.037913603405842,7.6346320631007965,-0.13900380232570256,6.017861058710413,7.62830734147391,-0.13656331686616932,5.999388586117682,7.6185956427515045,-0.13312291028085507,5.887817467255081,7.540365633824934,-0.099457136534969,5.4998652491644195,7.313189169454545,0.16596556048236005,6.1564840316109075,6.241578136789086,-0.09317282182560283,6.1047025898988245,6.011120353640076,0.1150340147837235,6.051144167402552,6.034125050819177,0.157118200360206,6.05859862026396,7.639487912461999,-0.1306452042778692,5.506111650640319,7.718509250461279,0.2719269869856736,6.185344637814994,5.996932953836495,-0.02110896190742408,6.072738732429209,8.155362797541873,-0.18016181517329466,6.301629004254454,6.354755188181598,-0.40030990031027225,6.21555220284219,6.270584669689589,-0.26301259755977074,6.298795440301286,6.228707771599983,-0.28835438466888763,6.103573597533651,6.600226057631625,-0.22137520858755616,6.390703398615347,8.395071963808903,-0.30841579579650413,6.384799832517355,8.183130246544211,-0.2797914430667393,6.2243092823657715,8.191093780387035,-0.25455970131127953,5.8414619126069045,7.9345014494968344,-0.03822097832349037,5.942453161262101,7.063494922806004,-0.07566574553384028,5.950365343685174,8.07244318485761,-0.10935852841788,5.704007831016425,7.094474236868163,-0.024036327633404964,5.850112225509564,7.236940808121819,-0.07559881436117696,5.631170829467734,7.377535084445273,0.0320081925167596,6.1940263526649835,8.402060190111133,-0.2699605785721509,6.055974156336542,6.707888188203684,-0.15724184552781686,5.756394037290612,8.096913798824998,0.046982537242499345,5.891184494878179,8.234162474736474,-0.048730598218578045,5.753198057921792,7.764732178061322,0.003432146617665874,5.41341827420834,7.567885561595378,0.3883229457864892,5.631453446993701,7.83662859892882,0.1098623680448524,5.379483113315765,7.749068147863894,0.613498829035967,5.776129607035348,7.464010875305961,-0.04649893282257923,6.107254644630047,6.482339453009,-0.13793439284662093,6.111419651149995,6.840232988246275,-0.40017002310665195,6.066522255161942,6.911108291673544,-0.29675004163250357,6.14436583541902,6.721726472239893,-0.468885195812974,6.017357888683788,5.885446435514347,0.0978225728177869,5.839905853758046,5.8020085059818065,0.08868514297959106,5.687328224898886,5.79513886821008,0.09917454209866841,5.568812103590967,5.847935885842275,0.14357188516516214,5.49274144033666,5.942064885419235,0.20954861180215922,5.472327219094927,6.236841245393062,0.35466539196211005,5.253683956835392,6.765831061416538,0.7861677932313761,5.5584612828817335,6.429349221042059,0.2477706926572562,5.660033282845193,6.453238344831834,0.17651944326938238,5.788884708606018,6.429830963857564,0.12675508024539203,5.913278166150042,6.374331531581639,0.10765335649854028,6.011701474383014,6.306962902084417,0.1031113072587971,6.07840807694359,6.2472644752984925,0.09925572536838267,5.25282132687051,6.8476534531176325,1.1776751735531077,6.07880337204527,6.966887755432715,-0.24988893872198506,6.158472329028892,6.47759960613558,-0.2950208333696563,6.175482209745406,6.8222437362077475,-0.4844971357213022,6.237818769541704,6.90826586128819,-0.45600901202774735,6.18187453791772,6.858593152697968,-0.43756484736694723,6.112078353174571,7.019019421216194,-0.2229148045037329,6.25029901171457,6.916934276489899,-0.48430235128918914,6.266768409502338,6.969676248355597,-0.37116293605413864,6.079083772963191,6.132804746716229,0.16464692113601567,6.126680628117579,6.155804641244561,0.09471730120638269,6.156245376811201,6.170365908938703,0.015644665182206724,5.5974008058746465,6.107438623097932,0.24690610007066616,5.516731050357891,6.067151771847235,0.25551575206946747,6.3846971296778525,6.3736931484641595,-0.36993802921160684,7.014176871503272,6.066994392675912,0.20009108413578752,6.402309558348422,6.940403722489479,-0.374735554073578,7.384774526326141,5.544171919107999,0.7502380545313508,6.741641956671095,6.212661007079807,0.09063943509027453,6.844754129792411,6.224486611009516,0.09283273411808819,6.942575998375349,6.21084708282817,0.1190940094974543,7.061676565338275,6.127475651537034,0.20699833497530762,6.645942859727647,6.180632867976834,0.10678924879496046,6.879187658060841,5.745093400033321,0.07566337884295697,6.755665696913887,5.775518562083779,0.08311322531576784,6.990420744196305,5.771053944042837,0.10389996947495048,7.062662217049755,5.834555700802406,0.14206937125443508,7.152436320684091,6.223971619073308,0.24791929775506083,6.767817142226477,8.275286464959514,-0.18090320129594975,7.044556223654095,6.021258010542143,0.23532157535571413,7.451544671650725,6.208792287168781,0.7088109893372441,7.269343184550028,6.131179973017921,0.36048412662297835,6.824192873550239,6.790249215660152,-0.08091164864227937,6.466924421782163,7.356591093880353,-0.346695346833148,6.463705168028851,7.511872615121942,-0.3126955579622089,6.5919558930089925,7.419943968466112,-0.29693032575364375,6.6828545557924075,7.490246648147956,-0.23341178280605365,6.56095145738897,7.527851403662017,-0.27763336732616944,6.644125241129267,7.547406319850938,-0.2160999816018312,6.821314977436136,7.747679812357244,-0.121298091399829,6.39038937914205,6.816692610789197,-0.5448750452322414,6.398771851905721,6.666345997929146,-0.5631764233913598,7.198478964162993,5.731995093650071,0.1911524851938735,6.606807166922592,6.423392456350943,-0.04845116129426079,6.621182608975476,6.819220282831904,-0.2987010723277015,6.625720005647288,6.752560229040312,-0.26166450734297114,7.140770312533751,6.785801222179561,0.041694463743211445,6.388669291297728,6.5004956895203865,-0.48471875034664846,6.948116040753666,5.5743129858937905,0.02899190848256778,7.093711723700062,5.620346393505832,0.10182537442597668,7.26666995524558,5.244222365387602,0.5781448080967653,6.500373776077812,5.751801594852305,-0.05478647530595387,6.6494687442607665,5.854838403300029,0.1142166059319631,6.897076423867913,7.602996633056783,-0.0819530676723533,7.446824774249727,7.743559137998233,0.7937827654588404,6.546968354960369,6.912368063913479,-0.2649221130334254,6.469058276461888,6.962796635847661,-0.2830708684926543,6.788851274851966,7.610693435064642,-0.08998933396671366,6.76614212541244,7.601861729736818,-0.115406347211419,7.14770386250416,5.5265768538671285,0.16656859331942703,6.626255685925266,6.905469979671818,-0.25009136583392616,6.7539411758534715,5.614912378879087,-0.02417336192175691,6.770176352057627,5.478586920219107,-0.030021257389136833,6.836264520973144,4.873186561040813,0.22650023728844287,7.1966975501627095,5.370331108125178,0.34521834700462634,6.785731768460762,5.144471308934593,0.09379918677132913,7.257448126901518,5.6758757499903885,0.29047341578229974,7.317234479139966,5.610609573225562,0.5079779880164569,6.46821670427345,7.441058637850635,-0.34171636027701174,6.576050991403811,7.4775240568286385,-0.2937883531162979,6.6637784269415965,7.51977851715555,-0.23468305370023113,6.524294671249592,6.947339489067935,-0.2471122446190191,6.780114144800806,7.6054541125113415,-0.10350355452441311,6.725859707377837,7.61806439568962,-0.17160135571036544,6.754305438442497,7.5990532873415155,-0.1179604684678518,6.50314379726697,6.830480651709678,-0.39811388824656796,6.629032356938565,7.5661337023690525,-0.20018341971473727,6.549538881425315,7.554882938792815,-0.23934079371725056,6.458697850451117,7.55804382186756,-0.2715796953020068,6.501258941557837,7.971075482269131,-0.25024117159442283,6.482118531073668,7.751057923020577,-0.32628188755043097,6.475646035576995,7.670936408560732,-0.3252888009661276,6.4687922834962714,7.603838944114569,-0.29056755235528753,6.457855539393331,7.558216717295211,-0.2683810837111316,6.630488668425317,7.5661928119169675,-0.19814672635439715,6.646162303924281,7.591405250710686,-0.22089595945610302,6.662164736283522,7.631602698770162,-0.24439288215959706,6.677352934620235,7.676036084807083,-0.23345500666296637,6.759096267300993,7.322633397472636,-0.18730602372198502,7.5261327935563935,6.967965765812813,1.0398487018107656,6.693379749667991,7.583010217168083,-0.1529828294280502,6.706677920210128,7.600967697824607,-0.16813777864406193,6.449985103088473,7.024897865756323,-0.29606287004832654,6.591563553384708,7.01127015948456,-0.1850788521524561,6.458745876958798,6.9979099239171125,-0.2909368484917522,6.7207437760058095,6.512285827721347,-0.02789542636874781,6.8926683293321656,6.608797680948624,-0.012712714714191527,6.646315988748859,6.83469220699861,-0.21110806483208863,7.090366862157432,5.014049416372606,0.3877772907723005,7.026909806993474,5.208515026361606,0.21073241903715648,6.982385540026633,5.4500141036264305,0.06480077566124905,6.733116882123079,7.833092370224815,-0.17932242495840345,6.531146945591618,5.549736713609505,-0.07561387459657831,6.542750149847298,5.151490198314804,0.027268960405727696,6.568590627587612,4.821586881188569,0.1352802586969096,7.019957046419993,6.180403079609315,0.16320537549140934,7.26400485350397,6.333521560831897,0.2924440726945788,6.582195428909557,6.146819251092159,0.12603639126554955,7.162492332523099,5.926186583110616,0.23043600959288393,6.528267571738818,6.323212116806202,-0.07459474864014179,6.55918186529827,6.742740655392962,-0.3900620133372113,7.380809753399754,6.453998641391888,0.38896871759745866,7.196373925387876,6.42575314392079,0.18723517307832227,7.065467703967662,6.473779651601585,0.09030533337896963,6.870364819165205,6.455424659235334,0.049914036018900834,6.721594953495782,6.4001757036686975,0.037152763734683965,6.605820037472414,6.332497487914272,0.020179445506108923,6.391806530553308,6.1232537520772174,-0.15406992559217197,7.3815338453617105,6.775771070767765,0.32224142669511263,7.240512502554572,5.9193557359797095,0.2824588768647315,6.361005284004242,6.913436468992039,-0.5030887048172149,6.600263739968421,6.5556788857149675,-0.10679885409649661,7.502287263058205,6.252430649786248,1.055166756435555,6.5215534659650425,6.25341482375903,0.016960256692486738,6.656929108076966,6.860994478082008,-0.10917164065193367,7.099940392311587,6.033849452552023,0.25364384966360703,6.5608221552529065,6.661849977940875,-0.3428315681108938,7.506022986486422,7.349013249837673,0.9452265993020599,6.572638153881079,6.09836641579703,0.15969950969971286,6.475777554321105,6.562039811939951,-0.43132301764514486,7.220690115661337,8.009525504318376,0.2228199290613962,7.230077450739559,8.237503641932358,0.3818366888481921,7.486917302861653,6.870691399417435,0.6811709029389297,7.341790063082482,7.820698575765775,0.37091442196655766,7.38760661254061,5.889547160400938,0.6414894627610169,6.804524171481582,8.455719098838859,-0.1451077521000935,6.357574713617136,6.975562081589216,-0.3760586612705167,6.694468104218973,6.676174438008683,-0.08401816709570992,7.353703592464714,6.166168392167402,0.4617889098684622,6.926975510941929,6.12109736188235,0.1365659375433913,6.84662790246131,6.136139264087974,0.112613628879448,6.742097100190039,7.643695773404185,-0.1588185349942769,7.381193226591852,7.096369436748183,0.3142789549769772,6.621965071615999,8.683944757684737,-0.13658154615838758,6.940077881106599,8.525161734598543,0.08318180162721589,7.07748171958135,8.41118079335439,0.21435315592294527,6.75528887354593,6.130144078190713,0.11202969119711757,6.669696770426568,6.115792279956994,0.1299056191492521,6.607800207327561,6.108936311268224,0.15546553434397498,7.314270874181386,5.902185520614476,0.3896782630691081,6.674045016545052,5.973804126606774,0.1264561614144134,6.762456645099951,5.912870679704104,0.10781952128821568,6.851279823882207,5.89226287469295,0.10915823710015066,6.934766149357103,5.91043758293806,0.13050020116814062,6.990612111357679,5.950315839438796,0.1610762311037837,7.454392274121521,5.8644695652634,0.9323761835853773,6.97954237077193,6.09611729749887,0.17029736675783042,6.651692002131712,7.227053258494367,-0.22502891751804116,6.547257252875803,6.87376214043161,-0.29749493738456606,6.463669702300103,7.162934915263111,-0.3054115761134004,7.085608543550289,8.19019531525873,0.09927891893903909,6.952759834611724,8.331051890201055,-0.019803392755793195,6.617412897557209,8.542303503493843,-0.25110424026298067,7.347693629180474,8.039015996642428,0.590028875063709,6.604970337721139,6.047253650845733,0.14585621520573136,6.459872652715925,6.33591993073854,-0.21270633159250427,6.791772764257656,8.614147464637565,-0.04891066876029708,7.473932412923465,7.227869709124941,0.6224005884139364,6.551386793667002,7.55358843969348,-0.23680238497931624,6.565157101723109,7.594294229865023,-0.2609867794326603,6.578978391764293,7.650015322945629,-0.28951263164234514,6.58824455226929,7.717443061990766,-0.2868723743825935,6.6299862372680405,7.912937547548158,-0.23025884257680954,6.71244331773987,7.577250730593133,-0.16281825413190157,6.729304316282573,7.564792654500735,-0.16279955150150666,6.747427303673258,7.553773895900063,-0.16121680099741864,6.847815265505049,7.45283178205657,-0.13255541244153846,7.241218122782806,7.141917037763299,0.1050018199363838,6.4575651637392,6.211659839111999,-0.10567883206701291,6.503520620634927,5.976821299593151,0.09889567664361322,6.561422117164241,5.992008759060516,0.13410235087187025,6.6904604768703475,7.581996488421344,-0.15327101156380213,7.275609535498347,7.548856720382899,0.20969744779663538,6.414331701524949,5.976151145093667,-0.030587317896673093,6.705021375129815,8.09781448056135,-0.1999795148640983,6.388601315317627,6.253735493056468,-0.2693558370997145,6.534897446406814,6.557264499337783,-0.23610085162216932,6.54880666190052,8.165257735862815,-0.26469075456854,6.933825568675909,7.833832717312448,-0.07247264660099817,6.748293997419559,6.9875753583335545,-0.10187841139142995,6.828971141629803,7.989997926295364,-0.13665654139730452,6.999554647087843,6.969006093856113,-0.06681973615721472,6.8610683650169015,7.139019192176774,-0.10814722138930205,7.102682336465485,7.232663493460833,-0.016458422980348355,6.594245649121343,8.367667299656892,-0.2833789770111603,6.5990409111959325,6.657076881946753,-0.17695233989402342,7.034874079705648,7.978241776084455,0.005808706890578458,6.905174431932244,8.142232350341944,-0.08050492415535765,7.008478711084283,7.641086825733095,-0.038635270448821896,7.367533010068736,7.37360947159438,0.31781188185857845,7.148705030471967,7.692768520083072,0.0586851829221956,7.437073915451827,7.5490695147553915,0.5366040955609255,6.9569662178152125,7.349666410342132,-0.08534406814237429,6.5264750746983005,6.441125320725389,-0.1549553681482023,6.528339242065664,6.801221425491841,-0.41526433885671665,6.590193689611782,6.864966639701884,-0.314005250062531,6.4808831415222485,6.689777022722582,-0.48220428559355305,6.584152693814887,5.831650097087718,0.0753040458978693,6.755688601863704,5.713655248105473,0.056244368434905385,6.906628526810949,5.681859852847416,0.056384540031781914,7.031137617408081,5.712261740513382,0.0912765655933115,7.118850275558888,5.790416384766361,0.15127439032080817,7.172771482905487,6.081562679628869,0.2911416769290774,7.481778466539808,6.536911604252011,0.6994932003364898,7.099005722585184,6.28453895621358,0.1900409947964033,6.994669242952683,6.325241052038378,0.12622273642431775,6.860376783306298,6.331178606126422,0.08568242989726912,6.727596050347835,6.3017339237020025,0.07546931596294247,6.6210858170907665,6.254541599516156,0.07919337333682963,6.545157386186129,6.2097151349856015,0.0795894765768604,7.521532592989923,6.609694668338231,1.0855316082754054,6.587427362769368,6.920655222531137,-0.2673418870615213,6.461062971237059,6.44571887146772,-0.3069546816589846,6.455770450090635,6.796172731230566,-0.49484777171319944,6.405532506448479,6.8944490044631,-0.461360550363417,6.456396272429184,6.8361093584098676,-0.44779389317161034,6.561854355733368,6.980154893462197,-0.23684142960647403,6.3889456284342305,6.90295043519195,-0.48935053757778657,6.384590732491605,6.96332492743215,-0.37531644391984403,6.537179074956326,6.09972999918049,0.1440477054810429,6.489727407629004,6.127584634766001,0.07939147113617932,6.459856397590248,6.145215535170295,0.0025599988394397165,7.020505287476903,5.985966285524923,0.19373442949922715,7.107032799192017,5.924315027049762,0.19814390941500434,5.7706638210265995,6.094140821990469,0.18883434033575694,5.878625193684977,6.078236289819962,0.18873320759362142,5.763197546255608,5.959041517015047,0.1888121049862874,5.664247424176845,6.109903860680654,0.18875096354766302,5.779067351566715,6.2359479523502,0.18872243626389396,6.849595940635983,6.006180273173095,0.1584340343119911,6.957218911132548,5.996816581914038,0.1580700372541383,6.846593914471259,5.869496832313556,0.15808112029437232,6.740483409531964,6.013036241861865,0.15796572968276906,6.849368368876511,6.146195275926983,0.1579841090578238
6.3571825191296485,7.407939235001023,-0.35763636605502375,6.320317949443733,6.832616177948362,-0.5539024638677217,6.337380949259036,7.0429646863337485,-0.3181281203916342,6.228406124849161,6.39868557420225,-0.364021563450638,6.31366713645227,6.674829282031478,-0.5737134168351679,6.309508621890834,6.499501634137332,-0.514218065583471,6.304921165759838,6.099698509130688,-0.18845127237013432,5.616853405588974,6.195194214494372,0.24972037558961785,6.296622625497723,5.783989748613394,-0.08578357614132659,6.291431692951623,5.585718903628829,-0.0849830720260128,6.2688072438206515,4.8453749989995485,0.11738821516390557,6.360222827392509,7.4677573555393835,-0.35179971004698996,6.364390956161539,7.528591623864941,-0.32291271400044996,6.366758269892849,7.575400981974765,-0.2799204043049591,6.367130265771277,7.573440423180106,-0.2753001073350442,6.367819530500293,7.626861397896587,-0.2973004418600915,6.371035113163129,7.696622088195563,-0.3284034203126467,6.373503006296956,7.778140954381482,-0.32719316259857767,6.383397505019605,7.995537416487388,-0.24805767234175216,6.3264148361669195,6.932744452263289,-0.5078077926704553,6.2548895689973065,6.960692214183379,-0.3701557514504018,5.276434652447334,5.778092911363597,0.8303045997481793,5.898342243063015,6.28991634592399,0.12289036145869561,5.797874883041807,6.3206048965626795,0.13166760143688236,5.7032241186147115,6.330785602849844,0.16371450556430375,5.5780426984197895,6.266147066534953,0.2604043024444332,5.986600668772029,6.241994697951033,0.13140526761381827,5.724447851654742,5.856626566091711,0.11529840767701813,5.850325932122983,5.862883196571836,0.11324978412746663,5.616402647163722,5.902496320297869,0.15002080017795286,5.551641344813404,5.978899318712361,0.192273000777346,5.508438793660032,6.387163316178565,0.30622270383984,6.029485951074814,8.350851165631981,-0.15585440552396174,5.583134530672233,6.155643952894913,0.28829394000851954,5.256909675933644,6.444254699532502,0.789675975345075,5.397998542146565,6.3172288305884745,0.42730618360338024,5.859370682805245,6.890030746588328,-0.04901002365025528,6.240659062649956,7.38049584920238,-0.33829595459384,6.262314695477268,7.536501898051162,-0.30507875180266036,6.129232615303718,7.462840058132485,-0.28004585122519454,6.054706975810481,7.550488351436522,-0.21058246180718848,6.173851782968282,7.564338726806712,-0.26277425083840117,6.1009135970596295,7.604201450152963,-0.19675794773098268,5.942971394712388,7.833433001806559,-0.0906830837975153,6.243301490629329,6.84054568054977,-0.5409488444663925,6.224168477963685,6.68978898904708,-0.5581262441076296,5.422559144775997,5.9052019801810305,0.252213298018695,6.042119759407201,6.485211223881129,-0.027780261508286996,6.0432819691943775,6.881315837181968,-0.27983743554231266,6.036576059397859,6.814298154264882,-0.24187573685908376,5.5615225315563075,6.951135691835367,0.09644261814511697,6.224789703685116,6.5285306246344845,-0.4784412880201857,5.64395511724083,5.712963680684218,0.06946195653129737,5.508456542966358,5.778582496396439,0.1539135258104709,5.354492403899565,5.458085490720331,0.6489457930308375,6.093610497060665,5.803354611592929,-0.04333762672562386,5.9623358879147075,5.924815703226352,0.13847748796408205,5.860142777630452,7.708613223728042,-0.04571554555190877,5.407518826327495,7.9464221276639675,0.8726026758333254,6.119761881269618,6.959120661019045,-0.25006963016931516,6.198957806990042,6.9978230234641945,-0.2757200124739087,5.973138929254949,7.693405026423868,-0.05905119681639586,5.9946869569126555,7.680723886607943,-0.08783865923660503,5.454022748457615,5.694466315051395,0.22283509916399674,6.050023007826334,6.966633054921778,-0.2313296444612109,5.834447328727764,5.718092860435389,0.0030368629069915908,5.810192162078036,5.587198382266593,-0.0027720063655437533,5.718451914111288,5.002246326531752,0.26533733849405067,5.408291290929918,5.563892063950909,0.4077877244131078,5.773943641232539,5.2607120950369035,0.12518745218574356,5.3689887800645995,5.861176674723977,0.3550977761398771,5.324517893063306,5.822824861078778,0.5797222041368482,6.249023423256366,7.4639013187399295,-0.3335148507574921,6.153054403057305,7.517693549780409,-0.2779814774773858,6.0777611060654415,7.575094806440631,-0.21364428648175468,6.14758170027327,6.9914073887815595,-0.2355688860109267,5.984455960924231,7.686759390313417,-0.07468441836275679,6.033186681443909,7.686592990566605,-0.14629225562895581,6.007918325224705,7.675478966588432,-0.09135460499797395,6.147441184931519,6.872913019745184,-0.38539015671469895,6.118583031507759,7.620559654596214,-0.1822251947324089,6.191588147092352,7.591417512271229,-0.2258155266290808,6.27547432700958,7.578683124536325,-0.26404505957144897,6.260812660429379,8.005916323361868,-0.24110327225666156,6.264182809968142,7.778939673166179,-0.3164959930972452,6.263161485299932,7.69564291812988,-0.3160383475713607,6.266891797846239,7.631564224518706,-0.2810190124111326,6.2742163449236825,7.576729221731538,-0.25954447797493474,6.118022449249611,7.621310302342943,-0.17955524146158464,6.104061510492095,7.650274951604662,-0.20169352599895427,6.090867489678774,7.688715511781494,-0.22421517706411767,6.080595078642255,7.7357733601798895,-0.2123166245018795,5.959606562289777,7.404129790130677,-0.16093506357118492,5.279281937003892,7.201468950047999,1.1289797577387723,6.331782522221856,6.99358759524201,-0.3838018249092278,6.063276562771292,7.650085625670512,-0.12960000369397912,6.049544885887161,7.669737065991778,-0.14383874913990471,6.221475020728624,7.05641866052931,-0.2889730820862714,6.092588802615239,7.062050367515854,-0.17026977736780535,6.210981482917452,7.029558043621724,-0.2838656036354128,5.941151721036697,6.598504306609381,-6.357773485952676e-05,5.783409568162844,6.726152140829269,0.026046878812409177,6.027268397115634,6.900676632612137,-0.1908654322523872,5.495001089661935,5.19515799033733,0.44502567664200887,5.552181219547505,5.372562307071688,0.2600293483482838,5.60300266044157,5.595346053424933,0.10744919295344672,6.030311293819,7.902971825776453,-0.15404848293845813,6.049058628849255,5.610745055772118,-0.06323081179017076,6.011047380019198,5.216423138425457,0.04188656604461901,5.970033909979439,4.895580391053195,0.15220248574726397,5.625924780230727,6.3163886967556815,0.2131357734777128,5.415847318544037,6.517794512970183,0.35826588865271936,6.046724225290093,6.193649285289529,0.14822747312883985,5.471093143817222,6.087240714752706,0.28895977010652646,6.106398132714549,6.371434472555477,-0.058079682294618955,6.0869778031527435,6.794326486875306,-0.3747692306529127,5.3266308000706015,6.671439164523098,0.4617159872466061,5.4816624859574965,6.600940398902706,0.24814979309047328,5.607054679165046,6.624629806413274,0.14154203974560986,5.793738924890494,6.567484435585928,0.08866727219803826,5.932079237063298,6.480953609026036,0.06635245948482339,6.0353121608765194,6.393728340856116,0.041845962773066216,6.217246248496312,6.14973158500208,-0.14777003560263885,5.348110788720723,6.9863162960835465,0.39664028181911765,5.402996081209149,6.099081720735839,0.3467971789920025,6.284164091565311,6.931060486825553,-0.49998524812852563,6.056339172438097,6.615363189401928,-0.08705003421432753,5.236345625445419,6.500744085580194,1.1450109866795388,6.111178242774631,6.298311767816471,0.03388019600461417,6.023890112478138,6.926690459697058,-0.08906787381071883,5.533951572618442,6.178945464106802,0.3087952670366274,6.085842587102271,6.714555927362558,-0.3272223287764216,5.328715234232331,7.5682154711302125,1.030308313207183,6.052322282550059,6.140839922086884,0.18234726743555615,6.1511692788145345,6.602074875398748,-0.4203534012936059,5.599697591692671,8.164055247187562,0.280609853922583,5.620737915233994,8.388402041829194,0.44213965792216464,5.281227704709946,7.102033638234239,0.7630995784494735,5.477433343947969,8.005399374815106,0.4381681119651324,5.289834639169486,6.113738949989458,0.7181806601298886,6.012069444241838,8.533643136390893,-0.11595561734369716,6.299610425396033,6.992608425176326,-0.37407060593813823,5.977617301107479,6.752773881655877,-0.05934235592893372,5.328023750840024,6.371301352758028,0.532518293738473,5.706467804345897,6.237308881080811,0.1804625938587662,5.7890331400506545,6.234838769283692,0.15113938780928168,6.021059467896261,7.719273900840456,-0.13152103099323226,5.378693952853098,7.303369196777865,0.386532259865803,6.204307004184221,8.729197597953059,-0.11874621043096,5.8991453991742935,8.618500351275072,0.12285921928385825,5.767740628448609,8.530706365748271,0.26398222055595155,6.277852734057345,5.189372825806505,0.009822432610079807,6.4144610097544446,8.725986452616805,-0.1587576997730757,5.874978239501768,6.20936037960629,0.14481496098786767,5.958686186801301,6.178148963985396,0.15808990523361335,6.020900463693751,6.160364898600573,0.18003652961816202,5.343301466260645,6.099922224345846,0.4602071575423895,5.942827181598484,6.037766742030602,0.15469904817080266,5.850558152214089,5.992758568735713,0.14065418154098883,5.761920335082344,5.987399017779511,0.14834420717344357,5.676641574172908,6.021750581511353,0.17438926887750647,5.627069980266008,6.071500038258734,0.20838157093376616,5.2456551366137205,6.11090682629872,1.0178568974861626,5.652611232069984,6.2202606723541125,0.21748072508880603,6.343985170321392,7.175929916907314,-0.30619649587971715,6.051548338838776,7.289160877063423,-0.20507114041524785,6.113511537002148,6.921643000710431,-0.2838237263657985,6.221794508242502,7.192961115882116,-0.29705400845727836,6.302185553922251,5.952487981121166,-0.09640609108958417,5.733505544539534,8.321532269798162,0.14606535108531707,5.866270725639711,8.43204610697744,0.017337969619141535,6.191229463193668,8.586604108251743,-0.23398723330640397,5.5088082010979535,8.215685760628348,0.6628379994484894,6.01734616510185,6.099288056421885,0.1710508277349415,6.164151417283581,6.372114862631331,-0.20210261515427605,6.405678800894929,8.585093198550691,-0.26904310707770285,6.040390311372002,8.68433622621258,-0.018926948534739182,5.323605282896347,7.44534367942104,0.7024699818124943,6.190986519563324,7.59456505592648,-0.2222685311371783,6.177519603165231,7.634265077298069,-0.24628440570656038,6.168896398508225,7.6896369966016165,-0.2736625951599597,6.163727652595034,7.764082024661954,-0.27020016309494393,6.135068439313018,7.966249581939639,-0.21170630720829509,6.043062691305801,7.642218245641247,-0.13847599729968352,6.022831440311199,7.635946824072515,-0.13616822925554847,6.004102963918916,7.62619653846377,-0.13288892935632957,5.89205048374745,7.547411065452148,-0.0996698199013844,5.501859717448306,7.3202872439248345,0.16406496191995032,6.162582822336968,6.249146189291792,-0.0947608309262888,6.110502659802575,6.0179411366410065,0.1126556330315065,6.0568934684835884,6.040768223685873,0.15444707966530039,6.063827900599062,7.647059368941827,-0.13008470073425854,5.50753246970573,7.725051300049763,0.2710189422935621,6.191500879669579,6.0040234618176616,-0.023240861970836815,6.07743422300726,8.163973896200233,-0.17812919563140694,6.308661832068169,6.363167733133864,-0.4014149376652766,6.222193128080421,6.278629266209133,-0.26440013814228475,6.30565258509138,6.236871804412518,-0.28950569994252506,6.109442878303991,6.608339640977607,-0.22271573045673518,6.39691212267845,8.405137419031885,-0.3050515038441199,6.391080735995732,8.192751438191092,-0.2768299912294476,6.229839381335033,8.200488656640628,-0.25198694814087896,5.84528660823509,7.941544766196304,-0.03742015706277558,5.947116597294079,7.071389460861366,-0.07670406062307189,5.954539135333533,8.080115819351354,-0.10779158354358807,5.707561605348274,7.101939714821595,-0.025708102216768884,5.854341712679376,7.24445185353558,-0.07649104005830777,5.634122001535895,7.384721663216971,0.03058175435674291,6.1994052374203585,8.411696527273994,-0.2672136111947342,6.061459477536106,6.715819086329468,-0.15864693994160406,5.759564114667488,8.103876963641659,0.047911455988464725,5.895004633919184,8.241772803601867,-0.04713054139889974,5.756892844065335,7.771496057825462,0.003355674060788389,5.414024686650624,7.574736122541947,0.3868391287322152,5.634052483419449,7.843190682959607,0.10963728029079492,5.379071125612539,7.75583895098211,0.6124498450062618,5.779927006350679,7.471058726516131,-0.047184130206249744,6.113151004217389,6.490139614604481,-0.13946611045982804,6.117196366950994,6.848904864275168,-0.4013696861785741,6.071897178987792,6.9195877789486975,-0.29787315743311166,6.150776945189273,6.73051181419574,-0.469936273405568,6.022964560108648,5.891899614643675,0.09502001586525524,5.844860624883251,5.80845273005803,0.08543358200719896,5.691677455294828,5.80166251105646,0.09555085994643003,5.5725980987041055,5.854277741221157,0.1397599793460206,5.496104504871906,5.9481904303268385,0.20563625244428171,5.475604795619114,6.242680264907897,0.3509180456107225,5.255089632480738,6.772414228660689,0.7826680500080934,5.562020991242313,6.435416284536285,0.24445204405017443,5.663956736584832,6.4595361127252735,0.17356513946480678,5.7932578447336,6.436214263766552,0.12416878529126764,5.918110532984264,6.380924435004766,0.10530540954868717,6.017037770904425,6.313819484664907,0.10100410320451814,6.084010341001266,6.2542964463442265,0.09720000854825332,5.252750421817778,6.853527079464387,1.1746101736424337,6.084096868869607,6.975440408631923,-0.2508803667135041,6.164852145106266,6.485855375789899,-0.2964110121023062,6.181917733362076,6.831180702799198,-0.4854566089014702,6.244379021434239,6.917235256305993,-0.456639593192895,6.188151807432079,6.867394464586472,-0.4384663835112927,6.117381995112993,7.027645555865033,-0.22361537531008874,6.256961800510937,6.926014506947787,-0.4848896942085126,6.273283766787106,6.978951073512438,-0.37152651558691646,6.084932565375818,6.139751667742734,0.1622699708733692,6.132480738361486,6.162818740200225,0.09268449719667793,6.162130215025639,6.177437512623471,0.013812738983011268,5.601553503535446,6.113248625402186,0.2432673702971777,5.5202553943469646,6.072956220931945,0.251788447109578,6.391716013251338,6.381988653829931,-0.3706093063158439,7.020198242752164,6.073394037154668,0.20085556460730083,6.4086621634666585,6.950002694448186,-0.37474819957380173,7.391190545818586,5.549201184970712,0.7513288763593692,6.747227223428815,6.220366428637641,0.09078845297052252,6.850599923029358,6.2317437339929915,0.09328795627847533,6.9484244852939785,6.217687022936755,0.11978960617669825,7.067413616244208,6.133625938396767,0.2080424390053332,6.650968297893086,6.18882554151806,0.10668016034580252,6.885001036908029,5.750675779747229,0.07554949482426396,6.761249175426828,5.781516678598555,0.08264537513852756,6.996322467525167,5.776367530877765,0.10416482017305764,7.068584330907333,5.83985606005358,0.1426184034411852,7.157931380737712,6.229988771329949,0.24938813076181682,6.773703272032659,8.283931843454122,-0.17664262189332644,7.050557691669381,6.027436275971306,0.23622177390640384,7.456199598903046,6.214166004294216,0.7115144551618457,7.274733649237619,6.136797517571001,0.36218839290659394,6.830463335001832,6.797343868950828,-0.07974674354898573,6.474040254211825,7.362043226612589,-0.3457207575187373,6.470897887437587,7.518507799208142,-0.3117220536944406,6.599669844391494,7.42544005103905,-0.29534912749581105,6.690603978029243,7.496323384963184,-0.23115961627547552,6.568286112588345,7.534386772380576,-0.2761535300365055,6.651412030551251,7.554172811608152,-0.21401949479973947,6.827493284409847,7.754802095670865,-0.11751354652876124,6.397495631123937,6.825943917878421,-0.5452010513297141,6.406146199294863,6.675275972907364,-0.5636365255011526,7.204582474199457,5.736918958012469,0.19199958519336574,6.612621661128899,6.4308192141976965,-0.04837502661644493,6.627872013035599,6.827535439012373,-0.29829193012925487,6.632279757440038,6.760589492875023,-0.2613101179550643,7.146917196607627,6.791885957255398,0.04390806296877879,6.395891537564671,6.509143205244826,-0.48535468905654794,6.954323910984282,5.578788169285507,0.0288415510045765,7.099885232614291,5.624976301673899,0.1022220569068772,7.273596214523855,5.249567379549875,0.5782455450503485,6.506239714551567,5.756592954743859,-0.05607756978540896,6.654531471138151,5.861499120455577,0.11356408320479551,6.903276166434553,7.609614988582575,-0.07833045059285727,7.45018406316719,7.749461033575419,0.7994213614057196,6.553414412549946,6.921130489490251,-0.26467733238718216,6.475452803173651,6.971707137867895,-0.28287316781213573,6.795288647189094,7.618766235102798,-0.08653385411084054,6.77257767018978,7.609802835407865,-0.112103232094243,7.1540723857205375,5.530974126482155,0.1668505167926569,6.632732364751367,6.913726070534338,-0.2495194941174944,6.760074762991551,5.619314642732929,-0.025005534174661153,6.776535025946181,5.482566221471292,-0.031095265130958127,6.843356726939245,4.879168199136533,0.22445745047326054,7.203702404427429,5.375640702387708,0.34536246650834507,6.792881397518549,5.150112469543713,0.09210581318829472,7.263777889907525,5.680583029509059,0.29123623419829253,7.323720995144601,5.615875344854936,0.5088876345829605,6.475464636044535,7.446932981891701,-0.34070916692197906,6.58363038790769,7.483561633714359,-0.29224041044815025,6.671301607399066,7.526257590082993,-0.2325245333097758,6.530660541393677,6.956163182852376,-0.2467555943229493,6.786558946694128,7.613485076916204,-0.10014810361808878,6.732752664119474,7.626020524509364,-0.1682008045158833,6.760726310444624,7.606914875357641,-0.1146625064223614,6.509831730419413,6.839462972863847,-0.39802967348284485,6.635999716224322,7.573140903635844,-0.19812004521401755,6.5566477445191085,7.561853823920988,-0.23782087547326586,6.465763900582618,7.565189214401528,-0.27051583728129164,6.50796879280955,7.980326260965493,-0.24717797234694008,6.489876333227303,7.760534382059926,-0.3238189686215241,6.483164137218128,7.67934387804105,-0.3231512203042136,6.475920941128015,7.6111325542734996,-0.288604136869868,6.464636080076449,7.564828311839554,-0.26651937758438954,6.637117922522897,7.573269586106712,-0.19539474091630243,6.65310117287,7.59892398973852,-0.2180333109146771,6.6694283160271794,7.639570640780862,-0.2413288825800473,6.684807350404747,7.684440887174505,-0.23011095120442154,6.765979365562867,7.329329036389376,-0.18495348035892106,7.5295027549230396,6.9734953804802995,1.0444352819342955,6.69987725103046,7.590499725223258,-0.14976677478669137,6.713446595717145,7.608670577575114,-0.16484395540132726,6.45659638386493,7.0334303506186435,-0.29561666131096304,6.597794334356316,7.019437980797841,-0.18429883602167205,6.465249910253577,7.006650345143957,-0.29066751684141107,6.726663172940589,6.519442240240836,-0.027366428804627276,6.898801862131389,6.615480778556343,-0.011531872953498598,6.652754321842201,6.842662285329217,-0.21055676229073644,7.097371487105786,5.019697962200166,0.3868599287005667,7.034038264360329,5.21391715823847,0.20999132670663934,6.988902517926218,5.454159566027216,0.06436211629103894,6.739649748736218,7.840613335770098,-0.1755134840558282,6.537347592552223,5.553848175233345,-0.07718719766572496,6.549767669654261,5.157629670550243,0.024811172914839006,6.575663907584769,4.827872334075447,0.13219907529487668,7.025741942761504,6.186807667255055,0.16407764990064472,7.269351911648507,6.3395167824536705,0.2943738632019619,6.586752047157881,6.155350349786094,0.12568459454041997,7.168330995136238,5.931522352577301,0.23149983442447794,6.534145321869133,6.330817403690347,-0.07480294351574632,6.566084459049417,6.751313261656084,-0.38997430796183424,7.3859005129788295,6.459879265980921,0.391547386457181,7.2018476019163,6.43182500822287,0.18906804920944567,7.071098076415838,6.480148234251467,0.09179300477536437,6.8759999199371515,6.4623057440666525,0.05088860745853341,6.727093593619009,6.407540259395931,0.037629806299336065,6.611140333605059,6.340137268620672,0.020177459965337315,6.398262549068132,6.130948011804741,-0.15512463863434994,7.386654858497709,6.781523320578386,0.32543223727794107,7.246301479165697,5.924498064598549,0.28362744399778833,6.367684931593984,6.922756030127995,-0.5033325639242539,6.606324355155108,6.563257142462476,-0.10660756845625584,7.506603191544006,6.257284985796968,1.0584130455550997,6.526848138305609,6.261190572743249,0.01665622898978797,6.6632227148027425,6.868752286520457,-0.10840482438827967,7.105604946578038,6.0397383941417155,0.2547516568230822,6.567568005236549,6.670068030609367,-0.3428338374669312,7.50924931729553,7.354754178147799,0.9503244846856044,6.576907098582061,6.107015660663828,0.1592538136848725,6.48279509955742,6.570432299545003,-0.4316039655084675,7.225323278196518,8.015937285892093,0.22801207262022527,7.233840726569994,8.2439892482294,0.3875476680985705,7.49079965292346,6.876519087147205,0.6851252117592557,7.346113963738897,7.826884986880905,0.3760777335508286,7.393168853919572,5.894811240435667,0.6432288523962045,6.810304560341397,8.464892677443672,-0.14039865392979087,6.364077385083102,6.985139664984979,-0.3761406187884779,6.7006012748177,6.683557503417583,-0.08343605126879527,7.35889790162063,6.171783619004018,0.46373543306277565,6.933049148688562,6.128084826827932,0.13708785363405743,6.852573054249332,6.143500838927014,0.11292297040251292,6.74901842425894,7.651849462986718,-0.1553060952471407,7.386027716340837,7.102219266396238,0.31802130099861137,6.6277655171976395,8.694377896266852,-0.13204711997053112,6.944907903978021,8.533477476198511,0.08842343301350002,7.0817853774877415,8.418427951698357,0.21985499525397595,6.7609282088040885,6.137878746148063,0.11207155836465887,6.674697641342889,6.12400507481332,0.12973164438256807,6.612305871387172,6.117478876743358,0.155137488392576,7.320043190962844,5.907314147633896,0.39105331787560543,6.679560211721947,5.981783211213218,0.12597058254971488,6.76857076428655,5.920274469247249,0.10748043912812584,6.857548036901791,5.899130608085688,0.10906193005511695,6.9410252432190775,5.916850332235076,0.13073398330188807,6.996837197408638,5.956553681601602,0.16157104571460745,7.45981306184937,5.8693136223430775,0.934547015358726,6.985631468681112,6.10277061823405,0.1709637683118526,6.6584289229857,7.23420384779526,-0.22330159623196863,6.553806376397993,6.88255828862483,-0.2972866445477517,6.470280359488307,7.17051415981441,-0.3045393855122304,7.090553534813082,8.197249408236024,0.10444604730070767,6.958043130214135,8.339080417319725,-0.01483333420788644,6.623422114028635,8.552239232540156,-0.24681690800743428,7.351206535545771,8.045211068905667,0.5957438188700211,6.609636819448309,6.055757882655901,0.14538754944997007,6.466372553878735,6.343866841612548,-0.2132031653751716,6.797218144697681,8.623581829765492,-0.04394051091940711,7.477680696884812,7.23380153018519,0.6268375991143498,6.558143863131555,7.560280052093362,-0.23450510629620402,6.572286362501703,7.601590083459661,-0.25854594082760785,6.586530920383229,7.658137154752915,-0.2868139067049318,6.596095577829975,7.726391372677422,-0.2838438792240235,6.6367363124368755,7.921357888467519,-0.2266995483950948,6.7193430631897275,7.584498980576007,-0.16011479370816822,6.736413458549334,7.571959095656265,-0.1599500810699004,6.754747012875851,7.560754846037599,-0.1583130311163349,6.85461274536803,7.45930276929248,-0.12954182156028482,7.2468250837023325,7.147922990632801,0.10808673509449562,6.463761187185434,6.219317740455511,-0.10630762135708947,6.5086528806575545,5.984172711577436,0.0977505374883652,6.566039346229171,5.999798757134716,0.13340407523916797,6.69716012805363,7.589261711106977,-0.15051241898547812,7.280732914776009,7.554854680792865,0.21392074117222182,6.41996403427012,5.983230889010481,-0.03184528887863667,6.711128832132664,8.106083054507168,-0.19603822260386947,6.395381245007781,6.261794049158354,-0.2702136137411446,6.541372247761779,6.565171848882458,-0.2360792479010443,6.555133137045906,8.174416404755714,-0.26124559183102286,6.939603080049659,7.840433624043542,-0.06831214583636536,6.754599101989796,6.995007539748138,-0.10060208603843586,6.834867381634119,7.99737299058333,-0.13245521534958724,7.00582352329091,6.975721439315428,-0.0648005391795053,6.8674728573560815,7.146046741043193,-0.10603715243529235,7.108629724197862,7.2390116911464775,-0.013558470925452357,6.600378337535697,8.377143804737116,-0.27946703432812464,6.605336310436261,6.664832724797451,-0.17675313905850065,7.040277145534129,7.984878218483836,0.010457145088767566,6.910779685684123,8.149869853660459,-0.07597190751486867,7.014319524585908,7.64736554447596,-0.03478746173526094,7.372357052697204,7.379490794731637,0.32197763986767103,7.154111582105342,7.698854803020564,0.06288099098911272,7.441056482388736,7.555117222615613,0.5415701626321272,6.9633080182032625,7.356039523747617,-0.08253981529914378,6.532677306325037,6.448888008038174,-0.15508721024685526,6.535139283023422,6.810078996240163,-0.4151888153740845,6.5968358718146805,6.873509100615985,-0.3136566125286602,6.487991208984533,6.698626664488866,-0.4824421850436695,6.5894780447878745,5.837753137031093,0.07420255820704974,6.761531685219193,5.719069442060568,0.05561461448982582,6.9125960313648775,5.687090368941048,0.056383745319542794,7.037163621382671,5.717355524668405,0.09176019860305888,7.124862204387967,5.795574129209221,0.15212639252971147,7.178285397767739,6.087236277426125,0.29246900210033305,7.485962966949462,6.54263688583755,0.7029276735605308,7.10456439349464,6.290703231837802,0.19140520298664618,7.000327894319536,6.331815802171217,0.12732355115775104,6.866077318146153,6.33825066526904,0.0864385209225629,6.733115045790308,6.309273443582007,0.07579481311766274,6.626216890220644,6.262501802748127,0.0791405458046887,6.550164070828888,6.217800914319017,0.0792508954145623,7.525251056503389,6.614833668429852,1.0894852400544948,6.593910934042943,6.929150957286583,-0.26688947835459026,6.467835392541819,6.453860772027343,-0.307351102122908,6.462699926577989,6.805254143137049,-0.49497421219759,6.4120197405801065,6.9037272946370205,-0.4615106222257491,6.4630519544868,6.845156062868104,-0.447865010988442,6.568181835413677,6.988625185014865,-0.23633959417157702,6.395549863417884,6.912266929643406,-0.4895425546844356,6.39099568723625,6.972919267579115,-0.37536873196295434,6.541546043052894,6.108249977007957,0.14344468218394787,6.494778099991166,6.135580580755984,0.07868920960253746,6.465275794658637,6.152919804150995,0.0017967292522696552,7.026622012533532,5.992134015019346,0.19443343571232471,7.112851840440301,5.929801039640836,0.19895941638130368,5.7768186590802335,6.098704547976398,0.18773771790029872,5.884824297409234,6.083107345041899,0.18766499889983435,5.76945454584077,5.963704063610716,0.18774310278099415,5.670211887956097,6.114221879032428,0.18768289842815458,5.785042504344891,6.240473434487957,0.18765432158274725,6.857653053630891,6.012188882282327,0.1597284920737293,6.964923944633413,6.002731830005186,0.15939826946507354,6.85447814646172,5.875655301582685,0.15941064544624267,6.748688582983038,6.019216498256015,0.1592948358446768,6.857514756952429,6.152092242743517,0.15931349803850328
6.371318420594833,7.420666866845909,-0.35671564919929016,6.333433759106889,6.84662108022715,-0.5532983130623219,6.350392396076852,7.055554599373598,-0.3176759398741432,6.2407435838043535,6.411284941841868,-0.3638541685031273,6.326605851797358,6.688434559678106,-0.5730486146901101,6.3221198514979635,6.512491479397341,-0.5136642596326861,6.316584771690074,6.11172310351728,-0.18837413532180408,5.627641070879544,6.204256954119044,0.2482208660603758,6.307678708998248,5.794929245215219,-0.08572287923989502,6.302284395508588,5.59699179814864,-0.085079394261978,6.278943858195277,4.859772658938687,0.11697118442716915,6.374462695618884,7.479914669313707,-0.3508359697399959,6.378593075745906,7.539704051669013,-0.32201061638143935,6.380849041214387,7.585602021041059,-0.27917466171622735,6.381511383785429,7.586274735867129,-0.2746470797873037,6.382481930505859,7.6393836451093655,-0.2967121770175573,6.385880325778084,7.708819224640247,-0.3279079147828673,6.38833114146601,7.7900539851402675,-0.32703960886199374,6.397506141913193,8.004158814293284,-0.24838089513794295,6.339544499068805,6.946631844953024,-0.5071541878522117,6.267555122175081,6.974118320775899,-0.3698327548228623,5.285549653003089,5.791579006841336,0.827797356691934,5.909032941022029,6.300369973580655,0.12191021843247946,5.808704711204777,6.330763644312667,0.1305883114610737,5.714114561043811,6.340762498159177,0.16250604384001108,5.588795494050838,6.275323941190679,0.258833650903681,5.99708042088672,6.252622038436918,0.13070384171238447,5.7355747566957085,5.866741552898115,0.11437548130182731,5.860910122946583,5.873500929236929,0.11247057499178799,5.627586986978328,5.912133874837572,0.1489534192670588,5.562752613865182,5.988252520545278,0.1909883603311236,5.5190991263935505,6.397532813426121,0.30458075953072966,6.043519970146274,8.361019952891217,-0.15693798350246382,5.593883085141826,6.164601970960514,0.28670281200188996,5.265398954548413,6.45721180535292,0.7871514527405977,5.408477915212224,6.32752527811801,0.4253794681295311,5.871320903492757,6.902168951151568,-0.04980086024720208,6.254702416445291,7.393693076771536,-0.3376667481653816,6.2762574441431545,7.547502505698975,-0.30437220311714097,6.14338774592784,7.474973030668463,-0.2797049432545083,6.068454500794704,7.561036816759144,-0.2104438167183422,6.1875257658843275,7.574934897620635,-0.2623205113242539,6.114216889976035,7.6140634888365195,-0.1964856786480536,5.955345430157496,7.842598347358865,-0.09093440488704943,6.256281221835549,6.854815161698875,-0.540382632927007,6.237079214278209,6.703439508326103,-0.5575983073418698,5.433309464185739,5.913987915423737,0.25055700813412546,6.053854810968139,6.497234633127247,-0.028285281268166845,6.056549004211532,6.894978014916074,-0.2799667732368878,6.049669976502222,6.827570211243069,-0.24211149208740343,5.572433261744956,6.963263015014261,0.0950767084768824,6.2375229986183145,6.541630107271025,-0.4780813126666484,5.654509656652923,5.721334391418311,0.06834274785957664,5.519225075204599,5.7870311434494575,0.1525666220887144,5.364466955379823,5.471471583495668,0.646773399503122,6.103786846670524,5.812851020152021,-0.04371596699556832,5.972234795281382,5.935622587222705,0.13775609534159555,5.871943238794406,7.7184098561638885,-0.04620312609271221,5.416227101030805,7.963855935633213,0.8703447172524188,6.133202932366194,6.972902544311604,-0.2501843015237846,6.211840554294866,7.01092649036706,-0.275487417663371,5.985219006387414,7.7006762635683,-0.0592004327495256,6.006817375293785,7.68841181287364,-0.08781732809200218,5.464761104930555,5.703446696748028,0.2212756228396834,6.063427661483162,6.979780831145555,-0.23149083544340773,5.844774598500589,5.726726852719572,0.0023240044516555152,5.820703187645518,5.596904004418586,-0.0035446808948268595,5.729138772451145,5.016415195239352,0.2641124572943843,5.418624203255196,5.575870182535854,0.4058467060290607,5.784454008512803,5.273260753421579,0.12412706799723536,5.379381146796329,5.870354802024481,0.35306785675930624,5.334301844696096,5.8348546478798236,0.5774120001175717,6.263100238640771,7.476090270709996,-0.33283936639192424,6.167006111500816,7.528996180103837,-0.2775682124141334,6.091308282997082,7.585266404503384,-0.21342005195000543,6.160811652623321,7.004730549738847,-0.23552548058262043,5.996549954129599,7.694230647944067,-0.07471765040363529,6.045675917441276,7.6947122169274875,-0.14623277445811003,6.0201105314245655,7.683410163324308,-0.09128351924767371,6.160787203736471,6.887663352495609,-0.3852795430131469,6.131766004607206,7.630256801560525,-0.18197797312779232,6.205147856738371,7.60149231574319,-0.22543677244646368,6.289301295715594,7.588891507635496,-0.2634910017822233,6.274608996469141,8.014706656780891,-0.24164853759738134,6.2784578439597025,7.790306623637723,-0.3164885713493991,6.27743099071198,7.707353773179933,-0.3158288912991791,6.28095755742133,7.64365405067926,-0.28069854972049085,6.288005504712516,7.589196007408089,-0.25912347208322173,6.130879176802354,7.631274764303938,-0.1793874792823192,6.116977021126388,7.65979327950205,-0.20162401970114122,6.103868713397706,7.697911316728112,-0.22426570317961997,6.093740947238711,7.744627212496614,-0.21243781329031416,5.972030313682269,7.415889702530386,-0.16097957434816818,5.287546312095882,7.216211198369905,1.126251586354657,6.344870652025426,7.00667831105794,-0.38339311228237527,6.075799909542572,7.6588983020682475,-0.12949411958891485,6.062042965436992,7.678170692784702,-0.14376673609678944,6.234517267286416,7.069106691442386,-0.28872987013676205,6.105890191815029,7.074682519395026,-0.17041816435670842,6.223962756920576,7.042459627401379,-0.2836021791669616,5.95301871109222,6.610501880653625,-0.0007616507088224806,5.794888126632788,6.738030237967457,0.025147705956836165,6.040423481582885,6.913597694441155,-0.19114954702643935,5.505517028872719,5.208854235828317,0.4433199964738604,5.5626840828944655,5.384744343520906,0.2584668249915031,5.613740767391975,5.604663932929874,0.10616929114845187,6.0432291765678245,7.912465116348746,-0.1543671112778296,6.059307283173488,5.620589048773882,-0.06366840894057359,6.021537827803885,5.229168667737356,0.041277673837637405,5.9805696430713375,4.910060685251123,0.1514489884571463,5.636741613353136,6.325963512861012,0.21173465311745657,5.426198172051349,6.5288225949381395,0.35644481295082653,6.0569394455257815,6.204287700446447,0.1475869209718956,5.482020166858636,6.096636658579781,0.28724531798359615,6.117902004012234,6.383329491916678,-0.058454984800311464,6.100084692501066,6.808270408138328,-0.37473174683024835,5.33614884696635,6.684006347656722,0.4597105672622276,5.4923187047879045,6.612149587452279,0.24651588033552055,5.6180245087183325,6.635989474757629,0.1401684896964458,5.804916245055983,6.5788168641706894,0.08769526308850054,5.943299908131452,6.492333742626753,0.06557767946952517,6.046375674217952,6.405206800395753,0.04130826678068866,6.228803636516982,6.161652916593588,-0.14786983117347716,5.35763200975438,6.999319936991288,0.3946555985109075,5.4137325736966915,6.108715890434664,0.34493485119999756,6.296998990696718,6.945052298687408,-0.4994234313081883,6.068657871080779,6.6277405685093305,-0.08751399751333523,5.244347351657063,6.514510364750908,1.1421301196604612,6.122117214367874,6.309816134409272,0.03337488082594945,6.037012491429556,6.939487583865153,-0.0895490258464065,5.544638952210372,6.1878087802715065,0.3070995042281442,6.098775565741524,6.72788765430128,-0.32728879765855845,5.336990481374296,7.584322529295882,1.0277911959271349,6.0623519104617385,6.151299183450066,0.18162239926013082,6.163907400311351,6.615190139926055,-0.4201999621893031,5.610470543556876,8.178983913657156,0.27878773955993363,5.63156845115817,8.405150934531795,0.4402027634004171,5.289454436583263,7.116255258420605,0.7607179923265636,5.487000331022554,8.02155234509904,0.43610058284175074,5.298996170333204,6.126216848167493,0.7157346335853345,6.0263872274669215,8.544245097076647,-0.11722398499110949,6.312515884217858,7.005754439485133,-0.37363775175310676,5.989952829494429,6.765097378337077,-0.059921483904687885,5.337949174088981,6.3821270512088475,0.530395355257983,5.717308104279242,6.246879513528478,0.17918995496587475,5.799813836457812,6.244850996795243,0.1500571846379986,6.033570384511145,7.72717144816069,-0.13150510998943635,5.388067169506502,7.3172851192360975,0.38457666066854895,6.219566402539635,8.738631528547026,-0.11998001817463311,5.912799551347729,8.631841013409963,0.12128546370973486,5.78016656280965,8.545724625168784,0.26224556715120917,6.288334453371959,5.202168206150055,0.009649785790595724,6.429855723593247,8.734215170531387,-0.1596121615349836,5.8856372084944635,6.219687165223169,0.1439062406116738,5.969127564025286,6.188657082557684,0.15732804280285625,6.0310669666727215,6.170848291113146,0.17931119227268613,5.35348347818106,6.110005013559511,0.45822094474332276,5.953199484679842,6.048456052226325,0.15389789407578755,5.861210918342381,6.003434908841782,0.13989510668893526,5.772678905992834,5.997850190384832,0.1474244724732339,5.687381555461148,6.031739681498791,0.1732839165504448,5.637763280473345,6.081098279673227,0.20706359604477081,5.254044298794737,6.124500610398122,1.0151439905000763,5.663482768564749,6.229510431609571,0.21608016492687965,6.357301799675885,7.188447635162723,-0.305630163172195,6.064622693437403,7.301554853611535,-0.20504339100697042,6.126977356723617,6.935926936889285,-0.2838637081687264,6.2350010588959135,7.205717439783511,-0.2967211601312865,6.313535328711989,5.9641377684817,-0.0963833810867977,5.745709190732936,8.335153030603351,0.14455586096365844,5.879588702062713,8.444614401409995,0.01596337800464388,6.206139888844215,8.595594427341004,-0.2350764406579366,5.518395665240079,8.233399727032857,0.660833222716448,6.027454458421715,6.1098638768036,0.1703171159034327,6.17612221235695,6.384334859778987,-0.20226316361250096,6.420743697551589,8.592618331023472,-0.26980194015758274,6.05499909296028,8.695641494959474,-0.020356023667723593,5.331964382938113,7.460696362498467,0.7001686107669436,6.204273994252304,7.605927195642805,-0.2220025373287424,6.190964909301303,7.645180994794379,-0.24614669288313545,6.182480034251128,7.7002154390949356,-0.27369926867945593,6.1774506018758295,7.774192584577143,-0.2703638478127556,6.148413473926343,7.975352839455838,-0.21211270792179596,6.055758860641045,7.651097625412209,-0.13828348283550498,6.035658541710788,7.644727579074606,-0.13603274979924743,6.017078499017419,7.63504878338323,-0.1328269821203908,5.904020919217669,7.558270388168238,-0.09991682404557442,5.5120170988358455,7.333377672911263,0.16259762298010322,6.174080359867252,6.260986521241238,-0.09500060668608912,6.120778823031647,6.028804333326008,0.11218102006432944,6.0667912356135085,6.0514477069264,0.15387351464600194,6.076386312389306,7.656140763981651,-0.12994936434473123,5.51753958376263,7.739441084982863,0.26930719748418397,6.202461813123928,6.015297064216446,-0.02358227539264178,6.091102690084931,8.173782227760864,-0.17893419090049797,6.320941118801624,6.375738482987266,-0.40101605977355226,6.234145347856145,6.290927517128835,-0.26438102461206064,6.317635332949289,6.2491747453909925,-0.28931428188096775,6.122014973568317,6.6209778582314005,-0.22297199588848907,6.411481273812032,8.412582655258998,-0.3057586124375802,6.4052675521752,8.20061154714021,-0.2774225377966489,6.243903417210945,8.209184956795799,-0.2527778051754041,5.857674720253362,7.952366440564179,-0.03807160228412178,5.959755490732581,7.083711567396464,-0.07722780557735522,5.9675998790348075,8.09063304533291,-0.10849374128294059,5.71887023997392,7.114070416986598,-0.026783419835614913,5.8663233287578995,7.256446657372296,-0.07706161218527675,5.645049048754804,7.397018125383209,0.029320865847758202,6.213881295471526,8.420447047195921,-0.26820204297194583,6.0742666679869,6.728588522390995,-0.1589959731835787,5.77188505804555,8.116004322005534,0.046821375003709635,5.908267616776071,8.253225551642565,-0.048259367771026664,5.768654100604484,7.7826674578099695,0.002485796183122683,5.423403219759117,7.58946049991129,0.3849205657493045,5.6451968533889465,7.856154884679808,0.10835786011160935,5.387795268249709,7.772118874447002,0.6102401872796094,5.7914641711606745,7.482519587076328,-0.04785469065251373,6.125269268583195,6.502431873771384,-0.13978877949872592,6.13048391979827,6.863516742791589,-0.40126439193298297,6.085326455347651,6.933620591896384,-0.2979147334871631,6.163710327465829,6.74454179149865,-0.46957305373795194,6.033007319238223,5.902345800030727,0.09440492553310074,5.855397639837146,5.818383506896153,0.08462640107268267,5.7026480331109095,5.811205535979444,0.09455220923925575,5.58367308181797,5.863575051613291,0.13857943938911332,5.507166217422092,5.95730800898377,0.20415376176716754,5.4863261344457666,6.252364954687308,0.34916705538418724,5.26335228636888,6.78594783356843,0.7801939848526424,5.572785177540532,6.445812697077698,0.24289443527549487,5.674879283776215,6.470283810189007,0.17229459327013208,5.804227971847372,6.446952163380004,0.12319102986189091,5.9290224990860985,6.3917754710105,0.10439343606502702,6.027736731933535,6.324807747300805,0.10043777518480161,6.094592583464005,6.265352499732456,0.09666233223567902,5.26092073344029,6.8676093382752965,1.1717265158966537,6.097513855004964,6.988924714827656,-0.25095416363131684,6.177306872056163,6.498438555585796,-0.296453518907809,6.194813756791865,6.845803153830696,-0.48509476294892623,6.257055436585815,6.931391297940831,-0.4561993274118691,6.2010297010547735,6.8821260500616415,-0.438187258290676,6.130657655069982,7.040617070383279,-0.22365837060399188,6.269648835939918,6.9400876929060304,-0.48437940148499836,6.286039221509446,6.992266803572588,-0.37116119064645137,6.095001546662232,6.150290481648641,0.16168095178969294,6.142999897677347,6.173894400152116,0.09212557618609767,6.17305239530649,6.188879715603096,0.013508973701696764,5.612282354247573,6.122558035206542,0.2418303067362673,5.531172060807881,6.081979921350564,0.2502325278791915,6.403756166442621,6.394421136917871,-0.37013463837934346,7.029698790216117,6.081177923774331,0.20163436880381375,6.422088386328369,6.963299317906857,-0.3741824803608903,7.400050528228034,5.5601888146849925,0.7521304134297327,6.758043504043018,6.229943843694648,0.09124343094503952,6.8610036935734975,6.240465755544688,0.09394189579792502,6.958505113458075,6.226062397688286,0.12057977993018532,7.077025908155882,6.141453690802891,0.20884973077380328,6.662109776418311,6.199052304721317,0.10709230608412451,6.89486466098613,5.761297949163909,0.07644448037540673,6.771778592325505,5.792706248700218,0.08333752683565218,7.0057818518734205,5.786016514645159,0.1052080400985428,7.077759374761397,5.8487101284081655,0.14363901613058586,7.167984657744184,6.238618753274434,0.25024327057189855,6.787880036504981,8.292155588262208,-0.1767148524575826,7.060010223783268,6.035518145830237,0.2370216089132724,7.466543350832541,6.224139085256044,0.7124502868137026,7.284142800921798,6.145161401537543,0.36309004817962814,6.842163233191402,6.8082044702313675,-0.0790986837136743,6.4879625780080215,7.374834835380822,-0.3447125422875555,6.484892390519882,7.529391807545601,-0.31063081717026353,6.612865273049177,7.436880183204609,-0.2942570318392511,6.703636581171626,7.506498018073831,-0.2300207303597444,6.581764066349218,7.544784234006411,-0.2749951754443092,6.664613935132093,7.563970683181208,-0.21286830817866534,6.840872628315838,7.7632061438769435,-0.11662307719398617,6.410718913067511,6.839970983003805,-0.5444297108808397,6.418874469020562,6.688656081410479,-0.5628648198320829,7.214219725404625,5.743671042620032,0.19308551222067374,6.624102129620755,6.442166108560172,-0.04796276295147911,6.639871661639351,6.840311044793634,-0.29749912556305896,6.644036862908251,6.772915836001735,-0.26059283629152596,7.1585629458024185,6.801934442067243,0.04485275920087583,6.408292546266434,6.521999873756122,-0.48466741678085123,6.96493220719833,5.586383574319264,0.029726321464207076,7.109962263120349,5.632025571254739,0.10334098788888285,7.282261718385025,5.261003341042831,0.5790378047884224,6.517665752905345,5.766550755459979,-0.055733732242044684,6.6656748686463345,5.872650033886995,0.11402725830686947,6.916678254184322,7.6181257084305045,-0.07740922164282783,7.466284044456854,7.761287276696856,0.8000977865938956,6.565564085746981,6.934337018368641,-0.26412296846354166,6.488127793213102,6.984510579438095,-0.28230668914449786,6.808230400868936,7.626939161702443,-0.08551393502436057,6.785344020150757,7.6183746425511645,-0.11108233663530599,7.16381427034777,5.5380592381461415,0.16788183544569255,6.644625117943382,6.926052550103105,-0.24876918328318,6.770988819192697,5.627989652736003,-0.024297522541817,6.7871517560269785,5.492050507907908,-0.03042568754489362,6.852252473831723,4.892568247584924,0.22497997648286416,7.212906153392928,5.385734153000674,0.3462692834835244,6.80255159124138,5.162016466063243,0.09264949082676129,7.273066714303146,5.687493427640374,0.29224615720050445,7.332768673366077,5.625551802366862,0.5097574849499844,6.489475445491318,7.458858250732523,-0.3396425006816356,6.597023876120748,7.494497319007013,-0.29108025090881956,6.684487175764783,7.536228605359441,-0.2313501385822423,6.542885150129353,6.9690129486762915,-0.24614877659508297,6.799428060727384,7.621847866234659,-0.09911641240565652,6.746279144215755,7.635021370994942,-0.16722981882496832,6.773437412254546,7.615680078870092,-0.11363418920033068,6.522485887991696,6.8536460603822045,-0.3972763061796192,6.649128158376035,7.582867450090595,-0.19704272430868228,6.570047863420298,7.571889899894705,-0.23678482977897275,6.4795388251749735,7.575353492198531,-0.2695678930011698,6.521696114858888,7.988939011791145,-0.2473002126649103,6.504685616613788,7.772356695437275,-0.3233969562448136,6.497915497582267,7.691410876327306,-0.3225134392267234,6.490462291469649,7.623528171549114,-0.2878695054736439,6.4789876139077975,7.577540556258615,-0.26569089224696213,6.650732894403862,7.583790580788043,-0.1944873988904118,6.666978809278363,7.609147039953485,-0.21721562587177626,6.6835744173223635,7.649579571801398,-0.24057322647070223,6.699103164849249,7.694227684442631,-0.22939969158997284,6.778719112689621,7.339595098924891,-0.18390389019996883,7.5422208052638995,6.984580221721851,1.0450500726363756,6.712991614331071,7.599833495814149,-0.14880686486008543,6.726757078503282,7.617858252425867,-0.16390584679780162,6.469203613915428,7.046024719629402,-0.29504238287225965,6.609765450546672,7.03135612839444,-0.1837158004681755,6.477913344637092,7.019364319831931,-0.2900854868250884,6.7379694861880095,6.530488823620772,-0.02683741691549859,6.910138547389483,6.626035073432666,-0.010788151632530248,6.664480577567454,6.854675136256004,-0.20985919660294172,7.106051182099622,5.032055444507783,0.38761478214505257,7.043530933170648,5.224715265953763,0.21074579288424328,6.999059889740241,5.462321402373015,0.06517495004287426,6.753195215693021,7.849255112460443,-0.17487310577190712,6.548447642325529,5.564258072594888,-0.07686640889241825,6.5597882214473815,5.170185357772758,0.025075351953503987,6.585009100422107,4.842027212337353,0.13235175688223352,7.035586526694941,6.194758932015291,0.16490887627225784,7.279471581782627,6.348348320961075,0.29528256540274017,6.598096663640735,6.165764774836632,0.12603534297492314,7.177527873244843,5.93941031249614,0.23238831333154614,6.545671582354954,6.34226202988601,-0.07445935115538907,6.578301214920751,6.764571356832111,-0.3891984032251441,7.396798826276913,6.469846693727133,0.3926023550625619,7.212435697539894,6.440844386919525,0.19002187684899083,7.082154247391621,6.489527306766456,0.09261933488441013,6.8873151410768285,6.472261947397823,0.051591596506785256,6.738542182840599,6.418103217771731,0.03811584643447346,6.622707061319557,6.35123995748767,0.020574783034744023,6.409794300619344,6.1428202354027635,-0.15488831709296147,7.398470241087058,6.791666650465378,0.3265299792243479,7.2555250084255665,5.932277905414016,0.2845958782423641,6.3810653768192465,6.936606319593586,-0.5025986841831916,6.617800243816189,6.574906524025322,-0.10614889392372145,7.516946583263318,6.267928523356072,1.0590924389740526,6.538441379725428,6.272561216976569,0.016969939660255527,6.674867650102136,6.880615405204423,-0.10789901516459482,7.11498984330725,6.047309547608107,0.2555392097052812,6.579464389234549,6.682708334027566,-0.3421486041932354,7.523795235082905,7.366202896571865,0.9509446401791051,6.58827561988041,6.117318194229258,0.15958690231570904,6.494895689618546,6.583136908389644,-0.43091153813127425,7.240952730987288,8.025630863950926,0.2283854100710002,7.250523358876234,8.254679149097132,0.3877379758258591,7.503658242822373,6.887063984330091,0.68612337353725,7.362139936102522,7.837384807456828,0.3766590183151907,7.402636924106677,5.904777723396997,0.6440950887752397,6.825155698447738,8.472841752591977,-0.14055867633479058,6.377331365009347,6.9982619669784825,-0.37561116588150856,6.712060334004674,6.694881657053056,-0.08288855057994451,7.368274384075929,6.180368169039993,0.46470439131557933,6.942842267491191,6.135918981432681,0.13779434303200946,6.8628025389454095,6.152001533290499,0.11357383101091842,6.762650267025946,7.660673439428669,-0.15433550831329268,7.399242974086607,7.112479757590595,0.31912495316242695,6.643169297862737,8.70215897549354,-0.13261318169840097,6.960576600962138,8.542636656672025,0.0882331617515673,7.097812648106351,8.42816400493638,0.21984063987851277,6.771557070593132,6.147262524055971,0.1126146057920694,6.685727401115928,6.134016783948173,0.13016594304931772,6.623602779628717,6.127631179228029,0.1555261992009752,7.329033920680819,5.915325565884605,0.3920240092353589,6.690365280863939,5.993341593386986,0.12645759562490427,6.7790421343461915,5.932384961903407,0.10819685863513338,6.867688611938721,5.911045158497363,0.10990233055944305,6.950833349114521,5.927787830300146,0.1316371478698422,7.006422709059048,5.96639447482554,0.16243478089140698,7.46927421740621,5.88009731299674,0.9352708663006741,6.995182148110675,6.1104702832850295,0.17171110762012526,6.670782463372019,7.245484665558946,-0.2224098567097665,6.566028614597141,6.896199718383241,-0.2966624689114322,6.483263205605205,7.182880697714393,-0.30383995362868743,7.105661481660732,8.206477798233621,0.10471605255538571,6.97296403696641,8.347779028473255,-0.014799199457448745,6.638211359959592,8.55985015476552,-0.24721461840857847,7.368094351363665,8.056690581630775,0.5962982558578012,6.620835610162452,6.066557119000031,0.14581274443420622,6.477990395674439,6.355751888424633,-0.21285485666042656,6.812711955916175,8.6319417724588,-0.04427633212509113,7.491928704136988,7.24466822091321,0.6277806429300208,6.572252708489001,7.572172173406525,-0.2336199260066419,6.586625690455679,7.613146285141945,-0.25777984831477097,6.601131289111638,7.669396505906796,-0.28616282962687567,6.610858982576715,7.737383674110623,-0.2832941370840579,6.650373569854694,7.930019417107431,-0.2263012350764119,6.732340315209513,7.593657558820632,-0.15896148775084776,6.749450831628093,7.581057491588297,-0.15878822710241405,6.767718595357598,7.569829525521028,-0.15718306275602098,6.8678486410162884,7.468634101095942,-0.12848465375977638,7.259880614661757,7.157921347741432,0.1091628790701667,6.475288423239776,6.230965510814857,-0.10604691937624684,6.519840222084325,5.9951419205096155,0.09797966650505896,6.5773373360785525,6.01054768272689,0.13381543718739208,6.710097755178399,7.598570303326871,-0.14943177007313732,7.295416701261332,7.564847138731032,0.21480111307644606,6.43123967876406,5.994712583239013,-0.03172541734236165,6.724791536175571,8.114575173437817,-0.19598605082775572,6.407179010601697,6.273941467770586,-0.2699142985362623,6.553011434537629,6.577278066049824,-0.23571366292383367,6.568912101494786,8.182468991346395,-0.26156565194274356,6.953223413023,7.849129904524753,-0.06760184934811451,6.766492446638276,7.0061782201905425,-0.09995233975810162,6.848514757645028,8.006014707067846,-0.132047245533463,7.0180307441855385,6.98594195063189,-0.06405354257744571,6.8799286137465305,7.156418852513163,-0.10524046497168123,7.1217288455736885,7.2487334040086315,-0.012756493224659852,6.61458039950551,8.384951708741097,-0.27981507900711056,6.616881558370896,6.676819856673383,-0.1762392915102782,7.05444921333781,7.993721362234181,0.01099260284417792,6.924898266293615,8.158372761166795,-0.07581826126621015,7.028014780524867,7.656223742021871,-0.033939465472165926,7.386775523543552,7.3898094081390955,0.32299827269219406,7.168382507812025,7.7080731631536255,0.06366645256657845,7.456488190458739,7.566074028325714,0.5424704659936809,6.9765061620583015,7.365507955485023,-0.08160448045657073,6.544252065166905,6.460665766277078,-0.1546859655105053,6.547654164815925,6.824031049652614,-0.41439682441554665,6.608969750410991,6.886744667050316,-0.3129130605616381,6.500606356886544,6.712180355812849,-0.48156592730878894,6.600658610632528,5.848378216247285,0.07460294206092602,6.772186073773014,5.729072464106505,0.05628841636246622,6.922761581757951,5.696320957544135,0.05726526631153773,7.0469219196892805,5.725879661746433,0.09281739170501893,7.134284460284477,5.803514138438873,0.1531678077140974,7.187710464180412,6.0952678913538305,0.29331574969550545,7.497544539359021,6.5529314199988455,0.7039775435975334,7.114888343383052,6.29931274444321,0.19221058472627817,7.010911672859878,6.340889187845584,0.1281105927366697,6.876909546658169,6.347632635364177,0.08715822106256774,6.744243218728929,6.319359349909931,0.07622433620815453,6.637544572136395,6.273176143524628,0.07956443963864801,6.5615752128135485,6.228779187630132,0.07951636956163718,7.536533105132034,6.625760949549796,1.0901408583046752,6.605981800087712,6.941916173292307,-0.2661876954799534,6.479672182739613,6.4661245359229795,-0.3068610349719316,6.475829262251923,6.819442067678304,-0.49417159741102745,6.425609026034846,6.917639169525084,-0.4608133139295486,6.4763011998556745,6.859458227574399,-0.4471282810385109,6.580294910512109,7.001018023314361,-0.2357316986083569,6.409109731787529,6.926129601140452,-0.4888167818389507,6.404414063761508,6.986136059975976,-0.374821647424605,6.55288622660194,6.118759196802721,0.14373204229286377,6.506131064439406,6.146776139382716,0.07886725856146196,6.476742020694344,6.164487505717532,0.0020058183814740498,7.036086617562339,6.001122266408329,0.19526876771836513,7.121985929323299,5.937787795459696,0.19985728664557537,5.787121159805588,6.111354888463803,0.18323134901656182,5.89509114851435,6.09575020121261,0.18313706105093797,5.779654617936507,5.976744874029947,0.18321654308555718,5.68047585623891,6.126813993706934,0.18315491151662144,5.7954152594507935,6.252589439921118,0.18312622574881102,6.86764786379397,6.025045872629257,0.15598747514526182,6.974652491909815,6.0150570206000955,0.15564010878743795,6.864102775200642,5.8892123025398355,0.15565237953557315,6.758890324578477,6.032499078741876,0.1555369071651498,6.867920505926121,6.1639733382183115,0.1555555911156123
6.378711514799058,7.432001259875449,-0.3574974437389703,6.342660603527164,6.853277119989944,-0.5559635014714417,6.359148544735474,7.06227893042464,-0.3194705760482546,6.249631521881231,6.417648279447793,-0.36603238755755935,6.335724911182665,6.694699847864755,-0.5758093537884329,6.331056357120848,6.518639052209478,-0.5162741615309399,6.325211947634275,6.118065540617441,-0.18976322067677526,5.638354733345555,6.214232338679147,0.24700241148116453,6.3162057111317385,5.801710726428823,-0.08647960518244446,6.310928086215837,5.603084263655266,-0.08547190380657789,6.286903542319778,4.863276462021521,0.11713933408902125,6.3817687389034194,7.491270308200052,-0.3514904499839872,6.385961015878364,7.550753013535588,-0.3226599911548238,6.388435876255009,7.596548316608208,-0.2794150331840653,6.388869867058467,7.5972760858017,-0.27365424575027486,6.389595410658095,7.651201483259106,-0.2954955516156671,6.392878903471953,7.721458288489728,-0.32692726600632827,6.3956097071429445,7.803490710854186,-0.3261745052484067,6.407150895056451,8.016917001890294,-0.248059359917087,6.34871347697232,6.9532782453468185,-0.5096805615099361,6.275992197469752,6.979916378303705,-0.3719750709231838,5.292744487816117,5.800321213993135,0.8276234296535169,5.917597769853827,6.307784063950783,0.12091477587987572,5.817660444854382,6.338477970792296,0.12938463266958072,5.723523388396543,6.348986483152958,0.16120466682295165,5.599103418097389,6.286249217723794,0.2576552165106686,6.005814746633721,6.259946407575734,0.12982009561064692,5.745852400700629,5.877185807405643,0.1130223679647722,5.870401455443888,5.883394472421272,0.11147742329928798,5.638328397151499,5.922939195127159,0.1475055338257109,5.573678975660944,5.99937016866852,0.18958649461402083,5.528251266508176,6.408579726317067,0.30338259260390094,6.0550916203740845,8.372727885962556,-0.1563921446580638,5.604520513562095,6.176381292903678,0.28555748678224324,5.272334679287324,6.468177420668904,0.7870330487639118,5.4171236555611,6.339803682870552,0.424310165648494,5.880247853630044,6.910489719584313,-0.05154120105162812,6.262387142179799,7.404860142705324,-0.3386548242226659,6.284115615072946,7.558509950015862,-0.3050573288032079,6.151959851435226,7.485629911484336,-0.28048155631025634,6.077584955691788,7.57150593445173,-0.21058622461636067,6.196152355993535,7.585713383814176,-0.26274000299157213,6.123319796797772,7.624509936049487,-0.19640425366700312,5.964467663830394,7.854250571972521,-0.09008439492713137,6.265247030294897,6.861467305409054,-0.543113061600964,6.246170723422884,6.709757474083206,-0.5604457084136975,5.4437825607273815,5.925202253154424,0.24917403469385407,6.062623771874105,6.504770634978965,-0.029574407046798402,6.063508816367312,6.9011659650238615,-0.2821124529470986,6.056698128211502,6.834095468341706,-0.2441406687045141,5.58215811735005,6.972490313444529,0.09325477077369311,6.246379187381468,6.547918223218178,-0.48070926431907346,5.66541610006889,5.729174171216957,0.06700491700879563,5.530108153655282,5.796619680465176,0.1511160034714046,5.371885492819073,5.479062303725437,0.6463629512341125,6.113567615418521,5.820364912331318,-0.04470702534599096,5.9809919564051475,5.944410611929027,0.1370309501798386,5.881009748596115,7.729142522237115,-0.04567385171996932,5.427806135175455,7.976204955202796,0.8707158417115213,6.140001735604551,6.9785899243608265,-0.2519435544247696,6.219723620605982,7.017043735141098,-0.2773342420209457,5.995462025843532,7.7108837501777705,-0.05825152883413894,6.016962004433319,7.698616276800015,-0.08676709511064884,5.475684594104675,5.713503022956694,0.2199912597193832,6.070224174919286,6.986070887201978,-0.2334780339687779,5.855797850373671,5.733687675572924,0.0011627729971518683,5.831999575187107,5.604106924035722,-0.004778887225590374,5.73676493002206,5.021371151210556,0.263252863277582,5.427325035968544,5.584159668098308,0.40508761871300825,5.793248276693696,5.279221779499128,0.12315707328937844,5.389591946667863,5.882036860164299,0.351688064172485,5.342681250137123,5.844625369176949,0.5770276345962179,6.270886685145991,7.48727462534975,-0.3336342090315044,6.175597883863589,7.5397430006909305,-0.2780717250043225,6.100401373052065,7.595747102817208,-0.21341173194291466,6.167961129451966,7.010606575822111,-0.2373720581826927,6.006746528598069,7.704435462889464,-0.07371111237353314,6.055560478814743,7.705028212721879,-0.1449868570698712,6.030197982074177,7.693652460618922,-0.09020256005134222,6.168487853333086,6.892989133167934,-0.387671628046726,6.1408967952701445,7.640799057539289,-0.181670857062963,6.213717855564278,7.612320358456968,-0.2254971702892195,6.297326740248991,7.599867418923888,-0.26381559077610467,6.284085940488095,8.027964849830639,-0.24154017819090703,6.286080814454761,7.803765200764066,-0.31585489016694235,6.284979887356757,7.720116997254425,-0.3149761515230169,6.288769331842338,7.65554732621066,-0.27956776456297466,6.296127145156355,7.600496520122747,-0.2581923496797565,6.1403615399458795,7.642016457382836,-0.1783162147952694,6.126278723839812,7.670607178022974,-0.20037677643115884,6.113007136697132,7.7088043036442775,-0.22315243760380435,6.102811691206657,7.755558095807612,-0.21147919778770727,5.980644021897759,7.425096725845044,-0.1615066752736275,5.295770553606385,7.228965524725218,1.1268539682549084,6.3538026682744135,7.013036182456856,-0.3854263979536422,6.085818911123555,7.669285175267824,-0.1283689968197567,6.071972749831681,7.688555850670617,-0.1425022017618987,6.24283233262705,7.075898081142397,-0.2905723061560508,6.1131677503876425,7.081424972571054,-0.17209302546135197,6.23209013291068,7.048914239271987,-0.28546482325438943,5.9616878970943965,6.618361236468746,-0.002142754608688479,5.804052422105944,6.746420423667669,0.023396239622085875,6.0474481891808685,6.920309039711791,-0.19301205450285644,5.512966629715609,5.2150875829880645,0.4426259685506004,5.571487507569635,5.391972219305291,0.2575719190236586,5.625082775270564,5.612866119619367,0.10489897354484727,6.052501770981139,7.924327104100168,-0.15371451181547666,6.06941405875283,5.62726682471566,-0.06467910187122351,6.029953537681459,5.234188742324891,0.04053927627008725,5.9882255073950965,4.9141145898574035,0.15086587917768068,5.646755979249424,6.335410360583236,0.2105020925316518,5.434714378528966,6.540177607759573,0.355198845759692,6.065897991380196,6.211390626247272,0.14684372103370638,5.492283073141558,6.108247704219206,0.2860498298748204,6.12687815045382,6.390512355330017,-0.05972239136220591,6.108053335688426,6.814205335980132,-0.3771522890992471,5.34508266591626,6.6943771367544915,0.45820813942284644,5.501120906375061,6.6225290319111885,0.24509994602638902,5.6267256344744245,6.645088393180187,0.13869892845611093,5.8132192722989915,6.587416579385235,0.08628343415246778,5.95138859055694,6.500480431874008,0.06441287679689052,6.0546138595579695,6.412766068375042,0.040286427942207007,6.237583640431379,6.168200009860023,-0.14922990540483647,5.367524441642783,7.009599865531012,0.3934796166170464,5.423420231534352,6.120466214531956,0.3438267797965718,6.3058722788217025,6.951663947930878,-0.5019840869962977,6.076876104046139,6.635002743653664,-0.0890621924162454,5.250958592089293,6.525503525550333,1.1423524475245646,6.130551864058479,6.316598899381026,0.03239815824069416,6.044171744080914,6.946887823498972,-0.0910906937151983,5.555184661584338,6.199750770339133,0.3059753399055232,6.106648985960312,6.734219718105829,-0.3295513570882003,5.346751861314176,7.597162580514642,1.0283571588838663,6.07138222559313,6.1584552471269856,0.18095971027364224,6.172552529593168,6.621621731479343,-0.4227503952822186,5.623280786105435,8.189041463864973,0.2792377739061143,5.644982922804526,8.415554988685368,0.44047576667885074,5.298632296383035,7.127987363662094,0.7606126994399153,5.499681318077435,8.03205252389398,0.43617930409115213,5.306662980908567,6.136396644477362,0.7155768802733475,6.0384419526783315,8.555733276337788,-0.11661456919416649,6.321252616150417,7.01205988861523,-0.37570831916370206,5.998113820932355,6.772751424671338,-0.061515756351112026,5.345829352657594,6.394996185101132,0.5291552033170461,5.72726461168174,6.254356457654267,0.17796068776714788,5.8090614920289365,6.251752512833517,0.14886950989013767,6.043506662447921,7.737406894118355,-0.1303540178969208,5.398613020462825,7.327893913839699,0.3836097105957041,6.231159834675575,8.749865894167842,-0.11945061331666983,5.925327257343112,8.642948364946621,0.12185861314431991,5.793288337383246,8.55627335378209,0.26272595393030634,6.296812628066433,5.2065665259478555,0.00924268628969155,6.440994759079987,8.744853856786365,-0.15884054133267042,5.894490912494311,6.22646976653974,0.1428776664017176,5.977890962288129,6.195630083300142,0.15648383448860215,6.039985402022938,6.177949594713098,0.1785768758849427,5.362584365129571,6.121955136826897,0.45721649825686744,5.9619876104014,6.0583469223323325,0.15307573160163643,5.870239728956446,6.015113277797049,0.1388015839730828,5.782375879736288,6.010368682611548,0.1461707802723824,5.69763639336872,6.044542676391562,0.17197010776691093,5.648330957840437,6.093731639174301,0.20575650046556654,5.26088659538379,6.134106137459109,1.0151881345250806,5.673951252536904,6.238056950059766,0.21484615037146046,6.365758558511224,7.196533429076007,-0.3071219844108143,6.0727650612472255,7.3098554755728795,-0.20626511821327337,6.1337248190437625,6.941526367880864,-0.2858882656702637,6.2432952561507395,7.214063690077239,-0.2982884168988841,6.3219670317807255,5.970639606547268,-0.09735010690757749,5.758400669837545,8.345586768792431,0.1453378401771873,5.892167763432721,8.45534786510708,0.01673675999417495,6.21785671828649,8.607165266803017,-0.23453903947684807,5.531451299552138,8.244521809568615,0.6610829826833347,6.036404050563631,6.117831111397111,0.16959078564352784,6.1850336599818565,6.391022016324848,-0.20392295887076334,6.431875759155013,8.6033327941694,-0.26897199037623276,6.066973324148766,8.707144878085874,-0.019868906629470523,5.342423452181223,7.4724803610718595,0.7000873961122247,6.213126218528794,7.617127641202967,-0.2210345300263505,6.199535629598957,7.656741728250946,-0.244943829890145,6.190830961064977,7.712137501387762,-0.27269839955227343,6.185680565931627,7.786580648676359,-0.2695495551671814,6.15775381412755,7.988113366103844,-0.21175827798493116,6.065448792352002,7.661378382134048,-0.13771013883227004,6.045410657998478,7.654974606723019,-0.13547981558142042,6.026924504432706,7.645279919851919,-0.13236444783736434,5.912770085830741,7.56832333522637,-0.09980497171435103,5.522478446957559,7.3434545242713885,0.16124738199684974,6.183070315261596,6.267842072740191,-0.09627665777964853,6.129537735121167,6.035730066555183,0.11172080126161199,6.07564015758706,6.058886257912015,0.15322110229250638,6.086002151685015,7.666470540894626,-0.12930591387828036,5.528780957847783,7.749940696895156,0.2688611279818878,6.210614635853395,6.021954011470021,-0.024521033895952834,6.101906245436365,8.185650400681029,-0.17859009034850953,6.329788510483052,6.381904500129116,-0.403107164739919,6.243019282511617,6.297392766200286,-0.2661464830496788,6.326366288985012,6.2554284520320405,-0.29105041472120685,6.13042092495282,6.627687958487683,-0.22480065214289996,6.422369505897723,8.423758527667664,-0.30494741692290894,6.415643019376429,8.212450260125356,-0.2767332853111569,6.254475155993674,8.221564808862603,-0.25228407028594463,5.868244113125159,7.963081370052065,-0.03741475113461203,5.967774154447511,7.091590743476678,-0.07863918574900523,5.978342757842499,8.101830084579246,-0.10798728641349548,5.728613692495568,7.123217916011781,-0.028554650370835762,5.875439829019422,7.265331728461161,-0.07819025912422596,5.655268133914178,7.4069099146539665,0.028114527592617032,6.225224917705204,8.432371575920913,-0.2676359849263558,6.081924863726371,6.735430441167785,-0.16070140441047978,5.7835673143180895,8.126569044105613,0.04743134059945493,5.920183538991354,8.26401652808704,-0.0475819362196694,5.779053439029813,7.7930704803834585,0.002663179885299517,5.434395005809498,7.600094429498005,0.38428680116225344,5.656483308163861,7.866528431454975,0.10830900064317449,5.39956038158422,7.783441819463654,0.6102008993686415,5.801017824872532,7.492159062016365,-0.048458704285694536,6.133892109515865,6.509393193434263,-0.14137049887374595,6.138306574944889,6.8690595479434,-0.40375277242660207,6.0922026561898095,6.939547073071246,-0.3000612183278186,6.172300295621928,6.750698015074063,-0.47220666116131904,6.042389414328249,5.910265550869244,0.09385249921321583,5.865561530654551,5.827236804318385,0.08374042075955912,5.713400645638955,5.8204172137871195,0.0932945068974713,5.594667438594348,5.873529898551895,0.13715141044772158,5.517987940404853,5.968143603028917,0.2028041806553097,5.495994992774214,6.264409465137453,0.3480879110816812,5.271291246697471,6.79732123906405,0.7800008212855666,5.58207243198629,6.456159955668526,0.24162335976156987,5.68375276791347,6.47923713844319,0.17099384870018916,5.812780088443184,6.455332034751159,0.12195405866450357,5.937325804795647,6.399810886493345,0.1033846076117221,6.03632912223688,6.332435483451837,0.09952014206631207,6.10333433483236,6.272511368666629,0.09587091578997299,5.26805152389627,6.879769105616433,1.1721973830400811,6.104359220806681,6.994924299592529,-0.2529409914081025,6.186101203171902,6.504995419959218,-0.2984986427859439,6.203276111019533,6.8519588265579,-0.48778048605657554,6.265649862784261,6.937555166563065,-0.4586622069376186,6.209094555244359,6.8879132954290245,-0.4406876153947697,6.137810267513242,7.046876337157286,-0.22548381672603618,6.278327587297593,6.946550275096283,-0.4869167701712313,6.294602613359591,6.998415514500349,-0.37326102369439274,6.104010915366983,6.157169595738279,0.16104440088148225,6.151738775778079,6.180624016672872,0.09143137765507657,6.18140149079599,6.195212042586042,0.012588225501753682,5.622935448124222,6.134852453268134,0.2405433903391178,5.5418251634840345,6.093563235905267,0.24897790423459887,6.41279351736603,6.400352447666891,-0.3720080375322927,7.040639481286048,6.0884402897629055,0.20277643028181935,6.431185825057208,6.969134859762406,-0.37611889486505073,7.410575467747791,5.565118228863496,0.755485858508292,6.767840280878357,6.237321762220062,0.091827782582995,6.871444642700868,6.247861432894818,0.09464158235849415,6.969254299966434,6.233082747773975,0.12137708504692508,7.087867324942391,6.148955299718976,0.21010408216232634,6.671269537530355,6.206496174408269,0.10754450915092867,6.904251379983832,5.768565698878547,0.077214046424043,6.781088499285465,5.800205854044523,0.08401411664246126,7.015493238082589,5.793112886400309,0.10605994531063713,7.087753819655333,5.855811203936854,0.14464018605066636,7.179049163681297,6.245543105953267,0.2517941846199255,6.799219670629947,8.301830109699132,-0.17486728617086297,7.071014386340403,6.043024450444079,0.23834707694450075,7.477449370305302,6.229614530669415,0.715645920049667,7.295613158573233,6.1523100115364775,0.3651920867743248,6.852806777820041,6.814333678559616,-0.0792107460731752,6.495354147340851,7.385424773356604,-0.3453224484229134,6.492363691052406,7.539819412746923,-0.310988721916627,6.62025744244078,7.4469809903086635,-0.294276482576722,6.710934071372582,7.515772612912226,-0.2289394453153037,6.589266789750749,7.55466857500679,-0.2747140920948743,6.672098200312343,7.573040110488572,-0.21172510272639755,6.85208494354352,7.771697360643913,-0.11381930444256504,6.420206970526643,6.8463139786544565,-0.5469866613545237,6.428207238602703,6.694578923931484,-0.5654745768487708,7.225492114568308,5.7503136036007945,0.1944730525497871,6.6338231789058035,6.448427500720754,-0.04824710478992183,6.650469137278449,6.844858440267473,-0.2989167298665832,6.654766759029619,6.77777162256365,-0.26185027547794376,7.169496914817485,6.807581226776577,0.04578786993686347,6.417367112756321,6.527864138775297,-0.48693401852367646,6.975218149657035,5.591897316098428,0.030677829244172936,7.120926296196596,5.637996412733468,0.10448973088149,7.292833391837236,5.26532739700687,0.5817860006437511,6.526622257399247,5.77441047929743,-0.05580324228006206,6.674726626665596,5.880057565354681,0.11467975148692165,6.927744748811043,7.6256368284092355,-0.07454447556339508,7.47531354206059,7.76802735636236,0.8037127619768268,6.575897647410367,6.938807434043813,-0.26558739532445436,6.497949189786145,6.990022058175002,-0.28397240028576604,6.815820375260694,7.634465017402661,-0.08246375288775117,6.792962042549313,7.625966216301091,-0.10815916717294205,7.175008227089096,5.544079319135844,0.16924344230950997,6.655365443779004,6.930692176951453,-0.2500409266871082,6.780184166312105,5.634125734071855,-0.02392107841361189,6.796587534953588,5.498492480021808,-0.03017963237606836,6.861621613250284,4.895871767887416,0.22618622342278727,7.223697544049393,5.390310442553588,0.3481501349767924,6.812311355601962,5.165783260256713,0.09324757816435696,7.284426581948707,5.6940791525096035,0.29438600034144086,7.343517582764198,5.630822952777844,0.5122254817267542,6.496854197605113,7.469547028359254,-0.3400803402757561,6.604401569889814,7.504482917105339,-0.29086010326257494,6.691816220081777,7.545407878939149,-0.2302327703661867,6.553105340650282,6.973764836863916,-0.24757005383280326,6.807050051707729,7.629411435602392,-0.09614165580602467,6.753679568987053,7.643042456154089,-0.1643727185467545,6.78106846894069,7.623286601288969,-0.1107369148992525,6.532148406963283,6.858502072517733,-0.3991544636711135,6.656836561323035,7.591908695266621,-0.1956928286784494,6.577857653739833,7.581682091462052,-0.23616316659902095,6.48729007890736,7.58572154432501,-0.26951039862513854,6.5322322376654895,8.00114199258305,-0.2466572125995676,6.512157381013212,7.7850501819626245,-0.3222273913475304,6.505086669307637,7.703318214769792,-0.3211917483362008,6.497577515610876,7.634450180110235,-0.28627936742530335,6.486160219089126,7.587837342224947,-0.26435696648349566,6.6579204255347495,7.5923456535285645,-0.1922665269249925,6.674302280102214,7.6178346381870625,-0.2148134619615846,6.690928949994706,7.658433921452123,-0.23816174988879316,6.7066490613199745,7.703327859009868,-0.2269498571340647,6.789582107334686,7.346815912870482,-0.18300834624208254,7.55234505501289,6.991674932551251,1.049342097960319,6.7203535264691805,7.607860268353734,-0.1461279259988678,6.734158143342262,7.62590241594366,-0.16111851779380362,6.478970809044144,7.05226375803714,-0.2966142834645819,6.620478518097926,7.0366564101343085,-0.184765046890408,6.487723327846197,7.025229469372482,-0.2917669632123014,6.748163805527715,6.536585499263256,-0.026820066561532675,6.920731160681308,6.632047896867041,-0.010549410545819544,6.67527857394384,6.859706118798097,-0.2109212460426842,7.1162191651744715,5.035902424480198,0.3896647169016467,7.054105807891818,5.2288035470389005,0.21207507736149409,7.009231158814227,5.4679454623753125,0.06616408301036453,6.764377998690766,7.858640184936731,-0.1724956608929258,6.5577620248781585,5.571164796459371,-0.0770159685701569,6.568889994197603,5.174129237246296,0.025106588221123726,6.593596311680633,4.845241733077809,0.13278795980304686,7.046418606685946,6.20205611464981,0.16589021422125075,7.290788071076322,6.354959977083635,0.29716173318855976,6.606844530087742,6.173242834623284,0.12645679439182667,7.188433009276073,5.9464080824218675,0.2339579276456789,6.554937004400262,6.348643741697919,-0.07492493040195565,6.588227437416312,6.769434547949522,-0.39098157297098646,7.40771335403883,6.475148722515225,0.39508111686826974,7.223526915186494,6.44737776228162,0.19138779987270174,7.092964676755318,6.49593131801622,0.0936471997709068,6.897846862708182,6.479047962964759,0.052237487365253514,6.7487023992427755,6.424955645967561,0.038535143485198715,6.6323468683094235,6.35798455914466,0.020624805822489226,6.418627540747904,6.149109236627894,-0.1558933334333197,7.4090457428986785,6.796960692858099,0.32862300624772567,7.26681323210989,5.939071783181869,0.28627582038508276,6.390484164474408,6.943064253240811,-0.505023135417438,6.627992864847036,6.580619615724919,-0.10676870422320807,7.527086048386995,6.274116763707115,1.06339542494769,6.547643733308298,6.279038293604795,0.016912506563796573,6.6858323400464,6.886315319034752,-0.10841983985425004,7.12580405608162,6.054977744154716,0.2571084854680426,6.5895383122021425,6.687764155520257,-0.34377007351958144,7.533644131639253,7.3733004798507595,0.9548788992683426,6.59675368750887,6.124911838275073,0.16022312197080313,6.504348514009448,6.588663653813635,-0.4329402304214949,7.251079767221438,8.032531768439338,0.23142617552588884,7.26024327902369,8.261451902091219,0.39064597196292755,7.513627140427437,6.8929193978935315,0.6892227887333405,7.371291510456289,7.84350837225615,0.3795739670558523,7.413404197548794,5.9100340891074,0.6469531045403537,6.836737990122764,8.482218943555052,-0.13877904983521092,6.38637646006629,7.0045284789798306,-0.37761092371809407,6.72269930240172,6.700662213826114,-0.08329938803801583,7.379871916666201,6.187407626770005,0.46732361549086926,6.953643984605118,6.143002577997694,0.13871798510357047,6.873223634062737,6.159190805899001,0.11433283704338797,6.770148221715209,7.668705037133971,-0.15144824290539827,7.409324683996285,7.1180011239948255,0.3212800765926739,6.65459019524975,8.712500398787013,-0.13137611028727705,6.9722410469317735,8.55131621438259,0.09045885109473067,7.1087841979398405,8.435882079308888,0.22248712413811805,6.781309574942612,6.154474401569109,0.11326340441688525,6.694866767404547,6.141422035422023,0.13077363507334153,6.6323542869556364,6.135247867111285,0.15615087637325661,7.340308276412471,5.92202410511679,0.3940391216411203,6.69967034082744,6.001070522380531,0.12711646273141028,6.788788312189899,5.94015453459665,0.10890285168088745,6.8776874334890765,5.918519907578098,0.11066537132983624,6.961255515619618,5.9350846317747115,0.13256072898787075,7.01714759618808,5.9737187156579585,0.1635649207072405,7.4796534500951735,5.885352995021494,0.9392136859250502,7.006113101810919,6.117526575970069,0.17275983424791555,6.681610388486604,7.252263041292406,-0.2226435416568645,6.5763346056723115,6.900599180453191,-0.29818253890746343,6.492871868317994,7.190456074098348,-0.3050217424846551,7.116601225454439,8.214275988958367,0.10757549359050249,6.984367566031482,8.356101216070064,-0.012426600441114785,6.649587060243728,8.57031091614626,-0.24601647339946175,7.376938583953596,8.063127007286218,0.5993669866384634,6.629515912914557,6.073988396007743,0.14644469060052664,6.487236664654628,6.361711687002053,-0.21400297486281838,6.824533575237819,8.641556626917069,-0.04253014532696144,7.5012966085568715,7.250566396903501,0.6306956977631115,6.579339899253182,7.581591583978254,-0.23189431528519622,6.5937669405435315,7.6229334737292325,-0.2557500386133714,6.608436571565044,7.679718017437113,-0.28420207693586547,6.618479934808153,7.748270759632619,-0.28134167878884114,6.661536273698947,7.940643674580959,-0.22467847631308022,6.739814861079647,7.601935737488062,-0.15699773802173572,6.756881456692567,7.589276559590262,-0.1566616501650191,6.775086072634557,7.578106303987404,-0.1550476889064849,6.878875158747771,7.4758973895175505,-0.12640758790249226,7.270448368754242,7.163772687399564,0.11062060443659488,6.4842350803968625,6.23728095966589,-0.10679121517781053,6.528419053512026,6.002281245442487,0.09821172470703958,6.5859105942040035,6.017926428441005,0.13437129596268316,6.717696167395697,7.606869879084304,-0.1473158251320838,7.305632782148461,7.571157999944343,0.21719266816862062,6.440171289350348,6.00147595139607,-0.03207258979247482,6.736057316772781,8.124534109449398,-0.1942948775326942,6.416123747651029,6.279967108110657,-0.27142586989405615,6.562893502463665,6.582722801926294,-0.23675403858661404,6.579811725152327,8.193759722856418,-0.2605518732910587,6.96425561614814,7.8570288549792755,-0.06468496144256829,6.777283475642837,7.012057663021366,-0.10012969976905406,6.85977659593712,8.01484274840915,-0.12968661793698713,7.028866089746076,6.9921742074413835,-0.0635878653798355,6.890541721782277,7.163028597184403,-0.10464796828688555,7.132429649014417,7.255048742945373,-0.011306823171644777,6.625802138620347,8.39570862633645,-0.2786060761810805,6.627361538054313,6.682069602687186,-0.1771798404783294,7.065406631668025,8.00155446931249,0.013870650069148376,6.9361129817392655,8.166859711688215,-0.07332918539736469,7.038861973653423,7.66337103050685,-0.031210189557669948,7.396621736085829,7.395649893431931,0.3253566922365052,7.179078096401527,7.715070834100367,0.06627321825113804,7.465396295803101,7.572072719022401,0.5453420865887263,6.987207423801805,7.372153557146235,-0.08009113072922915,6.553931035973784,6.466496355437047,-0.15552047691131007,6.557347322554854,6.8288920298879345,-0.4163094802735854,6.6194250703356845,6.891215334858414,-0.31443950520258673,6.510185504849806,6.717539633960604,-0.48391411948307345,6.609435121345309,5.855797850373671,0.07501196619115882,6.7815469716214265,5.736139538146308,0.05694456042920492,6.932460040344003,5.703032345691718,0.05817684393171688,7.05708810366943,5.732543349394573,0.09384763072663857,7.144836592940976,5.810406492587347,0.15443395821524813,7.198908879593398,6.10266443107933,0.2950739870446155,7.5079385225113375,6.558610718004922,0.7072013214319901,7.125820377103288,6.306276595040309,0.19353715555511772,7.021604718832828,6.347594745123406,0.12913536615682517,6.887292354741,6.354686229038377,0.0879017017032959,6.754118010978239,6.326571785485112,0.07680307081129692,6.64682954944637,6.280457480625334,0.07984326680427323,6.570459037871645,6.235958215046119,0.07971807135361213,7.546699465244825,6.632558299726493,1.0945168312772244,6.616523637801795,6.94645160710165,-0.2675668987834976,6.488993400077857,6.4718244271471965,-0.30840017078676896,6.485465091938972,6.825037301315679,-0.49646187858806234,6.4348981156221745,6.923713456458919,-0.46305942401419703,6.485932466650389,6.864819049768071,-0.4492504486864656,6.590793547141376,7.005928377520216,-0.23705266227995522,6.418518486648574,6.932393272528086,-0.49116737625202606,6.413517577236415,6.9922253961002525,-0.3767845792630477,6.561369712531523,6.126213439753138,0.14415174933898572,6.514796935335784,6.153864217918093,0.07903853495213944,6.485702488617786,6.170844015370323,0.0017385150035426492,7.046926042086913,6.008545921237023,0.19650007011949744,7.132518672768972,5.945007071084549,0.20111131513931982,5.794863686906568,6.1204825355536245,0.17032563732582595,5.902280120085611,6.104419311841006,0.17026940630585863,5.787349711089769,5.986643481090183,0.17034869308725967,5.688741065627067,6.136401837529711,0.17028677057465083,5.803218195339297,6.260927152605088,0.1702590897509687,6.878143680231173,6.031565980435847,0.14495600013827914,6.9851101725174,6.021253691267518,0.14458444187935676,6.874487029512804,5.895989108097019,0.1445971694942659,6.769311398422387,6.039464983991099,0.14448014035025641,6.878526482375762,6.170394074477507,0.14449851309126818
6.363817170828434,7.413595322411133,-0.35651177714401516,6.326722926188718,6.8389294814401005,-0.5539295313078958,6.34338450890685,7.046000587738645,-0.31775006046102616,6.23444509917968,6.40883327233067,-0.36465426897048026,6.319878731999451,6.681985972812395,-0.5739270758228594,6.315489625095337,6.508382361772427,-0.5146243110728785,6.310472868502405,6.112241408705689,-0.18942368613064753,5.6235343390617585,6.201839141937358,0.24872936523280967,6.301417837496513,5.791956509480773,-0.08683197831697188,6.295954028530884,5.592605198293514,-0.08611694432227435,6.272124064637988,4.851045602714089,0.115593477131278,6.3669139707081674,7.473401159859073,-0.3506354023065031,6.3710366225557085,7.533901260759972,-0.32173374859503484,6.3732615222780975,7.58045762051979,-0.2787115497101539,6.373579788040116,7.57979814425477,-0.2750708068125876,6.374331783422002,7.634014346738144,-0.29705043462772623,6.377638786735253,7.704665645141562,-0.3282130011278238,6.380164928702158,7.786875171776794,-0.3271246062370143,6.390128127359205,7.999920792566065,-0.24778594779812887,6.332799581784466,6.938066305697103,-0.5077731779498473,6.260897424921021,6.964956801975922,-0.37003208141698163,5.2811906619172255,5.778608591452307,0.8283050569572368,5.903598217573361,6.293453051763768,0.12223288025536173,5.803544713906451,6.324803709628453,0.1309539288142577,5.7092607023672945,6.335603281101967,0.1629248232735224,5.584732931677634,6.272520786611109,0.25942772079247245,5.991492858901764,6.245127726489475,0.13079635719334556,5.72775712421111,5.862076008000447,0.11431305881341342,5.853132740087728,5.868122687402329,0.11239827160586871,5.62044864147605,5.908184575234634,0.14891471123097863,5.556559750362588,5.984893655333958,0.1911325142191593,5.514636377898944,6.392543246385871,0.3052715214439689,6.0374104666787405,8.356483547743473,-0.15542715499694323,5.589618311124617,6.16284714517249,0.2872149123519542,5.26029133357017,6.448210148621699,0.7883711230635577,5.403637492630339,6.3224026535075515,0.4260983655505415,5.865391152995983,6.894304023266634,-0.049120983896893664,6.247656088915185,7.38670408597938,-0.33731304268407103,6.269301121344178,7.541847542669344,-0.3039603405197464,6.137163838330538,7.468092042856844,-0.27914049146572306,6.062943522474903,7.554539685197465,-0.2098324318605213,6.181398338333491,7.569344964354802,-0.2617644992569318,6.108795996793606,7.608319197449232,-0.19588103476251853,5.950367001225502,7.836844376719558,-0.0903507925833986,6.249786989214838,6.84694755818416,-0.5410395366483569,6.230562256883054,6.6967246382055885,-0.5583904793062568,5.427592912445706,5.911374634384167,0.2507211861700348,6.048366580497992,6.490574282158093,-0.028254875695238473,6.049966421066835,6.88566199759843,-0.27986741416693783,6.043280989682111,6.818712944175515,-0.24198095145927878,5.567108039914695,6.955794448794466,0.09613652759860618,6.231026332773253,6.53708253197714,-0.4788761270644432,5.6472488390968065,5.7189396822973295,0.0680794057332236,5.512799318314456,5.784583846095969,0.15237921677580513,5.361017636254928,5.458631225771852,0.6468569812960077,6.097266634526254,5.809747565577603,-0.04439662529914843,5.964905455249799,5.929481365707744,0.13774436939662488,5.867117929793166,7.711849569527959,-0.045527197342359195,5.412354643821437,7.95439990676221,0.872935908856843,6.12639535328029,6.9629428458399865,-0.25000686919849296,6.204767557024395,7.000987446848148,-0.2755329860608908,5.981771690254438,7.6948008868248605,-0.05865114682745008,6.002996315816393,7.682580961869222,-0.08730135670905623,5.458826256070206,5.701150846659304,0.22126531981876105,6.056864276343884,6.970128990685189,-0.23124792436057057,5.8375403082840975,5.723728101709837,0.0018151338187004117,5.813465723846208,5.594433005966315,-0.004135448036489844,5.724349830175175,5.006958448379909,0.2632529930686276,5.413909705137718,5.567238676907709,0.4060503981168859,5.777906186317061,5.266246974161057,0.12357814290925964,5.374044697986104,5.866992473870696,0.3534131037521657,5.329338350487135,5.825720435989787,0.5780450554549988,6.256079029314649,7.469671529219977,-0.3324416336237348,6.1607813783311105,7.522707187772142,-0.27701238986935456,6.085843484205064,7.579126085389857,-0.21280756910157564,6.154040065399799,6.994755359136066,-0.2354606204386014,5.992957621559984,7.6883882017966565,-0.07419968987501799,6.0412844271401465,7.689191267731052,-0.14583214773035347,6.0161162667409025,7.677634519805108,-0.0908087101698812,6.154037844940994,6.878281192531342,-0.3854762744656145,6.1263180072985906,7.624891221662239,-0.18125542773013525,6.198892593103415,7.596417538255612,-0.2247024743996641,6.282253057552459,7.5838179148443565,-0.26285839903519487,6.267538817206118,8.01055382962922,-0.24095769002674278,6.270802151496209,7.7870498478694365,-0.31636093218084427,6.269750394175678,7.703254173494657,-0.3158394019190716,6.273484465732383,7.638319816360611,-0.2807522438708634,6.280810499482286,7.582782440888394,-0.25929379937080915,6.125545287634527,7.625156196412942,-0.17922359227486567,6.111453885982927,7.654121341368359,-0.20131724990154143,6.098214770435895,7.692626317502046,-0.2238397798944487,6.088034706968915,7.7396474933049975,-0.21194924612463215,5.966205533879997,7.407902066035678,-0.1603359764751621,5.281619950619483,7.2070926535666135,1.1283000512578931,6.337994715234715,6.997724852710992,-0.3835052934594634,6.071414572815138,7.652942277743022,-0.12916096615384604,6.057578894002555,7.672511921342481,-0.1433640383795031,6.226704579786217,7.059309277661559,-0.28863172697785816,6.0992887323444736,7.064904833849605,-0.17002332938527356,6.21643791842585,7.032526103558306,-0.2836253787855731,5.947117359764707,6.602854742233522,-0.0004357664860492344,5.78890781954181,6.730479312802916,0.02566399347630714,6.0341523134591935,6.90441747296947,-0.1908553500748085,5.502189966145218,5.197399798536523,0.44289798679103787,5.5579841746858545,5.377756564954761,0.2583875514913292,5.60683870930862,5.602576538632844,0.10601201235041947,6.037355695361556,7.906941300574716,-0.15367880968064013,6.0522586747063025,5.617645312235015,-0.06456874471397067,6.0152132801602916,5.2218377980654616,0.04038521323352644,5.975370847673193,4.901009626586309,0.15024905662908639,5.632456142539364,6.32216654472131,0.21225169111766654,5.421991064957714,6.522616983016936,0.35738557394325443,6.051243184879583,6.196706181333642,0.14765166337730562,5.476699099066346,6.093349005041688,0.2877091494742514,6.11277801958351,6.378239790918414,-0.05866435971382748,6.0935185000637855,6.799770210111939,-0.3749398967498046,5.33199142868238,6.675643602313009,0.46054596207363546,5.487980510100497,6.605668063539179,0.24749467448845602,5.613138891090714,6.628988802212846,0.14105646126130453,5.79954603767551,6.571595863332768,0.08816032731981775,5.937901715571937,6.484931356182213,0.0658561135304898,6.040995767495525,6.398217258785017,0.041333603570738786,6.223276931544572,6.160878708442053,-0.14856697813023842,5.353952136338119,6.990996122379574,0.3960333995933816,5.408222369985742,6.104673344946065,0.3454211405288413,6.290423605801113,6.936469055663532,-0.49995623776585385,6.062719256135621,6.62052367309609,-0.0873841150590927,5.238095627357592,6.504110199032031,1.143505753153025,6.116978387489219,6.304039459192023,0.03318725485358931,6.0308208850990885,6.930516005607918,-0.08895427433875702,5.540373715905146,6.185712689791178,0.30766512977596305,6.0923335152149685,6.720094967125895,-0.32747400468185806,5.332418496925833,7.574965685742635,1.030049190063997,6.056464223682555,6.143475122406657,0.1816954139552803,6.157495099300036,6.60918378998008,-0.42075589540668284,5.606547459128726,8.171868681490603,0.28082278969747354,5.627329473235594,8.39753983104385,0.44292606634300663,5.285714476655497,7.107283770444696,0.7624480066706887,5.483734252712823,8.013307198547148,0.4382810978211995,5.293701466976289,6.116795569714292,0.7166451688581845,6.020361783975641,8.539468597233636,-0.11538284579684334,6.305758094306922,6.996830747965601,-0.37385041475937186,5.984062463588036,6.757042661484497,-0.059525018798471815,5.333177153684132,6.376014891196024,0.531023555835138,5.7126154455448495,6.24245873500613,0.17960576561685918,5.7945896035467745,6.239055511811337,0.15034224650954947,6.029281366994441,7.72167658004498,-0.1310666517932691,5.384770624242592,7.308935476953708,0.38626782176996005,6.212781562927313,8.732994904823023,-0.11765804122413887,5.907137258831712,8.625731941493461,0.12374260720437825,5.775207588716319,8.539142929942269,0.26479264995195023,6.2816868405572395,5.1949687662217565,0.008413032903098413,6.422745927048485,8.728469609778882,-0.15757598087548966,5.880053212560411,6.212754177268721,0.14406336725411265,5.963387771656731,6.180899105178883,0.15753438196756886,6.025347454145306,6.1628726804487455,0.1793567272840356,5.34812232174617,6.104853202109251,0.45866222659468886,5.946713606338705,6.041180065576321,0.15388299937156302,5.854680769951127,5.996863408597592,0.13974999881204223,5.76637534374384,5.992254476271803,0.14734936872783613,5.681515699525104,6.027450228633433,0.17333565254774538,5.632460953533441,6.077943831930593,0.20731315943804413,5.248683145015249,6.112576697985211,1.0160368922573173,5.6591279236259115,6.226253826648847,0.21654665982037027,6.3501546878026245,7.1796625857982335,-0.3055635117767974,6.058347912901944,7.292679498043915,-0.20449771019270022,6.120119966621515,6.926011434845954,-0.2838266078647563,6.228057579351263,7.196857078629513,-0.29648132641010533,6.307474508963017,5.9645128041178195,-0.09735365705808972,5.7410917194867475,8.328861040212013,0.14645126253064036,5.874094981434252,8.439149748739554,0.017843930772119408,6.1996753048321,8.590866297340808,-0.23334604976307452,5.514599740328665,8.224552027245743,0.6634731833873175,6.021319171796969,6.102115006326491,0.1703109366249406,6.170559168677958,6.3810161045773235,-0.20276984629589329,6.413868532746975,8.588078881387876,-0.26825189347200495,6.048791798359106,8.6898735948342,-0.01797283736852632,5.3288198733562195,7.451631781737011,0.7021615324106318,6.197980724687586,7.599674211169289,-0.2219590512868002,6.184392997108203,7.639656532561089,-0.24598032158359623,6.175726546393148,7.695414473607914,-0.27335330505686967,6.170622451753894,7.770182502635394,-0.2699140687958371,6.141943745984293,7.970600374201883,-0.21136357698509228,6.051438215177937,7.6451536484087885,-0.13779260655118078,6.031348614141692,7.638621058605127,-0.13555306567854744,6.012770035322099,7.628797748852781,-0.13232465735507293,5.898579980674558,7.551035801203523,-0.09930022458227784,5.507931702537911,7.32569772047099,0.1639219364906542,6.168848305168875,6.2581544181441835,-0.09550806258507104,6.114632842838437,6.023109601746556,0.1120408239978576,6.06020569676861,6.0445174151599055,0.15379820560095547,6.07199781332786,7.650352482623713,-0.12930152582214446,5.513903256416898,7.73155614142038,0.27100197796128317,6.198356722378529,6.014582669859734,-0.024036454996851597,6.084772112831758,8.16916860358399,-0.1777121305924079,6.31450152092721,6.37384328248495,-0.40190378381807657,6.228328475325446,6.2898137197827335,-0.2652403268286847,6.311352170189098,6.2489942854215315,-0.2903548261401465,6.1157793397346385,6.614594307934394,-0.2231318004824122,6.404818682811628,8.408746486631575,-0.30444255015685107,6.398347525701564,8.196754103468704,-0.27633050084827426,6.2371688619802095,8.205271043290905,-0.2515597563155274,5.852831497843213,7.946095390832333,-0.0372023127506603,5.9539008614133095,7.074941307647209,-0.07650785680258658,5.962074740350172,8.085110915070246,-0.10744582736404759,5.713350417409231,7.1067034905437145,-0.025820772902281085,5.860698953465016,7.2485693437340295,-0.07622349351445466,5.6402603150852295,7.389815688917812,0.030537435065992043,6.2074724459250845,8.41631603069707,-0.26674748637220824,6.068046506884754,6.72075074262624,-0.15887633706303883,5.767209126025035,8.109688433427419,0.04814306261406671,5.902762584909829,8.247959363812797,-0.046779712472821526,5.764023507793111,7.776002325162722,0.003401280293338306,5.420293894277927,7.581031239044358,0.38675130354492165,5.641085215531206,7.8491649624743465,0.10965193414082357,5.384911623376697,7.76306371170727,0.6124729916657589,5.7862525208877615,7.47528484907846,-0.04705763989988646,6.119651079737239,6.4969011094458455,-0.13995914984060703,6.123818880913811,6.85456151142575,-0.4015087734486179,6.078560009248919,6.923961951369142,-0.2978536856003553,6.1572578802843925,6.736950469912979,-0.47023516536608423,6.025976214063527,5.897195894686246,0.09429830574271274,5.847764410850706,5.814020468470935,0.0844746259138995,5.695046805404964,5.807336887468548,0.09443233124838249,5.576900633320241,5.860088327293701,0.13850823035524834,5.501131917524741,5.954336071339046,0.20432657295627765,5.4817217768827575,6.248583500542647,0.3497398403850211,5.258877271387993,6.7769194685519505,0.7816666327407589,5.568350386615969,6.44073904489655,0.24368119839970126,5.669914912499531,6.464102712440443,0.17288068979055768,5.799006466185949,6.440351204758649,0.12354685988286938,5.923608992322037,6.384667279005316,0.10475133529911615,6.022229559906928,6.31762940723021,0.10046650900459883,6.089030952819326,6.258529675682191,0.09671165534126816,5.25439453513761,6.857963254314673,1.1734847225910583,6.0908347055217416,6.979058935845078,-0.2507935823789823,6.171206062343083,6.49443047894906,-0.296943875734876,6.188353555462996,6.837455096793726,-0.4856111486958078,6.25047533144432,6.9224157718880805,-0.4566268060236407,6.194450935340921,6.8731008621397915,-0.43856693563275645,6.123941376224542,7.030742334985132,-0.22344194769192566,6.263100120055363,6.931338315518621,-0.4848688215616348,6.279386445235487,6.983211933962951,-0.3713539482992021,6.0890120789194855,6.142857834858928,0.16172251422007178,6.1374073486461285,6.167959381494028,0.09199445830141283,6.168073365046007,6.184854852539598,0.013139644485900452,5.607535193220385,6.120165486027013,0.24218120908773486,5.525923710156574,6.079371957018534,0.2506257758307669,6.397195107581884,6.391866746603347,-0.3711423108193715,7.024165336005375,6.0769361137096904,0.20073736320680566,6.414921770373376,6.954001058233138,-0.37453942775245086,7.392045029557811,5.547067288972155,0.7508357472746253,6.751830504516743,6.222147458165874,0.09065154910255019,6.854770974706335,6.233749355420849,0.09322336660096235,6.952411209728916,6.220077250406884,0.11976457430138801,7.071316038571939,6.136832619892158,0.20796807913655807,6.6561790604303095,6.19063322650257,0.10645398773657713,6.891444812479012,5.753753885821004,0.0752406513710994,6.767965838498143,5.784838828782052,0.08228876925882753,7.002321942589821,5.779177398982798,0.1038632558612107,7.073863644973956,5.842665497281996,0.14234847916344615,7.1618115773136735,6.232183931963479,0.24940859432928014,6.781115395540049,8.287200051963799,-0.17555412219151253,7.054816549346555,6.031099182602621,0.23606049126258016,7.4600798873362635,6.213778548930659,0.7117030289330044,7.2785862460099775,6.138454294972582,0.3621754274020735,6.8349030494741,6.799901217181421,-0.07926160157942579,6.4803520299738215,7.367577793987942,-0.34465135834673843,6.4770006174844745,7.523415514130867,-0.3105213799518448,6.604702904112035,7.429453839194871,-0.29426086760532555,6.694726225281286,7.498958640702088,-0.23008287738143768,6.573346325023869,7.538482807427168,-0.27498189594127953,6.655517363706485,7.557059165787956,-0.21287161546022598,6.832692952810409,7.756699876772771,-0.1165271800586879,6.403778027785121,6.832054200827567,-0.5452123801167978,6.4119093479282245,6.681859406660522,-0.5638120070354773,7.2100569660709946,5.739940781672937,0.1914827569009445,6.61690136463256,6.435299660977775,-0.04855595230285966,6.632827235333376,6.830539107769773,-0.29802287993532367,6.636797415676321,6.763679612851983,-0.26110981085621,7.151200004685632,6.793820860820999,0.044539003546337726,6.401539805309903,6.517311566779382,-0.4855776105159439,6.961228651642696,5.582878848575643,0.02808907276414771,7.106175761501111,5.628377529791451,0.10152137728043413,7.2729914299748675,5.248707940138569,0.5774595482239134,6.511898088213329,5.76317751298849,-0.05697752226290575,6.66131868241044,5.864615472720179,0.11320278315146509,6.908243323490106,7.610933417615392,-0.07728884536271984,7.458350890080275,7.751906646366186,0.8011365407322367,6.558763091747011,6.92398563626306,-0.26434303017376154,6.481546636810793,6.974083627816501,-0.2825605993993436,6.797955355115499,7.619000344453157,-0.08542861944012703,6.7755324219518975,7.610323531597013,-0.11100038870425336,7.1597036217550025,5.53503351247965,0.1661969584446056,6.637502041270372,6.915915008660621,-0.24916300233355979,6.766494414463509,5.624153106915357,-0.025778404929201342,6.782834030654948,5.488886827369314,-0.031992963159859604,6.843699026952767,4.88368375660908,0.2231350386515025,7.205767039660159,5.376920192138294,0.34473217379532073,6.7963299792704,5.154623029738907,0.09108190755709637,7.2684565129425724,5.683158468964173,0.2908688160938946,7.326159575902385,5.6158867088616296,0.5084439415471246,6.481665801433317,7.452172093379508,-0.3395616966897157,6.588727443164579,7.487547702904324,-0.29110402281874675,6.675432658726555,7.528982944507385,-0.23140162174346393,6.536102569491298,6.958607029947187,-0.2464456696116521,6.789368840917415,7.613864423237702,-0.09903208105182147,6.736554488092794,7.627650511803645,-0.1672929977274462,6.76380839946266,7.607645658278448,-0.11357725427697951,6.515634380228838,6.844206031713192,-0.3979026095709802,6.640070371954567,7.5762587329199516,-0.19689425787087458,6.561675593545947,7.566062386088403,-0.23656395716678477,6.471660414058979,7.569965212514271,-0.2692783236842936,6.514475300732743,7.984533013048941,-0.24693257459393772,6.49644961615554,7.768617079178024,-0.3236373988138868,6.489548430190285,7.686803534362978,-0.3229475068891976,6.482064743865242,7.617665848711485,-0.28833709985019895,6.470560546797678,7.570704625296262,-0.26626187665755874,6.641399686625695,7.576340889895728,-0.19483142851145496,6.6577385626642,7.602140400748465,-0.21743417257868491,6.674382381711895,7.642993882144673,-0.24073178147313565,6.689986285886016,7.688066235269963,-0.2294516888363998,6.770975300331554,7.3314598110693945,-0.1839538287277543,7.536006255706903,6.973646937584895,1.0454207787356695,6.70326610984447,7.592245296161431,-0.14891533573501747,6.717132134927384,7.610388665055287,-0.16395977680945234,6.463407708834548,7.035407518933975,-0.29516211945249476,6.60277776632829,7.02114033096033,-0.18383811044233436,6.471796602199006,7.008728706394546,-0.2903098618493497,6.730983356951601,6.522427503865594,-0.027314121076389957,6.903243590414677,6.617836177789372,-0.011254229206738237,6.657107212210708,6.84513714410533,-0.21023997857031526,7.096336168384197,5.021589051444604,0.3858354105475084,7.0361558135511855,5.217838381681585,0.2092107727845206,6.995187608450063,5.4595046062350665,0.0636057132265143,6.74546592942931,7.843261502665372,-0.17465869904870587,6.543143644361255,5.560819330503091,-0.07829699148453789,6.552867033467385,5.16283909739306,0.02358484605765029,6.576625942678529,4.833577253296887,0.13063200854712304,7.029601019159475,6.189803515062517,0.1640494047039161,7.27291815483431,6.341004177068126,0.2946282378886205,6.5925399709323855,6.157276384107766,0.12544907605540995,7.172850218185169,5.93418688799154,0.23126177909832124,6.5383023040139,6.337167964406402,-0.07516683846317489,6.571434509992954,6.755742952930765,-0.3898973004650479,7.389392321439034,6.460629174716833,0.39204994275716504,7.205522049038699,6.433638757791799,0.18941442265407132,7.0751381883279,6.482078066618071,0.09210174578230836,6.880267022855751,6.464519418542807,0.0509802769816533,6.7314940624767,6.410118917978637,0.037536902354360746,6.615808158747673,6.3436050744814585,0.01995116497080104,6.403053418061828,6.142068831830296,-0.15580686501745017,7.390299748937253,6.782808865455161,0.32613000260092745,7.2507291099981455,5.926641028819963,0.28335781349959716,6.374124540600222,6.927980241652858,-0.503244552217499,6.6106529935559095,6.567399936344669,-0.10663015569997927,7.511209652080993,6.255829597775579,1.0586089162493084,6.531520282671168,6.266262793546304,0.016206472508602406,6.667518203393385,6.8712763851551975,-0.10803090669421746,7.109808432105731,6.042875385873771,0.25460000388507603,6.5725358575601245,6.6745089478637665,-0.3428401347256354,7.51627377846176,7.3560587938616795,0.95167911425958,6.582938707060518,6.108525100819422,0.1590152082574544,6.488037037897165,6.5768272642768295,-0.4318159081941741,7.233178603605166,8.019207697744383,0.2295297055816969,7.243319438966595,8.247626294992079,0.3894743493222958,7.495394064167481,6.87730715126898,0.6859408958034818,7.353604446729463,7.829961694577675,0.3776434903828577,7.396148437429043,5.894276361434428,0.6430723017823773,6.818212600791505,8.467798108238824,-0.13924347977698104,6.370319414361765,6.989235298547384,-0.3758887034230428,6.7047878642786785,6.686546055044478,-0.0831972838566707,7.362581761677188,6.172763344118169,0.4639004739533981,6.937032312047011,6.130671586861829,0.13699347267925224,6.856863387053372,6.145432826919537,0.11279521331189192,6.752874860307925,7.653403393021481,-0.15435109984334566,7.390366362701397,7.104118136342016,0.31902261465395715,6.635958082248115,8.696580860730505,-0.13067781707486123,6.9537160993531915,8.536633811492868,0.09001998469860005,7.090977461135329,8.422024830284158,0.22160937528460584,6.7656565613411725,6.139423155164401,0.11188680279805521,6.679991260652768,6.125345816418564,0.12956438419804986,6.618063404740394,6.1187814000387,0.1549090132478258,7.323950219391629,5.908703792518485,0.3907948746773217,6.685005796786895,5.9835221519455395,0.12567856972479563,6.773573237133147,5.922376267608916,0.10715603436024462,6.8623568021363965,5.9015731591434015,0.10876909359791066,6.9458297698315485,5.919623268767457,0.13046711635108893,7.001535900172929,5.95971735325243,0.16133208354689801,7.462408408469543,5.867272991833033,0.9343755413895154,6.989551343850597,6.105953069370552,0.17085988723997433,6.663488810815645,7.236544819153212,-0.22242012030570107,6.559287120024939,6.885941035254898,-0.29708124349364257,6.476227897820411,7.173719157730773,-0.3038492019306113,7.098300534273492,8.200564410777707,0.10583567091367321,6.9661758338597455,8.3423110993455,-0.013544302864514754,6.631301039981556,8.55505177712558,-0.24583504344033766,7.360399790825024,8.048449659897463,0.5976656308282927,6.615530601397076,6.057218439523246,0.14510022899682795,6.470875851947957,6.352483949088838,-0.21373356981250644,6.805599654627421,8.626184915089636,-0.042443422419547586,7.482831448402972,7.235570037737914,0.627945842510841,6.563342417955401,7.565033573508854,-0.23410967942390581,6.577818329056695,7.606695301910003,-0.2581581272112812,6.592400082027685,7.663755912122299,-0.28642327252849176,6.602298147226458,7.732550906964922,-0.28340476695140654,6.642942165342082,7.924796749976886,-0.2259809960756329,6.722547833952242,7.586077601754687,-0.15894098479594881,6.7396320439962185,7.5733092234742685,-0.1587956603931318,6.7579116010301,7.562024851828378,-0.15716710420339075,6.859647102241631,7.461012480034271,-0.12850756145587078,7.251473703850682,7.150106798800745,0.10910636047355542,6.468111380736006,6.228121972656601,-0.1069079327834793,6.514127428853327,5.988714324784049,0.0973305735384317,6.572441858137389,6.002343130851321,0.13303232451509,6.700394316456954,7.591204641134924,-0.14929525392353737,7.286765676093852,7.557449226384662,0.21523469248365446,6.423538630841791,5.994480856300063,-0.032540121217004093,6.718119498942577,8.109491552746729,-0.19507655791159095,6.400465843401324,6.272815367479209,-0.27098375169526057,6.546136082677163,6.570577412894309,-0.23622256162554986,6.562229968094207,8.178192548166615,-0.2605930221991767,6.94536273332961,7.842798166928108,-0.06727578468412705,6.759009247832596,6.997051313540209,-0.10000346238957498,6.841292789761321,8.000233137104605,-0.1314672595692981,7.010522096955873,6.978052327853578,-0.06406173995354596,6.872200096017986,7.148168338264172,-0.10517016934116774,7.113606156814839,7.241195940196291,-0.01260289482940337,6.607938852743533,8.380442298247047,-0.2786619363337346,6.609752227434104,6.668664700289586,-0.17670725733434897,7.046763685414554,7.98772381235141,0.011667014811524722,6.917977074737326,8.152987380120624,-0.07475428415618057,7.019793992771699,7.649386583043634,-0.03375288203943814,7.377717889196436,7.38181093492658,0.3232559193652698,7.160110705869212,7.701568105108894,0.06406035216679297,7.447395886490426,7.557652028288832,0.5429480209910652,6.968417016946703,7.3578914125285575,-0.08160836054361703,6.53704626448333,6.455038059446397,-0.1553572799339303,6.540854351333527,6.814897455795968,-0.41509927660150636,6.602109408228052,6.876657296992113,-0.31338764532212726,6.493621491791186,6.7043422922118525,-0.4825010260632462,6.595788502163779,5.8421085321984645,0.07379741675488538,6.768161238872964,5.7231141448503156,0.05517715229070004,6.91919610662115,5.690586643819096,0.05591846749703227,7.0431176920571055,5.720475499637302,0.09132777132772249,7.130239613721445,5.798592720695325,0.1517375504407822,7.182299010552442,6.089627886161344,0.2923566391419931,7.490294410445837,6.542722497341281,0.703409198961126,7.108492440187431,6.293102959425547,0.19149967633444132,7.00435144193739,6.333931275621968,0.12739506533511766,6.8702164861523825,6.340307693156361,0.08643306479727046,6.737607725719194,6.311455051447052,0.0756783246183228,6.63121888300578,6.265143682308695,0.07890511385725216,6.555380592834396,6.221127527421546,0.07896894626544478,7.5311212463363875,6.614003665892322,1.0900330342927858,6.598996324983751,6.9316106917986735,-0.266568369361956,6.472843918601926,6.461939245411653,-0.30771557582443415,6.468852273823868,6.810985007381947,-0.49497061385574675,6.418480425684503,6.908580093075498,-0.4614104144420713,6.4693326330786345,6.850347820767213,-0.4478071899106138,6.573407757717468,6.990657872488313,-0.23597872749305,6.402012763035321,6.917316858319372,-0.4894419027296372,6.39722767431102,6.97697096441565,-0.3751323596426647,6.547641553746804,6.110315900845477,0.14317775113769377,6.500026775290041,6.140134812211333,0.07817236245167483,6.46978560667481,6.160114130460274,0.0012675260861217058,7.0310680022765,5.995614030443435,0.19422702425074975,7.117528227217016,5.932712133268699,0.19875440097502042,5.780034496081443,6.105612599020486,0.18678620897148462,5.887969148199451,6.089408800892606,0.18674923601940713,5.772316551352496,5.970534688396382,0.186828617421678,5.6736153070976965,6.1219181681769195,0.18676687247605966,5.78867726190258,6.2473585474353435,0.18673845754229226,6.86202817423329,6.01608740077644,0.1580030722487215,6.969348129338841,6.006665253914824,0.15770667569295224,6.858872902271697,5.879489586100465,0.15771889978126813,6.752966639271856,6.023237648204298,0.1576020250068874,6.861865340587606,6.155966683489413,0.15762099142584488
